2503,'1',601,,787964,32,0,34 26 38 8,1,10,,787872,32,0,34 26 38 8,1,10,,788027,32,0,34 26 38 8,1,6,,787860,32,0,34 26 38 8,1,6,,788020,32,0,34 26 38 8,1,6,,788106,32,0,34 26 38 8,1,6,,770394,32,0,34 26 38 8,1,6,,787971,32,0,34 26 38 8,1,6,,787994,32,0,34 26 38 8,1,46,,788085,32,0,34 26 38 8,1,6,,788115,32,0,34 26 38 8,1,6,,787958,32,0,34 26 38 8,1,6,,787987,32,0,34 26 38 8,1,6,,787972,32,0,34 26 38 8,1,6,,788054,32,0,34 26 38 8,1,6,,788067,32,0,34 26 38 8,1,6,,777362,32,0,34 26 38 8,1,5,,787947,32,0,34 26 38 8,1,5,,787874,32,0,34 26 38 8,1,45,,788135,32,0,34 26 38 8,1,5,,788045,32,0,34 26 38 8,1,5,,787963,32,0,34 26 38 8,1,5,,787941,32,0,34 26 38 8,1,5,,744735,32,0,34 26 38 8,1,5,,703018,32,0,34 26 38 8,1,5,,434944,32,0,34 26 38 8,1,5,,658526,32,0,34 26 38 8,1,5,,788007,32,0,34 26 38 8,1,5,,666845,32,0,34 26 38 8,1,5,,726715,32,0,34 26 38 8,1,5,,787901,32,0,34 26 38 8,1,45,,762830,32,0,34 26 38 8,1,5,,775327,32,0,34 26 38 8,1,5,,713979,32,0,34 26 38 8,1,5,,788026,32,0,34 26 38 8,1,5,,788049,32,0,34 26 38 8,1,6,,788117,32,0,34 26 38 8,1,5,,788138,32,0,34 26 38 8,1,6,,788107,32,0,34 26 38 8,1,6,,788040,32,0,34 26 38 8,1,6,,788100,32,0,34 26 38 8,1,6,,520607,32,0,34 26 38 8,1,46,,787974,32,0,34 26 38 8,1,6,,788086,32,0,34 26 38 8,1,6,,788050,32,0,34 26 38 8,1,6,,788097,32,0,34 26 38 8,1,6,,787917,32,0,34 26 38 8,1,6,,756840,32,0,34 26 38 8,1,6,,788035,32,0,34 26 38 8,1,6,,788017,32,0,34 26 38 8,1,6,,788009,32,0,34 26 38 8,1,6,,705708,32,0,34 26 38 8,1,46,,693275,32,0,34 26 38 8,1,6,,787961,32,0,34 26 38 8,1,6,,788073,32,0,34 26 38 8,1,6,,787938,32,0,34 26 38 8,1,6,,722469,32,0,34 26 38 8,1,6,,739211,32,0,34 26 38 8,1,6,,788126,32,0,34 26 38 8,1,6,,678163,32,0,34 26 38 8,1,6,,787895,32,0,34 26 38 8,1,6,,787973,32,0,34 26 38 8,1,46,,788011,32,0,34 26 38 8,1,6,,788093,32,0,34 26 38 8,1,6,,788023,32,0,34 26 38 8,1,6,,745806,32,0,34 26 38 8,1,6,,787884,32,0,34 26 38 8,1,6,,788101,32,0,34 26 38 8,1,6,,788016,32,0,34 26 38 8,1,6,,787939,32,0,34 26 38 8,1,6,,788029,32,0,34 26 38 8,1,6,,787904,32,0,34 26 38 8,1,46,,739640,32,0,34 26 38 8,1,6,,787931,32,0,34 26 38 8,1,6,,788112,32,0,34 26 38 8,1,6,,723270,32,0,34 26 38 8,1,6,,788004,32,0,34 26 38 8,1,6,,788090,32,0,34 26 38 8,1,6,,788014,32,0,34 26 38 8,1,6,,788078,32,0,34 26 38 8,1,6,,739020,32,0,34 26 38 8,1,6,,695699,32,0,34 26 38 8,1,46,,753158,32,0,34 26 38 8,1,6,,743515,32,0,34 26 38 8,1,6,,788084,32,0,34 26 38 8,1,6,,621911,32,0,34 26 38 8,1,6,,788131,32,0,34 26 38 8,1,6,,788025,32,0,34 26 38 8,1,6,,787865,32,0,34 26 38 8,1,6,,787942,32,0,34 26 38 8,1,6,,788062,32,0,34 26 38 8,1,6,,788118,32,0,34 26 38 8,1,47,,787871,32,0,34 26 38 8,1,6,,788105,32,0,34 26 38 8,1,6,,755996,32,0,34 26 38 8,1,4,,787885,17,0,5 9,1,1,,703038,32,0,34 26 38 8,1,5,,788063,32,0,34 26 38 8,1,1,,788058,17,0,5 9,1,5,,725819,17,0,34 26 38 8,1,1,,787929,32,0,34 26 38 8,1,6,,788012,32,0,34 26 38 8,1,5,,700681,32,0,34 26 38 8,1,5,,787855,32,0,34 26 38 8,1,5,,788133,32,0,34 26 38 8,1,5,,788127,32,0,34 26 38 8,1,45,,787875,32,0,34 26 38 8,1,5,,787877,32,0,34 26 38 8,1,5,,788053,32,0,34 26 38 8,1,5,,788077,32,0,34 26 38 8,1,5,,787955,32,0,34 26 38 8,1,5,,738358,32,0,34 26 38 8,1,5,,787986,32,0,34 26 38 8,1,5,,787984,32,0,34 26 38 8,1,5,,787883,32,0,34 26 38 8,1,5,,788052,32,0,34 26 38 8,1,5,,787998,32,0,34 26 38 8,1,5,,788110,32,0,34 26 38 8,1,45,,788018,32,0,34 26 38 8,1,5,,787996,32,0,34 26 38 8,1,5,,787936,32,0,34 26 38 8,1,5,,787954,32,0,34 26 38 8,1,5,,787933,32,0,34 26 38 8,1,5,,788056,32,0,34 26 38 8,1,5,,788013,32,0,34 26 38 8,1,5,,651257,32,0,34 26 38 8,1,5,,694000,32,0,34 26 38 8,1,5,,788091,32,0,34 26 38 8,1,5,,788002,32,0,34 26 38 8,1,5,,737967,32,0,34 26 38 8,1,45,,788033,32,0,34 26 38 8,1,5,,787876,32,0,34 26 38 8,1,5,,787850,32,0,34 26 38 8,1,5,,787957,32,0,34 26 38 8,1,5,,787849,32,0,34 26 38 8,1,5,,787983,32,0,34 26 38 8,1,5,,787999,32,0,34 26 38 8,1,5,,787913,32,0,34 26 38 8,1,5,,787866,32,0,34 26 38 8,1,5,,787864,32,0,34 26 38 8,1,5,,788098,32,0,34 26 38 8,1,5,,717435,32,0,34 26 38 8,1,46,,788119,32,0,34 26 38 8,1,4,,709263,32,0,34 26 38 8,1,3,,733457,32,0,34 26 38 8,1,5,,765244,32,0,34 26 38 8,1,6,,770026,32,0,34 26 38 8,1,3,,787880,32,0,34 26 38 8,1,5,,787925,32,0,34 26 38 8,1,6,,787968,32,0,34 26 38 8,1,6,,787863,32,0,34 26 38 8,1,6,,787988,32,0,34 26 38 8,1,6,,626578,32,0,34 26 38 8,1,6,,788134,32,0,34 26 38 8,1,46,,787859,32,0,34 26 38 8,1,6,,787945,32,0,34 26 38 8,1,6,,788048,32,0,34 26 38 8,1,6,,787940,32,0,34 26 38 8,1,6,,787952,32,0,34 26 38 8,1,6,,787847,32,0,34 26 38 8,1,6,,738044,32,0,34 26 38 8,1,6,,788082,32,0,34 26 38 8,1,6,,787898,32,0,34 26 38 8,1,6,,787981,32,0,34 26 38 8,1,46,,787915,32,0,34 26 38 8,1,6,,788019,32,0,34 26 38 8,1,6,,788000,32,0,34 26 38 8,1,6,,787934,32,0,34 26 38 8,1,6,,747591,32,0,34 26 38 8,1,6,,787956,32,0,34 26 38 8,1,6,,691975,32,0,34 26 38 8,1,6,,788122,32,0,34 26 38 8,1,6,,683851,32,0,5 9,1,6,,787960,32,0,5 9,1,45,,788060,32,0,5 9,1,6,,733310,32,0,5 9,1,4,,694508,32,0,5 9,1,6,,788075,32,0,5 9,1,5,,788039,32,0,5 9,1,6,,787979,32,0,5 9,1,6,,787937,32,0,5 9,1,6,,788137,32,0,5 9,1,6,,787944,32,0,5 9,1,6,,758774,32,0,5 9,1,46,,788043,32,0,5 9,1,6,,788080,32,0,5 9,1,6,,788092,32,0,5 9,1,6,,787953,32,0,5 9,1,6,,788064,32,0,5 9,1,6,,729162,32,0,5 9,1,6,,788104,32,0,5 9,1,6,,788128,32,0,5 9,1,6,,788022,32,0,5 9,1,6,,788006,32,0,5 9,1,46,,787962,32,0,5 9,1,6,,787892,32,0,5 9,1,6,,668092,32,0,5 9,1,6,,710508,32,0,5 9,1,6,,788034,32,0,5 9,1,6,,788123,32,0,5 9,1,6,,787967,32,0,5 9,1,6,,787896,32,0,5 9,1,6,,787946,32,0,5 9,1,6,,787886,32,0,5 9,1,46,,788079,32,0,5 9,1,6,,787879,32,0,5 9,1,6,,787881,32,0,5 9,1,6,,788096,32,0,5 9,1,6,,788132,32,0,5 9,1,3,,774669,32,0,5 9,1,6,,787969,32,0,5 9,1,6,,788111,32,0,5 9,1,3,,718217,32,0,5 9,1,6,,710518,32,0,5 9,1,6,,787927,32,0,5 9,1,46,,787989,32,0,5 9,1,6,,745307,32,0,5 9,1,6,,716648,32,0,5 9,1,6,,788076,32,0,5 9,1,5,,787930,32,0,5 9,1
2503,'2',607,,713628,32,0,5 9,1,10,,788278,32,0,5 9,1,11,,788145,32,0,5 9,1,8,,788178,32,0,5 9,1,7,,788231,32,0,5 9,1,8,,788154,32,0,5 9,1,7,,788221,32,0,5 9,1,48,,788182,32,0,5 9,1,7,,788264,32,0,5 9,1,8,,788258,32,0,5 9,1,7,,788241,32,0,5 9,1,8,,788266,32,0,5 9,1,7,,788239,32,0,5 9,1,8,,788172,32,0,5 9,1,7,,788143,32,0,5 9,1,49,,788216,32,0,5 9,1,7,,788150,32,0,5 9,1,10,,788208,32,0,5 9,1,11,,788183,32,0,5 9,1,10,,788235,32,0,5 9,1,10,,788177,32,0,5 9,1,50,,788250,32,0,5 9,1,10,,788267,32,0,5 9,1,10,,645568,32,0,5 9,1,10,,745356,32,0,5 9,1,10,,788173,32,0,5 9,1,10,,788222,32,0,5 9,1,50,,788215,32,0,5 9,1,10,,788164,32,0,5 9,1,10,,788263,32,0,5 9,1,10,,788170,32,0,5 9,1,10,,737669,32,0,5 9,1,10,,788233,32,0,5 9,1,50,,788169,32,0,5 9,1,10,,788148,32,0,5 9,1,10,,788190,32,0,5 9,1,10,,788176,32,0,5 9,1,10,,760147,32,0,5 9,1,9,,661262,32,0,5 9,1,49,,707511,32,0,5 9,1,9,,788206,32,0,5 9,1,10,,788269,32,0,5 9,1,10,,768704,32,0,5 9,1,9,,788199,32,0,5 9,1,7,,702330,32,0,5 9,1,8,,788256,32,0,5 9,1,47,,788155,32,0,5 9,1,8,,788180,32,0,5 9,1,7,,788151,32,0,5 9,1,8,,788181,32,0,5 9,1,7,,788253,32,0,5 9,1,8,,731319,32,0,5 9,1,7,,746352,32,0,5 9,1,8,,788204,32,0,5 9,1,47,,788228,32,0,5 9,1,8,,788166,32,0,5 9,1,7,,788252,32,0,5 9,1,8,,755313,32,0,5 9,1,7,,788281,32,0,5 9,1,8,,788238,32,0,5 9,1,7,,788248,32,0,5 9,1,8,,788230,32,0,5 9,1,47,,788185,32,0,5 9,1,8,,788240,32,0,5 9,1,7,,788157,32,0,5 9,1,8,,752620,32,0,5 9,1,7,,746363,32,0,5 9,1,8,,788257,32,0,5 9,1,7,,653354,32,0,5 9,1,8,,788247,32,0,5 9,1,47,,788159,32,0,5 9,1,8,,788210,32,0,5 9,1,7,,788160,32,0,5 9,1,8,,788214,32,0,5 9,1,7,,788168,32,0,5 9,1,8,,788149,32,0,5 9,1,7,,788167,32,0,5 9,1,8,,761186,32,0,5 9,1,47,,788272,32,0,5 9,1,8,,767910,32,0,5 9,1,7,,788229,32,0,5 9,1,8,,788270,32,0,5 9,1,7,,760236,32,0,5 9,1,8,,788192,32,0,5 9,1,7,,788165,32,0,5 9,1,8,,788260,32,0,5 9,1,47,,788218,32,0,5 9,1,8,,788147,32,0,5 9,1,7,,788200,32,0,5 9,1,8,,695427,32,0,5 9,1,7,,788152,32,0,5 9,1,8,,699260,32,0,5 9,1,7,,788213,32,0,5 9,1,8,,788226,32,0,5 9,1,47,,756091,32,0,5 9,1,7,,788179,32,0,5 9,1,6,,788280,32,0,5 9,1,5,,788244,32,0,5 9,1,3,,698169,32,0,5 9,1,5,,788273,32,0,5 9,1,5,,788261,32,0,5 9,1,5,,788186,32,0,5 9,1,5,,788184,32,0,5 9,1,5,,788276,32,0,5 9,1,5,,788217,32,0,5 9,1,5,,788146,32,0,5 9,1,45,,788191,32,0,5 9,1,5,,788162,32,0,5 9,1,5,,772232,32,0,5 9,1,5,,788197,32,0,5 9,1,5,,788209,32,0,5 9,1,5,,788249,32,0,5 9,1,5,,788161,32,0,5 9,1,5,,723667,32,0,5 9,1,5,,728073,32,0,5 9,1,5,,788242,32,0,5 9,1,5,,683231,32,0,5 9,1,5,,788279,32,0,5 9,1,45,,788174,32,0,5 9,1,5,,788224,32,0,5 9,1,5,,788220,32,0,5 9,1,5,,788274,32,0,5 9,1,5,,788195,32,0,5 9,1,5,,788277,32,0,5 9,1,5,,788223,32,0,5 9,1,5,,615294,32,0,5 9,1,5,,788205,32,0,5 9,1,5,,788188,32,0,5 9,1,5,,788246,32,0,5 9,1,5,,788175,32,0,5 9,1,44,,788234,32,0,5 9,1,5,,788144,32,0,5 9,1,4,,788255,32,0,5 9,1,5,,788271,32,0,5 9,1,4,,788158,32,0,5 9,1,5,,788251,32,0,5 9,1,8,,788275,32,0,5 9,1,7,,788245,32,0,5 9,1,8,,788202,32,0,5 9,1,7,,788163,32,0,5 9,1,48,,788203,32,0,5 9,1,7,,788227,32,0,5 9,1,8,,788236,32,0,5 9,1,7,,788211,32,0,5 9,1,8,,714176,32,0,5 9,1,7,,788187,32,0,5 9,1,8,,734332,32,0,5 9,1,7,,788219,32,0,5 9,1,48,,788156,32,0,5 9,1,7,,788171,32,0,5 9,1,8,,788254,32,0,5 9,1,7,,788262,32,0,5 9,1,8,,788193,32,0,5 9,1,7,,788189,32,0,5 9,1,8,,788268,32,0,5 9,1,7,,788212,32,0,5 9,1,48,,788265,32,0,5 9,1,7,,788243,32,0,5 9,1,8,,712362,32,0,5 9,1,7,,706302,32,0,5 9,1,5,,788198,32,0,5 9,1,7,,788153,32,0,5 9,1,6,,788225,32,0,5 9,1,7,,788237,32,0,5 9,1,8,,788259,32,0,5 9,1,47,,788201,32,0,5 9,1,8,,692576,32,0,5 9,1,10,,788196,32,0,5 9,1
2503,'3',622,,788382,32,0,5 9,1,17,,788325,32,0,5 9,1,20,,788324,32,0,5 9,1,60,,788329,32,0,5 9,1,20,,788362,32,0,5 9,1,12,,723976,32,0,5 9,1,49,,703692,32,0,5 9,1,11,,702814,32,0,5 9,1,10,,788330,32,0,5 9,1,10,,788404,32,0,5 9,1,10,,788363,32,0,5 9,1,10,,769968,32,0,5 9,1,50,,645168,32,0,5 9,1,10,,788326,32,0,5 9,1,10,,697907,32,0,5 9,1,10,,765016,32,0,5 9,1,10,,788311,32,0,5 9,1,10,,766907,32,0,5 9,1,50,,788296,32,0,5 9,1,10,,788376,32,0,5 9,1,10,,788304,32,0,5 9,1,10,,788322,32,0,5 9,1,10,,788305,32,0,5 9,1,10,,788389,32,0,5 9,1,50,,788366,32,0,5 9,1,10,,772929,32,0,5 9,1,10,,788306,32,0,5 9,1,10,,788360,32,0,5 9,1,10,,788333,32,0,5 9,1,10,,788365,32,0,5 9,1,50,,788338,32,0,5 9,1,11,,788375,32,0,5 9,1,13,,788351,32,0,5 9,1,9,,788361,32,0,5 9,1,7,,788372,32,0,5 9,1,8,,788340,32,0,5 9,1,7,,788374,32,0,5 9,1,48,,788300,32,0,5 9,1,7,,788355,32,0,5 9,1,8,,788397,32,0,5 9,1,7,,788383,32,0,5 9,1,8,,723953,32,0,5 9,1,7,,788343,32,0,5 9,1,8,,769488,32,0,5 9,1,7,,788369,32,0,5 9,1,48,,788293,32,0,5 9,1,7,,680304,32,0,5 9,1,8,,788384,32,0,5 9,1,7,,788284,32,0,5 9,1,8,,788380,32,0,5 9,1,7,,684274,32,0,5 9,1,8,,788301,32,0,5 9,1,7,,714367,32,0,5 9,1,48,,788328,32,0,5 9,1,7,,788303,32,0,5 9,1,8,,788315,32,0,5 9,1,7,,788395,32,0,5 9,1,8,,788285,32,0,5 9,1,7,,788358,32,0,5 9,1,8,,770093,32,0,5 9,1,7,,788373,32,0,5 9,1,48,,788318,32,0,5 9,1,7,,669242,32,0,5 9,1,8,,749996,32,0,5 9,1,7,,788336,32,0,5 9,1,8,,730192,32,0,5 9,1,7,,788387,32,0,5 9,1,8,,788316,32,0,5 9,1,7,,608593,32,0,5 9,1,48,,714356,32,0,5 9,1,7,,788320,32,0,5 9,1,8,,788385,32,0,5 9,1,7,,788386,32,0,5 9,1,8,,740439,32,0,5 9,1,7,,788288,32,0,5 9,1,8,,788352,32,0,5 9,1,7,,711628,32,0,5 9,1,48,,788297,32,0,5 9,1,7,,771155,32,0,5 9,1,8,,788313,32,0,5 9,1,7,,788342,32,0,5 9,1,8,,375624,32,0,5 9,1,7,,788321,32,0,5 9,1,8,,635160,32,0,5 9,1,7,,788398,32,0,5 9,1,48,,788364,32,0,5 9,1,5,,788344,32,0,5 9,1,6,,788356,32,0,5 9,1,7,,788292,32,0,5 9,1,5,,788341,32,0,5 9,1,5,,788403,32,0,5 9,1,5,,788390,32,0,5 9,1,5,,788381,32,0,5 9,1,5,,730185,32,0,5 9,1,5,,713509,32,0,5 9,1,5,,788289,32,0,5 9,1,45,,788286,32,0,5 9,1,5,,788388,32,0,5 9,1,5,,788290,32,0,5 9,1,5,,788371,32,0,5 9,1,5,,759862,32,0,5 9,1,5,,788310,32,0,5 9,1,5,,788282,32,0,5 9,1,5,,788314,32,0,5 9,1,5,,788349,32,0,5 9,1,5,,757190,32,0,5 9,1,5,,788307,32,0,5 9,1,5,,788392,32,0,5 9,1,45,,788312,32,0,5 9,1,5,,788348,32,0,5 9,1,5,,729263,32,0,5 9,1,5,,788368,32,0,5 9,1,5,,788323,32,0,5 9,1,5,,788401,32,0,5 9,1,5,,788347,32,0,5 9,1,5,,767062,32,0,5 9,1,5,,788378,32,0,5 9,1,5,,788299,32,0,5 9,1,5,,704165,32,0,5 9,1,5,,788393,32,0,5 9,1,45,,788327,32,0,5 9,1,4,,788283,32,0,5 9,1,5,,788332,32,0,5 9,1,4,,788298,32,0,5 9,1,5,,788319,32,0,5 9,1,4,,788335,32,0,5 9,1,8,,788309,32,0,5 9,1,7,,788339,32,0,5 9,1,8,,757796,32,0,5 9,1,7,,788396,32,0,5 9,1,48,,788377,32,0,5 9,1,7,,788295,32,0,5 9,1,8,,788317,32,0,5 9,1,7,,788353,32,0,5 9,1,8,,788400,32,0,5 9,1,7,,788345,32,0,5 9,1,8,,788359,32,0,5 9,1,7,,788291,32,0,5 9,1,48,,788394,32,0,5 9,1,7,,788287,32,0,5 9,1,8,,788302,32,0,5 9,1,7,,788370,32,0,5 9,1,8,,788367,32,0,5 9,1,7,,788308,32,0,5 9,1,8,,732951,32,0,5 9,1,7,,788350,32,0,5 9,1,48,,788402,32,0,5 9,1,7,,726857,32,0,5 9,1,8,,788294,32,0,5 9,1,7,,788346,32,0,5 9,1,6,,788399,32,0,5 9,1,7,,788334,32,0,5 9,1,5,,788337,32,0,5 9,1,7,,769100,32,0,5 9,1,8,,788391,32,0,5 9,1,47,,788379,32,0,5 9,1,8,,788354,32,0,5 9,1,7,,788331,32,0,5 9,1,5,,788357,32,0,5 9,1
2503,'5',608,,703415,32,0,5 9,1,9,,788518,32,0,5 9,1,14,,765175,32,0,5 9,1,10,,788431,32,0,5 9,1,10,,788411,32,0,5 9,1,50,,788520,32,0,5 9,1,10,,706556,32,0,5 9,1,10,,788453,32,0,5 9,1,10,,788416,32,0,5 9,1,10,,788436,32,0,5 9,1,10,,788463,32,0,5 9,1,50,,788492,32,0,5 9,1,10,,788406,32,0,5 9,1,10,,788427,32,0,5 9,1,10,,788506,32,0,5 9,1,10,,788439,32,0,5 9,1,10,,730640,32,0,5 9,1,50,,788526,32,0,5 9,1,10,,788510,32,0,5 9,1,10,,788442,32,0,5 9,1,10,,788532,32,0,5 9,1,10,,788415,32,0,5 9,1,10,,788491,32,0,5 9,1,50,,709874,32,0,5 9,1,10,,771849,32,0,5 9,1,10,,788414,32,0,5 9,1,10,,788421,32,0,5 9,1,10,,755623,32,0,5 9,1,10,,788477,32,0,5 9,1,50,,788419,32,0,5 9,1,10,,788537,32,0,5 9,1,10,,788482,32,0,5 9,1,10,,788417,32,0,5 9,1,10,,788425,32,0,5 9,1,10,,771810,32,0,5 9,1,50,,788418,32,0,5 9,1,11,,788429,32,0,5 9,1,13,,788512,32,0,5 9,1,9,,778996,32,0,5 9,1,7,,788462,32,0,5 9,1,8,,737395,32,0,5 9,1,7,,727642,32,0,5 9,1,48,,788480,32,0,5 9,1,7,,788437,32,0,5 9,1,8,,788511,32,0,5 9,1,7,,788536,32,0,5 9,1,8,,788494,32,0,5 9,1,7,,694709,32,0,5 9,1,8,,776267,32,0,5 9,1,7,,788470,32,0,5 9,1,48,,788426,32,0,5 9,1,7,,788509,32,0,5 9,1,8,,773736,32,0,5 9,1,7,,788495,32,0,5 9,1,8,,788474,32,0,5 9,1,7,,765617,32,0,5 9,1,8,,788530,32,0,5 9,1,7,,788432,32,0,5 9,1,48,,788447,32,0,5 9,1,7,,788528,32,0,5 9,1,8,,788496,32,0,5 9,1,7,,788514,32,0,5 9,1,8,,788517,32,0,5 9,1,7,,788524,32,0,5 9,1,8,,788455,32,0,5 9,1,7,,693660,32,0,5 9,1,48,,773289,32,0,5 9,1,7,,788454,32,0,5 9,1,8,,788523,32,0,5 9,1,7,,726343,32,0,5 9,1,8,,788479,32,0,5 9,1,7,,788449,32,0,5 9,1,8,,788438,32,0,5 9,1,7,,788424,32,0,5 9,1,48,,788538,32,0,5 9,1,7,,788525,32,0,5 9,1,8,,788535,32,0,5 9,1,7,,788505,32,0,5 9,1,8,,788488,32,0,5 9,1,7,,788533,32,0,5 9,1,8,,788486,32,0,5 9,1,7,,713362,32,0,5 9,1,48,,788481,32,0,5 9,1,7,,788467,32,0,5 9,1,8,,788483,32,0,5 9,1,7,,788456,32,0,5 9,1,8,,696910,32,0,5 9,1,7,,788446,32,0,5 9,1,8,,788408,32,0,5 9,1,7,,788527,32,0,5 9,1,48,,788476,32,0,5 9,1,5,,788407,32,0,5 9,1,6,,788472,32,0,5 9,1,7,,788499,32,0,5 9,1,5,,788500,32,0,5 9,1,5,,788430,32,0,5 9,1,5,,788428,32,0,5 9,1,5,,660540,32,0,5 9,1,5,,754612,32,0,5 9,1,5,,788497,32,0,5 9,1,5,,788450,32,0,5 9,1,45,,788504,32,0,5 9,1,5,,788433,32,0,5 9,1,5,,788498,32,0,5 9,1,5,,788493,32,0,5 9,1,5,,788459,32,0,5 9,1,5,,729092,32,0,5 9,1,5,,788522,32,0,5 9,1,5,,788519,32,0,5 9,1,5,,788473,32,0,5 9,1,5,,788534,32,0,5 9,1,5,,788513,32,0,5 9,1,5,,753869,32,0,5 9,1,45,,788466,32,0,5 9,1,5,,788458,32,0,5 9,1,5,,788516,32,0,5 9,1,5,,788451,32,0,5 9,1,5,,788503,32,0,5 9,1,5,,788461,32,0,5 9,1,5,,707839,32,0,5 9,1,5,,788489,32,0,5 9,1,5,,718599,32,0,5 9,1,5,,788422,32,0,5 9,1,5,,709209,32,0,5 9,1,5,,788471,32,0,5 9,1,45,,788469,32,0,5 9,1,4,,788444,32,0,5 9,1,5,,758669,32,0,5 9,1,4,,788435,32,0,5 9,1,5,,788484,32,0,5 9,1,4,,693214,32,0,5 9,1,8,,788460,32,0,5 9,1,7,,788464,32,0,5 9,1,8,,788410,32,0,5 9,1,7,,788441,32,0,5 9,1,48,,696174,32,0,5 9,1,7,,788521,32,0,5 9,1,8,,788465,32,0,5 9,1,7,,788529,32,0,5 9,1,8,,744361,32,0,5 9,1,7,,788409,32,0,5 9,1,8,,788501,32,0,5 9,1,7,,788443,32,0,5 9,1,48,,788531,32,0,5 9,1,7,,788485,32,0,5 9,1,8,,788412,32,0,5 9,1,7,,788475,32,0,5 9,1,8,,788445,32,0,5 9,1,7,,788502,32,0,5 9,1,8,,788478,32,0,5 9,1,7,,716043,32,0,5 9,1,48,,788448,32,0,5 9,1,7,,788508,32,0,5 9,1,8,,788468,32,0,5 9,1,7,,788423,32,0,5 9,1,6,,788434,32,0,5 9,1,7,,774359,32,0,5 9,1,5,,788420,32,0,5 9,1,7,,788515,32,0,5 9,1,8,,788490,32,0,5 9,1,47,,788440,32,0,5 9,1,8,,788457,32,0,5 9,1,7,,788405,32,0,5 9,1,5,,788487,32,0,5 9,1
32503,'1',454,,858209,50,0,11 12 9,1,66,,858206,50,0,17 26 38 8,1,14,,858203,14,0,17 26 38 8,1,14,,858205,50,0,17 26 38 8,1,2106,,858207,50,0,11 12 9,1,70,,858208,50,0,11 12 9,1,30,,631957,50,0,11 12 9,1,70,,858204,50,0,11 12 9,1
32503,'2',454,,858213,50,0,11 12 9,1,66,,858212,50,0,11 12 9,1,14,,858211,50,0,17 26 38 8,1,12,,701890,14,0,17 26 38 8,1,11,,749162,50,0,17 26 38 8,1,2097,,858215,50,0,11 12 9,1,70,,858210,50,0,11 12 9,1,30,,752067,50,0,11 12 9,1,70,,858214,50,0,11 12 9,1
32503,'3',454,,858217,50,0,11 12 9,1,70,,858218,50,0,11 12 9,1,28,,736777,50,0,11 12 9,1,2102,,858220,50,0,11 12 9,1,70,,858219,50,0,11 12 9,1,30,,858221,50,0,11 12 9,1,70,,858216,50,0,11 12 9,1
32503,'5',454,,858225,50,0,11 12 9,1,66,,858226,50,0,11 12 9,1,14,,652866,50,0,17 26 38 8,1,12,,858223,14,0,17 26 38 8,1,11,,858228,50,0,17 26 38 8,1,2097,,858227,50,0,11 12 9,1,70,,858224,50,0,11 12 9,1,30,,858222,50,0,11 12 9,1,70,,696010,50,0,11 12 9,1
92503,'1',622,,863357,10,0,9,1,12,,754630,10,0,9,1,12,,863309,10,0,9,1,12,,863301,10,0,9,1,52,,863329,10,0,9,1,12,,764740,10,0,9,1,11,,863353,10,0,9,1,10,,863333,10,0,9,1,10,,670209,10,0,9,1,50,,863348,10,0,9,1,10,,863346,10,0,9,1,10,,863332,10,0,9,1,10,,863316,10,0,9,1,10,,698943,10,0,9,1,10,,627055,10,0,9,1,50,,630492,10,0,9,1,10,,863366,10,0,9,1,10,,863331,10,0,9,1,14,,863330,10,0,9,1,12,,863349,10,0,9,1,52,,863365,10,0,9,1,12,,863334,10,0,9,1,12,,863325,10,0,9,1,12,,863318,10,0,9,1,12,,863361,10,0,9,1,52,,863323,10,0,9,1,12,,863347,10,0,9,1,12,,863336,10,0,9,1,12,,863358,10,0,9,1,12,,863311,10,0,9,1,52,,863320,10,0,9,1,12,,863302,10,0,9,1,12,,863307,10,0,9,1,12,,863338,10,0,9,1,12,,561247,10,0,9,1,52,,863340,10,0,9,1,12,,863337,10,0,9,1,12,,863360,10,0,9,1,12,,709915,10,0,9,1,12,,863351,10,0,9,1,52,,733652,10,0,9,1,12,,863341,10,0,9,1,12,,701055,10,0,9,1,12,,863305,10,0,9,1,12,,863356,10,0,9,1,52,,863352,10,0,9,1,12,,776941,10,0,9,1,14,,863322,10,0,9,1,10,,863310,10,0,9,1,10,,863326,10,0,9,1,10,,863315,10,0,9,1,50,,863362,10,0,9,1,10,,863313,10,0,9,1,10,,673506,10,0,9,1,10,,863304,10,0,9,1,10,,863335,10,0,9,1,10,,863344,10,0,9,1,50,,863321,10,0,9,1,10,,863312,10,0,9,1,10,,863342,10,0,9,1,10,,690991,10,0,9,1,10,,863327,10,0,9,1,10,,863339,10,0,9,1,50,,863314,10,0,9,1,10,,863350,10,0,9,1,10,,763563,10,0,9,1,10,,863306,10,0,9,1,10,,663547,10,0,9,1,10,,863328,10,0,9,1,50,,701026,10,0,9,1,12,,863317,10,0,9,1,12,,636114,10,0,9,1,7,,863308,10,0,9,1,10,,863343,10,0,9,1,52,,863324,10,0,9,1,12,,863319,10,0,9,1,12,,743544,10,0,9,1,12,,863359,10,0,9,1,12,,740762,10,0,9,1,52,,863345,10,0,9,1,12,,863363,10,0,9,1,12,,751046,10,0,9,1,12,,863354,10,0,9,1,12,,863364,10,0,9,1,52,,774424,10,0,9,1,12,,863355,10,0,9,1,12,,690658,10,0,9,1,11,,863303,10,0,9,1
92503,'2',828,,863386,10,0,9,1,10,,863395,10,0,9,1,10,,863387,10,0,9,1,10,,765725,10,0,9,1,50,,863416,10,0,9,1,10,,863424,10,0,9,1,10,,863368,10,0,9,1,10,,750855,10,0,9,1,10,,735725,10,0,9,1,10,,863378,10,0,9,1,50,,863385,10,0,9,1,10,,863381,10,0,9,1,10,,863383,10,0,9,1,10,,863377,10,0,9,1,10,,863409,10,0,9,1,10,,863401,10,0,9,1,50,,863426,10,0,9,1,10,,863425,10,0,9,1,10,,863410,10,0,9,1,10,,863427,10,0,9,1,10,,863413,10,0,9,1,10,,863397,10,0,9,1,50,,713114,10,0,9,1,10,,863417,10,0,9,1,12,,863403,10,0,9,1,8,,627323,10,0,9,1,7,,773631,10,0,9,1,8,,863429,10,0,9,1,47,,863408,10,0,9,1,8,,863398,10,0,9,1,7,,863376,10,0,9,1,8,,727778,10,0,9,1,7,,863370,10,0,9,1,8,,863390,10,0,9,1,7,,863421,10,0,9,1,8,,863384,10,0,9,1,47,,863400,10,0,9,1,8,,863373,10,0,9,1,7,,863432,10,0,9,1,8,,863367,10,0,9,1,7,,863382,10,0,9,1,8,,754808,10,0,9,1,7,,863375,10,0,9,1,8,,863389,10,0,9,1,47,,863369,10,0,9,1,8,,863430,10,0,9,1,7,,863419,10,0,9,1,8,,863411,10,0,9,1,7,,863393,10,0,9,1,8,,863406,10,0,9,1,7,,863372,10,0,9,1,8,,863380,10,0,9,1,47,,863423,10,0,9,1,8,,863405,10,0,9,1,7,,697802,10,0,9,1,8,,776958,10,0,9,1,7,,863407,10,0,9,1,8,,698226,10,0,9,1,7,,863379,10,0,9,1,8,,863371,10,0,9,1,47,,863420,10,0,9,1,8,,863431,10,0,9,1,7,,863394,10,0,9,1,8,,863374,10,0,9,1,7,,628380,10,0,9,1,8,,863418,10,0,9,1,7,,863391,10,0,9,1,8,,863404,10,0,9,1,47,,863388,10,0,9,1,8,,863392,10,0,9,1,7,,863402,10,0,9,1,8,,863414,10,0,9,1,7,,863399,10,0,9,1,8,,740378,10,0,9,1,7,,863422,10,0,9,1,8,,863412,10,0,9,1,47,,697824,10,0,9,1,8,,863415,10,0,9,1,9,,863428,10,0,9,1,10,,863396,10,0,9,1
92503,'3',825,,863442,10,0,9,1,13,,863444,10,0,9,1,7,,863476,10,0,9,1,10,,863461,10,0,9,1,50,,863486,10,0,9,1,10,,863438,10,0,9,1,10,,863463,10,0,9,1,10,,863492,10,0,9,1,10,,863460,10,0,9,1,10,,863466,10,0,9,1,50,,863483,10,0,9,1,10,,863478,10,0,9,1,10,,863472,10,0,9,1,10,,863462,10,0,9,1,10,,743253,10,0,9,1,10,,863441,10,0,9,1,50,,863500,10,0,9,1,10,,863470,10,0,9,1,10,,863481,10,0,9,1,10,,863485,10,0,9,1,10,,863495,10,0,9,1,10,,863477,10,0,9,1,50,,863437,10,0,9,1,10,,863454,10,0,9,1,15,,863493,10,0,9,1,8,,863447,10,0,9,1,7,,863443,10,0,9,1,8,,863487,10,0,9,1,47,,863496,10,0,9,1,8,,863450,10,0,9,1,7,,863439,10,0,9,1,8,,863433,10,0,9,1,7,,863475,10,0,9,1,8,,863489,10,0,9,1,7,,863490,10,0,9,1,8,,863434,10,0,9,1,47,,666110,10,0,9,1,8,,863449,10,0,9,1,7,,863491,10,0,9,1,8,,863473,10,0,9,1,7,,863446,10,0,9,1,8,,773888,10,0,9,1,7,,863445,10,0,9,1,8,,863488,10,0,9,1,47,,863482,10,0,9,1,8,,863455,10,0,9,1,7,,863465,10,0,9,1,8,,863474,10,0,9,1,7,,778657,10,0,9,1,8,,694685,10,0,9,1,7,,863458,10,0,9,1,8,,709767,10,0,9,1,47,,863435,10,0,9,1,8,,863459,10,0,9,1,7,,618069,10,0,9,1,8,,863451,10,0,9,1,7,,749949,10,0,9,1,8,,775157,10,0,9,1,7,,863494,10,0,9,1,8,,863471,10,0,9,1,47,,863479,10,0,9,1,8,,863448,10,0,9,1,7,,863467,10,0,9,1,8,,863469,10,0,9,1,7,,693171,10,0,9,1,8,,863484,10,0,9,1,7,,863497,10,0,9,1,8,,863456,10,0,9,1,47,,863436,10,0,9,1,8,,863440,10,0,9,1,7,,725126,10,0,9,1,8,,863464,10,0,9,1,7,,863457,10,0,9,1,8,,863452,10,0,9,1,7,,863468,10,0,9,1,8,,863499,10,0,9,1,47,,863453,10,0,9,1,8,,746389,10,0,9,1,7,,863480,10,0,9,1,8,,863498,10,0,9,1,7,,863501,10,0,9,1
92503,'5',825,,863528,10,0,9,1,13,,863550,10,0,9,1,7,,863564,10,0,9,1,10,,863561,10,0,9,1,50,,863507,10,0,9,1,10,,863553,10,0,9,1,10,,863556,10,0,9,1,10,,863540,10,0,9,1,10,,863531,10,0,9,1,10,,863514,10,0,9,1,50,,863552,10,0,9,1,10,,863523,10,0,9,1,10,,863527,10,0,9,1,10,,863538,10,0,9,1,10,,863512,10,0,9,1,10,,863536,10,0,9,1,50,,863563,10,0,9,1,10,,863565,10,0,9,1,10,,725323,10,0,9,1,10,,704056,10,0,9,1,10,,863549,10,0,9,1,10,,863521,10,0,9,1,50,,863503,10,0,9,1,10,,863532,10,0,9,1,15,,863544,10,0,9,1,8,,863502,10,0,9,1,7,,776257,10,0,9,1,8,,863562,10,0,9,1,47,,863542,10,0,9,1,8,,863533,10,0,9,1,7,,863548,10,0,9,1,8,,606982,10,0,9,1,7,,732293,10,0,9,1,8,,863524,10,0,9,1,7,,863519,10,0,9,1,8,,863511,10,0,9,1,47,,863537,10,0,9,1,8,,863541,10,0,9,1,7,,863505,10,0,9,1,8,,863526,10,0,9,1,7,,863560,10,0,9,1,8,,863508,10,0,9,1,7,,863516,10,0,9,1,8,,863555,10,0,9,1,47,,693355,10,0,9,1,8,,863506,10,0,9,1,7,,863513,10,0,9,1,8,,863547,10,0,9,1,7,,863557,10,0,9,1,8,,863534,10,0,9,1,7,,863554,10,0,9,1,8,,698905,10,0,9,1,47,,760650,10,0,9,1,8,,863522,10,0,9,1,7,,669515,10,0,9,1,8,,863559,10,0,9,1,7,,863520,10,0,9,1,8,,863539,10,0,9,1,7,,863517,10,0,9,1,8,,725324,10,0,9,1,47,,863546,10,0,9,1,8,,731390,10,0,9,1,7,,863515,10,0,9,1,8,,863510,10,0,9,1,7,,863545,10,0,9,1,8,,863558,10,0,9,1,7,,863535,10,0,9,1,8,,744404,10,0,9,1,47,,863504,10,0,9,1,8,,863543,10,0,9,1,7,,863529,10,0,9,1,8,,863530,10,0,9,1,7,,863509,10,0,9,1,8,,711777,10,0,9,1,7,,675477,10,0,9,1,8,,729054,10,0,9,1,47,,863518,10,0,9,1,8,,863551,10,0,9,1,7,,633631,10,0,9,1,8,,863525,10,0,9,1,7,,774934,10,0,9,1
