3902,'1',514,,621888,37,0,16 15,1,10,,621882,32,0,16 15,1,10,,621815,37,0,16 15,1,10,,621921,32,0,16 15,1,10,,621897,37,0,16 15,1,50,,621839,32,0,16 15,1,10,,621865,37,0,16 15,1,9,,471143,32,0,16 15,1,5,,621799,12,0,16 15,1,4,,621892,37,0,16 15,1,9,,621876,32,0,16 15,1,5,,621923,12,0,16 15,1,4,,621874,37,0,16 15,1,9,,621823,32,0,16 15,1,48,,621843,12,0,16 15,1,6,,621872,37,0,16 15,1,9,,567420,32,0,16 15,1,5,,621817,12,0,16 15,1,5,,574681,37,0,16 15,1,9,,621928,32,0,16 15,1,5,,621885,12,0,16 15,1,4,,532868,37,0,16 15,1,9,,621871,32,0,16 15,1,45,,480769,12,0,16 15,1,4,,621930,37,0,16 15,1,9,,621842,32,0,16 15,1,5,,542739,12,0,16 15,1,4,,621836,37,0,16 15,1,9,,621932,32,0,16 15,1,5,,621933,12,0,16 15,1,4,,621899,37,0,16 15,1,9,,621831,32,0,16 15,1,5,,621922,12,0,16 15,1,44,,621850,37,0,16 15,1,7,,621870,32,0,16 15,1,9,,621805,37,0,16 15,1,8,,621808,32,0,16 15,1,8,,621837,37,0,16 15,1,9,,621878,32,0,16 15,1,9,,621804,37,0,16 15,1,49,,507630,32,0,16 15,1,9,,621858,37,0,16 15,1,9,,621809,32,0,16 15,1,9,,621918,37,0,16 15,1,9,,621806,32,0,16 15,1,9,,621889,37,0,16 15,1,9,,621886,32,0,16 15,1,49,,621824,37,0,16 15,1,9,,621835,32,0,16 15,1,9,,621884,37,0,16 15,1,9,,621828,32,0,16 15,1,9,,621833,37,0,16 15,1,9,,621841,32,0,16 15,1,9,,621896,37,0,16 15,1,49,,621913,32,0,16 15,1,9,,559363,37,0,16 15,1,9,,621867,32,0,16 15,1,9,,621861,37,0,16 15,1,9,,621906,32,0,16 15,1,9,,621883,37,0,16 15,1,49,,621855,32,0,16 15,1,9,,621902,37,0,16 15,1,9,,621917,32,0,16 15,1,9,,621860,37,0,16 15,1,9,,621856,32,0,16 15,1,9,,621853,37,0,16 15,1,5,,621862,12,0,16 15,1,4,,573243,32,0,16 15,1,50,,621847,37,0,16 15,1,5,,621903,12,0,16 15,1,5,,621901,32,0,16 15,1,10,,513406,37,0,16 15,1,5,,621848,12,0,16 15,1,5,,621879,32,0,16 15,1,10,,599307,37,0,16 15,1,5,,621924,12,0,16 15,1,4,,621910,32,0,16 15,1,49,,621911,37,0,16 15,1,5,,621820,12,0,16 15,1,4,,621908,32,0,16 15,1,9,,621803,37,0,16 15,1,5,,553549,12,0,16 15,1,4,,621926,32,0,16 15,1,9,,513793,37,0,16 15,1,5,,621859,12,0,16 15,1,4,,621914,32,0,16 15,1,9,,621845,37,0,16 15,1,45,,547861,12,0,16 15,1,4,,535003,32,0,16 15,1,9,,521900,37,0,16 15,1,5,,621934,12,0,16 15,1,4,,621898,32,0,16 15,1,9,,621880,37,0,16 15,1,5,,621826,12,0,16 15,1,4,,621895,32,0,16 15,1,9,,621863,37,0,16 15,1,5,,621813,12,0,16 15,1,44,,621877,32,0,16 15,1,9,,621927,37,0,16 15,1,5,,621919,12,0,16 15,1,4,,621881,32,0,16 15,1,9,,621904,37,0,16 15,1,5,,595200,12,0,16 15,1,4,,621822,32,0,16 15,1,9,,531858,37,0,16 15,1,5,,621851,12,0,16 15,1,4,,621800,32,0,16 15,1,49,,621869,37,0,16 15,1,5,,621810,12,0,16 15,1,4,,621891,32,0,16 15,1,9,,621875,37,0,16 15,1,5,,621857,12,0,16 15,1,4,,621866,32,0,16 15,1,7,,621811,37,0,16 15,1,7,,597311,32,0,16 15,1,9,,621909,37,0,16 15,1,48,,621912,32,0,16 15,1,9,,621905,37,0,16 15,1,9,,621825,32,0,16 15,1,9,,621834,37,0,16 15,1,9,,621821,32,0,16 15,1,9,,621890,37,0,16 15,1,9,,602640,32,0,16 15,1,49,,579316,37,0,16 15,1,9,,621915,32,0,16 15,1,9,,551785,37,0,16 15,1,9,,621807,32,0,16 15,1,7,,435098,37,0,16 15,1,7,,621838,32,0,16 15,1,8,,621830,37,0,16 15,1,48,,621864,32,0,16 15,1,8,,516089,37,0,16 15,1,8,,621832,32,0,16 15,1,8,,621802,37,0,16 15,1,9,,621846,32,0,16 15,1,9,,592390,37,0,16 15,1,9,,581632,32,0,16 15,1,49,,621829,37,0,16 15,1,9,,621849,32,0,16 15,1,9,,621852,37,0,16 15,1,9,,621936,32,0,16 15,1,10,,621844,37,0,16 15,1,10,,557199,32,0,16 15,1,10,,621920,37,0,16 15,1,49,,621916,32,0,16 15,1,8,,621812,37,0,16 15,1,8,,621868,32,0,16 15,1,9,,621907,37,0,16 15,1,9,,621887,32,0,16 15,1,9,,398867,37,0,16 15,1,9,,621827,32,0,16 15,1,49,,621816,37,0,16 15,1,9,,598047,32,0,16 15,1,9,,604115,37,0,16 15,1,9,,573873,32,0,16 15,1,9,,621840,37,0,16 15,1,9,,569499,32,0,16 15,1,49,,529455,37,0,16 15,1,9,,621894,32,0,16 15,1,9,,562499,37,0,16 15,1,10,,621931,32,0,16 15,1,15,,521440,37,0,16 15,1,55,,467543,32,0,16 15,1,15,,621818,37,0,16 15,1
3902,'2',524,,581849,37,0,16 15,1,14,,622026,32,0,16 15,1,15,,583661,37,0,16 15,1,53,,621983,32,0,16 15,1,11,,621954,37,0,16 15,1,8,,622015,32,0,16 15,1,7,,622037,37,0,16 15,1,8,,621975,32,0,16 15,1,7,,621985,37,0,16 15,1,8,,621942,32,0,16 15,1,47,,621961,37,0,16 15,1,8,,622051,32,0,16 15,1,7,,622035,37,0,16 15,1,8,,621988,32,0,16 15,1,7,,621945,37,0,16 15,1,9,,621956,32,0,16 15,1,11,,622003,37,0,16 15,1,51,,621978,32,0,16 15,1,11,,621958,37,0,16 15,1,10,,621959,32,0,16 15,1,10,,621962,37,0,16 15,1,10,,621943,32,0,16 15,1,10,,546065,37,0,16 15,1,50,,621982,32,0,16 15,1,10,,548995,37,0,16 15,1,10,,622044,32,0,16 15,1,10,,621979,37,0,16 15,1,10,,621960,32,0,16 15,1,10,,622010,37,0,16 15,1,50,,621986,32,0,16 15,1,12,,621963,37,0,16 15,1,13,,622011,32,0,16 15,1,10,,622006,37,0,16 15,1,10,,561468,32,0,16 15,1,10,,562825,37,0,16 15,1,50,,621957,32,0,16 15,1,10,,622046,37,0,16 15,1,10,,621974,32,0,16 15,1,10,,548209,37,0,16 15,1,10,,374300,32,0,16 15,1,10,,621969,37,0,16 15,1,50,,622033,32,0,16 15,1,10,,621996,37,0,16 15,1,5,,622004,13,0,16 15,1,5,,586471,32,0,16 15,1,10,,621949,37,0,16 15,1,10,,621973,32,0,16 15,1,10,,622038,37,0,16 15,1,50,,621966,32,0,16 15,1,10,,622013,37,0,16 15,1,10,,622047,32,0,16 15,1,10,,544288,37,0,16 15,1,10,,622017,32,0,16 15,1,10,,622022,37,0,16 15,1,50,,622048,32,0,16 15,1,10,,621994,37,0,16 15,1,10,,621970,32,0,16 15,1,10,,622012,37,0,16 15,1,10,,622002,32,0,16 15,1,5,,476576,13,0,16 15,1,5,,600827,37,0,16 15,1,50,,622041,32,0,16 15,1,10,,621964,37,0,16 15,1,10,,621980,32,0,16 15,1,10,,622045,37,0,16 15,1,10,,594337,32,0,16 15,1,10,,461872,37,0,16 15,1,50,,622030,32,0,16 15,1,10,,422016,37,0,16 15,1,10,,553176,32,0,16 15,1,6,,621939,37,0,16 15,1,8,,622021,32,0,16 15,1,10,,622029,37,0,16 15,1,50,,621967,32,0,16 15,1,10,,622023,37,0,16 15,1,10,,622050,32,0,16 15,1,10,,621965,37,0,16 15,1,10,,622043,32,0,16 15,1,10,,622036,37,0,16 15,1,50,,621955,32,0,16 15,1,10,,442279,37,0,16 15,1,10,,621990,32,0,16 15,1,10,,621971,37,0,16 15,1,10,,621976,32,0,16 15,1,10,,621998,37,0,16 15,1,50,,622040,32,0,16 15,1,10,,621992,37,0,16 15,1,10,,621987,32,0,16 15,1,10,,622020,37,0,16 15,1,9,,621947,32,0,16 15,1,9,,621938,37,0,16 15,1,8,,622018,32,0,16 15,1,50,,621950,37,0,16 15,1,10,,622032,32,0,16 15,1,10,,621984,37,0,16 15,1,10,,621953,32,0,16 15,1,11,,622042,37,0,16 15,1,9,,562276,32,0,16 15,1,50,,536486,37,0,16 15,1,10,,582906,32,0,16 15,1,10,,621972,37,0,16 15,1,10,,587689,32,0,16 15,1,10,,621946,37,0,16 15,1,10,,622034,32,0,16 15,1,50,,503333,37,0,16 15,1,5,,621993,13,0,16 15,1,5,,622000,32,0,16 15,1,10,,622025,37,0,16 15,1,10,,622014,32,0,16 15,1,9,,621981,37,0,16 15,1,7,,621989,32,0,16 15,1,3,,602315,32,0,16 15,1,49,,622049,37,0,16 15,1,7,,621951,32,0,16 15,1,7,,622007,37,0,16 15,1,8,,622016,32,0,16 15,1,7,,621991,37,0,16 15,1,8,,621937,32,0,16 15,1,7,,622005,37,0,16 15,1,8,,502516,32,0,16 15,1,47,,622009,37,0,16 15,1,8,,622001,32,0,16 15,1,7,,622039,37,0,16 15,1,8,,622024,32,0,16 15,1,7,,622019,37,0,16 15,1,8,,621948,32,0,16 15,1,7,,621977,37,0,16 15,1,8,,621940,32,0,16 15,1,47,,621995,37,0,16 15,1,9,,621941,37,0,16 15,1,15,,622028,32,0,16 15,1,15,,622031,37,0,16 15,1,55,,621997,32,0,16 15,1,15,,621999,37,0,16 15,1
3902,'3',524,,622060,37,0,19 6,1,13,,622113,32,0,19 6,1,15,,622126,37,0,19 6,1,52,,622129,32,0,19 6,1,10,,622078,37,0,19 6,1,10,,622101,32,0,19 6,1,10,,622066,37,0,19 6,1,10,,622137,32,0,19 6,1,10,,622122,37,0,19 6,1,50,,622116,32,0,19 6,1,10,,594271,37,0,19 6,1,10,,523274,32,0,19 6,1,10,,531579,37,0,16 15,1,10,,622154,32,0,16 15,1,10,,622155,37,0,16 15,1,50,,622112,32,0,16 15,1,10,,622095,37,0,16 15,1,10,,537735,32,0,16 15,1,10,,460100,37,0,16 15,1,10,,578239,32,0,16 15,1,10,,622119,37,0,16 15,1,50,,622156,32,0,16 15,1,10,,622085,37,0,16 15,1,10,,463577,32,0,16 15,1,10,,622132,37,0,16 15,1,10,,622141,32,0,16 15,1,10,,622161,37,0,16 15,1,50,,461331,32,0,16 15,1,10,,622106,37,0,16 15,1,10,,622115,32,0,16 15,1,10,,622094,37,0,16 15,1,10,,548481,32,0,16 15,1,10,,622082,37,0,16 15,1,50,,622111,32,0,16 15,1,10,,622148,37,0,16 15,1,10,,622076,32,0,16 15,1,10,,622131,37,0,16 15,1,11,,622159,32,0,16 15,1,3,,622091,13,0,16 15,1,7,,622090,37,0,16 15,1,51,,622123,32,0,16 15,1,10,,622063,37,0,16 15,1,10,,622092,32,0,16 15,1,8,,622081,37,0,16 15,1,10,,622089,32,0,16 15,1,10,,622093,37,0,16 15,1,50,,622138,32,0,16 15,1,10,,622117,37,0,16 15,1,10,,622098,32,0,16 15,1,5,,622084,13,0,16 15,1,5,,622140,37,0,16 15,1,10,,622139,32,0,16 15,1,10,,622124,37,0,16 15,1,50,,622088,32,0,16 15,1,10,,622072,37,0,16 15,1,10,,518455,32,0,16 15,1,5,,622134,13,0,16 15,1,5,,602813,37,0,16 15,1,10,,520474,32,0,16 15,1,10,,622100,37,0,16 15,1,50,,622068,32,0,16 15,1,10,,622136,37,0,16 15,1,10,,622153,32,0,16 15,1,10,,622062,37,0,16 15,1,10,,597696,32,0,16 15,1,10,,622118,37,0,16 15,1,50,,622067,32,0,16 15,1,10,,568272,37,0,16 15,1,10,,622070,32,0,16 15,1,10,,622096,37,0,16 15,1,10,,622162,32,0,16 15,1,10,,622099,37,0,16 15,1,50,,560032,32,0,16 15,1,10,,622058,37,0,16 15,1,10,,622145,32,0,16 15,1,10,,622079,37,0,16 15,1,10,,545810,32,0,16 15,1,10,,557700,37,0,16 15,1,50,,570986,32,0,16 15,1,10,,622127,37,0,16 15,1,10,,622125,32,0,16 15,1,10,,622057,37,0,16 15,1,9,,622157,32,0,16 15,1,8,,622158,37,0,16 15,1,50,,622147,32,0,16 15,1,8,,622077,37,0,16 15,1,10,,494302,32,0,16 15,1,10,,622143,37,0,16 15,1,10,,553311,32,0,16 15,1,10,,622086,37,0,16 15,1,10,,556954,32,0,16 15,1,50,,517043,37,0,16 15,1,10,,622105,32,0,16 15,1,10,,622080,37,0,16 15,1,10,,541383,32,0,16 15,1,10,,622160,37,0,16 15,1,10,,622152,32,0,16 15,1,50,,622055,37,0,16 15,1,10,,622130,32,0,16 15,1,10,,622114,37,0,16 15,1,10,,622104,32,0,16 15,1,10,,622133,37,0,16 15,1,9,,622128,32,0,16 15,1,45,,622069,13,0,16 15,1,4,,622056,37,0,16 15,1,9,,540312,32,0,16 15,1,10,,622142,37,0,16 15,1,10,,622074,32,0,16 15,1,9,,622151,37,0,16 15,1,9,,622075,32,0,16 15,1,48,,622144,37,0,16 15,1,9,,622102,32,0,16 15,1,8,,551077,37,0,16 15,1,9,,622120,32,0,16 15,1,8,,622073,37,0,16 15,1,9,,622121,32,0,16 15,1,8,,622109,37,0,16 15,1,49,,622150,32,0,16 15,1,8,,601312,37,0,16 15,1,9,,547373,32,0,16 15,1,8,,622087,37,0,16 15,1,9,,622146,32,0,16 15,1,8,,622061,37,0,16 15,1,9,,622064,32,0,16 15,1,6,,622059,37,0,16 15,1,49,,622149,32,0,16 15,1,10,,622108,37,0,16 15,1,12,,622110,32,0,16 15,1,15,,622083,37,0,16 15,1,55,,622097,32,0,16 15,1,15,,622103,37,0,16 15,1
3902,'5',524,,622192,37,0,16 15,1,13,,579908,32,0,16 15,1,15,,551365,37,0,16 15,1,52,,622229,32,0,16 15,1,10,,622165,37,0,16 15,1,10,,622208,32,0,16 15,1,10,,622212,37,0,16 15,1,10,,622242,32,0,16 15,1,10,,527500,37,0,16 15,1,50,,524686,32,0,16 15,1,10,,622178,37,0,16 15,1,10,,622244,32,0,16 15,1,10,,571008,37,0,16 15,1,10,,622265,32,0,16 15,1,10,,622214,37,0,16 15,1,50,,622177,32,0,16 15,1,11,,588155,37,0,16 15,1,9,,622193,32,0,16 15,1,10,,622258,37,0,16 15,1,10,,622213,32,0,16 15,1,10,,622263,37,0,16 15,1,50,,622198,32,0,16 15,1,10,,622188,37,0,16 15,1,10,,622167,32,0,16 15,1,10,,622211,37,0,16 15,1,10,,571815,32,0,16 15,1,10,,622250,37,0,16 15,1,50,,622205,32,0,16 15,1,10,,622170,37,0,16 15,1,10,,622184,32,0,16 15,1,10,,622253,37,0,16 15,1,10,,574357,32,0,16 15,1,10,,622183,37,0,16 15,1,50,,622172,32,0,16 15,1,10,,622260,37,0,16 15,1,10,,566831,32,0,16 15,1,10,,622236,37,0,16 15,1,6,,622227,13,0,16 15,1,5,,622220,32,0,16 15,1,10,,622210,37,0,16 15,1,51,,533394,32,0,16 15,1,10,,622268,37,0,16 15,1,10,,622204,32,0,16 15,1,8,,622197,37,0,16 15,1,10,,522235,32,0,16 15,1,10,,622216,37,0,16 15,1,50,,622222,32,0,16 15,1,10,,622215,37,0,16 15,1,10,,622163,32,0,16 15,1,10,,622187,37,0,16 15,1,5,,622226,13,0,16 15,1,5,,539863,32,0,16 15,1,10,,622217,37,0,16 15,1,50,,622207,32,0,16 15,1,10,,622251,37,0,16 15,1,10,,622249,32,0,16 15,1,10,,598786,37,0,16 15,1,10,,622262,32,0,16 15,1,10,,622233,37,0,16 15,1,50,,622261,32,0,16 15,1,10,,622190,37,0,16 15,1,10,,622186,32,0,16 15,1,10,,622201,37,0,16 15,1,10,,622232,32,0,16 15,1,10,,622241,37,0,16 15,1,50,,531193,32,0,16 15,1,10,,520535,37,0,16 15,1,10,,622169,32,0,16 15,1,10,,622235,37,0,16 15,1,10,,622206,32,0,16 15,1,10,,622196,37,0,16 15,1,50,,622179,32,0,16 15,1,10,,622168,37,0,16 15,1,10,,622174,32,0,16 15,1,10,,622185,37,0,16 15,1,10,,622255,32,0,16 15,1,10,,622267,37,0,16 15,1,50,,622164,32,0,16 15,1,10,,622237,37,0,16 15,1,10,,622272,32,0,16 15,1,10,,622176,37,0,16 15,1,9,,622238,32,0,16 15,1,8,,622166,37,0,16 15,1,50,,622266,32,0,16 15,1,8,,622240,37,0,16 15,1,10,,622182,32,0,16 15,1,10,,577962,37,0,16 15,1,10,,558103,32,0,16 15,1,10,,622225,37,0,16 15,1,10,,622257,32,0,16 15,1,50,,622200,37,0,16 15,1,10,,622239,32,0,16 15,1,10,,622243,37,0,16 15,1,10,,588869,32,0,16 15,1,10,,580881,37,0,16 15,1,10,,622264,32,0,16 15,1,50,,622202,37,0,16 15,1,10,,622191,32,0,16 15,1,10,,622231,37,0,16 15,1,10,,562709,32,0,16 15,1,10,,622173,37,0,16 15,1,9,,622189,32,0,16 15,1,49,,622234,37,0,16 15,1,5,,622230,13,0,16 15,1,4,,622247,32,0,16 15,1,10,,622219,37,0,16 15,1,10,,622199,32,0,16 15,1,9,,622252,37,0,16 15,1,9,,622203,32,0,16 15,1,48,,622254,37,0,16 15,1,9,,622209,32,0,16 15,1,8,,622259,37,0,16 15,1,9,,622194,32,0,16 15,1,8,,622246,37,0,16 15,1,9,,622171,32,0,16 15,1,8,,525950,37,0,16 15,1,49,,622248,32,0,16 15,1,8,,622228,37,0,16 15,1,9,,622256,32,0,16 15,1,8,,566422,37,0,16 15,1,9,,622175,32,0,16 15,1,8,,622195,37,0,16 15,1,9,,622223,32,0,16 15,1,6,,622224,37,0,16 15,1,49,,622181,32,0,16 15,1,10,,516217,37,0,16 15,1,12,,520161,32,0,16 15,1,15,,622245,37,0,16 15,1,55,,622221,32,0,16 15,1,15,,572437,37,0,16 15,1
33902,'1',355,,682367,30,0,11 12 16 15,1,60,,526563,30,0,11 12 16 15,1,20,,682368,30,0,11 12 16 15,1,20,,682375,30,0,11 12 16 15,1,50,,682369,30,0,11 12 16 15,1,2130,,682372,38,0,11 12 16 15,1,20,,682374,38,0,11 12 16 15,1,60,,574697,38,0,11 12 16 15,1,20,,682377,38,0,11 12 16 15,1
33902,'2',355,,513818,30,0,11 12 16 15,1,60,,682386,30,0,11 12 16 15,1,20,,682395,30,0,11 12 16 15,1,20,,682383,30,0,11 12 16 15,1,55,,682393,30,0,11 12 16 15,1,2125,,682385,38,0,11 12 16 15,1,20,,682381,38,0,11 12 16 15,1,60,,682392,38,0,11 12 16 15,1,20,,682380,38,0,11 12 16 15,1
33902,'3',355,,682397,30,0,11 12 16 15,1,60,,403760,30,0,11 12 16 15,1,20,,506774,30,0,11 12 16 15,1,20,,682396,30,0,11 12 16 15,1,55,,682401,30,0,11 12 16 15,1,2125,,682408,38,0,11 12 16 15,1,20,,559065,38,0,11 12 16 15,1,60,,682400,38,0,11 12 16 15,1,20,,682405,38,0,11 12 16 15,1
33902,'5',355,,682411,30,0,11 12 16 15,1,60,,682423,30,0,11 12 16 15,1,20,,682412,30,0,11 12 16 15,1,20,,682415,30,0,11 12 16 15,1,55,,546569,30,0,11 12 16 15,1,2125,,682419,38,0,11 12 16 15,1,20,,682417,38,0,11 12 16 15,1,60,,682425,38,0,11 12 16 15,1,20,,682416,38,0,11 12 16 15,1
93902,'1',533,,689280,10,0,34 16 250 8,1,12,,689259,10,0,34 16 250 8,1,12,,566479,10,0,34 16 250 8,1,52,,689224,10,0,34 16 250 8,1,5,,689201,6,0,28 16 8,1,7,,689230,11,0,34 16 250 8,1,4,,550105,6,0,28 16 8,1,8,,689227,10,0,34 16 250 8,1,0,,689203,29,0,28 16 8,1,6,,689185,16,0,34 16 250 8,1,5,,689178,29,0,28 16 8,1,7,,689241,16,0,34 16 250 8,1,5,,689260,29,0,28 16 8,1,47,,689193,16,0,34 16 250 8,1,5,,689216,29,0,28 16 8,1,7,,689182,16,0,34 16 250 8,1,5,,689226,29,0,28 16 8,1,7,,689263,16,0,34 16 250 8,1,5,,689253,29,0,28 16 8,1,9,,689285,16,0,34 16 250 8,1,9,,689219,29,0,28 16 8,1,5,,689277,16,0,34 16 250 8,1,47,,689254,29,0,28 16 8,1,6,,390116,16,0,34 16 250 8,1,6,,689181,29,0,28 16 8,1,6,,689257,16,0,34 16 250 8,1,6,,689274,29,0,28 16 8,1,6,,689192,16,0,34 16 250 8,1,6,,553553,29,0,28 16 8,1,6,,689278,16,0,34 16 250 8,1,6,,689176,29,0,28 16 8,1,6,,689268,16,0,34 16 250 8,1,46,,528752,29,0,28 16 8,1,6,,689231,16,0,34 16 250 8,1,6,,689243,29,0,28 16 8,1,6,,689175,16,0,34 16 250 8,1,6,,689187,16,0,5 16 8,1,10,,689235,16,0,34 16 250 8,1,10,,689275,16,0,5 16 8,1,10,,689239,16,0,34 16 250 8,1,50,,689286,16,0,5 16 8,1,10,,689210,16,0,34 16 250 8,1,10,,689190,16,0,5 16 8,1,10,,689250,16,0,34 16 250 8,1,10,,689279,16,0,5 16 8,1,10,,689229,16,0,34 16 250 8,1,50,,542776,16,0,5 16 8,1,10,,689183,16,0,34 16 250 8,1,10,,689220,16,0,5 16 8,1,10,,532546,16,0,34 16 250 8,1,10,,689186,16,0,5 16 8,1,10,,689197,16,0,34 16 250 8,1,50,,689282,16,0,5 16 8,1,10,,689258,16,0,34 16 250 8,1,10,,689273,16,0,5 16 8,1,10,,689266,16,0,34 16 250 8,1,10,,689287,16,0,5 16 8,1,10,,689248,16,0,34 16 250 8,1,50,,689246,16,0,5 16 8,1,10,,689270,16,0,34 16 250 8,1,10,,689247,16,0,5 16 8,1,6,,407867,10,0,34 16 250 8,1,4,,689237,16,0,34 16 250 8,1,10,,689198,16,0,5 16 8,1,10,,560699,16,0,34 16 250 8,1,2,,480055,10,0,34 16 250 8,1,43,,689205,16,0,5 16 8,1,13,,689208,16,0,5 16 8,1,5,,689204,16,0,34 16 250 8,1,18,,689252,10,0,34 16 250 8,1,1,,565295,16,0,5 16 8,1,3,,689283,16,0,34 16 250 8,1,13,,407903,29,0,28 16 8,1,48,,689265,16,0,34 16 250 8,1,5,,689223,10,0,34 16 250 8,1,2,,551221,29,0,28 16 8,1,8,,689195,16,0,34 16 250 8,1,7,,689256,29,0,28 16 8,1,8,,689202,16,0,34 16 250 8,1,7,,689189,29,0,28 16 8,1,8,,529336,16,0,34 16 250 8,1,7,,689215,29,0,28 16 8,1,48,,585502,16,0,34 16 250 8,1,7,,689262,29,0,28 16 8,1,8,,689228,16,0,34 16 250 8,1,7,,689199,29,0,28 16 8,1,8,,533190,16,0,34 16 250 8,1,7,,531750,29,0,28 16 8,1,8,,689211,16,0,34 16 250 8,1,7,,689200,29,0,28 16 8,1,48,,689194,16,0,34 16 250 8,1,7,,689288,29,0,28 16 8,1,8,,689221,16,0,34 16 250 8,1,7,,689249,29,0,28 16 8,1,8,,689206,16,0,34 16 250 8,1,7,,541768,29,0,28 16 8,1,8,,689269,16,0,34 16 250 8,1,7,,689177,29,0,28 16 8,1,48,,578971,16,0,34 16 250 8,1,7,,550450,29,0,28 16 8,1,8,,689184,16,0,34 16 250 8,1,7,,689180,29,0,28 16 8,1,8,,554432,16,0,34 16 250 8,1,7,,689244,29,0,28 16 8,1,8,,689188,16,0,34 16 250 8,1,7,,689213,29,0,28 16 8,1,48,,602930,16,0,34 16 250 8,1,7,,689242,29,0,28 16 8,1,8,,689240,16,0,34 16 250 8,1,7,,689264,29,0,28 16 8,1,10,,689191,16,0,34 16 250 8,1,3,,574706,16,0,5 16 8,1,11,,689174,16,0,34 16 250 8,1,9,,689214,16,0,5 16 8,1,51,,582369,16,0,34 16 250 8,1,9,,689225,16,0,5 16 8,1,11,,689218,16,0,34 16 250 8,1,9,,689255,16,0,5 16 8,1,11,,689234,16,0,34 16 250 8,1,9,,546005,16,0,5 16 8,1,51,,540502,16,0,34 16 250 8,1,9,,689267,16,0,5 16 8,1,11,,586107,16,0,34 16 250 8,1,9,,689207,16,0,5 16 8,1,11,,689179,16,0,34 16 250 8,1,9,,689196,16,0,5 16 8,1,51,,689236,16,0,34 16 250 8,1,9,,689209,16,0,5 16 8,1,8,,689276,16,0,5 16 8,1,10,,689212,16,0,5 16 8,1,15,,689284,16,0,5 16 8,1,55,,689232,16,0,5 16 8,1,15,,689217,16,0,5 16 8,1,15,,689261,16,0,5 16 8,1,15,,579140,16,0,5 16 8,1,55,,689222,16,0,5 16 8,1,15,,689173,16,0,5 16 8,1,15,,572762,16,0,5 16 8,1,15,,689251,16,0,5 16 8,1,55,,550799,16,0,5 16 8,1,15,,689281,16,0,5 16 8,1,15,,689238,16,0,5 16 8,1,5,,587018,16,0,5 16 8,1
93902,'2',836,,542923,16,0,34 16 250 8,1,8,,689297,16,0,5 16 8,1,6,,689298,16,0,34 16 250 8,1,9,,689329,16,0,5 16 8,1,51,,603031,16,0,34 16 250 8,1,9,,689327,16,0,5 16 8,1,11,,689290,16,0,34 16 250 8,1,9,,491767,16,0,5 16 8,1,11,,689291,16,0,34 16 250 8,1,9,,689311,16,0,5 16 8,1,51,,689333,16,0,34 16 250 8,1,9,,689324,16,0,5 16 8,1,11,,689321,16,0,34 16 250 8,1,9,,689306,16,0,5 16 8,1,11,,689336,16,0,34 16 250 8,1,9,,689330,16,0,5 16 8,1,51,,689337,16,0,34 16 250 8,1,9,,689293,16,0,5 16 8,1,13,,532993,16,0,34 16 250 8,1,7,,689310,16,0,5 16 8,1,15,,689305,16,0,34 16 250 8,1,46,,689346,16,0,5 16 8,1,13,,689341,6,0,34 16 250 8,1,4,,689308,16,0,34 16 250 8,1,8,,689331,16,0,5 16 8,1,12,,689303,16,0,34 16 250 8,1,10,,689304,16,0,5 16 8,1,10,,689307,16,0,34 16 250 8,1,50,,689347,16,0,5 16 8,1,10,,689313,16,0,34 16 250 8,1,10,,538378,16,0,5 16 8,1,10,,689300,16,0,34 16 250 8,1,10,,570403,16,0,5 16 8,1,10,,689312,16,0,34 16 250 8,1,50,,689348,16,0,5 16 8,1,10,,689345,16,0,34 16 250 8,1,10,,689352,16,0,5 16 8,1,10,,689320,16,0,34 16 250 8,1,10,,689301,16,0,5 16 8,1,10,,689316,16,0,34 16 250 8,1,50,,689343,16,0,5 16 8,1,10,,689332,16,0,34 16 250 8,1,10,,689339,16,0,5 16 8,1,10,,689315,16,0,34 16 250 8,1,10,,689318,16,0,5 16 8,1,9,,689314,16,0,34 16 250 8,1,51,,689326,16,0,5 16 8,1,10,,689299,16,0,34 16 250 8,1,10,,549277,16,0,5 16 8,1,10,,689340,16,0,34 16 250 8,1,10,,689338,16,0,5 16 8,1,10,,689325,16,0,34 16 250 8,1,50,,689351,16,0,5 16 8,1,10,,689322,16,0,34 16 250 8,1,10,,689309,16,0,5 16 8,1,10,,689349,16,0,34 16 250 8,1,10,,553665,16,0,5 16 8,1,10,,689292,16,0,34 16 250 8,1,50,,548106,16,0,5 16 8,1,10,,532976,16,0,34 16 250 8,1,10,,689294,16,0,5 16 8,1,10,,689317,16,0,34 16 250 8,1,10,,689335,16,0,5 16 8,1,10,,689323,16,0,34 16 250 8,1,50,,689302,16,0,5 16 8,1,10,,469341,16,0,34 16 250 8,1,10,,689296,16,0,5 16 8,1,10,,689342,16,0,34 16 250 8,1,3,,689334,16,0,5 16 8,1,19,,689289,16,0,34 16 250 8,1,44,,566244,16,0,5 16 8,1,15,,689350,16,0,5 16 8,1,15,,500883,16,0,5 16 8,1,15,,689319,16,0,5 16 8,1,55,,528291,16,0,5 16 8,1,15,,597489,16,0,5 16 8,1,15,,689344,16,0,5 16 8,1,15,,689295,16,0,5 16 8,1,55,,548215,16,0,5 16 8,1,15,,689328,16,0,5 16 8,1
93902,'3',744,,689382,16,0,5 16 8,1,10,,689409,16,0,5 16 8,1,50,,689362,16,0,34 16 250 8,1,10,,689408,16,0,5 16 8,1,17,,589219,16,0,34 16 250 8,1,9,,689387,16,0,5 16 8,1,11,,689420,16,0,34 16 250 8,1,49,,689365,16,0,5 16 8,1,11,,689424,16,0,34 16 250 8,1,9,,689368,16,0,5 16 8,1,11,,689369,16,0,34 16 250 8,1,9,,689418,16,0,5 16 8,1,11,,689399,16,0,34 16 250 8,1,49,,689416,16,0,5 16 8,1,11,,689412,16,0,34 16 250 8,1,9,,689403,16,0,5 16 8,1,11,,689390,16,0,34 16 250 8,1,9,,689415,16,0,5 16 8,1,11,,689398,16,0,34 16 250 8,1,49,,689394,16,0,5 16 8,1,11,,689381,16,0,34 16 250 8,1,9,,689401,16,0,5 16 8,1,11,,595759,16,0,34 16 250 8,1,8,,689405,16,0,5 16 8,1,11,,577597,16,0,34 16 250 8,1,7,,689423,16,0,5 16 8,1,51,,689404,16,0,34 16 250 8,1,9,,689379,16,0,5 16 8,1,11,,689388,16,0,34 16 250 8,1,9,,689354,16,0,5 16 8,1,11,,560517,16,0,34 16 250 8,1,9,,689380,16,0,5 16 8,1,51,,689417,16,0,34 16 250 8,1,9,,689363,16,0,5 16 8,1,11,,488536,16,0,34 16 250 8,1,9,,689402,16,0,5 16 8,1,11,,689421,16,0,34 16 250 8,1,9,,689389,16,0,5 16 8,1,51,,689374,16,0,34 16 250 8,1,9,,689396,16,0,5 16 8,1,11,,689385,16,0,34 16 250 8,1,9,,689358,16,0,5 16 8,1,11,,583026,16,0,34 16 250 8,1,9,,689407,16,0,5 16 8,1,51,,689364,16,0,34 16 250 8,1,9,,689400,16,0,5 16 8,1,11,,689370,16,0,34 16 250 8,1,9,,689383,16,0,5 16 8,1,11,,550597,16,0,34 16 250 8,1,9,,689367,16,0,5 16 8,1,51,,689411,16,0,34 16 250 8,1,9,,472632,16,0,5 16 8,1,11,,689357,16,0,34 16 250 8,1,9,,689353,16,0,5 16 8,1,11,,689386,16,0,34 16 250 8,1,9,,689422,16,0,5 16 8,1,51,,689406,16,0,34 16 250 8,1,9,,689413,16,0,5 16 8,1,11,,689419,16,0,34 16 250 8,1,9,,689384,16,0,5 16 8,1,11,,689371,16,0,34 16 250 8,1,9,,689425,16,0,5 16 8,1,51,,584567,16,0,34 16 250 8,1,9,,689410,16,0,5 16 8,1,11,,689392,16,0,34 16 250 8,1,9,,689356,16,0,5 16 8,1,11,,689366,16,0,34 16 250 8,1,9,,689395,16,0,5 16 8,1,51,,689393,16,0,34 16 250 8,1,9,,572350,16,0,5 16 8,1,11,,689355,16,0,34 16 250 8,1,9,,689397,16,0,5 16 8,1,5,,689426,16,0,5 16 8,1,13,,689372,16,0,5 16 8,1,53,,689414,16,0,5 16 8,1,13,,689359,16,0,5 16 8,1,13,,689360,16,0,5 16 8,1,13,,689391,16,0,5 16 8,1,53,,689373,16,0,5 16 8,1,13,,689378,16,0,5 16 8,1,13,,689361,16,0,5 16 8,1,13,,689377,16,0,5 16 8,1,13,,567714,16,0,5 16 8,1,53,,689376,16,0,5 16 8,1,13,,689375,16,0,5 16 8,1,9,,570901,16,0,5 16 8,1
93902,'5',759,,689490,16,0,5 16 8,1,51,,689478,16,0,34 16 250 8,1,10,,514768,16,0,5 16 8,1,11,,518541,16,0,34 16 250 8,1,9,,689440,16,0,5 16 8,1,11,,689460,16,0,34 16 250 8,1,49,,567353,16,0,5 16 8,1,11,,519717,16,0,34 16 250 8,1,9,,689454,16,0,5 16 8,1,11,,689451,16,0,34 16 250 8,1,9,,689476,16,0,5 16 8,1,11,,689449,16,0,34 16 250 8,1,49,,689458,16,0,5 16 8,1,11,,534429,16,0,34 16 250 8,1,9,,689447,16,0,5 16 8,1,11,,513644,16,0,34 16 250 8,1,9,,587330,16,0,5 16 8,1,11,,689442,16,0,34 16 250 8,1,49,,689429,16,0,5 16 8,1,11,,689482,16,0,34 16 250 8,1,9,,689467,16,0,5 16 8,1,11,,585688,16,0,34 16 250 8,1,8,,689438,16,0,5 16 8,1,11,,689430,16,0,34 16 250 8,1,7,,689435,16,0,5 16 8,1,51,,689448,16,0,34 16 250 8,1,9,,689481,16,0,5 16 8,1,11,,689483,16,0,34 16 250 8,1,9,,689433,16,0,5 16 8,1,11,,689486,16,0,34 16 250 8,1,9,,689457,16,0,5 16 8,1,51,,689428,16,0,34 16 250 8,1,9,,689470,16,0,5 16 8,1,11,,689446,16,0,34 16 250 8,1,9,,689473,16,0,5 16 8,1,11,,689456,16,0,34 16 250 8,1,9,,689427,16,0,5 16 8,1,51,,689434,16,0,34 16 250 8,1,9,,689453,16,0,5 16 8,1,11,,593620,16,0,34 16 250 8,1,9,,573814,16,0,5 16 8,1,11,,689462,16,0,34 16 250 8,1,9,,566400,16,0,5 16 8,1,51,,689474,16,0,34 16 250 8,1,9,,565158,16,0,5 16 8,1,11,,689475,16,0,34 16 250 8,1,9,,689492,16,0,5 16 8,1,11,,689485,16,0,34 16 250 8,1,9,,689452,16,0,5 16 8,1,51,,689463,16,0,34 16 250 8,1,9,,522637,16,0,5 16 8,1,11,,689465,16,0,34 16 250 8,1,9,,689493,16,0,5 16 8,1,11,,689464,16,0,34 16 250 8,1,9,,689455,16,0,5 16 8,1,51,,689445,16,0,34 16 250 8,1,9,,689450,16,0,5 16 8,1,11,,689489,16,0,34 16 250 8,1,9,,689466,16,0,5 16 8,1,11,,594723,16,0,34 16 250 8,1,9,,689459,16,0,5 16 8,1,51,,689471,16,0,34 16 250 8,1,9,,689491,16,0,5 16 8,1,11,,689432,16,0,34 16 250 8,1,9,,689479,16,0,5 16 8,1,11,,689488,16,0,34 16 250 8,1,9,,689444,16,0,5 16 8,1,51,,689439,16,0,34 16 250 8,1,9,,689461,16,0,5 16 8,1,11,,689437,16,0,34 16 250 8,1,9,,689469,16,0,5 16 8,1,5,,689431,16,0,5 16 8,1,13,,578829,16,0,5 16 8,1,53,,537892,16,0,5 16 8,1,13,,689480,16,0,5 16 8,1,13,,689443,16,0,5 16 8,1,13,,585680,16,0,5 16 8,1,53,,689441,16,0,5 16 8,1,13,,551108,16,0,5 16 8,1,13,,689472,16,0,5 16 8,1,13,,689487,16,0,5 16 8,1,13,,689484,16,0,5 16 8,1,53,,689468,16,0,5 16 8,1,13,,689477,16,0,5 16 8,1,8,,689436,16,0,5 16 8,1
