13403,'1',1106,,849401,31,0,31 16,1,14,,849359,31,0,31 16,1,15,,849354,31,0,31 16,1,15,,849385,31,0,31 16,1,55,,704245,31,0,31 16,1,15,,777344,31,0,31 16,1
13403,'2',531,,849415,9,0,31 16,1,28,,849432,9,0,31 16,1,62,,849424,31,0,31 16,1,18,,849435,31,0,31 16,1,20,,849417,31,0,31 16,1,60,,577201,31,0,31 16,1,20,,849403,31,0,31 16,1,20,,849428,31,0,31 16,1,60,,849444,31,0,31 16,1,20,,849427,31,0,31 16,1,20,,849455,31,0,31 16,1,60,,849439,31,0,31 16,1,20,,849453,31,0,31 16,1,20,,849414,31,0,31 16,1,60,,665917,31,0,31 16,1,20,,849419,31,0,31 16,1,20,,849411,31,0,31 16,1,60,,849404,31,0,31 16,1,20,,849447,31,0,31 16,1
13403,'3',823,,849483,31,0,31 16,1,21,,849457,31,0,31 16,1,58,,849490,31,0,31 16,1,18,,849461,31,0,31 16,1,18,,849493,31,0,31 16,1,18,,849464,31,0,31 16,1,58,,849474,31,0,31 16,1,18,,849497,31,0,31 16,1,18,,849498,31,0,31 16,1,58,,849467,31,0,31 16,1,18,,849460,31,0,31 16,1,18,,849475,31,0,31 16,1
13403,'5',823,,849526,31,0,31 16,1,21,,536888,31,0,31 16,1,58,,849509,31,0,31 16,1,18,,849525,31,0,31 16,1,18,,849501,31,0,31 16,1,18,,849515,31,0,31 16,1,58,,849533,31,0,31 16,1,18,,849511,31,0,31 16,1,18,,849529,31,0,31 16,1,58,,849532,31,0,31 16,1,18,,714595,31,0,31 16,1,18,,849503,31,0,31 16,1
33402,'1',330,,858456,4,0,17 154 8,1,70,,858469,4,0,17 154 8,1,30,,858460,4,0,17 154 8,1,2170,,858459,4,0,34 236 261,1,30,,858463,4,0,34 236 261,1,70,,858478,4,0,34 236 261,1,18,,858474,4,0,17 16,1,30,,858457,4,0,17 16,1,70,,858468,4,0,17 16,1,30,,858467,4,0,17 16,1,70,,858472,4,0,17 16,1,30,,858455,4,0,17 16,1
33402,'2',330,,734644,4,0,34 236 261,1,70,,858498,4,0,17 154 8,1,30,,743106,4,0,17 154 8,1,2170,,858486,4,0,34 236 261,1,30,,742582,4,0,34 236 261,1,70,,652384,4,0,34 236 261,1,18,,710954,4,0,17 16,1,30,,858491,4,0,17 16,1,70,,669049,4,0,17 16,1,30,,858485,4,0,17 16,1,70,,732563,4,0,17 16,1,30,,858494,4,0,17 16,1
33402,'3',330,,858509,4,0,34 236 261,1,70,,741654,4,0,34 236 261,1,30,,858512,4,0,34 52 53 8,1,27,,858503,4,0,34 52 53 8,1,60,,858521,4,0,34 52 53 8,1,20,,706910,4,0,34 52 53 8,1,20,,858510,4,0,34 52 53 8,1,60,,858502,4,0,34 52 53 8,1,17,,704680,4,0,17 154 8,1,14,,858504,4,0,17 16,1,64,,725927,4,0,17 16,1,23,,858527,4,0,17 16,1,20,,722537,4,0,17 16,1,1845,,858522,4,0,34 236 261,1,30,,858518,4,0,34 236 261,1,70,,858516,4,0,34 236 261,1,18,,858506,4,0,17 16,1,30,,858515,4,0,17 16,1,70,,858525,4,0,17 16,1,30,,858513,4,0,17 16,1,70,,692059,4,0,17 16,1,30,,858514,4,0,17 16,1
33402,'5',330,,700269,4,0,34 236 261,1,70,,858541,4,0,17 154 8,1,30,,858542,4,0,17 154 8,1,2170,,858531,4,0,34 236 261,1,30,,759310,4,0,34 236 261,1,70,,858548,4,0,34 236 261,1,18,,858530,4,0,17 16,1,30,,858538,4,0,17 16,1,70,,858550,4,0,17 16,1,30,,858539,4,0,17 16,1,70,,858544,4,0,17 16,1,30,,858549,4,0,17 16,1
35302,'1',349,,859305,4,0,11 12 86 87,1,70,,859310,4,0,11 12 86 87,1,30,,859312,4,0,11 12 86 87,1,110,,859313,4,0,11 12 86 87,1,70,,859314,4,0,11 12 86 87,1,30,,778429,4,0,11 12 86 87,1,1897,,859306,4,0,11 12 86 87,1,70,,859308,4,0,11 12 86 87,1,30,,859301,4,0,11 12 86 87,1,70,,859309,4,0,11 12 86 87,1,30,,618324,4,0,11 12 86 87,1,66,,859304,4,0,11 12 86 87,1,30,,859311,4,0,17 11 12 19 6,1,73,,859302,4,0,11 12 86 87,1,23,,859300,4,0,11 12 86 87,1,65,,859303,4,0,11 12 86 87,1
35302,'2',522,,720963,4,0,11 12 86 87,1,290,,859320,4,0,11 12 86 87,1,1744,,859316,4,0,11 12 86 87,1,70,,859318,4,0,11 12 86 87,1,30,,859319,4,0,11 12 86 87,1,70,,775380,4,0,11 12 86 87,1,30,,859315,4,0,11 12 86 87,1,70,,859317,4,0,11 12 86 87,1,33,,635968,4,0,11 12 86 87,1,65,,859322,4,0,11 12 86 87,1,25,,859321,4,0,11 12 86 87,1,65,,859323,4,0,11 12 86 87,1
35302,'3',419,,859332,4,0,11 12 86 87,1,30,,859327,4,0,11 12 86 87,1,70,,859324,4,0,11 12 86 87,1,30,,859335,4,0,11 12 86 87,1,70,,859329,4,0,11 12 86 87,1,20,,859326,4,0,11 12 86 87,1,76,,758953,4,0,11 12 86 87,1,30,,859341,4,0,11 12 86 87,1,64,,859333,4,0,11 12 86 87,1,1747,,859338,4,0,11 12 86 87,1,70,,859337,4,0,11 12 86 87,1,30,,859336,4,0,11 12 86 87,1,70,,859334,4,0,11 12 86 87,1,30,,859331,4,0,11 12 86 87,1,70,,859330,4,0,11 12 86 87,1,33,,859328,4,0,11 12 86 87,1,65,,859325,4,0,11 12 86 87,1,25,,859340,4,0,11 12 86 87,1,70,,859339,4,0,11 12 86 87,1
35302,'5',522,,859347,4,0,11 12 86 87,1,290,,859348,4,0,11 12 86 87,1,1744,,769056,4,0,11 12 86 87,1,70,,859350,4,0,11 12 86 87,1,30,,859342,4,0,11 12 86 87,1,70,,859351,4,0,11 12 86 87,1,30,,859344,4,0,11 12 86 87,1,70,,762558,4,0,11 12 86 87,1,33,,859346,4,0,11 12 86 87,1,65,,859343,4,0,11 12 86 87,1,25,,859345,4,0,11 12 86 87,1,65,,859349,4,0,11 12 86 87,1
