5302,'1',509,,595784,50,0,16 15,1,13,,632289,50,0,16 15,1,13,,632317,50,0,16 15,1,8,,632282,50,0,16 15,1,8,,632346,50,0,16 15,1,8,,591208,50,0,16 15,1,48,,580451,50,0,16 15,1,8,,632349,50,0,16 15,1,8,,632381,50,0,16 15,1,8,,583781,50,0,16 15,1,8,,632306,50,0,16 15,1,8,,450646,50,0,16 15,1,8,,588406,50,0,16 15,1,48,,632367,50,0,16 15,1,8,,632363,50,0,16 15,1,8,,632308,50,0,16 15,1,8,,518218,50,0,16 15,1,8,,575651,50,0,16 15,1,8,,632269,50,0,16 15,1,8,,632283,50,0,16 15,1,8,,632327,50,0,16 15,1,48,,430213,50,0,16 15,1,8,,632330,50,0,16 15,1,8,,538258,50,0,16 15,1,8,,632355,50,0,16 15,1,8,,558495,50,0,16 15,1,8,,632291,50,0,16 15,1,8,,632292,50,0,16 15,1,48,,632331,50,0,16 15,1,8,,632276,50,0,16 15,1,8,,560232,50,0,16 15,1,8,,632343,50,0,16 15,1,8,,632350,50,0,16 15,1,8,,632310,50,0,16 15,1,8,,632316,50,0,16 15,1,8,,494751,60,0,16 15,1,46,,516882,50,0,16 15,1,5,,554699,50,0,16 15,1,7,,632326,60,0,16 15,1,7,,632288,50,0,16 15,1,7,,632286,50,0,16 15,1,7,,632323,60,0,16 15,1,7,,632279,50,0,16 15,1,7,,632287,50,0,16 15,1,7,,632360,60,0,16 15,1,47,,632305,50,0,16 15,1,7,,580621,50,0,16 15,1,7,,632386,60,0,16 15,1,7,,632339,50,0,16 15,1,7,,632270,50,0,16 15,1,7,,632271,60,0,16 15,1,7,,632273,50,0,16 15,1,7,,577718,50,0,16 15,1,47,,632352,60,0,16 15,1,7,,632375,50,0,16 15,1,7,,632313,50,0,16 15,1,7,,632376,60,0,16 15,1,7,,632324,50,0,16 15,1,7,,533951,50,0,16 15,1,7,,632356,60,0,16 15,1,7,,632320,50,0,16 15,1,7,,632281,50,0,16 15,1,47,,632384,60,0,16 15,1,7,,632345,50,0,16 15,1,7,,632290,50,0,16 15,1,7,,632342,60,0,16 15,1,7,,602560,50,0,16 15,1,7,,573874,50,0,16 15,1,7,,387278,60,0,16 15,1,7,,632309,50,0,16 15,1,47,,632294,50,0,16 15,1,7,,632369,60,0,16 15,1,7,,531344,50,0,16 15,1,7,,632377,50,0,16 15,1,7,,632314,60,0,16 15,1,7,,632304,50,0,16 15,1,7,,589414,50,0,16 15,1,7,,632272,60,0,16 15,1,7,,632307,50,0,16 15,1,47,,632383,50,0,16 15,1,7,,632274,60,0,16 15,1,8,,632293,50,0,16 15,1,8,,632277,50,0,16 15,1,8,,632353,60,0,16 15,1,8,,632284,50,0,16 15,1,8,,632348,50,0,16 15,1,8,,632347,50,0,16 15,1,48,,632366,50,0,16 15,1,8,,403643,50,0,16 15,1,8,,632311,50,0,16 15,1,8,,632333,50,0,16 15,1,8,,632318,50,0,16 15,1,8,,517206,50,0,16 15,1,8,,457119,50,0,16 15,1,48,,509302,50,0,16 15,1,8,,632329,50,0,16 15,1,8,,632321,50,0,16 15,1,8,,632351,50,0,16 15,1,8,,632380,50,0,16 15,1,8,,632354,50,0,16 15,1,8,,632362,50,0,16 15,1,8,,632336,50,0,16 15,1,48,,554899,50,0,16 15,1,8,,593152,50,0,16 15,1,8,,632371,50,0,16 15,1,8,,632382,50,0,16 15,1,8,,632334,50,0,16 15,1,8,,632328,50,0,16 15,1,8,,632301,50,0,16 15,1,47,,591496,50,0,16 15,1,7,,632361,50,0,16 15,1,7,,632319,50,0,16 15,1,7,,632295,60,0,16 15,1,7,,632368,50,0,16 15,1,7,,632337,50,0,16 15,1,7,,632296,60,0,16 15,1,7,,573897,50,0,16 15,1,7,,632359,50,0,16 15,1,47,,632357,60,0,16 15,1,7,,632280,50,0,16 15,1,7,,632385,50,0,16 15,1,7,,593337,60,0,16 15,1,7,,632322,50,0,16 15,1,7,,426079,50,0,16 15,1,7,,632338,60,0,16 15,1,7,,632300,50,0,16 15,1,47,,632340,50,0,16 15,1,7,,632278,60,0,16 15,1,7,,632335,50,0,16 15,1,7,,578064,50,0,16 15,1,7,,632378,60,0,16 15,1,7,,632297,50,0,16 15,1,7,,632379,50,0,16 15,1,7,,632315,60,0,16 15,1,7,,573666,50,0,16 15,1,47,,592981,50,0,16 15,1,7,,632373,60,0,16 15,1,7,,632370,50,0,16 15,1,7,,632372,50,0,16 15,1,7,,632303,60,0,16 15,1,2,,583926,50,0,16 15,1,6,,632332,60,0,16 15,1,6,,554868,50,0,16 15,1,12,,632302,60,0,16 15,1,52,,632358,50,0,16 15,1,12,,550792,60,0,16 15,1,12,,576570,50,0,16 15,1,12,,553523,60,0,16 15,1,12,,632341,50,0,16 15,1,52,,632374,60,0,16 15,1,12,,471748,50,0,16 15,1,12,,632325,60,0,16 15,1,12,,632364,50,0,16 15,1,12,,571258,60,0,16 15,1,52,,632298,50,0,16 15,1,12,,572000,60,0,16 15,1,12,,632275,50,0,16 15,1,12,,632365,60,0,16 15,1,12,,587177,50,0,16 15,1,49,,632285,60,0,16 15,1,12,,632312,50,0,16 15,1,12,,632299,60,0,16 15,1,12,,632344,50,0,16 15,1
5302,'2',646,,632430,50,0,16 15,1,10,,632422,60,0,16 15,1,50,,632432,50,0,16 15,1,10,,632466,60,0,16 15,1,10,,632396,50,0,16 15,1,10,,460878,60,0,16 15,1,10,,632423,50,0,16 15,1,10,,632440,60,0,16 15,1,50,,588788,50,0,16 15,1,10,,632458,60,0,16 15,1,10,,603784,50,0,16 15,1,10,,587424,60,0,16 15,1,10,,632395,50,0,16 15,1,10,,632456,60,0,16 15,1,50,,632473,50,0,16 15,1,9,,567003,60,0,16 15,1,11,,632413,50,0,16 15,1,10,,632398,60,0,16 15,1,10,,477806,50,0,16 15,1,10,,580162,60,0,16 15,1,50,,632455,50,0,16 15,1,10,,632453,60,0,16 15,1,10,,632444,50,0,16 15,1,10,,632433,60,0,16 15,1,10,,632452,50,0,16 15,1,10,,632446,60,0,16 15,1,50,,632426,50,0,16 15,1,10,,553669,60,0,16 15,1,10,,632434,50,0,16 15,1,10,,542383,60,0,16 15,1,10,,632428,50,0,16 15,1,10,,632439,60,0,16 15,1,50,,490446,50,0,16 15,1,6,,541183,50,0,16 15,1,8,,632484,60,0,16 15,1,8,,632431,50,0,16 15,1,8,,632412,50,0,16 15,1,8,,563453,60,0,16 15,1,8,,632436,50,0,16 15,1,48,,632397,50,0,16 15,1,8,,632427,60,0,16 15,1,8,,632457,50,0,16 15,1,8,,632405,50,0,16 15,1,8,,632414,60,0,16 15,1,8,,632411,50,0,16 15,1,8,,514175,50,0,16 15,1,8,,632472,60,0,16 15,1,48,,632403,50,0,16 15,1,8,,632482,50,0,16 15,1,8,,543281,60,0,16 15,1,8,,632469,50,0,16 15,1,8,,632394,50,0,16 15,1,8,,632401,60,0,16 15,1,8,,632438,50,0,16 15,1,48,,632417,50,0,16 15,1,8,,632462,60,0,16 15,1,8,,582417,50,0,16 15,1,8,,632392,50,0,16 15,1,8,,554942,60,0,16 15,1,8,,632471,50,0,16 15,1,8,,632389,50,0,16 15,1,8,,632418,60,0,16 15,1,48,,632415,50,0,16 15,1,8,,466900,50,0,16 15,1,8,,632481,60,0,16 15,1,8,,632474,50,0,16 15,1,8,,632425,50,0,16 15,1,8,,632465,60,0,16 15,1,8,,632463,50,0,16 15,1,48,,555446,50,0,16 15,1,8,,632409,60,0,16 15,1,8,,632391,50,0,16 15,1,8,,632479,50,0,16 15,1,8,,632476,60,0,16 15,1,8,,632445,50,0,16 15,1,8,,632483,50,0,16 15,1,8,,632387,60,0,16 15,1,48,,480295,50,0,16 15,1,8,,632454,50,0,16 15,1,8,,632420,60,0,16 15,1,8,,632468,50,0,16 15,1,8,,632416,50,0,16 15,1,8,,512804,60,0,16 15,1,8,,632402,50,0,16 15,1,48,,632390,60,0,16 15,1,8,,632467,50,0,16 15,1,24,,632447,60,0,16 15,1,10,,524486,50,0,16 15,1,10,,632442,60,0,16 15,1,50,,494513,50,0,16 15,1,10,,632435,60,0,16 15,1,11,,632429,50,0,16 15,1,9,,632460,60,0,16 15,1,10,,547038,50,0,16 15,1,10,,535594,60,0,16 15,1,50,,632421,50,0,16 15,1,10,,632408,60,0,16 15,1,10,,573735,50,0,16 15,1,10,,632480,60,0,16 15,1,10,,632451,60,0,16 15,1,10,,632459,50,0,16 15,1,50,,584737,60,0,16 15,1,10,,632461,50,0,16 15,1,10,,632419,60,0,16 15,1,10,,632477,50,0,16 15,1,10,,632475,60,0,16 15,1,10,,526330,50,0,16 15,1,50,,632388,60,0,16 15,1,10,,536492,50,0,16 15,1,10,,559464,60,0,16 15,1,10,,632450,50,0,16 15,1,10,,563520,60,0,16 15,1,10,,632437,50,0,16 15,1,50,,632399,60,0,16 15,1,10,,632443,50,0,16 15,1,10,,632393,60,0,16 15,1,10,,632406,50,0,16 15,1,10,,632441,60,0,16 15,1,10,,632449,50,0,16 15,1,50,,632478,60,0,16 15,1,10,,632424,50,0,16 15,1,10,,632410,60,0,16 15,1,10,,583349,50,0,16 15,1,10,,632470,60,0,16 15,1,10,,632464,50,0,16 15,1,50,,632404,60,0,16 15,1,10,,632407,50,0,16 15,1,11,,632448,60,0,16 15,1,17,,632400,50,0,16 15,1
5302,'3',721,,632500,60,0,16 15,1,9,,632564,50,0,16 15,1,10,,561552,50,0,16 15,1,10,,632502,60,0,16 15,1,50,,632510,50,0,16 15,1,10,,483209,50,0,16 15,1,10,,632534,60,0,16 15,1,10,,537666,50,0,16 15,1,10,,554586,50,0,16 15,1,10,,632496,60,0,16 15,1,50,,632544,50,0,16 15,1,10,,517912,50,0,16 15,1,10,,632512,60,0,16 15,1,10,,590457,50,0,16 15,1,10,,632523,50,0,16 15,1,10,,632490,60,0,16 15,1,50,,632498,50,0,16 15,1,10,,632539,50,0,16 15,1,10,,632487,60,0,16 15,1,10,,632535,50,0,16 15,1,10,,632508,50,0,16 15,1,10,,632568,60,0,16 15,1,50,,632537,50,0,16 15,1,10,,632555,50,0,16 15,1,10,,632529,60,0,16 15,1,10,,632574,50,0,16 15,1,10,,632552,50,0,16 15,1,10,,530863,60,0,16 15,1,50,,632519,50,0,16 15,1,10,,632505,50,0,16 15,1,10,,632504,60,0,16 15,1,10,,632486,50,0,16 15,1,14,,632540,50,0,16 15,1,11,,632509,60,0,16 15,1,50,,632559,50,0,16 15,1,10,,592102,50,0,16 15,1,10,,632511,60,0,16 15,1,10,,632536,50,0,16 15,1,10,,632551,50,0,16 15,1,10,,632528,60,0,16 15,1,50,,581218,50,0,16 15,1,10,,632554,50,0,16 15,1,10,,632548,60,0,16 15,1,10,,632550,50,0,16 15,1,10,,632518,50,0,16 15,1,10,,508945,60,0,16 15,1,50,,632527,50,0,16 15,1,10,,565576,50,0,16 15,1,10,,632516,60,0,16 15,1,10,,494888,50,0,16 15,1,10,,588087,50,0,16 15,1,10,,437718,60,0,16 15,1,50,,632572,50,0,16 15,1,10,,632562,50,0,16 15,1,10,,594141,60,0,16 15,1,10,,632492,50,0,16 15,1,10,,632546,50,0,16 15,1,10,,632558,60,0,16 15,1,50,,632571,50,0,16 15,1,10,,584805,50,0,16 15,1,10,,632547,60,0,16 15,1,10,,632493,50,0,16 15,1,10,,632524,50,0,16 15,1,10,,632561,60,0,16 15,1,50,,632530,50,0,16 15,1,10,,632557,50,0,16 15,1,10,,539450,60,0,16 15,1,10,,412319,50,0,16 15,1,10,,632563,50,0,16 15,1,10,,632542,60,0,16 15,1,50,,632522,50,0,16 15,1,10,,632520,50,0,16 15,1,7,,632515,60,0,16 15,1,10,,632545,50,0,16 15,1,7,,632553,50,0,16 15,1,10,,632497,60,0,16 15,1,10,,632517,50,0,16 15,1,50,,558385,50,0,16 15,1,10,,632543,60,0,16 15,1,10,,632538,50,0,16 15,1,10,,632521,50,0,16 15,1,10,,468554,60,0,16 15,1,10,,632513,50,0,16 15,1,50,,632556,60,0,16 15,1,10,,632491,50,0,16 15,1,10,,632549,60,0,16 15,1,10,,632507,50,0,16 15,1,10,,590445,60,0,16 15,1,10,,632495,50,0,16 15,1,50,,632541,60,0,16 15,1,10,,587723,50,0,16 15,1,4,,632494,60,0,16 15,1,10,,632488,50,0,16 15,1,10,,632514,60,0,16 15,1,10,,632566,50,0,16 15,1,50,,577567,60,0,16 15,1,10,,632567,50,0,16 15,1,10,,632485,60,0,16 15,1,10,,632570,50,0,16 15,1,10,,632573,60,0,16 15,1,10,,632560,50,0,16 15,1,50,,582586,60,0,16 15,1,10,,632533,50,0,16 15,1,10,,632506,60,0,16 15,1,10,,632501,50,0,16 15,1,10,,582439,60,0,16 15,1,10,,632525,50,0,16 15,1,50,,632499,60,0,16 15,1,10,,632565,50,0,16 15,1,10,,537784,60,0,16 15,1,10,,632489,50,0,16 15,1,10,,632569,60,0,16 15,1,10,,632575,50,0,16 15,1,50,,632531,60,0,16 15,1,10,,632503,50,0,16 15,1,10,,632576,60,0,16 15,1,13,,632532,50,0,16 15,1,11,,632526,60,0,16 15,1
5302,'5',700,,632640,50,0,16 15,1,10,,632650,60,0,16 15,1,10,,632641,60,0,16 15,1,10,,632654,50,0,16 15,1,10,,632670,50,0,16 15,1,10,,632637,60,0,16 15,1,50,,632580,50,0,16 15,1,10,,632669,50,0,16 15,1,10,,632620,60,0,16 15,1,10,,632645,50,0,16 15,1,10,,632647,50,0,16 15,1,10,,632598,60,0,16 15,1,50,,632577,50,0,16 15,1,10,,632607,50,0,16 15,1,10,,632656,60,0,16 15,1,10,,632626,50,0,16 15,1,10,,632601,50,0,16 15,1,10,,516056,60,0,16 15,1,50,,632633,50,0,16 15,1,10,,632616,50,0,16 15,1,10,,632648,60,0,16 15,1,10,,632666,50,0,16 15,1,10,,632589,50,0,16 15,1,10,,532790,60,0,16 15,1,50,,632651,50,0,16 15,1,10,,597862,50,0,16 15,1,10,,632619,60,0,16 15,1,10,,632596,50,0,16 15,1,10,,632671,50,0,16 15,1,10,,632638,60,0,16 15,1,50,,576882,50,0,16 15,1,10,,632584,50,0,16 15,1,10,,632662,60,0,16 15,1,10,,632622,50,0,16 15,1,14,,632642,50,0,16 15,1,11,,589807,60,0,16 15,1,50,,632588,50,0,16 15,1,10,,632634,50,0,16 15,1,10,,632613,60,0,16 15,1,10,,632615,50,0,16 15,1,10,,632659,50,0,16 15,1,10,,632602,60,0,16 15,1,50,,632586,50,0,16 15,1,10,,632653,50,0,16 15,1,10,,632585,60,0,16 15,1,10,,579580,50,0,16 15,1,10,,632591,50,0,16 15,1,10,,527123,60,0,16 15,1,50,,559134,50,0,16 15,1,10,,632639,50,0,16 15,1,10,,632592,60,0,16 15,1,10,,632617,50,0,16 15,1,10,,632611,50,0,16 15,1,10,,632627,60,0,16 15,1,50,,632644,50,0,16 15,1,10,,567280,50,0,16 15,1,10,,632632,60,0,16 15,1,10,,526466,50,0,16 15,1,10,,632629,50,0,16 15,1,10,,632667,60,0,16 15,1,50,,632652,50,0,16 15,1,10,,632646,50,0,16 15,1,10,,632621,60,0,16 15,1,10,,632614,50,0,16 15,1,10,,560091,50,0,16 15,1,10,,632581,60,0,16 15,1,50,,632605,50,0,16 15,1,10,,585891,50,0,16 15,1,10,,632608,60,0,16 15,1,10,,632594,50,0,16 15,1,10,,632636,50,0,16 15,1,10,,576095,60,0,16 15,1,50,,632661,50,0,16 15,1,10,,632593,50,0,16 15,1,7,,632631,60,0,16 15,1,10,,632673,50,0,16 15,1,7,,632643,50,0,16 15,1,10,,632657,60,0,16 15,1,10,,632606,50,0,16 15,1,50,,632599,50,0,16 15,1,10,,632590,60,0,16 15,1,10,,560578,50,0,16 15,1,10,,632595,50,0,16 15,1,10,,632582,60,0,16 15,1,10,,632655,50,0,16 15,1,50,,632625,60,0,16 15,1,10,,514011,50,0,16 15,1,10,,558648,60,0,16 15,1,10,,595462,50,0,16 15,1,10,,533428,60,0,16 15,1,10,,632604,50,0,16 15,1,50,,632578,60,0,16 15,1,10,,632672,50,0,16 15,1,4,,632658,60,0,16 15,1,10,,632612,50,0,16 15,1,10,,632635,60,0,16 15,1,10,,632597,50,0,16 15,1,50,,632624,60,0,16 15,1,10,,632665,50,0,16 15,1,10,,548790,60,0,16 15,1,10,,632579,50,0,16 15,1,10,,632663,60,0,16 15,1,10,,602138,50,0,16 15,1,50,,632660,60,0,16 15,1,10,,577346,50,0,16 15,1,10,,632600,60,0,16 15,1,10,,632603,50,0,16 15,1,10,,632649,60,0,16 15,1,10,,632618,50,0,16 15,1,50,,632583,60,0,16 15,1,10,,632587,50,0,16 15,1,10,,632664,60,0,16 15,1,10,,632610,50,0,16 15,1,10,,563639,60,0,16 15,1,10,,632628,50,0,16 15,1,50,,632623,60,0,16 15,1,10,,632609,50,0,16 15,1,10,,574910,60,0,16 15,1,13,,632668,50,0,16 15,1,11,,632630,60,0,16 15,1
6001,'1',535,,634621,51,4,,1,7,,523121,20,0,16 15,1,7,,516128,51,4,,1,5,,634587,20,0,16 15,1,47,,634643,28,0,16 15,1,10,,634620,28,0,16 15,1,9,,634633,28,0,16 15,1,9,,634552,28,0,16 15,1,7,,565347,28,0,16 15,1,7,,634600,28,0,16 15,1,7,,634646,28,0,16 15,1,51,,634584,28,0,16 15,1,7,,634557,28,0,16 15,1,9,,567437,28,0,16 15,1,10,,634589,28,0,16 15,1,10,,634594,28,0,16 15,1,10,,634572,28,0,16 15,1,10,,634586,28,0,16 15,1,50,,634622,28,0,16 15,1,10,,634590,28,0,16 15,1,10,,634593,28,0,16 15,1,10,,599279,28,0,16 15,1,10,,634635,28,0,16 15,1,10,,634585,28,0,16 15,1,50,,634625,28,0,16 15,1,10,,634639,28,0,16 15,1,10,,634567,28,0,16 15,1,10,,634640,28,0,16 15,1,10,,634636,28,0,16 15,1,10,,634579,28,0,16 15,1,50,,634561,28,0,16 15,1,10,,634571,28,0,16 15,1,10,,634630,28,0,16 15,1,10,,634644,28,0,16 15,1,10,,634580,28,0,16 15,1,10,,516568,28,0,16 15,1,50,,554375,28,0,16 15,1,10,,634574,28,0,16 15,1,10,,634623,28,0,16 15,1,10,,634595,28,0,16 15,1,10,,634592,28,0,16 15,1,10,,483532,28,0,16 15,1,50,,634573,28,0,16 15,1,10,,634611,28,0,16 15,1,10,,634638,28,0,16 15,1,10,,562117,28,0,16 15,1,10,,517663,28,0,16 15,1,10,,634575,28,0,16 15,1,50,,634577,28,0,16 15,1,10,,582499,28,0,16 15,1,10,,597385,28,0,16 15,1,10,,634634,28,0,16 15,1,10,,484608,28,0,16 15,1,10,,634588,28,0,16 15,1,50,,634645,28,0,16 15,1,10,,634565,28,0,16 15,1,10,,405068,28,0,16 15,1,13,,634610,28,0,16 15,1,10,,634606,28,0,16 15,1,50,,554424,28,0,16 15,1,10,,634624,28,0,16 15,1,10,,461741,28,0,16 15,1,10,,634578,28,0,16 15,1,13,,577727,28,0,16 15,1,10,,443523,28,0,16 15,1,50,,634609,28,0,16 15,1,10,,634581,28,0,16 15,1,10,,634608,28,0,16 15,1,10,,408568,28,0,16 15,1,10,,589436,28,0,16 15,1,10,,569508,28,0,16 15,1,50,,634560,28,0,16 15,1,10,,634628,28,0,16 15,1,10,,634583,28,0,16 15,1,10,,634582,28,0,16 15,1,10,,431814,28,0,16 15,1,10,,634556,28,0,16 15,1,50,,634596,28,0,16 15,1,10,,634598,28,0,16 15,1,10,,634550,28,0,16 15,1,10,,634605,28,0,16 15,1,10,,634599,28,0,16 15,1,10,,634618,28,0,16 15,1,50,,634601,28,0,16 15,1,11,,634602,28,0,16 15,1,7,,634603,28,0,16 15,1,10,,634554,28,0,16 15,1,9,,634615,28,0,16 15,1,10,,524302,28,0,16 15,1,50,,634569,28,0,16 15,1,10,,634637,28,0,16 15,1,10,,634576,28,0,16 15,1,10,,634555,28,0,16 15,1,10,,634632,28,0,16 15,1,10,,634629,28,0,16 15,1,50,,634553,28,0,16 15,1,10,,589928,28,0,16 15,1,10,,578005,28,0,16 15,1,10,,634604,28,0,16 15,1,10,,634641,28,0,16 15,1,10,,634591,28,0,16 15,1,50,,634551,28,0,16 15,1,10,,634559,28,0,16 15,1,10,,634614,28,0,16 15,1,10,,634631,28,0,16 15,1,13,,634566,28,0,16 15,1,12,,634563,52,0,16 15,1,52,,634626,52,0,16 15,1,12,,634642,52,0,16 15,1,12,,634612,52,0,16 15,1,12,,533733,28,0,16 15,1,12,,634570,52,0,16 15,1,52,,634613,28,0,16 15,1,12,,535975,52,0,16 15,1,12,,634597,28,0,16 15,1,12,,634627,52,0,16 15,1,12,,634562,28,0,16 15,1,52,,634617,52,0,16 15,1,12,,513006,28,0,16 15,1,12,,634558,52,0,16 15,1,13,,634564,28,0,16 15,1,9,,634568,52,0,16 15,1,52,,634619,28,0,16 15,1,13,,634607,52,0,16 15,1,25,,634616,52,0,16 15,1
6001,'2',550,,634736,28,4,,1,54,,634652,28,0,16 15,1,9,,634740,56,0,16 15,1,16,,499193,28,0,16 15,1,4,,634656,56,0,16 15,1,9,,416354,28,0,16 15,1,10,,634651,28,0,16 15,1,50,,634650,56,0,16 15,1,10,,634719,28,0,16 15,1,10,,634721,56,0,16 15,1,10,,634683,28,0,16 15,1,10,,634703,56,0,16 15,1,10,,634739,28,0,16 15,1,50,,431326,56,0,16 15,1,10,,634688,28,0,16 15,1,10,,634697,56,0,16 15,1,14,,634727,28,0,16 15,1,6,,541128,56,0,16 15,1,15,,634691,28,0,16 15,1,51,,634731,28,0,16 15,1,10,,634662,28,0,16 15,1,10,,634653,28,0,16 15,1,10,,634655,28,0,16 15,1,10,,634686,28,0,16 15,1,10,,634733,28,0,16 15,1,50,,634677,28,0,16 15,1,10,,634702,28,0,16 15,1,10,,634737,28,0,16 15,1,10,,580160,28,0,16 15,1,10,,602287,28,0,16 15,1,10,,634722,28,0,16 15,1,50,,634684,28,0,16 15,1,10,,571624,28,0,16 15,1,14,,634708,28,0,16 15,1,11,,634743,28,0,16 15,1,11,,634689,28,0,16 15,1,50,,634730,28,0,16 15,1,10,,634710,28,0,16 15,1,10,,634738,28,0,16 15,1,10,,634717,28,0,16 15,1,10,,634714,28,0,16 15,1,10,,634674,28,0,16 15,1,50,,634681,28,0,16 15,1,10,,534184,28,0,16 15,1,10,,634666,28,0,16 15,1,10,,634679,28,0,16 15,1,10,,634660,28,0,16 15,1,10,,634667,28,0,16 15,1,50,,634709,28,0,16 15,1,10,,593790,28,0,16 15,1,10,,634712,28,0,16 15,1,10,,534703,28,0,16 15,1,10,,634735,28,0,16 15,1,10,,634694,28,0,16 15,1,50,,634680,28,0,16 15,1,10,,634706,28,0,16 15,1,10,,634744,28,0,16 15,1,10,,597525,28,0,16 15,1,10,,634665,28,0,16 15,1,10,,634699,28,0,16 15,1,50,,535581,28,0,16 15,1,10,,634715,28,0,16 15,1,10,,634675,28,0,16 15,1,10,,501574,28,0,16 15,1,10,,634704,28,0,16 15,1,10,,634664,28,0,16 15,1,50,,634716,28,0,16 15,1,10,,519444,28,0,16 15,1,10,,634713,28,0,16 15,1,10,,634720,28,0,16 15,1,10,,634671,28,0,16 15,1,10,,634647,28,0,16 15,1,50,,496699,28,0,16 15,1,10,,634663,28,0,16 15,1,10,,634745,28,0,16 15,1,10,,634732,28,0,16 15,1,10,,634654,28,0,16 15,1,10,,634692,28,0,16 15,1,50,,634718,28,0,16 15,1,10,,634661,28,0,16 15,1,10,,599910,28,0,16 15,1,10,,634687,28,0,16 15,1,8,,634723,28,0,16 15,1,10,,634742,28,0,16 15,1,50,,634649,28,0,16 15,1,10,,583658,28,0,16 15,1,10,,634701,52,0,16 15,1,10,,634724,28,0,16 15,1,10,,634668,52,0,16 15,1,10,,634698,28,0,16 15,1,50,,526360,52,0,16 15,1,10,,634657,28,0,16 15,1,10,,634700,52,0,16 15,1,10,,634670,28,0,16 15,1,10,,634725,52,0,16 15,1,10,,634707,28,0,16 15,1,50,,634696,52,0,16 15,1,10,,587941,28,0,16 15,1,10,,634658,52,0,16 15,1,7,,517686,28,0,16 15,1,13,,577491,52,0,16 15,1,7,,634728,28,0,16 15,1,10,,578101,28,0,16 15,1,50,,634741,52,0,16 15,1,10,,634693,28,0,16 15,1,10,,548119,52,0,16 15,1,10,,634678,28,0,16 15,1,10,,634676,52,0,16 15,1,10,,634726,28,0,16 15,1,50,,449268,52,0,16 15,1,10,,634659,28,0,16 15,1,10,,634673,52,0,16 15,1,10,,634669,28,0,16 15,1,10,,634690,52,0,16 15,1,10,,634672,28,0,16 15,1,50,,634734,52,0,16 15,1,10,,570061,28,0,16 15,1,10,,634729,52,0,16 15,1,10,,634685,28,0,16 15,1,9,,634682,52,0,16 15,1,10,,634648,28,0,16 15,1,51,,549003,52,0,16 15,1,10,,634705,28,0,16 15,1,10,,634711,52,0,16 15,1,20,,634695,52,0,16 15,1
6001,'3',728,,634761,28,4,,1,20,,634830,28,4,,1,61,,634822,28,4,,1,20,,634817,28,0,16 15,1,10,,634836,28,0,16 15,1,10,,634839,28,0,16 15,1,10,,600974,28,0,16 15,1,50,,634811,28,0,16 15,1,10,,634789,28,0,16 15,1,10,,634791,28,0,16 15,1,10,,634760,28,0,16 15,1,10,,634833,28,0,16 15,1,10,,465164,28,0,16 15,1,50,,634804,28,0,16 15,1,10,,634758,28,0,16 15,1,10,,634750,28,0,16 15,1,10,,634772,28,0,16 15,1,10,,634780,28,0,16 15,1,10,,634770,28,0,16 15,1,50,,634767,28,0,16 15,1,10,,634838,28,0,16 15,1,10,,634753,28,0,16 15,1,8,,634769,28,0,16 15,1,9,,634835,28,0,16 15,1,10,,634824,28,0,16 15,1,50,,634756,28,0,16 15,1,10,,634786,28,0,16 15,1,10,,634792,28,0,16 15,1,10,,634796,28,0,16 15,1,10,,506400,28,0,16 15,1,10,,634749,28,0,16 15,1,50,,634818,28,0,16 15,1,10,,634793,28,0,16 15,1,10,,634766,28,0,16 15,1,10,,568242,28,0,16 15,1,10,,634823,28,0,16 15,1,10,,634829,28,0,16 15,1,50,,544331,28,0,16 15,1,10,,634807,28,0,16 15,1,10,,526676,28,0,16 15,1,10,,634834,28,0,16 15,1,10,,634827,28,0,16 15,1,10,,634747,28,0,16 15,1,50,,634764,28,0,16 15,1,10,,634759,28,0,16 15,1,10,,593858,28,0,16 15,1,10,,634751,28,0,16 15,1,10,,634752,28,0,16 15,1,10,,634803,28,0,16 15,1,50,,634782,28,0,16 15,1,10,,634785,28,0,16 15,1,10,,634802,28,0,16 15,1,10,,634825,28,0,16 15,1,10,,634840,28,0,16 15,1,10,,634774,28,0,16 15,1,50,,634768,28,0,16 15,1,10,,634821,28,0,16 15,1,10,,634777,28,0,16 15,1,10,,634790,28,0,16 15,1,10,,563152,28,0,16 15,1,10,,634795,28,0,16 15,1,50,,537031,28,0,16 15,1,10,,634815,28,0,16 15,1,10,,519950,28,0,16 15,1,10,,634837,28,0,16 15,1,10,,634765,28,0,16 15,1,10,,634826,28,0,16 15,1,50,,634810,28,0,16 15,1,10,,634797,28,0,16 15,1,9,,547474,28,0,16 15,1,7,,634814,28,0,16 15,1,10,,634820,28,0,16 15,1,13,,634808,52,0,16 15,1,50,,634746,52,0,16 15,1,10,,634778,52,0,16 15,1,10,,634799,52,0,16 15,1,10,,634788,52,0,16 15,1,7,,634805,28,0,16 15,1,10,,634813,52,0,16 15,1,50,,634757,28,0,16 15,1,10,,634755,52,0,16 15,1,10,,634809,28,0,16 15,1,10,,634775,52,0,16 15,1,10,,634812,28,0,16 15,1,10,,634771,52,0,16 15,1,50,,634800,28,0,16 15,1,10,,634787,52,0,16 15,1,11,,634748,28,0,16 15,1,10,,634773,52,0,16 15,1,10,,634763,28,0,16 15,1,10,,585153,52,0,16 15,1,50,,634776,28,0,16 15,1,10,,634754,52,0,16 15,1,10,,634801,28,0,16 15,1,10,,634779,52,0,16 15,1,10,,634819,28,0,16 15,1,10,,634832,52,0,16 15,1,50,,510146,28,0,16 15,1,10,,634783,52,0,16 15,1,10,,523775,28,0,16 15,1,10,,634794,52,0,16 15,1,10,,634831,28,0,16 15,1,10,,634762,52,0,16 15,1,50,,634806,28,0,16 15,1,10,,571682,52,0,16 15,1,10,,634816,28,0,16 15,1,10,,634841,52,0,16 15,1,10,,634784,28,0,16 15,1,10,,560061,52,0,16 15,1,50,,526717,28,0,16 15,1,10,,634781,52,0,16 15,1,20,,634828,52,0,16 15,1,13,,634798,52,0,16 15,1
6001,'5',601,,634933,28,0,16 15,1,10,,634855,28,0,16 15,1,10,,634848,28,0,16 15,1,10,,634929,28,0,16 15,1,10,,634902,28,0,16 15,1,8,,634898,52,0,16 15,1,7,,595616,28,0,16 15,1,48,,634936,52,0,16 15,1,7,,634889,28,0,16 15,1,8,,601700,52,0,16 15,1,7,,634934,28,0,16 15,1,8,,634880,52,0,16 15,1,7,,634866,28,0,16 15,1,8,,634895,52,0,16 15,1,7,,634899,28,0,16 15,1,48,,634860,52,0,16 15,1,7,,514052,28,0,16 15,1,8,,634885,52,0,16 15,1,7,,634946,28,0,16 15,1,8,,634935,52,0,16 15,1,7,,634873,28,0,16 15,1,8,,552061,28,0,16 15,1,10,,634945,28,0,16 15,1,50,,634847,28,0,16 15,1,10,,634853,28,0,16 15,1,10,,634901,28,0,16 15,1,10,,634843,28,0,16 15,1,10,,634924,28,0,16 15,1,10,,634869,28,0,16 15,1,50,,634907,28,0,16 15,1,10,,634918,28,0,16 15,1,10,,634906,28,0,16 15,1,10,,634856,28,0,16 15,1,10,,634865,28,0,16 15,1,10,,634922,28,0,16 15,1,50,,634882,28,0,16 15,1,10,,634916,28,0,16 15,1,10,,634887,28,0,16 15,1,8,,634931,28,0,16 15,1,9,,581313,28,0,16 15,1,10,,634888,28,0,16 15,1,50,,634846,28,0,16 15,1,10,,634926,28,0,16 15,1,10,,634944,28,0,16 15,1,10,,634876,28,0,16 15,1,10,,634844,28,0,16 15,1,10,,519582,28,0,16 15,1,50,,634893,28,0,16 15,1,10,,634927,28,0,16 15,1,10,,634863,28,0,16 15,1,10,,534321,28,0,16 15,1,10,,634904,28,0,16 15,1,10,,634862,28,0,16 15,1,50,,530919,28,0,16 15,1,10,,561699,28,0,16 15,1,10,,634923,28,0,16 15,1,10,,634912,28,0,16 15,1,10,,634940,28,0,16 15,1,10,,634932,28,0,16 15,1,50,,540457,28,0,16 15,1,10,,634897,28,0,16 15,1,10,,588694,28,0,16 15,1,10,,634874,28,0,16 15,1,10,,634886,28,0,16 15,1,10,,634870,28,0,16 15,1,50,,634921,28,0,16 15,1,10,,634938,28,0,16 15,1,10,,634949,28,0,16 15,1,10,,634911,28,0,16 15,1,10,,634884,28,0,16 15,1,10,,634878,28,0,16 15,1,50,,634892,28,0,16 15,1,10,,634867,28,0,16 15,1,10,,634894,28,0,16 15,1,10,,634950,28,0,16 15,1,10,,528513,28,0,16 15,1,10,,634948,28,0,16 15,1,50,,634852,28,0,16 15,1,10,,634896,28,0,16 15,1,10,,634890,28,0,16 15,1,10,,634877,28,0,16 15,1,10,,634871,28,0,16 15,1,10,,634845,28,0,16 15,1,50,,634851,28,0,16 15,1,10,,634930,28,0,16 15,1,9,,634864,28,0,16 15,1,7,,634857,28,0,16 15,1,10,,634883,28,0,16 15,1,10,,529096,52,0,16 15,1,50,,634868,52,0,16 15,1,10,,634919,52,0,16 15,1,10,,634939,52,0,16 15,1,10,,634947,52,0,16 15,1,10,,634910,28,0,16 15,1,10,,598321,52,0,16 15,1,50,,634858,28,0,16 15,1,10,,634850,52,0,16 15,1,10,,634908,28,0,16 15,1,10,,634879,52,0,16 15,1,10,,634937,28,0,16 15,1,10,,634854,52,0,16 15,1,50,,565220,28,0,16 15,1,10,,634861,52,0,16 15,1,11,,634905,28,0,16 15,1,10,,576292,52,0,16 15,1,10,,634900,28,0,16 15,1,10,,634941,52,0,16 15,1,50,,634891,28,0,16 15,1,10,,634859,52,0,16 15,1,10,,576518,28,0,16 15,1,10,,634842,52,0,16 15,1,10,,634881,28,0,16 15,1,10,,634913,52,0,16 15,1,50,,560663,28,0,16 15,1,10,,634872,52,0,16 15,1,10,,634875,28,0,16 15,1,10,,634909,52,0,16 15,1,10,,634914,28,0,16 15,1,10,,634943,52,0,16 15,1,50,,634925,28,0,16 15,1,10,,634928,52,0,16 15,1,10,,634942,28,0,16 15,1,10,,634920,52,0,16 15,1,10,,634917,28,0,16 15,1,10,,571915,52,0,16 15,1,50,,634903,28,0,16 15,1,10,,634915,52,0,16 15,1,20,,634849,52,0,16 15,1,13,,591156,52,0,16 15,1
9704,'1',524,,657443,14,0,34 6 7 8,1,22,,657485,14,0,5 6 7 8,1,64,,657467,14,0,34 6 7 8,1,26,,657489,14,0,5 6 7 8,1,64,,657464,14,0,34 6 7 8,1,26,,657475,14,0,5 6 7 8,1,24,,657441,14,0,34 6 7 8,1,66,,657492,14,0,5 6 7 8,1,25,,657481,14,0,34 6 7 8,1,66,,657439,14,0,5 6 7 8,1,26,,657455,14,0,34 6 7 8,1,69,,657446,14,0,5 6 7 8,1,26,,657448,14,0,34 6 7 8,1,29,,657433,14,0,5 6 7 8,1,66,,657438,14,0,34 6 7 8,1,29,,657478,14,0,5 6 7 8,1,66,,657456,14,0,34 6 7 8,1,29,,657490,14,0,5 6 7 8,1,66,,657436,14,0,34 6 7 8,1,29,,569776,14,0,5 6 7 8,1,66,,476742,14,0,34 6 7 8,1,29,,657471,14,0,5 6 7 8,1,67,,657454,14,0,34 6 7 8,1,30,,657444,14,0,5 6 7 8,1,70,,657460,14,0,34 6 7 8,1,28,,483512,14,0,5 6 7 8,1,70,,483477,14,0,34 6 7 8,1,27,,657491,14,0,5 6 7 8,1,30,,657469,14,0,34 6 7 8,1,70,,657458,14,0,5 6 7 8,1,30,,657462,14,0,34 6 7 8,1,65,,657470,14,0,5 6 7 8,1,27,,657466,14,0,34 6 7 8,1,66,,657484,14,0,5 6 7 8,1,27,,477962,14,0,34 6 7 8,1,68,,546845,14,0,5 6 7 8,1,27,,657472,14,0,34 6 7 8,1,68,,657428,14,0,5 6 7 8,1,23,,657479,14,0,34 6 7 8,1,26,,657437,14,0,5 6 7 8,1,69,,524340,14,0,34 6 7 8,1,31,,518577,14,0,5 6 7 8,1,69,,528065,14,0,34 6 7 8,1,31,,499689,14,0,5 6 7 8,1
9704,'2',536,,657495,14,0,34 6 7 8,1,65,,657516,14,0,5 6 7 8,1,24,,657562,14,0,34 6 7 8,1,26,,559421,14,0,5 6 7 8,1,64,,657542,14,0,34 6 7 8,1,25,,657518,14,0,5 6 7 8,1,62,,657558,14,0,34 6 7 8,1,26,,521027,14,0,5 6 7 8,1,29,,657498,14,0,34 6 7 8,1,71,,657530,14,0,5 6 7 8,1,29,,472746,14,0,34 6 7 8,1,71,,657535,14,0,5 6 7 8,1,29,,657521,14,0,34 6 7 8,1,71,,657532,14,0,5 6 7 8,1,20,,657519,14,0,34 6 7 8,1,65,,657553,14,0,5 6 7 8,1,27,,657514,14,0,34 6 7 8,1,68,,657533,14,0,5 6 7 8,1,27,,657563,14,0,34 6 7 8,1,68,,657565,14,0,5 6 7 8,1,27,,657502,14,0,34 6 7 8,1,28,,657501,14,0,5 6 7 8,1,67,,657522,14,0,34 6 7 8,1,28,,657525,14,0,5 6 7 8,1,67,,657512,14,0,34 6 7 8,1,28,,657548,14,0,5 6 7 8,1,67,,603545,14,0,34 6 7 8,1,28,,593378,14,0,5 6 7 8,1,67,,657567,14,0,34 6 7 8,1,28,,657540,14,0,5 6 7 8,1,66,,657526,14,0,34 6 7 8,1,25,,657505,14,0,5 6 7 8,1,23,,552446,14,0,34 6 7 8,1,66,,657509,14,0,5 6 7 8,1,27,,657534,14,0,34 6 7 8,1,68,,657507,14,0,5 6 7 8,1,27,,657551,14,0,34 6 7 8,1,67,,657546,14,0,5 6 7 8,1,21,,657496,14,0,34 6 7 8,1,28,,657536,14,0,5 6 7 8,1,69,,657497,14,0,34 6 7 8,1,31,,657564,14,0,5 6 7 8,1,69,,657552,14,0,34 6 7 8,1,31,,592837,14,0,5 6 7 8,1
9704,'3',747,,595333,14,0,5 6 7 8,1,68,,523328,14,0,34 6 7 8,1,28,,657628,14,0,5 6 7 8,1,67,,657612,14,0,34 6 7 8,1,28,,657618,14,0,5 6 7 8,1,67,,657576,14,0,34 6 7 8,1,28,,657573,14,0,5 6 7 8,1,67,,657598,14,0,34 6 7 8,1,28,,657623,14,0,5 6 7 8,1,27,,582111,14,0,34 6 7 8,1,71,,657606,14,0,5 6 7 8,1,29,,657626,14,0,34 6 7 8,1,71,,657602,14,0,5 6 7 8,1,29,,657624,14,0,34 6 7 8,1,71,,657609,14,0,5 6 7 8,1,29,,657590,14,0,34 6 7 8,1,71,,554802,14,0,5 6 7 8,1,29,,657591,14,0,34 6 7 8,1,71,,657581,14,0,5 6 7 8,1,29,,657585,14,0,34 6 7 8,1,71,,657584,14,0,5 6 7 8,1,29,,458863,14,0,34 6 7 8,1,71,,657574,14,0,5 6 7 8,1,29,,657625,14,0,34 6 7 8,1,70,,657619,14,0,5 6 7 8,1,27,,657571,14,0,34 6 7 8,1,66,,657575,14,0,5 6 7 8,1,27,,657614,14,0,34 6 7 8,1,68,,657607,14,0,5 6 7 8,1,27,,657572,14,0,34 6 7 8,1,68,,657568,14,0,5 6 7 8,1,21,,520412,14,0,34 6 7 8,1,28,,657588,14,0,5 6 7 8,1,69,,657596,14,0,34 6 7 8,1,31,,516494,14,0,5 6 7 8,1,69,,657613,14,0,34 6 7 8,1,31,,657616,14,0,5 6 7 8,1
9704,'5',535,,657668,14,0,34 6 7 8,1,70,,541591,14,0,5 6 7 8,1,29,,657676,14,0,34 6 7 8,1,66,,529931,14,0,5 6 7 8,1,24,,657692,14,0,34 6 7 8,1,27,,657695,14,0,5 6 7 8,1,64,,657681,14,0,34 6 7 8,1,28,,539174,14,0,5 6 7 8,1,67,,657653,14,0,34 6 7 8,1,28,,657684,14,0,5 6 7 8,1,67,,657675,14,0,34 6 7 8,1,28,,657652,14,0,5 6 7 8,1,67,,657679,14,0,34 6 7 8,1,28,,657655,14,0,5 6 7 8,1,27,,549413,14,0,34 6 7 8,1,71,,657674,14,0,5 6 7 8,1,29,,657651,14,0,34 6 7 8,1,71,,657639,14,0,5 6 7 8,1,29,,657649,14,0,34 6 7 8,1,71,,657647,14,0,5 6 7 8,1,29,,657643,14,0,34 6 7 8,1,71,,534959,14,0,5 6 7 8,1,29,,657656,14,0,34 6 7 8,1,71,,593912,14,0,5 6 7 8,1,29,,657657,14,0,34 6 7 8,1,71,,657660,14,0,5 6 7 8,1,29,,657654,14,0,34 6 7 8,1,71,,657690,14,0,5 6 7 8,1,29,,657633,14,0,34 6 7 8,1,70,,599084,14,0,5 6 7 8,1,27,,657646,14,0,34 6 7 8,1,66,,555930,14,0,5 6 7 8,1,27,,657691,14,0,34 6 7 8,1,68,,657665,14,0,5 6 7 8,1,27,,657640,14,0,34 6 7 8,1,67,,533651,14,0,5 6 7 8,1,22,,657638,14,0,34 6 7 8,1,28,,657663,14,0,5 6 7 8,1,69,,657635,14,0,34 6 7 8,1,31,,549749,14,0,5 6 7 8,1,69,,657685,14,0,34 6 7 8,1,31,,657688,14,0,5 6 7 8,1
12501,'1',554,,669320,14,0,16 15,1,60,,669368,14,0,16 15,1,10,,669342,14,0,16 15,1,10,,590300,14,0,16 15,1,10,,669303,14,0,16 15,1,10,,669304,14,0,16 15,1,50,,669337,14,0,16 15,1,10,,669359,14,0,16 15,1,10,,669311,14,0,16 15,1,10,,669321,14,0,16 15,1,10,,669344,14,0,16 15,1,10,,524102,14,0,16 15,1,50,,669325,14,0,16 15,1,10,,669357,14,0,16 15,1,10,,669323,14,0,16 15,1,10,,669324,14,0,16 15,1,10,,669370,14,0,16 15,1,10,,669327,14,0,16 15,1,50,,669302,14,0,16 15,1,15,,669350,14,0,16 15,1,15,,669347,14,0,16 15,1,15,,669360,14,0,16 15,1,55,,669336,14,0,16 15,1,15,,669363,14,0,16 15,1,15,,669308,14,0,16 15,1,15,,669335,14,0,16 15,1,55,,554429,14,0,16 15,1,15,,669352,14,0,16 15,1,15,,669301,14,0,16 15,1,15,,669306,14,0,16 15,1,55,,669348,14,0,16 15,1,15,,669334,14,0,16 15,1,15,,669351,14,0,16 15,1,15,,521002,14,0,16 15,1,55,,669341,14,0,16 15,1,15,,669364,14,0,16 15,1,15,,517135,14,0,16 15,1,15,,669367,14,0,16 15,1,55,,669349,14,0,16 15,1,15,,669317,14,0,16 15,1,15,,516885,14,0,16 15,1,15,,669354,14,0,16 15,1,55,,573919,14,0,16 15,1,15,,579483,14,0,16 15,1,13,,669330,14,0,16 15,1,10,,669310,14,0,16 15,1,10,,669328,14,0,16 15,1,50,,669365,14,0,16 15,1,10,,472996,14,0,16 15,1,10,,669339,14,0,16 15,1,10,,556890,14,0,16 15,1,10,,438708,14,0,16 15,1,10,,669345,14,0,16 15,1,50,,669316,14,0,16 15,1,10,,669371,14,0,16 15,1,10,,546823,14,0,16 15,1,10,,669343,14,0,16 15,1,10,,669372,14,0,16 15,1,10,,669331,14,0,16 15,1,50,,572920,14,0,16 15,1,10,,669318,14,0,16 15,1,10,,669346,14,0,16 15,1,10,,669314,14,0,16 15,1,10,,669353,14,0,16 15,1,10,,669340,14,0,16 15,1,50,,669332,14,0,16 15,1,10,,669307,14,0,16 15,1,11,,669333,14,0,16 15,1,15,,669329,14,0,16 15,1,15,,669315,14,0,16 15,1,55,,669369,14,0,16 15,1,15,,518578,14,0,16 15,1,15,,669326,14,0,16 15,1,15,,669313,14,0,16 15,1,55,,669309,14,0,16 15,1,15,,594064,14,0,16 15,1,15,,604063,14,0,16 15,1,15,,669362,14,0,16 15,1,55,,669361,14,0,16 15,1,15,,669366,14,0,16 15,1,15,,669322,14,0,16 15,1,15,,545991,14,0,16 15,1,70,,603348,14,0,16 15,1,30,,669319,14,0,16 15,1,70,,669312,14,0,16 15,1,30,,669356,14,0,16 15,1
12501,'2',623,,669424,14,0,16 15,1,30,,669388,14,0,16 15,1,70,,669393,14,0,16 15,1,30,,669405,14,0,16 15,1,70,,669410,14,0,16 15,1,30,,669403,14,0,16 15,1,58,,669385,14,0,16 15,1,15,,669425,14,0,16 15,1,15,,669373,14,0,16 15,1,15,,669401,14,0,16 15,1,55,,669375,14,0,16 15,1,15,,669384,14,0,16 15,1,15,,669407,14,0,16 15,1,15,,669389,14,0,16 15,1,55,,473888,14,0,16 15,1,15,,669397,14,0,16 15,1,15,,550202,14,0,16 15,1,15,,669394,14,0,16 15,1,55,,669417,14,0,16 15,1,15,,669377,14,0,16 15,1,15,,525050,14,0,16 15,1,15,,669416,14,0,16 15,1,55,,669404,14,0,16 15,1,15,,669383,14,0,16 15,1,15,,496694,14,0,16 15,1,15,,532345,14,0,16 15,1,55,,669418,14,0,16 15,1,15,,669406,14,0,16 15,1,15,,669395,14,0,16 15,1,15,,669381,14,0,16 15,1,55,,669400,14,0,16 15,1,15,,669408,14,0,16 15,1,15,,669387,14,0,16 15,1,15,,669422,14,0,16 15,1,55,,669411,14,0,16 15,1,15,,669409,14,0,16 15,1,15,,560838,14,0,16 15,1,15,,669398,14,0,16 15,1,55,,669420,14,0,16 15,1,15,,669419,14,0,16 15,1,15,,669402,14,0,16 15,1,15,,669376,14,0,16 15,1,55,,669392,14,0,16 15,1,15,,669379,14,0,16 15,1,15,,669413,14,0,16 15,1,15,,669414,14,0,16 15,1,55,,669391,14,0,16 15,1,15,,669415,14,0,16 15,1,15,,501367,14,0,16 15,1,15,,669426,14,0,16 15,1,67,,669380,14,0,16 15,1,30,,669374,14,0,16 15,1,70,,669386,14,0,16 15,1,30,,669423,14,0,16 15,1,70,,669399,14,0,16 15,1,30,,669390,14,0,16 15,1,70,,669412,14,0,16 15,1,30,,669382,14,0,16 15,1,70,,669396,14,0,16 15,1,30,,669421,14,0,16 15,1
12501,'3',756,,669473,14,0,16 15,1,55,,669472,14,0,16 15,1,15,,669459,14,0,16 15,1,15,,669450,14,0,16 15,1,15,,669431,14,0,16 15,1,55,,669446,14,0,16 15,1,15,,669471,14,0,16 15,1,15,,669451,14,0,16 15,1,15,,669448,14,0,16 15,1,55,,669437,14,0,16 15,1,15,,669474,14,0,16 15,1,15,,669466,14,0,16 15,1,15,,669457,14,0,16 15,1,55,,669449,14,0,16 15,1,15,,669454,14,0,16 15,1,15,,669470,14,0,16 15,1,15,,669435,14,0,16 15,1,55,,669438,14,0,16 15,1,15,,669465,14,0,16 15,1,15,,669444,14,0,16 15,1,15,,669456,14,0,16 15,1,55,,669428,14,0,16 15,1,15,,669467,14,0,16 15,1,15,,669434,14,0,16 15,1,15,,595707,14,0,16 15,1,55,,669477,14,0,16 15,1,15,,669475,14,0,16 15,1,15,,669445,14,0,16 15,1,15,,669479,14,0,16 15,1,55,,669440,14,0,16 15,1,15,,669432,14,0,16 15,1,15,,669463,14,0,16 15,1,15,,669452,14,0,16 15,1,55,,669478,14,0,16 15,1,15,,669481,14,0,16 15,1,15,,669458,14,0,16 15,1,15,,669441,14,0,16 15,1,55,,669468,14,0,16 15,1,15,,669433,14,0,16 15,1,15,,669482,14,0,16 15,1,15,,669453,14,0,16 15,1,55,,669429,14,0,16 15,1,15,,669483,14,0,16 15,1,15,,669443,14,0,16 15,1,15,,669447,14,0,16 15,1,54,,669484,14,0,16 15,1,15,,669427,14,0,16 15,1,14,,669464,14,0,16 15,1,14,,410827,14,0,16 15,1,55,,669480,14,0,16 15,1,15,,669436,14,0,16 15,1,30,,669455,14,0,16 15,1,70,,543935,14,0,16 15,1,30,,669469,14,0,16 15,1,70,,669461,14,0,16 15,1,30,,669476,14,0,16 15,1,70,,669460,14,0,16 15,1,30,,669430,14,0,16 15,1,70,,669439,14,0,16 15,1,30,,669462,14,0,16 15,1
12501,'5',624,,532163,14,0,16 15,1,17,,669486,14,0,16 15,1,15,,669495,14,0,16 15,1,55,,669508,14,0,16 15,1,15,,669489,14,0,16 15,1,15,,669517,14,0,16 15,1,15,,669499,14,0,16 15,1,55,,669528,14,0,16 15,1,15,,669538,14,0,16 15,1,15,,669530,14,0,16 15,1,15,,534389,14,0,16 15,1,55,,669533,14,0,16 15,1,15,,589780,14,0,16 15,1,15,,669521,14,0,16 15,1,15,,669492,14,0,16 15,1,55,,537863,14,0,16 15,1,15,,669507,14,0,16 15,1,15,,669488,14,0,16 15,1,15,,669524,14,0,16 15,1,55,,669519,14,0,16 15,1,15,,523919,14,0,16 15,1,15,,669535,14,0,16 15,1,15,,669502,14,0,16 15,1,55,,669509,14,0,16 15,1,15,,669518,14,0,16 15,1,15,,669497,14,0,16 15,1,15,,669515,14,0,16 15,1,55,,669520,14,0,16 15,1,15,,559769,14,0,16 15,1,15,,669498,14,0,16 15,1,15,,669526,14,0,16 15,1,55,,669522,14,0,16 15,1,15,,669527,14,0,16 15,1,15,,549178,14,0,16 15,1,15,,669514,14,0,16 15,1,55,,533904,14,0,16 15,1,15,,669487,14,0,16 15,1,15,,669503,14,0,16 15,1,15,,521288,14,0,16 15,1,55,,669525,14,0,16 15,1,15,,591834,14,0,16 15,1,15,,587163,14,0,16 15,1,15,,669494,14,0,16 15,1,55,,669516,14,0,16 15,1,15,,669532,14,0,16 15,1,15,,669513,14,0,16 15,1,15,,669496,14,0,16 15,1,55,,669506,14,0,16 15,1,15,,562098,14,0,16 15,1,15,,669501,14,0,16 15,1,15,,669523,14,0,16 15,1,54,,669534,14,0,16 15,1,15,,669537,14,0,16 15,1,14,,557313,14,0,16 15,1,14,,669491,14,0,16 15,1,55,,669536,14,0,16 15,1,15,,669485,14,0,16 15,1,30,,669490,14,0,16 15,1,70,,669493,14,0,16 15,1,30,,669531,14,0,16 15,1,70,,669500,14,0,16 15,1,30,,669511,14,0,16 15,1,70,,669512,14,0,16 15,1,30,,669510,14,0,16 15,1,70,,669504,14,0,16 15,1,30,,669505,14,0,16 15,1
32004,'1',345,,570343,7,0,11 12 138 139,1,55,,568968,7,0,11 12 138 139,1,14,,681433,7,0,11 12 138 139,1,14,,681415,7,0,11 12 138 139,1,15,,535565,7,0,11 12 138 139,1,15,,681423,7,0,11 12 138 139,1,55,,681425,7,0,11 12 138 139,1,2118,,681417,7,0,11 12 138 139,1,5,,681427,7,0,11 12 138 139,1,5,,681436,7,0,11 12 138 139,1,5,,681426,7,0,11 12 138 139,1,5,,596898,7,0,11 12 138 139,1,5,,546610,7,0,11 12 138 139,1,45,,681413,7,0,11 12 138 139,1,15,,519119,7,0,11 12 138 139,1,15,,564737,7,0,11 12 138 139,1
32004,'2',346,,681468,7,0,11 12 138 139,1,55,,681441,7,0,11 12 138 139,1,15,,681445,7,0,11 12 138 139,1,15,,681467,7,0,11 12 138 139,1,15,,681453,7,0,11 12 138 139,1,55,,681437,7,0,11 12 138 139,1,15,,681466,7,0,11 12 138 139,1,15,,582408,7,0,11 12 138 139,1,2095,,681446,7,0,11 12 138 139,1,5,,567639,7,0,11 12 138 139,1,5,,681447,7,0,11 12 138 139,1,5,,521102,7,0,11 12 138 139,1,5,,681452,7,0,11 12 138 139,1,5,,681464,7,0,11 12 138 139,1,5,,681463,7,0,11 12 138 139,1,45,,577201,7,0,11 12 138 139,1,16,,592592,7,0,11 12 138 139,1,15,,681448,7,0,11 12 138 139,1
32004,'3',346,,681518,7,0,11 12 138 139,1,55,,681487,7,0,11 12 138 139,1,15,,394179,7,0,11 12 138 139,1,15,,681471,7,0,11 12 138 139,1,15,,681473,7,0,11 12 138 139,1,55,,681516,7,0,11 12 138 139,1,15,,553299,7,0,11 12 138 139,1,15,,681511,7,0,11 12 138 139,1,6,,527895,7,0,11 12 138 139,1,5,,681539,7,0,11 12 138 139,1,5,,511965,7,0,11 12 138 139,1,5,,681514,7,0,11 12 138 139,1,5,,681507,7,0,11 12 138 139,1,46,,681528,7,0,11 12 138 139,1,6,,681498,7,0,11 12 138 139,1,6,,681515,7,0,11 12 138 139,1,6,,681479,7,0,11 12 138 139,1,6,,681536,7,0,11 12 138 139,1,6,,681490,7,0,11 12 138 139,1,6,,681503,7,0,11 12 138 139,1,6,,681506,7,0,11 12 138 139,1,6,,681532,7,0,11 12 138 139,1,6,,681509,7,0,11 12 138 139,1,46,,681529,7,0,11 12 138 139,1,6,,681478,7,0,11 12 138 139,1,6,,681523,7,0,11 12 138 139,1,6,,681517,7,0,11 12 138 139,1,6,,601333,7,0,11 12 138 139,1,6,,508645,7,0,11 12 138 139,1,6,,681481,7,0,11 12 138 139,1,1888,,681527,7,0,11 12 138 139,1,5,,681537,7,0,11 12 138 139,1,5,,549686,7,0,11 12 138 139,1,5,,681470,7,0,11 12 138 139,1,5,,479090,7,0,11 12 138 139,1,5,,520766,7,0,11 12 138 139,1,5,,681499,7,0,11 12 138 139,1,45,,681538,7,0,11 12 138 139,1,14,,681474,7,0,11 12 138 139,1,15,,681480,7,0,11 12 138 139,1
32004,'5',346,,681556,7,0,11 12 138 139,1,55,,565259,7,0,11 12 138 139,1,15,,681567,7,0,11 12 138 139,1,15,,681545,7,0,11 12 138 139,1,15,,681568,7,0,11 12 138 139,1,55,,681549,7,0,11 12 138 139,1,15,,681546,7,0,11 12 138 139,1,15,,522142,7,0,11 12 138 139,1,2096,,598594,7,0,11 12 138 139,1,5,,574933,7,0,11 12 138 139,1,5,,681569,7,0,11 12 138 139,1,5,,681553,7,0,11 12 138 139,1,5,,681577,7,0,11 12 138 139,1,5,,522644,7,0,11 12 138 139,1,5,,681552,7,0,11 12 138 139,1,45,,681576,7,0,11 12 138 139,1,14,,681562,7,0,11 12 138 139,1,15,,681557,7,0,11 12 138 139,1
