4104,'1',458,,623183,3,0,68 8,1,55,,623195,3,0,68 8,1,8,,623150,3,0,68 8,1,14,,623201,3,0,68 8,1,16,,623182,3,0,68 8,1,49,,623188,6,0,68 8,1,8,,527001,6,0,68 8,1,8,,623232,6,0,68 8,1,8,,623210,6,0,68 8,1,8,,597348,6,0,68 8,1,8,,623222,6,0,68 8,1,8,,623206,6,0,68 8,1,8,,623193,6,0,68 8,1,48,,623161,6,0,68 8,1,8,,623219,6,0,68 8,1,10,,463868,6,0,68 8,1,10,,547989,6,0,68 8,1,10,,623162,6,0,68 8,1,10,,598617,6,0,68 8,1,50,,623198,6,0,68 8,1,11,,623163,6,0,68 8,1,10,,623169,6,0,68 8,1,9,,623235,6,0,68 8,1,12,,623159,6,0,68 8,1,12,,623216,6,0,68 8,1,52,,623200,6,0,68 8,1,12,,467582,6,0,68 8,1,12,,623225,6,0,68 8,1,12,,623153,6,0,68 8,1,12,,623223,6,0,68 8,1,52,,623221,6,0,68 8,1,12,,528716,6,0,68 8,1,12,,623189,6,0,68 8,1,12,,623213,6,0,68 8,1,12,,623204,6,0,68 8,1,52,,623194,6,0,68 8,1,12,,585021,6,0,68 8,1,12,,539536,6,0,68 8,1,12,,623166,6,0,68 8,1,12,,623191,6,0,68 8,1,52,,558768,6,0,68 8,1,12,,623207,6,0,68 8,1,12,,623167,6,0,68 8,1,12,,623224,6,0,68 8,1,12,,623230,6,0,68 8,1,52,,623181,6,0,68 8,1,12,,623155,6,0,68 8,1,12,,623226,6,0,68 8,1,12,,570321,6,0,68 8,1,12,,623173,6,0,68 8,1,48,,542331,6,0,68 8,1,8,,574693,6,0,68 8,1,8,,545594,6,0,68 8,1,8,,623186,6,0,68 8,1,8,,623197,6,0,68 8,1,8,,490578,6,0,68 8,1,8,,623209,6,0,68 8,1,48,,623177,6,0,68 8,1,8,,623187,6,0,68 8,1,8,,623158,6,0,68 8,1,8,,623160,6,0,68 8,1,8,,576376,6,0,68 8,1,8,,623157,6,0,68 8,1,8,,623171,6,0,68 8,1,8,,623220,6,0,68 8,1,48,,623172,6,0,68 8,1,8,,623233,6,0,68 8,1,8,,623229,6,0,68 8,1,8,,623202,6,0,68 8,1,8,,570333,6,0,68 8,1,8,,623228,6,0,68 8,1,8,,545003,6,0,68 8,1,48,,568026,6,0,68 8,1,8,,623184,6,0,68 8,1,8,,623178,6,0,68 8,1,8,,623185,6,0,68 8,1,8,,533754,6,0,68 8,1,8,,623208,6,0,68 8,1,8,,598401,6,0,68 8,1,8,,623174,6,0,68 8,1,48,,522924,6,0,68 8,1,8,,623234,6,0,68 8,1,8,,623211,6,0,68 8,1,8,,623180,6,0,68 8,1,8,,623205,6,0,68 8,1,8,,623154,6,0,68 8,1,8,,573066,6,0,68 8,1,48,,623218,6,0,68 8,1,8,,623215,6,0,68 8,1,8,,434605,6,0,68 8,1,8,,623151,6,0,68 8,1,8,,623231,6,0,68 8,1,12,,623203,6,0,68 8,1,12,,623149,6,0,68 8,1,52,,623164,6,0,68 8,1,12,,623179,6,0,68 8,1,12,,566475,6,0,68 8,1,12,,384500,6,0,68 8,1,12,,623176,6,0,68 8,1,52,,542786,6,0,68 8,1,12,,623214,6,0,68 8,1,12,,623217,6,0,68 8,1,12,,623212,6,0,68 8,1,10,,623175,6,0,68 8,1,60,,623190,6,0,68 8,1,20,,623156,6,0,68 8,1,20,,623170,6,0,68 8,1,60,,623196,6,0,68 8,1,20,,623192,6,0,68 8,1,20,,473564,6,0,68 8,1,60,,521881,6,0,68 8,1,20,,536746,6,0,68 8,1,68,,513290,6,0,68 8,1,30,,420187,6,0,68 8,1,70,,533717,6,0,68 8,1,30,,623165,6,0,68 8,1
4104,'2',510,,623248,3,0,68 8,1,22,,484810,3,0,68 8,1,17,,623252,3,0,68 8,1,62,,623242,6,0,68 8,1,22,,592593,6,0,68 8,1,22,,623267,6,0,68 8,1,62,,623268,6,0,68 8,1,22,,585105,6,0,68 8,1,62,,623303,6,0,68 8,1,15,,623284,6,0,68 8,1,15,,623240,6,0,68 8,1,15,,623266,6,0,68 8,1,55,,623251,6,0,68 8,1,15,,623261,6,0,68 8,1,15,,489459,6,0,68 8,1,15,,623260,6,0,68 8,1,55,,623263,6,0,68 8,1,15,,598465,6,0,68 8,1,15,,480653,6,0,68 8,1,15,,623249,6,0,68 8,1,55,,623293,6,0,68 8,1,10,,623256,6,0,68 8,1,10,,404231,6,0,68 8,1,10,,623250,6,0,68 8,1,10,,623304,6,0,68 8,1,10,,570434,6,0,68 8,1,50,,623287,6,0,68 8,1,10,,623275,6,0,68 8,1,10,,584395,6,0,68 8,1,10,,623244,6,0,68 8,1,10,,623289,6,0,68 8,1,10,,623286,6,0,68 8,1,50,,623245,6,0,68 8,1,10,,623259,6,0,68 8,1,10,,623277,6,0,68 8,1,10,,623292,6,0,68 8,1,10,,623271,6,0,68 8,1,10,,541836,6,0,68 8,1,50,,623246,6,0,68 8,1,10,,536512,6,0,68 8,1,10,,623265,6,0,68 8,1,10,,455856,6,0,68 8,1,10,,623257,6,0,68 8,1,10,,623254,6,0,68 8,1,50,,549923,6,0,68 8,1,10,,623269,6,0,68 8,1,10,,623279,6,0,68 8,1,10,,546468,6,0,68 8,1,10,,623262,6,0,68 8,1,10,,623258,6,0,68 8,1,50,,556900,6,0,68 8,1,10,,623299,6,0,68 8,1,10,,623281,6,0,68 8,1,10,,556908,6,0,68 8,1,10,,623241,6,0,68 8,1,10,,623306,6,0,68 8,1,50,,584191,6,0,68 8,1,10,,551822,6,0,68 8,1,10,,623273,6,0,68 8,1,10,,623295,6,0,68 8,1,10,,623283,6,0,68 8,1,10,,623247,6,0,68 8,1,50,,623264,6,0,68 8,1,10,,623290,6,0,68 8,1,10,,623276,6,0,68 8,1,10,,623236,6,0,68 8,1,10,,623255,6,0,68 8,1,10,,578661,6,0,68 8,1,50,,623278,6,0,68 8,1,15,,623238,6,0,68 8,1,15,,623253,6,0,68 8,1,15,,581651,6,0,68 8,1,55,,623297,6,0,68 8,1,15,,478905,6,0,68 8,1,15,,623307,6,0,68 8,1,15,,623298,6,0,68 8,1,55,,623272,6,0,68 8,1,15,,623270,6,0,68 8,1,15,,623280,6,0,68 8,1,15,,623282,6,0,68 8,1,55,,623243,6,0,68 8,1,19,,623285,6,0,68 8,1,22,,623274,6,0,68 8,1,62,,623294,6,0,68 8,1,22,,623302,6,0,68 8,1,22,,623300,6,0,68 8,1,62,,569850,6,0,68 8,1,22,,623239,6,0,68 8,1,70,,501488,6,0,68 8,1,30,,623291,6,0,68 8,1,70,,575750,6,0,68 8,1,30,,623296,6,0,68 8,1
4104,'3',714,,623318,3,0,68 8,1,25,,623366,3,0,68 8,1,15,,623315,6,0,68 8,1,55,,623353,6,0,68 8,1,15,,623367,6,0,68 8,1,15,,623328,6,0,68 8,1,15,,623360,6,0,68 8,1,55,,575764,6,0,68 8,1,15,,623369,6,0,68 8,1,15,,623331,6,0,68 8,1,15,,623317,6,0,68 8,1,55,,623354,6,0,68 8,1,15,,623372,6,0,68 8,1,15,,623313,6,0,68 8,1,15,,623359,6,0,68 8,1,55,,592626,6,0,68 8,1,15,,623351,6,0,68 8,1,15,,623320,6,0,68 8,1,15,,374688,6,0,68 8,1,52,,623333,6,0,68 8,1,12,,560501,6,0,68 8,1,12,,544547,6,0,68 8,1,12,,623362,6,0,68 8,1,12,,595005,6,0,68 8,1,52,,623364,6,0,68 8,1,12,,623368,6,0,68 8,1,12,,623373,6,0,68 8,1,12,,623343,6,0,68 8,1,12,,623370,6,0,68 8,1,52,,545761,6,0,68 8,1,12,,623340,6,0,68 8,1,12,,623357,6,0,68 8,1,12,,623361,6,0,68 8,1,12,,623374,6,0,68 8,1,52,,623344,6,0,68 8,1,12,,623375,6,0,68 8,1,12,,568201,6,0,68 8,1,12,,623314,6,0,68 8,1,12,,623311,6,0,68 8,1,52,,623316,6,0,68 8,1,12,,623327,6,0,68 8,1,12,,623324,6,0,68 8,1,12,,623342,6,0,68 8,1,12,,623309,6,0,68 8,1,52,,623338,6,0,68 8,1,12,,623329,6,0,68 8,1,12,,623321,6,0,68 8,1,12,,623323,6,0,68 8,1,12,,623349,6,0,68 8,1,52,,623330,6,0,68 8,1,12,,623363,6,0,68 8,1,12,,623345,6,0,68 8,1,12,,623365,6,0,68 8,1,12,,623339,6,0,68 8,1,52,,623326,6,0,68 8,1,18,,623334,6,0,68 8,1,18,,623335,6,0,68 8,1,58,,623356,6,0,68 8,1,18,,623322,6,0,68 8,1,18,,623337,6,0,68 8,1,18,,623325,6,0,68 8,1,58,,623310,6,0,68 8,1,18,,623347,6,0,68 8,1,18,,623341,6,0,68 8,1,58,,623332,6,0,68 8,1,13,,623319,6,0,68 8,1,20,,623312,6,0,68 8,1,20,,623346,6,0,68 8,1,60,,623358,6,0,68 8,1,20,,556407,6,0,68 8,1,20,,623352,6,0,68 8,1,60,,623308,6,0,68 8,1,20,,623355,6,0,68 8,1,20,,623336,6,0,68 8,1,73,,623371,6,0,68 8,1,70,,623348,6,0,68 8,1,30,,526723,6,0,68 8,1
4104,'5',519,,623390,3,0,68 8,1,15,,623396,3,0,68 8,1,20,,623395,3,0,68 8,1,60,,623422,6,0,68 8,1,20,,623376,6,0,68 8,1,20,,623378,6,0,68 8,1,60,,623431,6,0,68 8,1,19,,623434,6,0,68 8,1,21,,623397,6,0,68 8,1,55,,543539,6,0,68 8,1,15,,602885,6,0,68 8,1,15,,623411,6,0,68 8,1,15,,623399,6,0,68 8,1,55,,623432,6,0,68 8,1,15,,623409,6,0,68 8,1,15,,623377,6,0,68 8,1,15,,623429,6,0,68 8,1,55,,623394,6,0,68 8,1,15,,623382,6,0,68 8,1,15,,623424,6,0,68 8,1,15,,578838,6,0,68 8,1,55,,536674,6,0,68 8,1,15,,623446,6,0,68 8,1,15,,529189,6,0,68 8,1,15,,623408,6,0,68 8,1,52,,623417,6,0,68 8,1,12,,623443,6,0,68 8,1,12,,560592,6,0,68 8,1,12,,544765,6,0,68 8,1,12,,564551,6,0,68 8,1,52,,623416,6,0,68 8,1,12,,623403,6,0,68 8,1,12,,555994,6,0,68 8,1,12,,623398,6,0,68 8,1,12,,623427,6,0,68 8,1,52,,623437,6,0,68 8,1,12,,623386,6,0,68 8,1,12,,623428,6,0,68 8,1,12,,623380,6,0,68 8,1,12,,563281,6,0,68 8,1,52,,623413,6,0,68 8,1,12,,623436,6,0,68 8,1,12,,526940,6,0,68 8,1,12,,623418,6,0,68 8,1,12,,623385,6,0,68 8,1,52,,623402,6,0,68 8,1,12,,623407,6,0,68 8,1,12,,623405,6,0,68 8,1,12,,623426,6,0,68 8,1,12,,513593,6,0,68 8,1,52,,559215,6,0,68 8,1,12,,623414,6,0,68 8,1,12,,623383,6,0,68 8,1,12,,623384,6,0,68 8,1,12,,623387,6,0,68 8,1,52,,623442,6,0,68 8,1,12,,623389,6,0,68 8,1,12,,623423,6,0,68 8,1,12,,623444,6,0,68 8,1,12,,623379,6,0,68 8,1,52,,623392,6,0,68 8,1,18,,623391,6,0,68 8,1,18,,623433,6,0,68 8,1,58,,555005,6,0,68 8,1,18,,623401,6,0,68 8,1,18,,623393,6,0,68 8,1,18,,623438,6,0,68 8,1,58,,623435,6,0,68 8,1,18,,623406,6,0,68 8,1,18,,623440,6,0,68 8,1,58,,623419,6,0,68 8,1,13,,623425,6,0,68 8,1,20,,623441,6,0,68 8,1,20,,623410,6,0,68 8,1,60,,623430,6,0,68 8,1,20,,623445,6,0,68 8,1,20,,623388,6,0,68 8,1,60,,623404,6,0,68 8,1,20,,623415,6,0,68 8,1,20,,623421,6,0,68 8,1,73,,623400,6,0,68 8,1,70,,623439,6,0,68 8,1,30,,623412,6,0,68 8,1
10601,'1',523,,661647,3,0,44 250 15,1,20,,661616,3,0,44 250 15,1,58,,661660,3,0,44 250 15,1,18,,661650,3,0,44 250 15,1,18,,661653,3,0,44 250 15,1,19,,535561,3,0,44 250 15,1,59,,661614,3,0,44 250 15,1,19,,515930,3,0,44 250 15,1,17,,661641,3,0,44 250 15,1,56,,661633,3,0,44 250 15,1,16,,661610,3,0,44 250 15,1,16,,661631,3,0,44 250 15,1,16,,661635,3,0,44 250 15,1,56,,661640,3,0,44 250 15,1,17,,661611,3,0,44 250 15,1,17,,549826,3,0,44 250 15,1,60,,661622,3,0,44 250 15,1,20,,661621,3,0,44 250 15,1,20,,661617,3,0,44 250 15,1,60,,661651,3,0,44 250 15,1,20,,661615,3,0,44 250 15,1,20,,661636,3,0,44 250 15,1,60,,490126,3,0,44 250 15,1,20,,661652,3,0,44 250 15,1,20,,661638,3,0,44 250 15,1,60,,532610,3,0,44 250 15,1,20,,661605,3,0,44 250 15,1,20,,661637,3,0,44 250 15,1,60,,661624,3,0,44 250 15,1,19,,661654,3,0,44 250 15,1,21,,661642,3,0,44 250 15,1,60,,661620,3,0,44 250 15,1,20,,661625,3,0,44 250 15,1,18,,661608,3,0,44 250 15,1,57,,661658,3,0,44 250 15,1,18,,661627,3,0,44 250 15,1,17,,661648,3,0,44 250 15,1,18,,661630,3,0,44 250 15,1,57,,661612,3,0,44 250 15,1,18,,661619,3,0,44 250 15,1,17,,578557,3,0,44 250 15,1,57,,661644,3,0,44 250 15,1,14,,661623,3,0,44 250 15,1,18,,661659,3,0,44 250 15,1,20,,661645,3,0,44 250 15,1,60,,661657,3,0,44 250 15,1,20,,374523,3,0,44 250 15,1,20,,661643,3,0,44 250 15,1,62,,661601,3,0,44 250 15,1,20,,661649,3,0,44 250 15,1,18,,661639,3,0,44 250 15,1,58,,661609,3,0,44 250 15,1,18,,661602,3,0,44 250 15,1,18,,661656,3,0,44 250 15,1,58,,661646,3,0,44 250 15,1,18,,661626,3,0,44 250 15,1,18,,661629,3,0,44 250 15,1,58,,661655,3,0,44 250 15,1,17,,661632,3,0,44 250 15,1,15,,661613,3,0,44 250 15,1,24,,661607,3,0,44 250 15,1,64,,661604,3,0,44 250 15,1,24,,661628,3,0,44 250 15,1,66,,661618,3,0,44 250 15,1,30,,661603,3,0,44 250 15,1,70,,661634,3,0,44 250 15,1,30,,661606,3,0,44 250 15,1
10601,'2',536,,661704,3,0,44 250 15,1,64,,661682,3,0,44 250 15,1,24,,661703,3,0,44 250 15,1,24,,661705,3,0,44 250 15,1,64,,661697,3,0,44 250 15,1,24,,661706,3,0,44 250 15,1,64,,661678,3,0,44 250 15,1,24,,661710,3,0,44 250 15,1,18,,661663,3,0,44 250 15,1,58,,661668,3,0,44 250 15,1,18,,661677,3,0,44 250 15,1,18,,661665,3,0,44 250 15,1,18,,661680,3,0,44 250 15,1,58,,661672,3,0,44 250 15,1,18,,661689,3,0,44 250 15,1,18,,661699,3,0,44 250 15,1,58,,661671,3,0,44 250 15,1,18,,661686,3,0,44 250 15,1,18,,661718,3,0,44 250 15,1,58,,661685,3,0,44 250 15,1,19,,661679,3,0,44 250 15,1,18,,661666,3,0,44 250 15,1,18,,661715,3,0,44 250 15,1,58,,661690,3,0,44 250 15,1,18,,661683,3,0,44 250 15,1,18,,661688,3,0,44 250 15,1,58,,661702,3,0,44 250 15,1,18,,661707,3,0,44 250 15,1,18,,661712,3,0,44 250 15,1,58,,600104,3,0,44 250 15,1,18,,600089,3,0,44 250 15,1,18,,587860,3,0,44 250 15,1,18,,661661,3,0,44 250 15,1,58,,661675,3,0,44 250 15,1,18,,661709,3,0,44 250 15,1,18,,661662,3,0,44 250 15,1,58,,661687,3,0,44 250 15,1,18,,661708,3,0,44 250 15,1,18,,661698,3,0,44 250 15,1,58,,661717,3,0,44 250 15,1,18,,518421,3,0,44 250 15,1,18,,583802,3,0,44 250 15,1,18,,661714,3,0,44 250 15,1,57,,661694,3,0,44 250 15,1,15,,661667,3,0,44 250 15,1,15,,661664,3,0,44 250 15,1,16,,661674,3,0,44 250 15,1,56,,661711,3,0,44 250 15,1,16,,661701,3,0,44 250 15,1,16,,661691,3,0,44 250 15,1,56,,582253,3,0,44 250 15,1,16,,661696,3,0,44 250 15,1,16,,661692,3,0,44 250 15,1,16,,661713,3,0,44 250 15,1,56,,661681,3,0,44 250 15,1,16,,501349,3,0,44 250 15,1,16,,661673,3,0,44 250 15,1,16,,661716,3,0,44 250 15,1,55,,661670,3,0,44 250 15,1,16,,661700,3,0,44 250 15,1,16,,492310,3,0,44 250 15,1,16,,661669,3,0,44 250 15,1,56,,555769,3,0,44 250 15,1,16,,661684,3,0,44 250 15,1,16,,661693,3,0,44 250 15,1,65,,380639,3,0,44 250 15,1,30,,576971,3,0,44 250 15,1,70,,661676,3,0,44 250 15,1,30,,661695,3,0,44 250 15,1
10601,'3',723,,661755,3,0,44 250 15,1,16,,569361,3,0,44 250 15,1,16,,501929,3,0,44 250 15,1,56,,661736,3,0,44 250 15,1,16,,463085,3,0,44 250 15,1,16,,661725,3,0,44 250 15,1,16,,601276,3,0,44 250 15,1,56,,661756,3,0,44 250 15,1,16,,661735,3,0,44 250 15,1,16,,661766,3,0,44 250 15,1,56,,661760,3,0,44 250 15,1,18,,546687,3,0,44 250 15,1,18,,591410,3,0,44 250 15,1,18,,661724,3,0,44 250 15,1,58,,661767,3,0,44 250 15,1,18,,482080,3,0,44 250 15,1,18,,661748,3,0,44 250 15,1,58,,661738,3,0,44 250 15,1,18,,661733,3,0,44 250 15,1,18,,551297,3,0,44 250 15,1,58,,661740,3,0,44 250 15,1,18,,548570,3,0,44 250 15,1,18,,531534,3,0,44 250 15,1,18,,661754,3,0,44 250 15,1,58,,661744,3,0,44 250 15,1,18,,661731,3,0,44 250 15,1,18,,661743,3,0,44 250 15,1,58,,661750,3,0,44 250 15,1,18,,661729,3,0,44 250 15,1,18,,661758,3,0,44 250 15,1,58,,661728,3,0,44 250 15,1,18,,661730,3,0,44 250 15,1,18,,661723,3,0,44 250 15,1,18,,661720,3,0,44 250 15,1,58,,661727,3,0,44 250 15,1,18,,661768,3,0,44 250 15,1,18,,661719,3,0,44 250 15,1,58,,661747,3,0,44 250 15,1,18,,661726,3,0,44 250 15,1,18,,661752,3,0,44 250 15,1,58,,476433,3,0,44 250 15,1,16,,661751,3,0,44 250 15,1,16,,661741,3,0,44 250 15,1,16,,661759,3,0,44 250 15,1,56,,661762,3,0,44 250 15,1,16,,661734,3,0,44 250 15,1,16,,661745,3,0,44 250 15,1,16,,472448,3,0,44 250 15,1,56,,585980,3,0,44 250 15,1,16,,661732,3,0,44 250 15,1,16,,661765,3,0,44 250 15,1,16,,661753,3,0,44 250 15,1,56,,661737,3,0,44 250 15,1,16,,661764,3,0,44 250 15,1,16,,661742,3,0,44 250 15,1,56,,661749,3,0,44 250 15,1,16,,661757,3,0,44 250 15,1,16,,560998,3,0,44 250 15,1,16,,585610,3,0,44 250 15,1,56,,661739,3,0,44 250 15,1,16,,568668,3,0,44 250 15,1,16,,661722,3,0,44 250 15,1,16,,533604,3,0,44 250 15,1,55,,661721,3,0,44 250 15,1,30,,661746,3,0,44 250 15,1,70,,661763,3,0,44 250 15,1,30,,661761,3,0,44 250 15,1
10601,'5',533,,569445,3,0,44 250 15,1,14,,661793,3,0,44 250 15,1,56,,532194,3,0,44 250 15,1,16,,580225,3,0,44 250 15,1,16,,661801,3,0,44 250 15,1,16,,517383,3,0,44 250 15,1,56,,661778,3,0,44 250 15,1,16,,661817,3,0,44 250 15,1,16,,661769,3,0,44 250 15,1,16,,661799,3,0,44 250 15,1,56,,661824,3,0,44 250 15,1,16,,661798,3,0,44 250 15,1,16,,661795,3,0,44 250 15,1,16,,513637,3,0,44 250 15,1,56,,661805,3,0,44 250 15,1,16,,661818,3,0,44 250 15,1,16,,561633,3,0,44 250 15,1,56,,515899,3,0,44 250 15,1,18,,661782,3,0,44 250 15,1,18,,661800,3,0,44 250 15,1,18,,661802,3,0,44 250 15,1,58,,537073,3,0,44 250 15,1,18,,661807,3,0,44 250 15,1,18,,661775,3,0,44 250 15,1,58,,661819,3,0,44 250 15,1,18,,553448,3,0,44 250 15,1,18,,661796,3,0,44 250 15,1,58,,661770,3,0,44 250 15,1,18,,661823,3,0,44 250 15,1,18,,661779,3,0,44 250 15,1,18,,661791,3,0,44 250 15,1,58,,661806,3,0,44 250 15,1,18,,661803,3,0,44 250 15,1,18,,661788,3,0,44 250 15,1,58,,661783,3,0,44 250 15,1,18,,661821,3,0,44 250 15,1,18,,596139,3,0,44 250 15,1,58,,661810,3,0,44 250 15,1,18,,534398,3,0,44 250 15,1,18,,533665,3,0,44 250 15,1,18,,661809,3,0,44 250 15,1,58,,598794,3,0,44 250 15,1,18,,661816,3,0,44 250 15,1,18,,661825,3,0,44 250 15,1,58,,661771,3,0,44 250 15,1,18,,661792,3,0,44 250 15,1,18,,661781,3,0,44 250 15,1,58,,661785,3,0,44 250 15,1,16,,661804,3,0,44 250 15,1,16,,661812,3,0,44 250 15,1,16,,661822,3,0,44 250 15,1,56,,574916,3,0,44 250 15,1,16,,661797,3,0,44 250 15,1,16,,661787,3,0,44 250 15,1,16,,661789,3,0,44 250 15,1,56,,661780,3,0,44 250 15,1,16,,661808,3,0,44 250 15,1,16,,661811,3,0,44 250 15,1,16,,661820,3,0,44 250 15,1,56,,661794,3,0,44 250 15,1,16,,540774,3,0,44 250 15,1,16,,661772,3,0,44 250 15,1,56,,661774,3,0,44 250 15,1,16,,661813,3,0,44 250 15,1,16,,661776,3,0,44 250 15,1,16,,661786,3,0,44 250 15,1,56,,521312,3,0,44 250 15,1,16,,661773,3,0,44 250 15,1,16,,661784,3,0,44 250 15,1,16,,661815,3,0,44 250 15,1,55,,661790,3,0,44 250 15,1,30,,661814,3,0,44 250 15,1,70,,547692,3,0,44 250 15,1,30,,661777,3,0,44 250 15,1
34104,'1',446,,682516,3,0,68 8,1,2256,,682517,3,0,68 8,1,30,,682514,3,0,68 8,1,70,,682515,3,0,68 8,1,30,,542718,3,0,68 8,1
34104,'2',502,,461856,3,0,68 8,1,2200,,682519,3,0,68 8,1,30,,682518,3,0,68 8,1,70,,595206,3,0,68 8,1,30,,682520,3,0,68 8,1
34104,'3',502,,582751,3,0,68 8,1,17,,515834,3,0,68 8,1,15,,682526,3,0,68 8,1,20,,682524,3,0,68 8,1,60,,439369,3,0,68 8,1,20,,682522,3,0,68 8,1,20,,682525,3,0,68 8,1,2048,,682527,3,0,68 8,1,30,,682521,3,0,68 8,1,70,,682528,3,0,68 8,1,30,,682523,3,0,68 8,1
34104,'5',502,,682531,3,0,68 8,1,2200,,682529,3,0,68 8,1,30,,682532,3,0,68 8,1,70,,682533,3,0,68 8,1,30,,682530,3,0,68 8,1
