1202,'1',624,,606668,12,0,31 45 46 8,1,30,,606660,12,0,31 45 46 8,1,67,,606647,12,0,31 45 46 8,1,24,,556719,12,0,31 45 46 8,1,64,,606659,12,0,31 45 46 8,1,24,,606674,12,0,31 45 46 8,1,24,,606648,12,0,31 45 46 8,1,64,,606677,12,0,31 45 46 8,1,24,,606666,12,0,31 45 46 8,1,68,,606681,12,0,31 45 46 8,1,30,,606621,12,0,31 45 46 8,1,70,,515116,12,0,31 45 46 8,1,30,,586278,12,0,31 45 46 8,1,70,,606632,12,0,31 45 46 8,1,30,,502051,12,0,31 45 46 8,1,70,,606623,12,0,31 45 46 8,1,30,,536392,12,0,31 45 46 8,1,70,,606654,12,0,31 45 46 8,1,26,,606639,12,0,31 45 46 8,1,20,,606662,12,0,31 45 46 8,1,62,,374723,12,0,31 45 46 8,1,22,,606655,12,0,31 45 46 8,1,62,,606682,12,0,31 45 46 8,1,22,,606661,12,0,31 45 46 8,1,22,,606624,12,0,31 45 46 8,1,62,,606649,12,0,31 45 46 8,1,22,,606671,12,0,31 45 46 8,1,22,,606642,12,0,31 45 46 8,1,62,,606634,12,0,31 45 46 8,1,22,,606619,12,0,31 45 46 8,1,65,,606652,12,0,31 45 46 8,1,25,,606631,12,0,31 45 46 8,1,27,,547999,12,0,31 45 46 8,1,67,,606678,12,0,31 45 46 8,1,27,,606616,12,0,31 45 46 8,1,67,,429351,12,0,31 45 46 8,1,27,,586091,12,0,31 45 46 8,1,68,,606641,12,0,31 45 46 8,1
8602,'1',522,,649844,15,0,55 15,1,7,,649877,20,0,55 15,1,7,,649823,20,0,55 15,1,8,,526601,20,0,55 15,1,8,,649879,15,0,55 15,1,7,,649895,20,0,55 15,1,48,,649933,20,0,55 15,1,7,,649850,20,0,55 15,1,7,,649902,15,0,55 15,1,6,,564107,20,0,55 15,1,6,,649924,20,0,55 15,1,6,,649869,15,0,55 15,1,6,,649910,13,0,55 15,1,6,,649884,20,0,55 15,1,5,,649868,15,0,55 15,1,46,,604019,13,0,55 15,1,6,,649861,20,0,55 15,1,6,,649916,15,0,55 15,1,6,,649815,13,0,55 15,1,6,,649878,21,0,55 15,1,6,,649813,15,0,55 15,1,6,,649838,13,0,55 15,1,6,,649831,21,0,55 15,1,6,,535050,15,0,55 15,1,6,,649859,13,0,55 15,1,46,,649802,21,0,55 15,1,6,,404807,15,0,55 15,1,6,,649833,13,0,55 15,1,6,,649938,21,0,55 15,1,6,,649840,15,0,55 15,1,6,,535082,13,0,55 15,1,6,,559353,21,0,55 15,1,6,,649936,15,0,55 15,1,6,,649829,13,0,55 15,1,6,,649899,21,0,55 15,1,46,,649882,15,0,55 15,1,5,,649843,13,0,55 15,1,6,,649932,21,0,55 15,1,6,,649817,15,0,55 15,1,6,,649857,13,0,55 15,1,6,,593950,21,0,55 15,1,8,,649909,15,0,55 15,1,8,,649837,21,0,55 15,1,8,,649824,15,0,55 15,1,48,,649889,13,0,55 15,1,8,,649907,21,0,55 15,1,8,,585022,15,0,55 15,1,8,,649871,13,0,55 15,1,8,,649847,21,0,55 15,1,8,,649807,15,0,55 15,1,8,,602922,13,0,55 15,1,8,,649903,21,0,55 15,1,48,,649834,15,0,55 15,1,8,,527612,13,0,55 15,1,8,,649906,21,0,55 15,1,8,,649898,15,0,55 15,1,8,,649919,13,0,55 15,1,8,,649900,21,0,55 15,1,8,,524336,15,0,55 15,1,48,,649930,13,0,55 15,1,8,,649822,21,0,55 15,1,8,,513767,15,0,55 15,1,8,,469268,13,0,55 15,1,8,,649935,21,0,55 15,1,8,,649917,15,0,55 15,1,8,,470214,13,0,55 15,1,8,,649812,21,0,55 15,1,48,,649915,15,0,55 15,1,8,,649929,13,0,55 15,1,8,,649816,21,0,55 15,1,8,,649921,15,0,55 15,1,8,,649842,13,0,55 15,1,8,,649928,21,0,55 15,1,8,,436749,15,0,55 15,1,48,,649826,13,0,55 15,1,8,,577148,21,0,55 15,1,8,,649862,15,0,55 15,1,8,,649912,13,0,55 15,1,8,,649897,21,0,55 15,1,6,,649830,15,0,55 15,1,6,,649867,21,0,55 15,1,6,,649811,13,0,55 15,1,6,,649886,15,0,55 15,1,46,,649851,21,0,55 15,1,6,,649876,13,0,55 15,1,6,,649832,15,0,55 15,1,6,,564769,21,0,55 15,1,6,,649864,13,0,55 15,1,6,,649846,15,0,55 15,1,6,,649810,21,0,55 15,1,6,,649808,13,0,55 15,1,6,,649883,15,0,55 15,1,6,,492686,21,0,55 15,1,46,,649870,13,0,55 15,1,6,,649914,15,0,55 15,1,6,,649925,21,0,55 15,1,6,,649835,13,0,55 15,1,6,,649841,15,0,55 15,1,6,,649920,21,0,55 15,1,6,,649893,13,0,55 15,1,6,,649892,15,0,55 15,1,6,,649852,21,0,55 15,1,6,,552673,13,0,55 15,1,46,,649818,15,0,55 15,1,6,,649809,21,0,55 15,1,6,,484531,13,0,55 15,1,6,,649908,15,0,55 15,1,6,,649853,21,0,55 15,1,6,,649896,13,0,55 15,1,6,,649866,15,0,55 15,1,6,,561788,21,0,55 15,1,6,,649827,13,0,55 15,1,6,,649926,15,0,55 15,1,46,,649931,21,0,55 15,1,6,,649845,13,0,55 15,1,6,,649918,15,0,55 15,1,6,,582849,21,0,55 15,1,6,,535526,13,0,55 15,1,6,,649801,15,0,55 15,1,6,,649922,21,0,55 15,1,6,,649803,13,0,55 15,1,6,,649888,15,0,55 15,1,6,,649934,21,0,55 15,1,46,,649854,13,0,55 15,1,5,,379566,15,0,55 15,1,5,,649820,21,0,55 15,1,6,,649858,13,0,55 15,1,6,,649880,15,0,55 15,1,8,,649873,21,0,55 15,1,8,,649819,13,0,55 15,1,8,,598616,20,0,55 15,1,8,,649800,13,0,55 15,1,48,,437537,20,0,55 15,1,8,,649836,13,0,55 15,1,8,,506705,20,0,55 15,1,8,,649872,13,0,55 15,1,8,,649856,20,0,55 15,1,8,,373964,13,0,55 15,1,8,,576134,20,0,55 15,1,48,,649865,13,0,55 15,1,8,,649821,20,0,55 15,1,8,,649806,13,0,55 15,1,8,,649875,20,0,55 15,1,8,,649901,13,0,55 15,1,8,,649839,20,0,55 15,1,9,,557815,13,0,55 15,1,50,,649863,20,0,55 15,1,8,,649849,13,0,55 15,1,8,,649905,20,0,55 15,1,8,,481766,20,0,55 15,1,8,,649814,20,0,55 15,1,8,,649887,20,0,55 15,1,8,,649825,20,0,55 15,1,8,,649848,20,0,55 15,1,48,,649828,20,0,55 15,1,8,,649937,20,0,55 15,1,8,,602595,20,0,55 15,1,8,,649874,20,0,55 15,1,8,,557371,20,0,55 15,1,8,,381431,20,0,55 15,1,8,,649927,20,0,55 15,1,48,,649891,20,0,55 15,1,8,,649913,20,0,55 15,1,8,,649923,20,0,55 15,1,8,,649804,20,0,55 15,1,8,,649885,20,0,55 15,1,8,,649881,20,0,55 15,1,8,,519123,20,0,55 15,1,8,,553093,20,0,55 15,1,48,,649855,20,0,55 15,1,8,,518764,20,0,55 15,1,9,,649904,20,0,55 15,1,15,,649890,20,0,55 15,1,13,,649860,20,0,55 15,1,55,,649894,20,0,55 15,1
8602,'2',531,,649941,15,0,55 15,1,6,,519459,20,0,55 15,1,10,,650022,20,0,55 15,1,10,,649942,20,0,55 15,1,45,,650021,15,0,55 15,1,5,,649961,20,0,55 15,1,10,,560834,20,0,55 15,1,10,,571573,20,0,55 15,1,5,,650052,15,0,55 15,1,5,,649991,20,0,55 15,1,10,,649986,20,0,55 15,1,5,,650040,15,0,55 15,1,5,,537469,20,0,55 15,1,50,,649954,20,0,55 15,1,5,,650046,15,0,55 15,1,5,,650051,20,0,55 15,1,10,,650003,20,0,55 15,1,5,,650018,15,0,55 15,1,5,,649953,20,0,55 15,1,10,,650059,20,0,55 15,1,5,,515513,15,0,55 15,1,4,,650009,20,0,55 15,1,50,,465491,21,0,55 15,1,9,,649957,21,0,55 15,1,5,,649960,15,0,55 15,1,6,,650058,21,0,55 15,1,10,,536031,21,0,55 15,1,5,,650001,15,0,55 15,1,5,,649995,21,0,55 15,1,10,,433376,21,0,55 15,1,45,,650075,15,0,55 15,1,5,,649977,21,0,55 15,1,10,,650037,21,0,55 15,1,5,,650064,15,0,55 15,1,5,,524978,21,0,55 15,1,10,,578632,21,0,55 15,1,5,,650033,15,0,55 15,1,5,,649989,21,0,55 15,1,10,,650044,21,0,55 15,1,45,,649999,15,0,55 15,1,5,,649990,21,0,55 15,1,10,,649976,21,0,55 15,1,5,,602286,15,0,55 15,1,5,,650056,21,0,55 15,1,10,,649970,21,0,55 15,1,5,,649973,15,0,55 15,1,5,,649963,21,0,55 15,1,10,,649980,21,0,55 15,1,45,,649966,15,0,55 15,1,5,,650007,21,0,55 15,1,10,,650010,21,0,55 15,1,5,,650072,15,0,55 15,1,5,,650005,21,0,55 15,1,10,,650014,21,0,55 15,1,5,,473758,15,0,55 15,1,5,,557839,21,0,55 15,1,8,,650020,21,0,55 15,1,4,,650026,15,0,55 15,1,44,,650038,21,0,55 15,1,11,,650006,21,0,55 15,1,5,,649985,15,0,55 15,1,5,,650025,21,0,55 15,1,10,,649958,21,0,55 15,1,5,,649964,15,0,55 15,1,5,,649978,21,0,55 15,1,10,,650032,21,0,55 15,1,5,,650054,15,0,55 15,1,45,,650074,21,0,55 15,1,10,,650039,21,0,55 15,1,5,,649962,15,0,55 15,1,5,,584774,21,0,55 15,1,10,,649939,21,0,55 15,1,5,,650031,15,0,55 15,1,5,,650069,21,0,55 15,1,10,,649947,21,0,55 15,1,5,,650012,15,0,55 15,1,45,,650030,21,0,55 15,1,10,,650043,21,0,55 15,1,5,,649998,15,0,55 15,1,5,,603041,21,0,55 15,1,10,,650068,21,0,55 15,1,5,,649993,15,0,55 15,1,5,,650011,21,0,55 15,1,10,,649946,21,0,55 15,1,5,,650078,15,0,55 15,1,45,,650016,21,0,55 15,1,10,,553623,21,0,55 15,1,5,,649992,15,0,55 15,1,5,,649943,21,0,55 15,1,10,,649996,21,0,55 15,1,5,,649983,15,0,55 15,1,5,,649987,21,0,55 15,1,10,,650057,21,0,55 15,1,5,,650062,15,0,55 15,1,45,,598421,21,0,55 15,1,10,,649940,21,0,55 15,1,5,,530508,15,0,55 15,1,5,,650029,21,0,55 15,1,10,,650034,21,0,55 15,1,5,,649945,15,0,55 15,1,5,,494633,21,0,55 15,1,10,,649969,21,0,55 15,1,5,,650027,15,0,55 15,1,45,,650055,21,0,55 15,1,10,,649952,21,0,55 15,1,5,,650041,15,0,55 15,1,5,,526636,21,0,55 15,1,10,,650019,21,0,55 15,1,5,,650077,15,0,55 15,1,5,,649944,21,0,55 15,1,10,,650061,21,0,55 15,1,5,,650070,15,0,55 15,1,45,,649972,21,0,55 15,1,10,,650002,21,0,55 15,1,5,,649955,15,0,55 15,1,5,,649981,21,0,55 15,1,10,,586880,21,0,55 15,1,5,,650013,15,0,55 15,1,5,,650004,21,0,55 15,1,10,,650000,21,0,55 15,1,5,,650053,15,0,55 15,1,45,,485533,21,0,55 15,1,10,,650035,21,0,55 15,1,5,,491770,15,0,55 15,1,5,,516432,21,0,55 15,1,10,,649951,20,0,55 15,1,10,,524441,20,0,55 15,1,9,,649965,20,0,55 15,1,48,,650060,20,0,55 15,1,8,,650049,20,0,55 15,1,8,,650008,20,0,55 15,1,8,,650066,20,0,55 15,1,8,,581500,20,0,55 15,1,8,,649974,20,0,55 15,1,8,,650028,20,0,55 15,1,8,,649982,20,0,55 15,1,48,,589980,20,0,55 15,1,8,,556248,20,0,55 15,1,8,,649949,20,0,55 15,1,8,,650065,20,0,55 15,1,8,,649950,20,0,55 15,1,8,,650076,20,0,55 15,1,8,,649984,20,0,55 15,1,48,,649948,20,0,55 15,1,6,,586504,20,0,55 15,1,8,,650024,20,0,55 15,1,7,,649979,20,0,55 15,1,10,,649988,20,0,55 15,1,10,,650015,20,0,55 15,1,10,,650047,20,0,55 15,1,50,,649968,20,0,55 15,1,10,,650063,20,0,55 15,1,10,,650036,20,0,55 15,1,10,,649971,20,0,55 15,1,10,,650048,20,0,55 15,1,10,,650023,20,0,55 15,1,50,,650045,20,0,55 15,1,10,,649994,20,0,55 15,1,10,,650050,20,0,55 15,1,10,,650073,20,0,55 15,1,10,,522809,20,0,55 15,1,10,,649956,20,0,55 15,1,50,,650067,20,0,55 15,1,10,,650071,20,0,55 15,1,12,,649959,20,0,55 15,1,15,,649997,20,0,55 15,1,13,,650017,20,0,55 15,1,55,,650042,20,0,55 15,1
8602,'3',740,,650117,20,0,55 15,1,10,,650159,20,0,55 15,1,9,,650185,20,0,55 15,1,48,,650134,21,0,55 15,1,9,,650156,21,0,55 15,1,10,,650128,21,0,55 15,1,8,,650173,21,0,55 15,1,8,,525171,21,0,55 15,1,8,,650106,21,0,55 15,1,8,,650139,21,0,55 15,1,48,,554804,21,0,55 15,1,8,,557287,21,0,55 15,1,8,,650132,21,0,55 15,1,8,,650163,21,0,55 15,1,8,,650151,21,0,55 15,1,8,,650169,21,0,55 15,1,8,,650155,21,0,55 15,1,48,,650157,21,0,55 15,1,8,,650184,21,0,55 15,1,8,,650174,21,0,55 15,1,8,,650135,21,0,55 15,1,8,,439669,21,0,55 15,1,8,,650089,21,0,55 15,1,8,,650081,21,0,55 15,1,8,,650181,21,0,55 15,1,48,,650137,21,0,55 15,1,8,,650080,21,0,55 15,1,8,,650107,21,0,55 15,1,8,,650108,21,0,55 15,1,8,,650140,21,0,55 15,1,8,,650102,21,0,55 15,1,8,,650170,21,0,55 15,1,47,,650175,21,0,55 15,1,8,,650145,21,0,55 15,1,8,,650113,21,0,55 15,1,8,,650122,21,0,55 15,1,8,,650165,21,0,55 15,1,8,,550877,21,0,55 15,1,8,,650085,21,0,55 15,1,8,,650114,21,0,55 15,1,48,,650090,21,0,55 15,1,8,,650167,21,0,55 15,1,8,,650136,21,0,55 15,1,8,,650093,21,0,55 15,1,8,,650086,21,0,55 15,1,8,,597056,21,0,55 15,1,8,,650162,21,0,55 15,1,48,,650112,21,0,55 15,1,8,,513584,21,0,55 15,1,8,,565522,21,0,55 15,1,8,,650091,21,0,55 15,1,8,,650123,21,0,55 15,1,8,,650177,21,0,55 15,1,8,,650186,21,0,55 15,1,8,,650130,21,0,55 15,1,48,,650146,21,0,55 15,1,8,,650087,21,0,55 15,1,8,,548514,21,0,55 15,1,8,,650095,21,0,55 15,1,8,,562849,21,0,55 15,1,8,,650176,21,0,55 15,1,8,,572995,21,0,55 15,1,48,,650126,21,0,55 15,1,8,,650104,21,0,55 15,1,8,,650154,21,0,55 15,1,8,,650120,21,0,55 15,1,8,,650110,21,0,55 15,1,8,,650183,21,0,55 15,1,8,,650083,21,0,55 15,1,8,,650161,21,0,55 15,1,48,,650171,21,0,55 15,1,8,,650092,21,0,55 15,1,8,,650158,21,0,55 15,1,8,,650133,21,0,55 15,1,8,,650180,21,0,55 15,1,8,,650142,21,0,55 15,1,8,,650111,21,0,55 15,1,48,,525630,21,0,55 15,1,8,,650096,21,0,55 15,1,8,,650179,21,0,55 15,1,8,,650131,21,0,55 15,1,8,,650109,21,0,55 15,1,8,,650160,21,0,55 15,1,8,,650099,21,0,55 15,1,8,,650127,21,0,55 15,1,48,,650149,21,0,55 15,1,8,,394574,21,0,55 15,1,9,,650094,21,0,55 15,1,11,,547342,20,0,55 15,1,11,,650143,20,0,55 15,1,10,,650115,20,0,55 15,1,50,,650116,20,0,55 15,1,10,,650118,20,0,55 15,1,10,,650150,20,0,55 15,1,10,,650153,20,0,55 15,1,10,,650124,20,0,55 15,1,10,,650147,20,0,55 15,1,50,,595799,20,0,55 15,1,10,,562333,20,0,55 15,1,10,,650129,20,0,55 15,1,10,,650182,20,0,55 15,1,10,,650144,20,0,55 15,1,10,,650082,20,0,55 15,1,50,,552515,20,0,55 15,1,9,,650098,20,0,55 15,1,8,,546477,20,0,55 15,1,10,,650168,20,0,55 15,1,10,,650166,20,0,55 15,1,10,,650103,20,0,55 15,1,50,,650141,20,0,55 15,1,10,,650152,20,0,55 15,1,10,,650148,20,0,55 15,1,10,,650079,20,0,55 15,1,10,,650121,20,0,55 15,1,10,,650172,20,0,55 15,1,50,,530554,20,0,55 15,1,10,,650100,20,0,55 15,1,10,,650125,20,0,55 15,1,10,,650105,20,0,55 15,1,10,,650138,20,0,55 15,1,10,,650084,20,0,55 15,1,50,,650119,20,0,55 15,1,10,,650164,20,0,55 15,1,12,,650097,20,0,55 15,1,15,,650101,20,0,55 15,1,13,,650088,20,0,55 15,1,55,,650178,20,0,55 15,1
8602,'5',529,,567391,20,0,55 15,1,17,,650259,20,0,55 15,1,54,,650236,20,0,55 15,1,10,,650289,20,0,55 15,1,10,,650279,20,0,55 15,1,10,,650285,20,0,55 15,1,10,,650260,20,0,55 15,1,10,,523026,20,0,55 15,1,50,,548598,20,0,55 15,1,10,,526490,20,0,55 15,1,10,,650265,20,0,55 15,1,10,,650195,20,0,55 15,1,8,,650263,20,0,55 15,1,10,,650284,20,0,55 15,1,9,,650223,20,0,55 15,1,50,,650294,21,0,55 15,1,9,,650270,21,0,55 15,1,10,,568866,21,0,55 15,1,8,,650200,21,0,55 15,1,8,,650229,21,0,55 15,1,8,,540786,21,0,55 15,1,8,,650292,21,0,55 15,1,48,,650296,21,0,55 15,1,8,,650261,21,0,55 15,1,8,,650217,21,0,55 15,1,8,,650258,21,0,55 15,1,8,,650281,21,0,55 15,1,8,,650192,21,0,55 15,1,8,,650215,21,0,55 15,1,48,,650226,21,0,55 15,1,8,,574940,21,0,55 15,1,8,,650197,21,0,55 15,1,8,,650209,21,0,55 15,1,8,,650207,21,0,55 15,1,8,,650193,21,0,55 15,1,8,,650253,21,0,55 15,1,8,,650268,21,0,55 15,1,48,,650266,21,0,55 15,1,8,,562111,21,0,55 15,1,8,,519712,21,0,55 15,1,8,,650297,21,0,55 15,1,8,,650269,21,0,55 15,1,8,,650230,21,0,55 15,1,8,,650222,21,0,55 15,1,47,,650244,21,0,55 15,1,8,,650188,21,0,55 15,1,8,,650282,21,0,55 15,1,8,,650220,21,0,55 15,1,8,,650235,21,0,55 15,1,8,,650211,21,0,55 15,1,8,,650293,21,0,55 15,1,8,,650267,21,0,55 15,1,48,,650288,21,0,55 15,1,8,,650189,21,0,55 15,1,8,,650231,21,0,55 15,1,8,,650295,21,0,55 15,1,8,,650274,21,0,55 15,1,8,,650219,21,0,55 15,1,8,,520059,21,0,55 15,1,48,,650225,21,0,55 15,1,8,,650221,21,0,55 15,1,8,,650242,21,0,55 15,1,8,,650291,21,0,55 15,1,8,,650251,21,0,55 15,1,8,,650240,21,0,55 15,1,8,,650287,21,0,55 15,1,8,,650224,21,0,55 15,1,48,,650196,21,0,55 15,1,8,,650256,21,0,55 15,1,8,,650286,21,0,55 15,1,8,,650191,21,0,55 15,1,8,,650190,21,0,55 15,1,8,,650227,21,0,55 15,1,8,,650206,21,0,55 15,1,48,,650237,21,0,55 15,1,8,,574618,21,0,55 15,1,8,,538925,21,0,55 15,1,8,,650194,21,0,55 15,1,8,,650290,21,0,55 15,1,8,,650243,21,0,55 15,1,8,,650271,21,0,55 15,1,8,,650214,21,0,55 15,1,48,,650264,21,0,55 15,1,8,,650262,21,0,55 15,1,8,,650238,21,0,55 15,1,8,,650187,21,0,55 15,1,8,,650202,21,0,55 15,1,8,,567927,21,0,55 15,1,8,,650255,21,0,55 15,1,48,,650283,21,0,55 15,1,8,,650300,21,0,55 15,1,8,,650241,21,0,55 15,1,8,,650298,21,0,55 15,1,8,,650239,21,0,55 15,1,8,,650275,21,0,55 15,1,8,,650247,21,0,55 15,1,8,,650204,21,0,55 15,1,48,,572467,21,0,55 15,1,8,,650232,21,0,55 15,1,9,,650272,21,0,55 15,1,11,,650198,20,0,55 15,1,11,,650212,20,0,55 15,1,10,,599574,20,0,55 15,1,50,,650249,20,0,55 15,1,10,,575109,20,0,55 15,1,10,,650277,20,0,55 15,1,10,,650216,20,0,55 15,1,10,,650245,20,0,55 15,1,10,,650210,20,0,55 15,1,50,,549491,20,0,55 15,1,10,,650246,20,0,55 15,1,10,,650254,20,0,55 15,1,10,,650257,20,0,55 15,1,10,,650218,20,0,55 15,1,10,,650208,20,0,55 15,1,50,,650203,20,0,55 15,1,9,,517969,20,0,55 15,1,8,,650234,20,0,55 15,1,10,,587811,20,0,55 15,1,10,,650199,20,0,55 15,1,10,,650213,20,0,55 15,1,50,,650252,20,0,55 15,1,10,,650228,20,0,55 15,1,10,,650233,20,0,55 15,1,10,,650280,20,0,55 15,1,10,,650205,20,0,55 15,1,10,,524229,20,0,55 15,1,50,,562032,20,0,55 15,1,10,,571212,20,0,55 15,1,10,,650299,20,0,55 15,1,10,,573370,20,0,55 15,1,10,,538976,20,0,55 15,1,10,,650248,20,0,55 15,1,50,,650201,20,0,55 15,1,10,,650273,20,0,55 15,1,12,,580379,20,0,55 15,1,15,,650278,20,0,55 15,1,13,,650250,20,0,55 15,1,55,,650276,20,0,55 15,1
11602,'1',522,,560706,37,0,55 15,1,9,,666261,37,0,55 15,1,9,,570680,37,0,55 15,1,11,,666263,37,0,55 15,1,49,,666328,37,0,55 15,1,9,,666326,37,0,55 15,1,8,,666307,37,0,55 15,1,8,,666270,37,0,55 15,1,8,,666257,37,0,55 15,1,8,,666329,37,0,55 15,1,8,,666321,37,0,55 15,1,7,,666289,37,0,55 15,1,48,,666245,37,0,55 15,1,8,,666317,37,0,55 15,1,8,,558772,37,0,55 15,1,8,,535516,37,0,55 15,1,8,,666275,37,0,55 15,1,7,,666346,37,0,55 15,1,7,,600745,37,0,55 15,1,7,,579309,37,0,55 15,1,47,,557178,37,0,55 15,1,7,,666284,37,0,55 15,1,7,,666349,37,0,55 15,1,7,,666266,37,0,55 15,1,7,,485068,37,0,55 15,1,7,,666276,37,0,55 15,1,7,,666248,37,0,55 15,1,7,,515958,37,0,55 15,1,47,,666304,37,0,55 15,1,7,,666277,37,0,55 15,1,6,,666347,37,0,55 15,1,7,,666259,37,0,55 15,1,8,,666241,37,0,55 15,1,7,,666333,37,0,55 15,1,8,,666352,37,0,55 15,1,8,,666264,37,0,55 15,1,8,,528166,37,0,55 15,1,48,,666250,37,0,55 15,1,8,,666267,37,0,55 15,1,8,,666348,37,0,55 15,1,8,,666271,37,0,55 15,1,8,,484098,37,0,55 15,1,8,,666273,37,0,55 15,1,8,,666290,37,0,55 15,1,48,,666325,37,0,55 15,1,8,,666330,37,0,55 15,1,8,,666344,37,0,55 15,1,8,,549197,37,0,55 15,1,8,,666312,37,0,55 15,1,8,,596608,37,0,55 15,1,8,,666355,37,0,55 15,1,8,,666334,37,0,55 15,1,48,,571438,37,0,55 15,1,8,,574390,37,0,55 15,1,8,,666343,37,0,55 15,1,8,,666292,37,0,55 15,1,8,,666338,37,0,55 15,1,8,,593656,37,0,55 15,1,8,,666252,37,0,55 15,1,48,,556158,37,0,55 15,1,8,,666351,37,0,55 15,1,8,,585329,37,0,55 15,1,8,,666319,37,0,55 15,1,8,,666281,37,0,55 15,1,8,,666350,37,0,55 15,1,8,,666345,37,0,55 15,1,49,,533192,37,0,55 15,1,9,,666246,37,0,55 15,1,9,,666286,37,0,55 15,1,8,,666310,37,0,55 15,1,8,,666331,37,0,55 15,1,8,,666291,37,0,55 15,1,8,,666280,37,0,55 15,1,8,,666316,37,0,55 15,1,48,,666282,37,0,55 15,1,8,,554888,37,0,55 15,1,8,,666320,37,0,55 15,1,8,,666265,37,0,55 15,1,8,,523055,37,0,55 15,1,8,,666354,37,0,55 15,1,8,,533747,37,0,55 15,1,48,,666311,37,0,55 15,1,8,,557040,37,0,55 15,1,8,,666258,37,0,55 15,1,8,,666335,37,0,55 15,1,8,,666293,37,0,55 15,1,8,,666269,37,0,55 15,1,8,,473569,37,0,55 15,1,8,,575619,37,0,55 15,1,48,,666340,37,0,55 15,1,8,,586812,37,0,55 15,1,8,,666295,37,0,55 15,1,8,,666303,37,0,55 15,1,8,,666294,37,0,55 15,1,8,,601496,37,0,55 15,1,8,,666255,37,0,55 15,1,48,,666278,37,0,55 15,1,8,,666299,37,0,55 15,1,8,,666283,37,0,55 15,1,8,,666285,37,0,55 15,1,8,,666296,37,0,55 15,1,8,,484159,37,0,55 15,1,8,,666251,37,0,55 15,1,8,,666315,37,0,55 15,1,48,,666268,37,0,55 15,1,8,,509320,37,0,55 15,1,8,,666332,37,0,55 15,1,8,,666300,37,0,55 15,1,8,,666243,37,0,55 15,1,8,,666272,37,0,55 15,1,8,,666247,37,0,55 15,1,48,,666253,37,0,55 15,1,6,,666341,37,0,55 15,1,7,,666309,37,0,55 15,1,7,,666305,37,0,55 15,1,6,,666314,37,0,55 15,1,7,,493455,37,0,55 15,1,8,,666301,37,0,55 15,1,8,,666297,37,0,55 15,1,8,,666324,37,0,55 15,1,48,,666322,37,0,55 15,1,8,,666256,37,0,55 15,1,8,,559780,37,0,55 15,1,8,,421758,37,0,55 15,1,8,,598041,37,0,55 15,1,8,,666279,37,0,55 15,1,8,,666323,37,0,55 15,1,48,,666342,37,0,55 15,1,9,,666327,37,0,55 15,1,9,,666336,37,0,55 15,1,8,,567940,37,0,55 15,1,10,,666254,37,0,55 15,1,10,,666308,37,0,55 15,1,10,,666262,37,0,55 15,1,50,,666287,37,0,55 15,1,10,,666302,37,0,55 15,1,10,,666274,37,0,55 15,1,10,,666249,37,0,55 15,1,10,,666288,37,0,55 15,1,10,,666260,37,0,55 15,1,50,,666353,37,0,55 15,1,10,,666318,37,0,55 15,1,10,,666337,37,0,55 15,1,10,,666306,37,0,55 15,1,10,,666298,37,0,55 15,1,10,,666244,37,0,55 15,1,50,,666339,37,0,55 15,1,10,,530988,37,0,55 15,1,11,,666242,37,0,55 15,1,14,,495541,37,0,55 15,1,14,,666313,37,0,55 15,1
11602,'2',522,,666418,37,0,55 15,1,14,,547196,37,0,55 15,1,12,,506551,37,0,55 15,1,52,,666398,37,0,55 15,1,10,,666362,37,0,55 15,1,10,,666395,37,0,55 15,1,10,,565378,37,0,55 15,1,10,,666455,37,0,55 15,1,10,,666358,37,0,55 15,1,50,,666456,37,0,55 15,1,10,,666429,37,0,55 15,1,10,,666452,37,0,55 15,1,10,,547042,37,0,55 15,1,10,,666400,37,0,55 15,1,10,,666361,37,0,55 15,1,50,,666447,37,0,55 15,1,10,,563506,37,0,55 15,1,10,,597470,37,0,55 15,1,11,,666426,37,0,55 15,1,10,,666374,37,0,55 15,1,10,,587932,37,0,55 15,1,50,,666384,37,0,55 15,1,10,,666413,37,0,55 15,1,10,,666387,37,0,55 15,1,10,,470987,37,0,55 15,1,10,,666420,37,0,55 15,1,10,,666399,37,0,55 15,1,50,,666441,37,0,55 15,1,10,,666394,37,0,55 15,1,10,,666412,37,0,55 15,1,10,,542915,37,0,55 15,1,10,,541115,37,0,55 15,1,10,,666434,37,0,55 15,1,50,,666402,37,0,55 15,1,10,,528311,37,0,55 15,1,10,,666415,37,0,55 15,1,10,,666446,37,0,55 15,1,10,,502515,37,0,55 15,1,10,,539761,37,0,55 15,1,50,,456226,37,0,55 15,1,10,,666380,37,0,55 15,1,10,,553248,37,0,55 15,1,10,,666392,37,0,55 15,1,8,,666401,37,0,55 15,1,8,,666403,37,0,55 15,1,7,,666408,37,0,55 15,1,48,,666416,37,0,55 15,1,7,,666409,37,0,55 15,1,8,,666453,37,0,55 15,1,7,,666439,37,0,55 15,1,8,,666360,37,0,55 15,1,7,,587672,37,0,55 15,1,8,,666369,37,0,55 15,1,7,,666436,37,0,55 15,1,48,,407317,37,0,55 15,1,7,,666445,37,0,55 15,1,8,,666367,37,0,55 15,1,7,,586874,37,0,55 15,1,8,,666417,37,0,55 15,1,7,,597576,37,0,55 15,1,8,,666377,37,0,55 15,1,7,,586309,37,0,55 15,1,48,,666390,37,0,55 15,1,7,,666438,37,0,55 15,1,8,,666364,37,0,55 15,1,7,,499036,37,0,55 15,1,8,,666406,37,0,55 15,1,7,,666383,37,0,55 15,1,8,,666378,37,0,55 15,1,7,,666368,37,0,55 15,1,48,,666432,37,0,55 15,1,7,,666397,37,0,55 15,1,8,,666371,37,0,55 15,1,7,,666435,37,0,55 15,1,8,,666386,37,0,55 15,1,7,,666425,37,0,55 15,1,8,,666424,37,0,55 15,1,7,,666430,37,0,55 15,1,48,,666457,37,0,55 15,1,7,,666450,37,0,55 15,1,8,,666423,37,0,55 15,1,7,,491523,37,0,55 15,1,8,,666448,37,0,55 15,1,7,,666366,37,0,55 15,1,8,,581154,37,0,55 15,1,7,,496357,37,0,55 15,1,48,,666427,37,0,55 15,1,7,,586689,37,0,55 15,1,8,,666389,37,0,55 15,1,7,,666381,37,0,55 15,1,8,,514516,37,0,55 15,1,7,,666414,37,0,55 15,1,8,,666376,37,0,55 15,1,7,,666388,37,0,55 15,1,48,,597546,37,0,55 15,1,7,,666410,37,0,55 15,1,8,,666379,37,0,55 15,1,7,,666437,37,0,55 15,1,8,,589018,37,0,55 15,1,7,,545315,37,0,55 15,1,8,,666428,37,0,55 15,1,7,,666419,37,0,55 15,1,48,,666444,37,0,55 15,1,7,,666422,37,0,55 15,1,7,,516442,37,0,55 15,1,7,,666443,37,0,55 15,1,7,,558927,37,0,55 15,1,10,,666404,37,0,55 15,1,10,,666431,37,0,55 15,1,50,,666382,37,0,55 15,1,10,,666433,37,0,55 15,1,10,,666405,37,0,55 15,1,10,,666451,37,0,55 15,1,10,,520379,37,0,55 15,1,10,,666365,37,0,55 15,1,50,,666407,37,0,55 15,1,9,,666363,37,0,55 15,1,9,,666359,37,0,55 15,1,8,,666375,37,0,55 15,1,10,,666372,37,0,55 15,1,10,,666449,37,0,55 15,1,10,,666370,37,0,55 15,1,50,,558328,37,0,55 15,1,10,,666385,37,0,55 15,1,10,,666373,37,0,55 15,1,10,,541879,37,0,55 15,1,10,,409167,37,0,55 15,1,10,,666440,37,0,55 15,1,50,,666442,37,0,55 15,1,10,,666393,37,0,55 15,1,10,,603077,37,0,55 15,1,10,,666454,37,0,55 15,1,10,,558884,37,0,55 15,1,10,,666421,37,0,55 15,1,50,,666411,37,0,55 15,1,10,,666391,37,0,55 15,1,15,,666356,37,0,55 15,1,13,,666396,37,0,55 15,1,14,,666357,37,0,55 15,1
11602,'3',712,,666484,37,0,55 15,1,9,,666551,37,0,55 15,1,10,,666534,37,0,55 15,1,10,,666548,37,0,55 15,1,10,,666490,37,0,55 15,1,50,,666470,37,0,55 15,1,10,,666471,37,0,55 15,1,10,,666499,37,0,55 15,1,10,,666536,37,0,55 15,1,10,,666459,37,0,55 15,1,10,,556418,37,0,55 15,1,50,,666528,37,0,55 15,1,10,,666529,37,0,55 15,1,10,,666542,37,0,55 15,1,10,,515824,37,0,55 15,1,10,,666515,37,0,55 15,1,10,,573980,37,0,55 15,1,50,,666497,37,0,55 15,1,10,,666487,37,0,55 15,1,10,,666464,37,0,55 15,1,10,,467103,37,0,55 15,1,10,,527261,37,0,55 15,1,10,,600155,37,0,55 15,1,50,,666533,37,0,55 15,1,10,,666467,37,0,55 15,1,10,,666496,37,0,55 15,1,10,,666553,37,0,55 15,1,10,,666541,37,0,55 15,1,10,,666521,37,0,55 15,1,49,,529708,37,0,55 15,1,9,,666530,37,0,55 15,1,9,,666473,37,0,55 15,1,7,,666507,37,0,55 15,1,8,,666505,37,0,55 15,1,7,,666538,37,0,55 15,1,8,,666482,37,0,55 15,1,7,,666535,37,0,55 15,1,48,,666539,37,0,55 15,1,7,,600946,37,0,55 15,1,8,,666509,37,0,55 15,1,7,,428214,37,0,55 15,1,8,,546114,37,0,55 15,1,7,,666488,37,0,55 15,1,8,,666460,37,0,55 15,1,7,,527879,37,0,55 15,1,48,,666477,37,0,55 15,1,7,,666540,37,0,55 15,1,8,,452521,37,0,55 15,1,7,,666485,37,0,55 15,1,8,,666504,37,0,55 15,1,7,,666531,37,0,55 15,1,8,,666518,37,0,55 15,1,7,,666466,37,0,55 15,1,48,,387041,37,0,55 15,1,7,,666513,37,0,55 15,1,8,,666481,37,0,55 15,1,7,,666463,37,0,55 15,1,8,,666511,37,0,55 15,1,7,,666525,37,0,55 15,1,8,,513547,37,0,55 15,1,7,,666520,37,0,55 15,1,48,,593713,37,0,55 15,1,7,,666543,37,0,55 15,1,8,,666468,37,0,55 15,1,7,,529785,37,0,55 15,1,8,,666503,37,0,55 15,1,7,,666501,37,0,55 15,1,8,,666510,37,0,55 15,1,7,,412398,37,0,55 15,1,48,,666498,37,0,55 15,1,7,,666500,37,0,55 15,1,8,,666537,37,0,55 15,1,7,,593974,37,0,55 15,1,8,,392637,37,0,55 15,1,7,,552272,37,0,55 15,1,8,,666465,37,0,55 15,1,7,,666517,37,0,55 15,1,48,,666555,37,0,55 15,1,7,,666478,37,0,55 15,1,8,,666493,37,0,55 15,1,7,,666469,37,0,55 15,1,8,,666545,37,0,55 15,1,7,,666506,37,0,55 15,1,8,,666523,37,0,55 15,1,7,,666532,37,0,55 15,1,48,,666472,37,0,55 15,1,7,,666486,37,0,55 15,1,8,,666462,37,0,55 15,1,7,,567658,37,0,55 15,1,8,,666475,37,0,55 15,1,7,,666461,37,0,55 15,1,8,,666550,37,0,55 15,1,7,,666489,37,0,55 15,1,48,,525653,37,0,55 15,1,7,,666547,37,0,55 15,1,6,,666479,37,0,55 15,1,7,,576826,37,0,55 15,1,6,,666514,37,0,55 15,1,10,,585986,37,0,55 15,1,10,,666474,37,0,55 15,1,10,,591106,37,0,55 15,1,50,,666526,37,0,55 15,1,10,,666492,37,0,55 15,1,10,,666554,37,0,55 15,1,10,,666476,37,0,55 15,1,10,,666491,37,0,55 15,1,10,,449903,37,0,55 15,1,49,,666516,37,0,55 15,1,9,,553319,37,0,55 15,1,9,,666494,37,0,55 15,1,10,,666524,37,0,55 15,1,10,,666522,37,0,55 15,1,10,,401100,37,0,55 15,1,50,,666502,37,0,55 15,1,10,,666544,37,0,55 15,1,10,,540359,37,0,55 15,1,10,,666552,37,0,55 15,1,10,,666458,37,0,55 15,1,10,,666480,37,0,55 15,1,50,,666495,37,0,55 15,1,10,,666527,37,0,55 15,1,10,,666549,37,0,55 15,1,10,,480514,37,0,55 15,1,10,,666483,37,0,55 15,1,10,,555873,37,0,55 15,1,50,,666512,37,0,55 15,1,10,,666546,37,0,55 15,1,12,,666519,37,0,55 15,1,16,,423835,37,0,55 15,1,14,,666508,37,0,55 15,1
11602,'5',522,,666620,37,0,55 15,1,14,,666614,37,0,55 15,1,13,,666566,37,0,55 15,1,52,,666651,37,0,55 15,1,10,,515107,37,0,55 15,1,10,,666626,37,0,55 15,1,10,,666562,37,0,55 15,1,10,,666593,37,0,55 15,1,10,,538001,37,0,55 15,1,50,,596463,37,0,55 15,1,10,,666670,37,0,55 15,1,10,,666591,37,0,55 15,1,10,,666574,37,0,55 15,1,10,,666662,37,0,55 15,1,10,,666654,37,0,55 15,1,50,,666608,37,0,55 15,1,10,,573368,37,0,55 15,1,10,,666616,37,0,55 15,1,10,,666571,37,0,55 15,1,10,,666661,37,0,55 15,1,10,,666668,37,0,55 15,1,50,,666558,37,0,55 15,1,10,,666648,37,0,55 15,1,10,,666671,37,0,55 15,1,10,,666582,37,0,55 15,1,10,,666599,37,0,55 15,1,10,,577082,37,0,55 15,1,50,,666666,37,0,55 15,1,10,,666634,37,0,55 15,1,10,,666669,37,0,55 15,1,10,,666640,37,0,55 15,1,10,,666652,37,0,55 15,1,10,,666588,37,0,55 15,1,50,,666560,37,0,55 15,1,10,,666639,37,0,55 15,1,10,,666603,37,0,55 15,1,10,,666618,37,0,55 15,1,10,,529244,37,0,55 15,1,10,,578429,37,0,55 15,1,49,,666605,37,0,55 15,1,9,,666617,37,0,55 15,1,9,,533454,37,0,55 15,1,7,,666596,37,0,55 15,1,8,,565110,37,0,55 15,1,7,,666597,37,0,55 15,1,8,,666581,37,0,55 15,1,7,,587976,37,0,55 15,1,48,,666657,37,0,55 15,1,7,,666632,37,0,55 15,1,8,,666637,37,0,55 15,1,7,,666557,37,0,55 15,1,8,,666587,37,0,55 15,1,7,,666663,37,0,55 15,1,8,,666624,37,0,55 15,1,7,,666594,37,0,55 15,1,48,,666633,37,0,55 15,1,7,,666607,37,0,55 15,1,8,,666638,37,0,55 15,1,7,,666630,37,0,55 15,1,8,,666592,37,0,55 15,1,7,,666559,37,0,55 15,1,8,,666576,37,0,55 15,1,7,,666664,37,0,55 15,1,48,,666612,37,0,55 15,1,7,,666625,37,0,55 15,1,8,,666600,37,0,55 15,1,7,,666606,37,0,55 15,1,8,,666655,37,0,55 15,1,7,,666595,37,0,55 15,1,8,,540065,37,0,55 15,1,7,,666586,37,0,55 15,1,48,,666583,37,0,55 15,1,7,,544353,37,0,55 15,1,8,,666615,37,0,55 15,1,7,,513994,37,0,55 15,1,8,,541572,37,0,55 15,1,7,,666631,37,0,55 15,1,8,,571834,37,0,55 15,1,7,,666584,37,0,55 15,1,48,,666619,37,0,55 15,1,7,,666573,37,0,55 15,1,8,,666585,37,0,55 15,1,7,,666613,37,0,55 15,1,8,,666622,37,0,55 15,1,7,,666642,37,0,55 15,1,8,,666627,37,0,55 15,1,7,,666646,37,0,55 15,1,48,,586219,37,0,55 15,1,7,,590924,37,0,55 15,1,8,,529882,37,0,55 15,1,7,,666598,37,0,55 15,1,8,,666602,37,0,55 15,1,7,,666601,37,0,55 15,1,8,,666590,37,0,55 15,1,7,,666647,37,0,55 15,1,48,,666660,37,0,55 15,1,7,,666667,37,0,55 15,1,8,,666659,37,0,55 15,1,7,,666621,37,0,55 15,1,8,,666578,37,0,55 15,1,7,,666611,37,0,55 15,1,8,,666580,37,0,55 15,1,7,,666650,37,0,55 15,1,48,,666644,37,0,55 15,1,7,,666628,37,0,55 15,1,6,,666623,37,0,55 15,1,7,,666577,37,0,55 15,1,6,,583735,37,0,55 15,1,10,,666569,37,0,55 15,1,10,,666635,37,0,55 15,1,10,,666645,37,0,55 15,1,50,,666565,37,0,55 15,1,10,,666636,37,0,55 15,1,10,,666579,37,0,55 15,1,10,,666572,37,0,55 15,1,10,,666649,37,0,55 15,1,10,,666609,37,0,55 15,1,49,,666564,37,0,55 15,1,9,,666629,37,0,55 15,1,9,,666665,37,0,55 15,1,10,,666561,37,0,55 15,1,10,,666672,37,0,55 15,1,10,,666563,37,0,55 15,1,50,,666556,37,0,55 15,1,10,,552612,37,0,55 15,1,10,,666610,37,0,55 15,1,10,,666643,37,0,55 15,1,10,,666604,37,0,55 15,1,10,,666658,37,0,55 15,1,50,,666589,37,0,55 15,1,10,,666575,37,0,55 15,1,10,,666656,37,0,55 15,1,10,,666567,37,0,55 15,1,10,,666653,37,0,55 15,1,10,,666641,37,0,55 15,1,50,,535883,37,0,55 15,1,10,,561059,37,0,55 15,1,12,,666568,37,0,55 15,1,16,,666570,37,0,55 15,1,14,,525895,37,0,55 15,1
33402,'1',358,,681935,44,0,17 154 8,1,70,,566142,44,0,17 154 8,1,30,,681949,44,0,17 154 8,1,2170,,568939,44,0,34 236 261,1,30,,681946,44,0,34 236 261,1,70,,538099,44,0,34 236 261,1
33402,'2',358,,681952,44,0,34 236 261,1,70,,681969,44,0,17 154 8,1,30,,681968,44,0,17 154 8,1,2170,,681964,44,0,34 236 261,1,30,,681956,44,0,34 236 261,1,70,,681966,44,0,34 236 261,1
33402,'3',358,,682009,44,0,34 236 261,1,70,,681996,44,0,34 236 261,1,30,,681987,44,0,34 52 53 8,1,67,,682006,44,0,34 52 53 8,1,20,,682010,44,0,34 52 53 8,1,60,,682007,44,0,34 52 53 8,1,20,,681980,44,0,34 52 53 8,1,20,,681998,44,0,34 52 53 8,1,57,,529728,44,0,17 154 8,1,1926,,402077,44,0,34 236 261,1,30,,681978,44,0,34 236 261,1,70,,681977,44,0,34 236 261,1
33402,'5',358,,682033,44,0,34 236 261,1,70,,682028,44,0,17 154 8,1,30,,682021,44,0,17 154 8,1,2170,,682018,44,0,34 236 261,1,30,,682030,44,0,34 236 261,1,70,,682020,44,0,34 236 261,1
38602,'1',426,,683117,20,0,55 8,1,15,,572025,20,0,55 8,1,15,,683118,20,0,55 8,1,50,,683119,20,0,55 8,1,10,,683115,20,0,55 8,1,2110,,528123,20,0,55 8,1,30,,471461,20,0,55 8,1,70,,683116,20,0,55 8,1,30,,683120,20,0,55 8,1
38602,'2',426,,476609,20,0,55 8,1,30,,528876,20,0,55 8,1,60,,683121,20,0,55 8,1,2110,,683122,20,0,55 8,1,30,,602707,20,0,55 8,1,70,,586329,20,0,55 8,1,30,,683123,20,0,55 8,1
38602,'3',426,,564253,20,0,55 8,1,30,,683125,20,0,55 8,1,60,,530882,20,0,55 8,1,15,,683135,20,0,55 8,1,18,,683128,20,0,55 8,1,51,,683134,20,0,55 8,1,10,,683130,20,0,55 8,1,10,,683132,20,0,55 8,1,10,,683137,20,0,55 8,1,10,,683126,20,0,55 8,1,10,,683129,20,0,55 8,1,50,,683139,20,0,55 8,1,10,,683136,20,0,55 8,1,10,,683131,20,0,55 8,1,10,,683133,20,0,55 8,1,1896,,683138,20,0,55 8,1,30,,683124,20,0,55 8,1,70,,588680,20,0,55 8,1,30,,683127,20,0,55 8,1
38602,'5',426,,683141,20,0,55 8,1,30,,683144,20,0,55 8,1,58,,683142,20,0,55 8,1,2112,,683143,20,0,55 8,1,30,,683140,20,0,55 8,1,70,,683145,20,0,55 8,1,30,,563986,20,0,55 8,1
