5301,'1',1004,,631916,63,0,5 142,1,21,,631950,63,0,5 142,1,21,,479255,63,0,5 142,1,61,,631941,63,0,5 142,1,21,,631875,63,0,5 142,1,21,,631884,63,0,5 142,1,61,,631838,63,0,5 142,1,21,,537334,63,0,5 142,1,21,,631926,63,0,5 142,1,61,,631902,63,0,5 142,1,21,,631879,63,0,5 142,1,21,,546381,63,0,5 142,1,61,,631946,63,0,5 142,1,21,,631913,63,0,5 142,1,21,,631958,63,0,5 142,1,60,,491203,63,0,5 142,1,419,,631864,63,0,5 142,1,21,,631845,63,0,5 142,1,61,,631848,63,0,5 142,1,21,,631904,63,0,5 142,1,61,,631866,63,0,5 142,1,21,,631906,63,0,5 142,1,21,,414773,63,0,5 142,1,61,,519122,63,0,5 142,1,21,,631938,63,0,5 142,1,21,,631912,63,0,5 142,1,56,,631836,63,0,5 142,1,30,,631947,63,0,5 142,1,24,,631939,63,0,5 142,1,64,,514843,63,0,5 142,1,24,,631949,63,0,5 142,1,64,,399466,63,0,5 142,1,24,,598384,63,0,5 142,1,24,,631893,63,0,5 142,1,64,,631839,63,0,5 142,1,22,,631843,63,0,5 142,1
5301,'2',630,,631974,63,0,5 142,1,27,,632018,63,0,5 142,1,60,,632023,63,0,5 142,1,20,,632008,63,0,5 142,1,20,,632068,63,0,5 142,1,60,,631969,63,0,5 142,1,20,,632019,63,0,5 142,1,20,,537588,63,0,5 142,1,60,,631960,63,0,5 142,1,20,,632012,63,0,5 142,1,20,,632041,63,0,5 142,1,66,,532949,63,0,5 142,1,20,,632004,63,0,5 142,1,60,,632021,63,0,5 142,1,20,,631999,63,0,5 142,1,20,,632063,63,0,5 142,1,60,,632067,63,0,5 142,1,20,,632000,63,0,5 142,1,20,,523641,63,0,5 142,1,62,,632013,63,0,5 142,1,24,,631965,63,0,5 142,1,24,,570442,63,0,5 142,1,64,,570842,63,0,5 142,1,24,,631987,63,0,5 142,1,64,,632043,63,0,5 142,1,24,,536509,63,0,5 142,1,24,,479926,63,0,5 142,1,64,,631988,63,0,5 142,1,24,,632049,63,0,5 142,1,64,,632035,63,0,5 142,1,24,,632003,63,0,5 142,1,24,,541912,63,0,5 142,1,64,,631989,63,0,5 142,1,24,,632002,63,0,5 142,1,64,,558939,63,0,5 142,1,16,,632050,63,0,5 142,1,13,,631970,63,0,5 142,1,16,,556194,63,0,5 142,1,59,,632032,63,0,5 142,1,20,,632044,63,0,5 142,1,20,,631973,63,0,5 142,1,60,,531077,63,0,5 142,1,20,,632042,63,0,5 142,1,20,,632054,63,0,5 142,1,58,,632057,63,0,5 142,1,18,,632040,63,0,5 142,1,20,,631995,63,0,5 142,1,60,,632071,63,0,5 142,1,20,,632017,63,0,5 142,1,20,,632064,63,0,5 142,1,60,,632069,63,0,5 142,1,20,,631961,63,0,5 142,1,20,,632029,63,0,5 142,1,60,,632039,63,0,5 142,1,20,,632006,63,0,5 142,1,20,,631980,63,0,5 142,1,60,,631993,63,0,5 142,1,20,,631962,63,0,5 142,1,10,,632020,63,0,5 142,1
5301,'3',819,,632141,63,0,5 142,1,10,,573739,63,0,5 142,1,30,,535709,63,0,5 142,1,70,,632093,63,0,5 142,1,30,,632111,63,0,5 142,1,70,,498219,63,0,5 142,1,30,,632097,63,0,5 142,1,70,,632087,63,0,5 142,1,30,,632137,63,0,5 142,1,70,,632095,63,0,5 142,1,30,,632158,63,0,5 142,1,69,,632114,63,0,5 142,1,30,,632162,63,0,5 142,1,70,,632117,63,0,5 142,1,30,,632107,63,0,5 142,1,70,,500283,63,0,5 142,1,30,,507549,63,0,5 142,1,70,,632135,63,0,5 142,1,30,,514574,63,0,5 142,1,70,,632140,63,0,5 142,1,30,,632074,63,0,5 142,1,70,,632091,63,0,5 142,1,30,,632138,63,0,5 142,1,70,,528419,63,0,5 142,1,18,,632079,63,0,5 142,1,60,,632136,63,0,5 142,1,20,,632096,63,0,5 142,1,20,,632133,63,0,5 142,1,60,,632145,63,0,5 142,1,20,,530862,63,0,5 142,1,20,,632157,63,0,5 142,1,60,,632083,63,0,5 142,1,20,,632103,63,0,5 142,1,16,,526099,63,0,5 142,1,6,,632156,63,0,5 142,1,60,,632147,63,0,5 142,1,20,,632089,63,0,5 142,1,20,,632155,63,0,5 142,1,60,,632126,63,0,5 142,1,20,,632082,63,0,5 142,1,20,,632119,63,0,5 142,1,60,,579532,63,0,5 142,1,20,,632151,63,0,5 142,1,21,,632134,63,0,5 142,1
5301,'5',654,,632249,63,0,5 142,1,75,,632254,63,0,5 142,1,30,,632255,63,0,5 142,1,70,,546343,63,0,5 142,1,30,,632174,63,0,5 142,1,70,,540817,63,0,5 142,1,30,,632222,63,0,5 142,1,70,,632234,63,0,5 142,1,30,,632201,63,0,5 142,1,70,,569138,63,0,5 142,1,30,,632185,63,0,5 142,1,70,,530937,63,0,5 142,1,30,,632192,63,0,5 142,1,69,,632247,63,0,5 142,1,30,,632191,63,0,5 142,1,70,,632244,63,0,5 142,1,30,,552303,63,0,5 142,1,70,,632214,63,0,5 142,1,30,,632200,63,0,5 142,1,70,,632176,63,0,5 142,1,30,,632235,63,0,5 142,1,70,,546141,63,0,5 142,1,30,,632175,63,0,5 142,1,70,,632221,63,0,5 142,1,30,,632188,63,0,5 142,1,70,,632229,63,0,5 142,1,18,,632194,63,0,5 142,1,60,,632263,63,0,5 142,1,20,,533412,63,0,5 142,1,20,,632232,63,0,5 142,1,60,,632217,63,0,5 142,1,20,,632237,63,0,5 142,1,20,,528512,63,0,5 142,1,60,,632220,63,0,5 142,1,20,,632251,63,0,5 142,1,16,,632259,63,0,5 142,1,6,,632204,63,0,5 142,1,60,,632265,63,0,5 142,1,20,,632216,63,0,5 142,1,20,,632215,63,0,5 142,1,60,,632172,63,0,5 142,1,20,,632193,63,0,5 142,1,20,,632171,63,0,5 142,1,60,,632196,63,0,5 142,1,20,,632211,63,0,5 142,1,21,,558442,63,0,5 142,1
13303,'1',457,,672169,15,0,59 176,1,54,,672121,15,0,59 176,1,11,,672167,15,0,59 176,1,12,,672204,15,0,59 176,1,14,,672138,15,0,59 176,1,10,,672156,15,0,59 176,1,52,,672114,15,0,59 176,1,12,,520653,15,0,59 176,1,12,,672176,15,0,59 176,1,12,,520637,15,0,59 176,1,12,,672131,15,0,59 176,1,52,,521422,15,0,59 176,1,12,,672132,15,0,59 176,1,12,,672201,15,0,59 176,1,12,,672164,15,0,59 176,1,12,,584631,15,0,59 176,1,52,,672194,15,0,59 176,1,12,,672124,15,0,59 176,1,12,,672127,15,0,59 176,1,12,,529424,15,0,59 176,1,12,,394961,15,0,59 176,1,52,,672195,15,0,59 176,1,12,,672153,15,0,59 176,1,12,,672155,15,0,59 176,1,12,,672166,15,0,59 176,1,12,,551210,15,0,59 176,1,52,,672174,15,0,59 176,1,12,,672115,15,0,59 176,1,12,,541643,15,0,59 176,1,12,,672212,15,0,59 176,1,12,,532240,15,0,59 176,1,52,,672150,15,0,59 176,1,12,,672126,15,0,59 176,1,12,,560257,15,0,59 176,1,12,,672141,15,0,59 176,1,12,,672123,15,0,59 176,1,47,,672163,15,0,59 176,1,7,,672190,49,0,59 176,1,12,,555636,49,0,59 176,1,12,,672175,49,0,59 176,1,12,,672120,49,0,59 176,1,52,,672206,49,0,59 176,1,12,,672184,49,0,59 176,1,12,,672181,49,0,59 176,1,12,,672147,49,0,59 176,1,12,,373547,49,0,59 176,1,52,,672148,49,0,59 176,1,6,,672125,15,0,59 176,1,7,,672136,49,0,59 176,1,12,,672113,49,0,59 176,1,14,,672170,49,0,59 176,1,7,,591484,15,0,59 176,1,6,,672134,49,0,59 176,1,53,,672209,49,0,59 176,1,10,,672178,49,0,59 176,1,10,,672158,49,0,59 176,1,8,,672140,47,0,59 176,1,10,,672200,47,0,59 176,1,10,,672117,47,0,59 176,1,50,,672139,47,0,59 176,1,10,,672180,47,0,59 176,1,10,,571259,47,0,59 176,1,10,,672202,47,0,59 176,1,10,,508291,47,0,59 176,1,10,,672151,47,0,59 176,1,50,,672154,47,0,59 176,1,10,,672192,47,0,59 176,1,10,,672129,47,0,59 176,1,10,,672185,47,0,59 176,1,10,,520610,47,0,59 176,1,10,,672198,47,0,59 176,1,50,,672142,47,0,59 176,1,10,,567943,47,0,59 176,1,10,,672162,47,0,59 176,1,10,,672173,47,0,59 176,1,10,,544663,47,0,59 176,1,10,,603462,47,0,59 176,1,50,,672145,47,0,59 176,1,10,,574109,47,0,59 176,1,10,,533940,47,0,59 176,1,11,,672188,49,0,59 176,1,9,,672199,49,0,59 176,1,7,,672182,49,0,59 176,1,9,,672208,49,0,59 176,1,52,,672135,49,0,59 176,1,12,,672130,49,0,59 176,1,12,,672143,49,0,59 176,1,12,,672211,49,0,59 176,1,12,,672171,49,0,59 176,1,52,,553132,49,0,59 176,1,12,,535553,49,0,59 176,1,12,,672118,49,0,59 176,1,12,,672203,49,0,59 176,1,12,,672189,49,0,59 176,1,52,,672187,49,0,59 176,1,9,,672160,49,0,59 176,1,8,,672205,15,0,59 176,1,3,,672207,49,0,59 176,1,8,,672112,49,0,59 176,1,12,,672119,49,0,59 176,1,65,,583646,49,0,59 176,1,25,,672193,49,0,59 176,1,65,,672137,49,0,59 176,1,25,,672213,49,0,59 176,1,25,,464268,49,0,59 176,1,65,,672149,49,0,59 176,1,21,,672186,49,0,59 176,1,62,,478181,49,0,59 176,1,30,,672122,48,0,59 176,1,70,,672196,48,0,59 176,1
13303,'2',457,,672245,15,0,59 176,1,64,,672227,15,0,59 176,1,18,,602726,15,0,59 176,1,18,,576624,15,0,59 176,1,58,,672236,15,0,59 176,1,18,,672264,15,0,59 176,1,18,,672238,15,0,59 176,1,58,,672255,15,0,59 176,1,18,,532983,15,0,59 176,1,15,,672232,15,0,59 176,1,14,,672300,15,0,59 176,1,58,,672304,15,0,59 176,1,15,,584762,15,0,59 176,1,15,,672256,15,0,59 176,1,15,,672254,15,0,59 176,1,55,,672233,15,0,59 176,1,15,,672242,15,0,59 176,1,15,,672308,15,0,59 176,1,15,,672260,15,0,59 176,1,55,,597439,15,0,59 176,1,15,,672272,15,0,59 176,1,14,,672298,15,0,59 176,1,14,,672281,15,0,59 176,1,53,,672231,15,0,59 176,1,12,,672268,15,0,59 176,1,12,,672297,15,0,59 176,1,12,,672250,15,0,59 176,1,12,,672252,15,0,59 176,1,51,,672290,15,0,59 176,1,11,,562243,49,0,59 176,1,12,,672305,49,0,59 176,1,12,,672283,49,0,59 176,1,12,,672241,49,0,59 176,1,52,,672282,49,0,59 176,1,12,,672262,49,0,59 176,1,12,,672294,49,0,59 176,1,12,,672235,49,0,59 176,1,12,,672306,49,0,59 176,1,52,,672249,49,0,59 176,1,12,,672259,49,0,59 176,1,12,,672278,49,0,59 176,1,12,,672291,49,0,59 176,1,12,,672261,49,0,59 176,1,52,,672292,49,0,59 176,1,12,,672280,49,0,59 176,1,12,,672301,49,0,59 176,1,12,,672257,49,0,59 176,1,12,,560910,49,0,59 176,1,52,,672293,49,0,59 176,1,12,,672214,49,0,59 176,1,12,,672230,49,0,59 176,1,12,,672221,49,0,59 176,1,12,,672244,49,0,59 176,1,52,,672243,49,0,59 176,1,12,,672220,49,0,59 176,1,12,,672228,49,0,59 176,1,12,,672286,49,0,59 176,1,12,,672222,49,0,59 176,1,52,,672258,49,0,59 176,1,12,,672229,49,0,59 176,1,12,,672217,49,0,59 176,1,13,,672296,49,0,59 176,1,12,,587185,49,0,59 176,1,52,,672302,49,0,59 176,1,9,,672303,49,0,59 176,1,12,,672223,49,0,59 176,1,12,,672219,49,0,59 176,1,12,,672246,49,0,59 176,1,52,,672237,49,0,59 176,1,12,,672234,49,0,59 176,1,12,,672269,49,0,59 176,1,12,,536524,49,0,59 176,1,12,,531958,49,0,59 176,1,52,,672215,49,0,59 176,1,12,,672288,49,0,59 176,1,12,,672225,49,0,59 176,1,12,,672307,49,0,59 176,1,12,,672226,49,0,59 176,1,53,,672251,49,0,59 176,1,10,,672247,49,0,59 176,1,9,,672224,15,0,59 176,1,2,,672285,49,0,59 176,1,10,,672248,49,0,59 176,1,12,,672273,49,0,59 176,1,65,,672289,49,0,59 176,1,25,,672240,49,0,59 176,1,65,,672239,49,0,59 176,1,25,,415774,49,0,59 176,1,25,,672276,49,0,59 176,1,65,,672274,49,0,59 176,1,22,,672287,49,0,59 176,1,62,,672266,49,0,59 176,1,30,,672253,48,0,59 176,1,70,,382234,48,0,59 176,1
13303,'3',643,,672358,15,0,59 176,1,15,,672315,15,0,59 176,1,55,,599538,15,0,59 176,1,15,,572239,15,0,59 176,1,16,,672343,15,0,59 176,1,15,,672381,15,0,59 176,1,55,,672345,15,0,59 176,1,15,,672357,15,0,59 176,1,15,,672355,15,0,59 176,1,15,,672338,15,0,59 176,1,55,,672371,15,0,59 176,1,15,,672312,15,0,59 176,1,15,,672386,15,0,59 176,1,15,,672362,15,0,59 176,1,55,,672382,15,0,59 176,1,15,,672322,15,0,59 176,1,15,,672360,15,0,59 176,1,14,,571700,15,0,59 176,1,52,,672398,15,0,59 176,1,12,,672367,15,0,59 176,1,12,,672396,15,0,59 176,1,12,,672335,15,0,59 176,1,12,,672313,15,0,59 176,1,50,,672316,15,0,59 176,1,10,,672336,49,0,59 176,1,12,,590857,49,0,59 176,1,12,,672326,49,0,59 176,1,12,,598239,49,0,59 176,1,52,,672370,49,0,59 176,1,12,,672348,49,0,59 176,1,12,,672353,49,0,59 176,1,12,,672393,49,0,59 176,1,12,,672384,49,0,59 176,1,52,,672388,49,0,59 176,1,12,,672340,49,0,59 176,1,12,,672391,49,0,59 176,1,12,,672342,49,0,59 176,1,12,,672369,49,0,59 176,1,52,,552261,49,0,59 176,1,12,,672331,49,0,59 176,1,12,,672349,49,0,59 176,1,12,,672325,49,0,59 176,1,12,,672383,49,0,59 176,1,52,,672318,49,0,59 176,1,12,,672390,49,0,59 176,1,12,,672317,49,0,59 176,1,12,,672324,49,0,59 176,1,12,,672319,49,0,59 176,1,52,,672375,49,0,59 176,1,12,,672350,49,0,59 176,1,12,,672387,49,0,59 176,1,12,,672347,49,0,59 176,1,12,,672392,49,0,59 176,1,52,,672378,49,0,59 176,1,12,,672311,49,0,59 176,1,12,,672341,49,0,59 176,1,12,,672356,49,0,59 176,1,12,,672352,49,0,59 176,1,52,,672385,49,0,59 176,1,11,,672351,49,0,59 176,1,12,,672380,49,0,59 176,1,12,,672365,49,0,59 176,1,12,,492350,49,0,59 176,1,52,,672395,49,0,59 176,1,12,,456689,49,0,59 176,1,12,,672332,49,0,59 176,1,12,,534268,49,0,59 176,1,2,,672359,15,0,59 176,1,10,,672373,49,0,59 176,1,52,,502109,49,0,59 176,1,12,,672334,49,0,59 176,1,12,,672333,49,0,59 176,1,12,,672310,49,0,59 176,1,12,,672394,49,0,59 176,1,52,,565088,49,0,59 176,1,11,,672329,49,0,59 176,1,11,,672389,49,0,59 176,1,9,,519476,49,0,59 176,1,12,,672346,49,0,59 176,1,65,,672377,49,0,59 176,1,25,,672374,49,0,59 176,1,65,,569903,49,0,59 176,1,25,,672363,49,0,59 176,1,25,,672314,49,0,59 176,1,65,,672327,49,0,59 176,1,23,,672372,49,0,59 176,1,63,,672320,49,0,59 176,1,30,,672323,48,0,59 176,1,70,,672354,48,0,59 176,1
13303,'5',457,,672461,15,0,59 176,1,58,,672434,15,0,59 176,1,18,,523814,15,0,59 176,1,20,,565191,15,0,59 176,1,60,,517611,15,0,59 176,1,20,,603209,15,0,59 176,1,20,,672475,15,0,59 176,1,60,,554650,15,0,59 176,1,15,,672480,15,0,59 176,1,16,,672413,15,0,59 176,1,15,,672423,15,0,59 176,1,55,,672488,15,0,59 176,1,15,,672429,15,0,59 176,1,15,,586250,15,0,59 176,1,15,,555969,15,0,59 176,1,55,,672439,15,0,59 176,1,15,,672479,15,0,59 176,1,15,,672462,15,0,59 176,1,15,,556470,15,0,59 176,1,55,,672468,15,0,59 176,1,15,,672411,15,0,59 176,1,15,,672425,15,0,59 176,1,14,,672404,15,0,59 176,1,52,,544588,15,0,59 176,1,12,,672453,15,0,59 176,1,12,,672445,15,0,59 176,1,12,,672428,15,0,59 176,1,12,,672455,15,0,59 176,1,50,,672448,15,0,59 176,1,10,,672432,49,0,59 176,1,12,,672464,49,0,59 176,1,12,,672414,49,0,59 176,1,12,,672441,49,0,59 176,1,52,,544806,49,0,59 176,1,12,,672449,49,0,59 176,1,12,,672466,49,0,59 176,1,12,,672471,49,0,59 176,1,12,,672484,49,0,59 176,1,52,,672476,49,0,59 176,1,12,,672442,49,0,59 176,1,12,,672460,49,0,59 176,1,12,,672454,49,0,59 176,1,12,,672452,49,0,59 176,1,52,,672399,49,0,59 176,1,12,,672420,49,0,59 176,1,12,,672463,49,0,59 176,1,12,,672431,49,0,59 176,1,12,,672421,49,0,59 176,1,52,,672436,49,0,59 176,1,12,,672417,49,0,59 176,1,12,,672408,49,0,59 176,1,12,,672465,49,0,59 176,1,12,,672490,49,0,59 176,1,52,,672424,49,0,59 176,1,12,,672446,49,0,59 176,1,12,,672401,49,0,59 176,1,12,,672416,49,0,59 176,1,12,,672458,49,0,59 176,1,52,,672477,49,0,59 176,1,12,,575091,49,0,59 176,1,12,,672407,49,0,59 176,1,12,,548754,49,0,59 176,1,12,,672472,49,0,59 176,1,52,,672440,49,0,59 176,1,11,,672443,49,0,59 176,1,12,,672437,49,0,59 176,1,12,,672402,49,0,59 176,1,12,,672487,49,0,59 176,1,52,,672419,49,0,59 176,1,12,,672489,49,0,59 176,1,12,,672459,49,0,59 176,1,12,,582324,49,0,59 176,1,2,,672447,15,0,59 176,1,10,,672433,49,0,59 176,1,52,,672485,49,0,59 176,1,12,,672426,49,0,59 176,1,12,,672451,49,0,59 176,1,12,,672400,49,0,59 176,1,12,,672467,49,0,59 176,1,52,,597215,49,0,59 176,1,11,,672409,49,0,59 176,1,11,,672483,49,0,59 176,1,9,,672405,49,0,59 176,1,12,,672435,49,0,59 176,1,65,,672481,49,0,59 176,1,25,,672474,49,0,59 176,1,65,,672456,49,0,59 176,1,25,,568790,49,0,59 176,1,25,,672450,49,0,59 176,1,65,,672422,49,0,59 176,1,23,,520496,49,0,59 176,1,63,,672430,49,0,59 176,1,30,,672457,48,0,59 176,1,70,,672473,48,0,59 176,1
35301,'1',547,,682674,81,0,11 12 142,1,70,,682679,81,0,11 12 142,1,30,,682680,81,0,11 12 142,1,2070,,682676,82,0,11 12 142,1,30,,563013,81,0,11 12 142,1,70,,682672,81,0,11 12 142,1,30,,682675,81,0,11 12 142,1,70,,682678,81,0,11 12 142,1
35301,'2',547,,682687,81,0,11 12 142,1,2170,,682684,82,0,11 12 142,1,30,,682686,81,0,11 12 142,1,70,,546642,81,0,11 12 142,1,30,,589027,81,0,11 12 142,1,70,,682682,81,0,11 12 142,1
35301,'3',547,,682698,81,0,11 12 142,1,70,,682706,81,0,11 12 142,1,30,,682707,81,0,11 12 142,1,70,,682700,81,0,11 12 142,1,30,,682695,81,0,11 12 142,1,1900,,682693,82,0,11 12 142,1,70,,682696,82,0,11 12 142,1,30,,682694,81,0,11 12 142,1,70,,682702,81,0,11 12 142,1,30,,682703,81,0,11 12 142,1,70,,682699,81,0,11 12 142,1
35301,'5',547,,682719,81,0,11 12 142,1,70,,682714,81,0,11 12 142,1,2030,,682713,82,0,11 12 142,1,70,,682722,82,0,11 12 142,1,30,,682718,81,0,11 12 142,1,70,,682721,81,0,11 12 142,1,30,,552093,81,0,11 12 142,1,70,,682715,81,0,11 12 142,1
93902,'1',604,,689203,9,0,28 16 8,1,11,,689178,9,0,28 16 8,1,12,,689260,9,0,28 16 8,1,12,,689216,9,0,28 16 8,1,12,,689226,9,0,28 16 8,1,52,,689253,9,0,28 16 8,1,12,,689219,9,0,28 16 8,1,12,,689254,9,0,28 16 8,1,12,,689181,9,0,28 16 8,1,12,,689274,9,0,28 16 8,1,52,,553553,9,0,28 16 8,1,12,,689176,9,0,28 16 8,1,12,,528752,9,0,28 16 8,1,12,,689243,9,0,28 16 8,1,579,,407903,9,0,28 16 8,1,15,,551221,9,0,28 16 8,1,15,,689256,9,0,28 16 8,1,55,,689189,9,0,28 16 8,1,15,,689215,9,0,28 16 8,1,15,,689262,9,0,28 16 8,1,15,,689199,9,0,28 16 8,1,55,,531750,9,0,28 16 8,1,15,,689200,9,0,28 16 8,1,15,,689288,9,0,28 16 8,1,15,,689249,9,0,28 16 8,1,55,,541768,9,0,28 16 8,1,15,,689177,9,0,28 16 8,1,15,,550450,9,0,28 16 8,1,15,,689180,9,0,28 16 8,1,55,,689244,9,0,28 16 8,1,15,,689213,9,0,28 16 8,1,15,,689242,9,0,28 16 8,1,15,,689264,9,0,28 16 8,1
95301,'1',708,,689581,36,0,5 142,1,12,,563838,36,0,5 142,1,13,,582030,36,0,5 142,1,13,,689576,36,0,5 142,1,13,,689593,36,0,5 142,1,53,,689598,36,0,5 142,1,13,,689599,36,0,5 142,1,13,,689595,36,0,5 142,1,13,,689582,36,0,5 142,1,53,,689602,36,0,5 142,1,13,,567963,36,0,5 142,1,13,,689578,36,0,5 142,1,13,,689586,36,0,5 142,1,585,,394746,36,0,5 142,1,14,,689589,36,0,5 142,1,14,,689588,36,0,5 142,1,54,,689585,36,0,5 142,1,14,,689594,36,0,5 142,1,14,,689580,36,0,5 142,1,14,,689577,36,0,5 142,1,54,,689591,36,0,5 142,1,14,,689583,36,0,5 142,1,14,,689587,36,0,5 142,1,14,,689601,36,0,5 142,1,54,,689579,36,0,5 142,1,14,,526004,36,0,5 142,1,14,,689597,36,0,5 142,1,14,,689600,36,0,5 142,1,14,,689592,36,0,5 142,1,54,,689590,36,0,5 142,1,14,,689584,36,0,5 142,1,14,,689596,36,0,5 142,1
