9703,'1',617,,657180,31,0,34 9,1,24,,657160,29,0,5 9,1,65,,657167,38,0,34 9,1,24,,533751,36,0,5 9,1,26,,657165,38,0,34 9,1,64,,522375,36,0,5 9,1,26,,657175,38,0,34 9,1,65,,413097,36,0,5 9,1,28,,591354,38,0,34 9,1,66,,657186,36,0,5 9,1,29,,657195,38,0,34 9,1,66,,657169,36,0,5 9,1,29,,657202,38,0,34 9,1,26,,657205,36,0,5 9,1,69,,535084,38,0,34 9,1,26,,657168,36,0,5 9,1,69,,657184,38,0,34 9,1,26,,485289,36,0,5 9,1,69,,657198,38,0,34 9,1,29,,657213,36,0,5 9,1,66,,566925,38,0,34 9,1,33,,490560,36,0,5 9,1,66,,443642,38,0,34 9,1,30,,529408,36,0,5 9,1,70,,657187,38,0,34 9,1,30,,657176,36,0,5 9,1,70,,603344,38,0,34 9,1,30,,523056,36,0,5 9,1,64,,657181,38,0,34 9,1,32,,657170,36,0,5 9,1,25,,657191,38,0,34 9,1,67,,657172,36,0,5 9,1,28,,657182,38,0,34 9,1,67,,657174,36,0,5 9,1,28,,657192,38,0,34 9,1,64,,597321,36,0,5 9,1,26,,657189,38,0,34 9,1,69,,430219,36,0,5 9,1,31,,657178,38,0,34 9,1,69,,520609,36,0,5 9,1,31,,477250,38,0,34 9,1,69,,377293,36,0,5 9,1,30,,657161,38,0,34 9,1,18,,516567,36,0,5 9,1,70,,401392,36,0,5 9,1
9703,'2',633,,657276,29,0,5 9,1,24,,657259,38,0,34 9,1,65,,657275,36,0,5 9,1,23,,657267,38,0,34 9,1,64,,657265,36,0,5 9,1,29,,657243,38,0,34 9,1,69,,657252,36,0,5 9,1,31,,531075,38,0,34 9,1,69,,536473,36,0,5 9,1,31,,583806,38,0,34 9,1,69,,657258,36,0,5 9,1,31,,657218,38,0,34 9,1,69,,657248,36,0,5 9,1,36,,530834,38,0,34 9,1,71,,657254,36,0,5 9,1,28,,657230,38,0,34 9,1,67,,553188,36,0,5 9,1,28,,657239,38,0,34 9,1,67,,657242,36,0,5 9,1,28,,657246,38,0,34 9,1,27,,657261,36,0,5 9,1,68,,603781,38,0,34 9,1,27,,559946,36,0,5 9,1,68,,510103,38,0,34 9,1,27,,657269,36,0,5 9,1,68,,657262,38,0,34 9,1,27,,657271,36,0,5 9,1,66,,657227,38,0,34 9,1,23,,539426,36,0,5 9,1,67,,657266,38,0,34 9,1,22,,657216,38,0,34 9,1,4,,657245,36,0,5 9,1,29,,657236,38,0,34 9,1,66,,532992,36,0,5 9,1,29,,657232,38,0,34 9,1,62,,657285,36,0,5 9,1,27,,657238,38,0,34 9,1,69,,657247,36,0,5 9,1,11,,657235,36,0,5 9,1,20,,657281,38,0,34 9,1,69,,564901,36,0,5 9,1,31,,657279,38,0,34 9,1,69,,657237,36,0,5 9,1,30,,657224,38,0,34 9,1,21,,657223,36,0,5 9,1,62,,657219,36,0,5 9,1
9703,'3',852,,561511,29,0,5 9,1,67,,657323,38,0,34 9,1,27,,657302,36,0,5 9,1,68,,657344,38,0,34 9,1,27,,657305,36,0,5 9,1,68,,657332,38,0,34 9,1,27,,657304,36,0,5 9,1,68,,657334,38,0,34 9,1,30,,657300,36,0,5 9,1,71,,657287,38,0,34 9,1,29,,657345,36,0,5 9,1,71,,657337,38,0,34 9,1,29,,563155,36,0,5 9,1,71,,657295,38,0,34 9,1,29,,657319,36,0,5 9,1,71,,657343,38,0,34 9,1,29,,657321,36,0,5 9,1,71,,535692,38,0,34 9,1,29,,657288,36,0,5 9,1,71,,657291,38,0,34 9,1,29,,657299,36,0,5 9,1,71,,426249,38,0,34 9,1,25,,657342,36,0,5 9,1,27,,657318,38,0,34 9,1,67,,657310,36,0,5 9,1,28,,657324,38,0,34 9,1,67,,657314,36,0,5 9,1,28,,657306,38,0,34 9,1,64,,657329,36,0,5 9,1,27,,657294,38,0,34 9,1,69,,571774,36,0,5 9,1,31,,657340,38,0,34 9,1,69,,657336,36,0,5 9,1,31,,657297,38,0,34 9,1,69,,657349,36,0,5 9,1,30,,657298,38,0,34 9,1,22,,657308,36,0,5 9,1,62,,536163,36,0,5 9,1
9703,'5',618,,657390,29,0,5 9,1,22,,657353,38,0,34 9,1,67,,657370,36,0,5 9,1,27,,657381,38,0,34 9,1,22,,657405,36,0,5 9,1,68,,657363,38,0,34 9,1,27,,542617,36,0,5 9,1,68,,657362,38,0,34 9,1,27,,657414,36,0,5 9,1,68,,657402,38,0,34 9,1,27,,657408,36,0,5 9,1,68,,657357,38,0,34 9,1,27,,657395,36,0,5 9,1,68,,657367,38,0,34 9,1,30,,657378,36,0,5 9,1,71,,657407,38,0,34 9,1,29,,657403,36,0,5 9,1,71,,657375,38,0,34 9,1,29,,657406,36,0,5 9,1,71,,657364,38,0,34 9,1,29,,657361,36,0,5 9,1,71,,657393,38,0,34 9,1,29,,657415,36,0,5 9,1,71,,657425,38,0,34 9,1,29,,657379,36,0,5 9,1,71,,657387,38,0,34 9,1,29,,657389,36,0,5 9,1,71,,657382,38,0,34 9,1,25,,657396,36,0,5 9,1,27,,657376,38,0,34 9,1,67,,562095,36,0,5 9,1,28,,657380,38,0,34 9,1,67,,657386,36,0,5 9,1,28,,657424,38,0,34 9,1,64,,657409,36,0,5 9,1,27,,657366,38,0,34 9,1,69,,657422,36,0,5 9,1,31,,657384,38,0,34 9,1,69,,657355,36,0,5 9,1,31,,657417,38,0,34 9,1,69,,520137,36,0,5 9,1,30,,657356,38,0,34 9,1,22,,657399,36,0,5 9,1,62,,657374,36,0,5 9,1
12501,'1',557,,669320,15,4,,1,60,,669368,15,4,,1,10,,669342,15,4,,1,10,,590300,15,4,,1,10,,669303,15,4,,1,10,,669304,15,4,,1,50,,669337,15,4,,1,10,,669359,15,4,,1,10,,669311,15,4,,1,10,,669321,15,4,,1,10,,669344,15,4,,1,10,,524102,15,4,,1,50,,669325,15,4,,1,10,,669357,15,4,,1,10,,669323,15,4,,1,10,,669324,15,4,,1,10,,669370,15,4,,1,10,,669327,15,4,,1,50,,669302,15,4,,1,14,,669350,15,4,,1,15,,669347,15,4,,1,15,,669360,15,4,,1,55,,669336,15,4,,1,15,,669363,15,4,,1,15,,669308,15,4,,1,15,,669335,15,4,,1,55,,554429,15,4,,1,15,,669352,15,4,,1,15,,669301,15,4,,1,15,,669306,15,4,,1,55,,669348,15,4,,1,15,,669334,15,4,,1,15,,669351,15,4,,1,15,,521002,15,4,,1,55,,669341,15,4,,1,15,,669364,15,4,,1,15,,517135,15,4,,1,15,,669367,15,4,,1,55,,669349,15,4,,1,15,,669317,15,4,,1,15,,516885,15,4,,1,15,,669354,15,4,,1,56,,573919,15,4,,1,15,,579483,15,4,,1,13,,669330,15,4,,1,10,,669310,15,4,,1,10,,669328,15,4,,1,50,,669365,15,4,,1,10,,472996,15,4,,1,10,,669339,15,4,,1,10,,556890,15,4,,1,10,,438708,15,4,,1,10,,669345,15,4,,1,50,,669316,15,4,,1,10,,669371,15,4,,1,10,,546823,15,4,,1,10,,669343,15,4,,1,10,,669372,15,4,,1,10,,669331,15,4,,1,50,,572920,15,4,,1,10,,669318,15,4,,1,10,,669346,15,4,,1,10,,669314,15,4,,1,10,,669353,15,4,,1,10,,669340,15,4,,1,50,,669332,15,4,,1,9,,669307,15,4,,1,11,,669333,15,4,,1,15,,669329,15,4,,1,15,,669315,15,4,,1,55,,669369,15,4,,1,15,,518578,15,4,,1,15,,669326,15,4,,1,15,,669313,15,4,,1,55,,669309,15,4,,1,15,,594064,15,4,,1,15,,604063,15,4,,1,15,,669362,15,4,,1,55,,669361,15,4,,1,15,,669366,15,4,,1,15,,669322,15,4,,1,15,,545991,15,4,,1,70,,603348,15,4,,1,30,,669319,15,4,,1,70,,669312,15,4,,1,30,,669356,15,4,,1
12501,'2',625,,669424,15,4,,1,30,,669388,15,4,,1,70,,669393,15,4,,1,30,,669405,15,4,,1,70,,669410,15,4,,1,30,,669403,15,4,,1,58,,669385,15,4,,1,15,,669425,15,4,,1,15,,669373,15,4,,1,15,,669401,15,4,,1,55,,669375,15,4,,1,15,,669384,15,4,,1,15,,669407,15,4,,1,15,,669389,15,4,,1,55,,473888,15,4,,1,15,,669397,15,4,,1,15,,550202,15,4,,1,15,,669394,15,4,,1,55,,669417,15,4,,1,15,,669377,15,4,,1,15,,525050,15,4,,1,15,,669416,15,4,,1,55,,669404,15,4,,1,15,,669383,15,4,,1,15,,496694,15,4,,1,15,,532345,15,4,,1,55,,669418,15,4,,1,15,,669406,15,4,,1,15,,669395,15,4,,1,15,,669381,15,4,,1,55,,669400,15,4,,1,15,,669408,15,4,,1,15,,669387,15,4,,1,15,,669422,15,4,,1,55,,669411,15,4,,1,15,,669409,15,4,,1,15,,560838,15,4,,1,15,,669398,15,4,,1,55,,669420,15,4,,1,15,,669419,15,4,,1,15,,669402,15,4,,1,15,,669376,15,4,,1,55,,669392,15,4,,1,15,,669379,15,4,,1,15,,669413,15,4,,1,15,,669414,15,4,,1,55,,669391,15,4,,1,15,,669415,15,4,,1,15,,501367,15,4,,1,15,,669426,15,4,,1,67,,669380,15,4,,1,30,,669374,15,4,,1,70,,669386,15,4,,1,30,,669423,15,4,,1,70,,669399,15,4,,1,30,,669390,15,4,,1,70,,669412,15,4,,1,30,,669382,15,4,,1,70,,669396,15,4,,1,30,,669421,15,4,,1
12501,'3',758,,669473,15,4,,1,55,,669472,15,4,,1,15,,669459,15,4,,1,15,,669450,15,4,,1,15,,669431,15,4,,1,55,,669446,15,4,,1,15,,669471,15,4,,1,15,,669451,15,4,,1,15,,669448,15,4,,1,55,,669437,15,4,,1,15,,669474,15,4,,1,15,,669466,15,4,,1,15,,669457,15,4,,1,55,,669449,15,4,,1,15,,669454,15,4,,1,15,,669470,15,4,,1,15,,669435,15,4,,1,55,,669438,15,4,,1,15,,669465,15,4,,1,15,,669444,15,4,,1,15,,669456,15,4,,1,55,,669428,15,4,,1,15,,669467,15,4,,1,15,,669434,15,4,,1,15,,595707,15,4,,1,55,,669477,15,4,,1,15,,669475,15,4,,1,15,,669445,15,4,,1,15,,669479,15,4,,1,55,,669440,15,4,,1,15,,669432,15,4,,1,15,,669463,15,4,,1,15,,669452,15,4,,1,55,,669478,15,4,,1,15,,669481,15,4,,1,15,,669458,15,4,,1,15,,669441,15,4,,1,55,,669468,15,4,,1,15,,669433,15,4,,1,15,,669482,15,4,,1,15,,669453,15,4,,1,55,,669429,15,4,,1,15,,669483,15,4,,1,15,,669443,15,4,,1,15,,669447,15,4,,1,54,,669484,15,4,,1,15,,669427,15,4,,1,14,,669464,15,4,,1,14,,410827,15,4,,1,55,,669480,15,4,,1,15,,669436,15,4,,1,30,,669455,15,4,,1,70,,543935,15,4,,1,30,,669469,15,4,,1,70,,669461,15,4,,1,30,,669476,15,4,,1,70,,669460,15,4,,1,30,,669430,15,4,,1,70,,669439,15,4,,1,30,,669462,15,4,,1
12501,'5',626,,532163,15,4,,1,17,,669486,15,4,,1,15,,669495,15,4,,1,55,,669508,15,4,,1,15,,669489,15,4,,1,15,,669517,15,4,,1,15,,669499,15,4,,1,55,,669528,15,4,,1,15,,669538,15,4,,1,15,,669530,15,4,,1,15,,534389,15,4,,1,55,,669533,15,4,,1,15,,589780,15,4,,1,15,,669521,15,4,,1,15,,669492,15,4,,1,55,,537863,15,4,,1,15,,669507,15,4,,1,15,,669488,15,4,,1,15,,669524,15,4,,1,55,,669519,15,4,,1,15,,523919,15,4,,1,15,,669535,15,4,,1,15,,669502,15,4,,1,55,,669509,15,4,,1,15,,669518,15,4,,1,15,,669497,15,4,,1,15,,669515,15,4,,1,55,,669520,15,4,,1,15,,559769,15,4,,1,15,,669498,15,4,,1,15,,669526,15,4,,1,55,,669522,15,4,,1,15,,669527,15,4,,1,15,,549178,15,4,,1,15,,669514,15,4,,1,55,,533904,15,4,,1,15,,669487,15,4,,1,15,,669503,15,4,,1,15,,521288,15,4,,1,55,,669525,15,4,,1,15,,591834,15,4,,1,15,,587163,15,4,,1,15,,669494,15,4,,1,55,,669516,15,4,,1,15,,669532,15,4,,1,15,,669513,15,4,,1,15,,669496,15,4,,1,55,,669506,15,4,,1,15,,562098,15,4,,1,15,,669501,15,4,,1,15,,669523,15,4,,1,54,,669534,15,4,,1,15,,669537,15,4,,1,14,,557313,15,4,,1,14,,669491,15,4,,1,55,,669536,15,4,,1,15,,669485,15,4,,1,30,,669490,15,4,,1,70,,669493,15,4,,1,30,,669531,15,4,,1,70,,669500,15,4,,1,30,,669511,15,4,,1,70,,669512,15,4,,1,30,,669510,15,4,,1,70,,669504,15,4,,1,30,,669505,15,4,,1
12502,'1',600,,669547,1,0,151 177,1,17,,669573,1,0,151 177,1,10,,669574,1,0,151 177,1,10,,669602,1,0,151 177,1,10,,669565,1,0,151 177,1,10,,669544,1,0,151 177,1,50,,669583,1,0,151 177,1,10,,669569,1,0,151 177,1,10,,669605,1,0,151 177,1,10,,669580,1,0,151 177,1,10,,669600,1,0,151 177,1,10,,669589,1,0,151 177,1,50,,669577,1,0,151 177,1,10,,669606,1,0,151 177,1,10,,669566,1,0,151 177,1,10,,669540,1,0,151 177,1,10,,669546,1,0,151 177,1,10,,550985,1,0,151 177,1,51,,669594,1,0,151 177,1,15,,669579,1,0,151 177,1,15,,540163,1,0,151 177,1,15,,669609,1,0,151 177,1,55,,669563,1,0,151 177,1,15,,669582,1,0,151 177,1,15,,595550,1,0,151 177,1,15,,669575,1,0,151 177,1,55,,669543,1,0,151 177,1,15,,464324,1,0,151 177,1,15,,586276,1,0,151 177,1,15,,669607,1,0,151 177,1,55,,669585,1,0,151 177,1,15,,669564,1,0,151 177,1,15,,669559,1,0,151 177,1,15,,520985,1,0,151 177,1,55,,601812,1,0,151 177,1,15,,669584,1,0,151 177,1,15,,574119,1,0,151 177,1,15,,669599,1,0,151 177,1,55,,669568,1,0,151 177,1,15,,669610,1,0,151 177,1,15,,669552,1,0,151 177,1,14,,669608,1,0,151 177,1,53,,669598,1,0,151 177,1,10,,403961,1,0,151 177,1,10,,669550,1,0,151 177,1,10,,669549,1,0,151 177,1,10,,669561,1,0,151 177,1,10,,669567,1,0,151 177,1,50,,669545,1,0,151 177,1,10,,591337,1,0,151 177,1,10,,669557,1,0,151 177,1,10,,595015,1,0,151 177,1,10,,669562,1,0,151 177,1,10,,579472,1,0,151 177,1,50,,560819,1,0,151 177,1,10,,669578,1,0,151 177,1,10,,669588,1,0,151 177,1,10,,669596,1,0,151 177,1,10,,669539,1,0,151 177,1,10,,669591,1,0,151 177,1,50,,669548,1,0,151 177,1,10,,669597,1,0,151 177,1,10,,669551,1,0,151 177,1,10,,555564,1,0,151 177,1,10,,669601,1,0,151 177,1,10,,669556,1,0,151 177,1,50,,669593,1,0,151 177,1,10,,578072,1,0,151 177,1,15,,669570,1,0,151 177,1,15,,669554,1,0,151 177,1,55,,669587,1,0,151 177,1,15,,669571,1,0,151 177,1,15,,669541,1,0,151 177,1,15,,669604,1,0,151 177,1,55,,599802,1,0,151 177,1,15,,669581,1,0,151 177,1,15,,669592,1,0,151 177,1,15,,669560,1,0,151 177,1,55,,669603,1,0,151 177,1,15,,669586,1,0,151 177,1,15,,669595,1,0,151 177,1,15,,528585,1,0,151 177,1,55,,669590,1,0,151 177,1,30,,669576,1,0,151 177,1,70,,669553,1,0,151 177,1,30,,669572,1,0,151 177,1,70,,669555,1,0,151 177,1
12502,'2',630,,435519,1,0,151 177,1,70,,669627,1,0,151 177,1,30,,669635,1,0,151 177,1,70,,669655,1,0,151 177,1,30,,534710,1,0,151 177,1,70,,669652,1,0,151 177,1,15,,669632,1,0,151 177,1,15,,521973,1,0,151 177,1,15,,669647,1,0,151 177,1,55,,669614,1,0,151 177,1,15,,669649,1,0,151 177,1,15,,547092,1,0,151 177,1,15,,669650,1,0,151 177,1,55,,669628,1,0,151 177,1,15,,396079,1,0,151 177,1,15,,669619,1,0,151 177,1,15,,669617,1,0,151 177,1,55,,669634,1,0,151 177,1,15,,669629,1,0,151 177,1,15,,669637,1,0,151 177,1,15,,546429,1,0,151 177,1,55,,669620,1,0,151 177,1,15,,588077,1,0,151 177,1,15,,669612,1,0,151 177,1,15,,669626,1,0,151 177,1,55,,591569,1,0,151 177,1,15,,669651,1,0,151 177,1,15,,669622,1,0,151 177,1,15,,669644,1,0,151 177,1,55,,669623,1,0,151 177,1,15,,669625,1,0,151 177,1,15,,598714,1,0,151 177,1,15,,669611,1,0,151 177,1,55,,669641,1,0,151 177,1,15,,669646,1,0,151 177,1,15,,669642,1,0,151 177,1,15,,669621,1,0,151 177,1,55,,669630,1,0,151 177,1,15,,669633,1,0,151 177,1,15,,669638,1,0,151 177,1,15,,669616,1,0,151 177,1,55,,669640,1,0,151 177,1,15,,669639,1,0,151 177,1,15,,583676,1,0,151 177,1,15,,669645,1,0,151 177,1,55,,669636,1,0,151 177,1,15,,669631,1,0,151 177,1,15,,517246,1,0,151 177,1,15,,669648,1,0,151 177,1,55,,527708,1,0,151 177,1,30,,669643,1,0,151 177,1,70,,564211,1,0,151 177,1,30,,669653,1,0,151 177,1,70,,532294,1,0,151 177,1,30,,669613,1,0,151 177,1,70,,669624,1,0,151 177,1,30,,669618,1,0,151 177,1,70,,380103,1,0,151 177,1,30,,530120,1,0,151 177,1,70,,669615,1,0,151 177,1
12502,'3',745,,669687,1,0,151 177,1,55,,669671,1,0,151 177,1,15,,669691,1,0,151 177,1,15,,589170,1,0,151 177,1,15,,669700,1,0,151 177,1,55,,669678,1,0,151 177,1,15,,588094,1,0,151 177,1,15,,669657,1,0,151 177,1,15,,669661,1,0,151 177,1,55,,669683,1,0,151 177,1,15,,669674,1,0,151 177,1,15,,669662,1,0,151 177,1,15,,381962,1,0,151 177,1,55,,669689,1,0,151 177,1,15,,669699,1,0,151 177,1,15,,669675,1,0,151 177,1,15,,669679,1,0,151 177,1,55,,669673,1,0,151 177,1,15,,669676,1,0,151 177,1,15,,669659,1,0,151 177,1,15,,669669,1,0,151 177,1,55,,669680,1,0,151 177,1,15,,669685,1,0,151 177,1,15,,669660,1,0,151 177,1,15,,669672,1,0,151 177,1,55,,669693,1,0,151 177,1,15,,587960,1,0,151 177,1,15,,579238,1,0,151 177,1,15,,669694,1,0,151 177,1,55,,669695,1,0,151 177,1,15,,532739,1,0,151 177,1,15,,669697,1,0,151 177,1,15,,669670,1,0,151 177,1,55,,669681,1,0,151 177,1,15,,669664,1,0,151 177,1,15,,669667,1,0,151 177,1,15,,669696,1,0,151 177,1,55,,669688,1,0,151 177,1,15,,582311,1,0,151 177,1,15,,669698,1,0,151 177,1,15,,669665,1,0,151 177,1,55,,514232,1,0,151 177,1,15,,669686,1,0,151 177,1,15,,533333,1,0,151 177,1,15,,576044,1,0,151 177,1,55,,669682,1,0,151 177,1,15,,669692,1,0,151 177,1,15,,669677,1,0,151 177,1,15,,669690,1,0,151 177,1,55,,669668,1,0,151 177,1,30,,585169,1,0,151 177,1,70,,669702,1,0,151 177,1,30,,593850,1,0,151 177,1,70,,590724,1,0,151 177,1,30,,552493,1,0,151 177,1,70,,669666,1,0,151 177,1,30,,669684,1,0,151 177,1,70,,669658,1,0,151 177,1,30,,669663,1,0,151 177,1,70,,669701,1,0,151 177,1
12502,'5',630,,669720,1,0,151 177,1,15,,669723,1,0,151 177,1,55,,669752,1,0,151 177,1,15,,669750,1,0,151 177,1,15,,546530,1,0,151 177,1,15,,669746,1,0,151 177,1,55,,669724,1,0,151 177,1,15,,553389,1,0,151 177,1,15,,669744,1,0,151 177,1,15,,669733,1,0,151 177,1,55,,669751,1,0,151 177,1,15,,669705,1,0,151 177,1,15,,669732,1,0,151 177,1,15,,595767,1,0,151 177,1,55,,669742,1,0,151 177,1,15,,669756,1,0,151 177,1,15,,669758,1,0,151 177,1,15,,669718,1,0,151 177,1,55,,669735,1,0,151 177,1,15,,669754,1,0,151 177,1,15,,669729,1,0,151 177,1,15,,669737,1,0,151 177,1,55,,669743,1,0,151 177,1,15,,669738,1,0,151 177,1,15,,669726,1,0,151 177,1,15,,669714,1,0,151 177,1,55,,669713,1,0,151 177,1,15,,669747,1,0,151 177,1,15,,669725,1,0,151 177,1,15,,669728,1,0,151 177,1,55,,669716,1,0,151 177,1,15,,569416,1,0,151 177,1,15,,669741,1,0,151 177,1,15,,669731,1,0,151 177,1,55,,669734,1,0,151 177,1,15,,669721,1,0,151 177,1,15,,669755,1,0,151 177,1,15,,669706,1,0,151 177,1,55,,669722,1,0,151 177,1,15,,669711,1,0,151 177,1,15,,669730,1,0,151 177,1,15,,669753,1,0,151 177,1,55,,530685,1,0,151 177,1,15,,539504,1,0,151 177,1,15,,669703,1,0,151 177,1,15,,580079,1,0,151 177,1,55,,584583,1,0,151 177,1,15,,669704,1,0,151 177,1,15,,519092,1,0,151 177,1,15,,669749,1,0,151 177,1,55,,669708,1,0,151 177,1,15,,669719,1,0,151 177,1,15,,527497,1,0,151 177,1,15,,669748,1,0,151 177,1,55,,669736,1,0,151 177,1,30,,669759,1,0,151 177,1,70,,669712,1,0,151 177,1,30,,669745,1,0,151 177,1,70,,669709,1,0,151 177,1,30,,669717,1,0,151 177,1,70,,669757,1,0,151 177,1,30,,669707,1,0,151 177,1,70,,669710,1,0,151 177,1,30,,669739,1,0,151 177,1,70,,669727,1,0,151 177,1
