2504,'1',520,,699752,5,0,5 141 8,1,6,,699725,5,0,5 141 8,1,7,,699831,5,0,5 141 8,1,6,,699693,5,0,5 141 8,1,6,,699866,5,0,5 141 8,1,6,,699918,5,0,5 141 8,1,6,,699766,5,0,28 26 38 8,1,49,,533733,5,0,28 26 38 8,1,6,,699799,5,0,28 26 38 8,1,6,,699842,5,0,28 26 38 8,1,6,,699662,5,0,28 26 38 8,1,6,,699729,5,0,28 26 38 8,1,6,,699849,5,0,28 26 38 8,1,6,,699925,5,0,28 26 38 8,1,6,,610522,5,0,28 26 38 8,1,6,,455991,5,0,28 26 38 8,1,46,,699860,5,0,28 26 38 8,1,6,,699678,5,0,28 26 38 8,1,6,,699667,5,0,28 26 38 8,1,5,,699929,5,0,28 26 38 8,1,5,,663212,5,0,28 26 38 8,1,5,,699895,5,0,28 26 38 8,1,5,,571481,5,0,28 26 38 8,1,5,,699923,5,0,28 26 38 8,1,5,,699789,5,0,28 26 38 8,1,5,,699634,5,0,28 26 38 8,1,5,,686346,5,0,28 26 38 8,1,5,,699813,5,0,28 26 38 8,1,45,,699877,5,0,28 26 38 8,1,5,,699641,5,0,28 26 38 8,1,5,,660095,5,0,28 26 38 8,1,5,,518931,5,0,28 26 38 8,1,5,,647003,5,0,28 26 38 8,1,5,,699785,5,0,28 26 38 8,1,5,,699829,5,0,28 26 38 8,1,5,,699786,5,0,28 26 38 8,1,5,,699853,5,0,28 26 38 8,1,5,,699655,5,0,28 26 38 8,1,5,,699819,5,0,28 26 38 8,1,5,,699846,5,0,28 26 38 8,1,44,,699927,5,0,28 26 38 8,1,8,,699628,5,0,28 26 38 8,1,6,,699621,5,0,28 26 38 8,1,6,,699623,5,0,28 26 38 8,1,6,,699713,5,0,28 26 38 8,1,6,,699803,5,0,28 26 38 8,1,6,,699808,5,0,28 26 38 8,1,6,,699859,5,0,28 26 38 8,1,6,,699913,5,0,28 26 38 8,1,6,,699643,5,0,28 26 38 8,1,46,,660926,5,0,28 26 38 8,1,6,,699841,5,0,28 26 38 8,1,6,,699768,5,0,28 26 38 8,1,6,,699883,5,0,28 26 38 8,1,6,,699690,5,0,28 26 38 8,1,6,,560817,5,0,28 26 38 8,1,6,,699765,5,0,28 26 38 8,1,6,,566091,5,0,28 26 38 8,1,6,,668669,5,0,28 26 38 8,1,6,,699716,5,0,28 26 38 8,1,46,,699663,5,0,28 26 38 8,1,6,,699642,5,0,28 26 38 8,1,6,,637205,5,0,28 26 38 8,1,6,,699837,5,0,28 26 38 8,1,6,,699651,5,0,28 26 38 8,1,6,,679883,5,0,28 26 38 8,1,6,,699683,5,0,28 26 38 8,1,6,,699732,5,0,28 26 38 8,1,6,,699719,5,0,28 26 38 8,1,6,,699867,5,0,28 26 38 8,1,46,,699774,5,0,28 26 38 8,1,6,,699844,5,0,28 26 38 8,1,6,,657841,5,0,28 26 38 8,1,6,,699638,5,0,28 26 38 8,1,6,,569484,5,0,28 26 38 8,1,6,,699677,5,0,28 26 38 8,1,6,,699695,5,0,28 26 38 8,1,6,,699730,5,0,28 26 38 8,1,6,,699635,5,0,28 26 38 8,1,6,,699697,5,0,28 26 38 8,1,46,,699869,5,0,28 26 38 8,1,6,,699770,5,0,28 26 38 8,1,6,,699870,5,0,28 26 38 8,1,6,,699669,5,0,28 26 38 8,1,6,,699694,5,0,28 26 38 8,1,6,,699755,5,0,28 26 38 8,1,6,,608287,5,0,28 26 38 8,1,6,,699779,5,0,28 26 38 8,1,6,,683759,5,0,28 26 38 8,1,6,,699865,5,0,28 26 38 8,1,46,,699902,5,0,28 26 38 8,1,6,,699833,5,0,28 26 38 8,1,6,,699624,5,0,28 26 38 8,1,6,,699660,5,0,28 26 38 8,1,6,,645814,5,0,28 26 38 8,1,6,,699681,5,0,28 26 38 8,1,6,,699733,5,0,28 26 38 8,1,6,,699666,5,0,28 26 38 8,1,6,,699717,5,0,28 26 38 8,1,4,,699699,5,0,28 26 38 8,1,45,,699882,5,0,28 26 38 8,1,6,,699627,5,0,28 26 38 8,1,5,,699691,5,0,28 26 38 8,1,5,,699791,5,0,28 26 38 8,1,5,,663237,5,0,28 26 38 8,1,5,,660100,5,0,28 26 38 8,1,5,,699761,5,0,28 26 38 8,1,5,,699850,5,0,28 26 38 8,1,5,,699709,5,0,28 26 38 8,1,5,,699888,5,0,28 26 38 8,1,5,,699686,5,0,28 26 38 8,1,5,,677157,5,0,28 26 38 8,1,45,,699738,5,0,28 26 38 8,1,5,,684482,5,0,28 26 38 8,1,5,,699675,5,0,28 26 38 8,1,5,,699674,5,0,28 26 38 8,1,5,,699855,5,0,28 26 38 8,1,5,,480399,5,0,28 26 38 8,1,5,,699734,5,0,28 26 38 8,1,5,,699905,5,0,28 26 38 8,1,5,,699775,5,0,28 26 38 8,1,5,,699832,5,0,28 26 38 8,1,5,,699645,5,0,28 26 38 8,1,5,,667952,5,0,28 26 38 8,1,45,,699802,5,0,28 26 38 8,1,5,,699830,5,0,28 26 38 8,1,5,,699873,5,0,28 26 38 8,1,5,,699742,5,0,28 26 38 8,1,5,,699659,5,0,28 26 38 8,1,5,,699724,5,0,28 26 38 8,1,5,,699644,5,0,28 26 38 8,1,5,,699769,5,0,28 26 38 8,1,5,,699820,5,0,28 26 38 8,1,5,,699721,5,0,28 26 38 8,1,5,,699805,5,0,28 26 38 8,1,5,,699887,5,0,28 26 38 8,1,45,,699687,5,0,28 26 38 8,1,5,,699930,5,0,28 26 38 8,1,5,,630499,5,0,28 26 38 8,1,5,,646188,5,0,28 26 38 8,1,5,,699868,5,0,28 26 38 8,1,5,,699884,5,0,28 26 38 8,1,5,,699673,5,0,28 26 38 8,1,5,,699817,5,0,28 26 38 8,1,6,,621332,5,0,28 26 38 8,1,6,,699665,5,0,28 26 38 8,1,6,,699914,5,0,28 26 38 8,1,46,,699743,5,0,28 26 38 8,1,5,,699773,5,0,28 26 38 8,1,6,,699647,5,0,28 26 38 8,1,6,,699828,5,0,28 26 38 8,1,6,,699916,5,0,28 26 38 8,1,6,,658214,5,0,28 26 38 8,1,6,,699760,5,0,28 26 38 8,1,6,,699711,5,0,28 26 38 8,1,6,,699657,5,0,28 26 38 8,1,6,,699847,5,0,28 26 38 8,1,6,,699898,5,0,28 26 38 8,1,46,,699871,5,0,28 26 38 8,1,6,,699756,5,0,28 26 38 8,1,6,,699656,5,0,28 26 38 8,1,6,,699705,5,0,28 26 38 8,1,6,,631289,5,0,28 26 38 8,1,6,,699747,5,0,28 26 38 8,1,6,,566494,5,0,28 26 38 8,1,6,,689516,5,0,28 26 38 8,1,6,,699637,5,0,28 26 38 8,1,6,,625393,5,0,28 26 38 8,1,46,,699759,5,0,28 26 38 8,1,6,,699894,5,0,28 26 38 8,1,6,,699920,5,0,28 26 38 8,1,6,,699720,5,0,28 26 38 8,1,6,,674523,5,0,28 26 38 8,1,6,,699712,5,0,28 26 38 8,1,6,,699812,5,0,28 26 38 8,1,6,,699696,5,0,28 26 38 8,1,6,,699845,5,0,28 26 38 8,1,5,,699758,5,0,5 141 8,1,46,,699908,5,0,5 141 8,1,6,,699926,5,0,5 141 8,1,6,,699857,5,0,5 141 8,1,6,,699815,5,0,5 141 8,1,6,,699715,5,0,5 141 8,1,6,,699892,5,0,5 141 8,1,6,,699904,5,0,5 141 8,1,6,,623197,5,0,5 141 8,1,6,,699636,5,0,5 141 8,1,6,,699922,5,0,5 141 8,1,46,,699778,5,0,5 141 8,1,6,,699909,5,0,5 141 8,1,6,,665643,5,0,5 141 8,1,6,,643005,5,0,5 141 8,1,6,,587387,5,0,5 141 8,1,6,,699787,5,0,5 141 8,1,6,,699633,5,0,5 141 8,1,6,,635723,5,0,5 141 8,1,6,,699907,5,0,5 141 8,1,6,,689251,5,0,5 141 8,1,46,,699780,5,0,5 141 8,1,6,,642114,5,0,5 141 8,1,6,,699826,5,0,5 141 8,1,6,,699796,5,0,5 141 8,1,6,,699822,5,0,5 141 8,1,6,,699900,5,0,5 141 8,1,6,,669191,5,0,5 141 8,1,6,,629835,5,0,5 141 8,1,6,,699863,5,0,5 141 8,1,6,,699650,5,0,5 141 8,1,46,,699718,5,0,5 141 8,1,6,,699809,5,0,5 141 8,1,6,,618306,5,0,5 141 8,1,6,,654843,5,0,5 141 8,1,11,,699654,5,0,17 26 27 8,1,15,,663766,5,0,28 26 38 8,1,55,,699879,5,0,28 26 38 8,1,15,,699731,5,0,28 26 38 8,1
2504,'2',533,,699995,5,0,5 141 8,1,8,,699994,5,0,5 141 8,1,7,,700024,5,0,5 141 8,1,7,,700043,5,0,5 141 8,1,48,,700003,5,0,5 141 8,1,7,,699984,5,0,5 141 8,1,8,,700005,5,0,5 141 8,1,7,,699958,5,0,5 141 8,1,8,,700033,5,0,5 141 8,1,7,,699999,5,0,5 141 8,1,8,,700069,5,0,5 141 8,1,7,,700059,5,0,5 141 8,1,48,,700001,5,0,5 141 8,1,7,,700031,5,0,5 141 8,1,8,,636589,5,0,5 141 8,1,7,,615405,5,0,5 141 8,1,8,,614389,5,0,5 141 8,1,7,,700027,5,0,5 141 8,1,8,,699931,5,0,5 141 8,1,7,,699986,5,0,5 141 8,1,51,,700022,5,0,5 141 8,1,11,,700017,5,0,5 141 8,1,10,,645098,5,0,5 141 8,1,10,,639086,5,0,5 141 8,1,10,,700004,5,0,5 141 8,1,10,,699956,5,0,5 141 8,1,50,,699991,5,0,5 141 8,1,10,,700052,5,0,5 141 8,1,10,,699959,5,0,5 141 8,1,10,,642237,5,0,5 141 8,1,10,,700047,5,0,5 141 8,1,10,,699964,5,0,5 141 8,1,50,,700011,5,0,5 141 8,1,10,,700060,5,0,5 141 8,1,10,,699932,5,0,5 141 8,1,10,,699942,5,0,5 141 8,1,10,,699977,5,0,5 141 8,1,10,,699970,5,0,5 141 8,1,50,,699933,5,0,5 141 8,1,10,,699934,5,0,5 141 8,1,8,,641762,5,0,5 141 8,1,7,,632471,5,0,5 141 8,1,8,,699981,5,0,5 141 8,1,7,,699988,5,0,5 141 8,1,8,,699974,5,0,5 141 8,1,49,,700049,5,0,5 141 8,1,8,,699948,5,0,5 141 8,1,7,,700040,5,0,5 141 8,1,8,,699987,5,0,5 141 8,1,7,,700039,5,0,5 141 8,1,8,,699985,5,0,5 141 8,1,7,,699967,5,0,5 141 8,1,8,,528251,5,0,5 141 8,1,47,,699936,5,0,5 141 8,1,8,,700018,5,0,5 141 8,1,7,,699946,5,0,5 141 8,1,8,,699993,5,0,5 141 8,1,7,,700042,5,0,5 141 8,1,8,,699943,5,0,5 141 8,1,7,,700000,5,0,5 141 8,1,8,,700058,5,0,5 141 8,1,47,,624606,5,0,5 141 8,1,8,,700007,5,0,5 141 8,1,7,,699997,5,0,5 141 8,1,8,,700037,5,0,5 141 8,1,7,,699980,5,0,5 141 8,1,8,,617598,5,0,5 141 8,1,7,,386330,5,0,5 141 8,1,8,,700065,5,0,5 141 8,1,47,,662734,5,0,5 141 8,1,8,,699935,5,0,5 141 8,1,7,,699972,5,0,5 141 8,1,8,,700046,5,0,5 141 8,1,7,,699950,5,0,5 141 8,1,8,,699947,5,0,5 141 8,1,7,,700051,5,0,5 141 8,1,8,,699949,5,0,5 141 8,1,47,,699990,5,0,5 141 8,1,8,,565990,5,0,5 141 8,1,7,,699941,5,0,5 141 8,1,8,,700029,5,0,5 141 8,1,7,,699998,5,0,5 141 8,1,8,,700026,5,0,5 141 8,1,7,,700071,5,0,5 141 8,1,8,,700012,5,0,5 141 8,1,47,,700061,5,0,5 141 8,1,8,,699983,5,0,5 141 8,1,7,,699979,5,0,5 141 8,1,8,,700063,5,0,5 141 8,1,7,,700055,5,0,5 141 8,1,8,,699971,5,0,5 141 8,1,7,,687302,5,0,5 141 8,1,8,,699963,5,0,5 141 8,1,47,,641733,5,0,5 141 8,1,6,,700062,5,0,5 141 8,1,7,,699978,5,0,5 141 8,1,8,,699965,5,0,5 141 8,1,7,,699955,5,0,5 141 8,1,8,,700068,5,0,5 141 8,1,6,,636613,5,0,5 141 8,1,5,,699968,5,0,5 141 8,1,5,,699938,5,0,5 141 8,1,45,,700025,5,0,5 141 8,1,5,,700045,5,0,5 141 8,1,5,,700056,5,0,5 141 8,1,5,,699976,5,0,5 141 8,1,5,,612002,5,0,5 141 8,1,5,,699966,5,0,5 141 8,1,5,,618435,5,0,5 141 8,1,5,,700006,5,0,5 141 8,1,5,,699957,5,0,5 141 8,1,5,,699953,5,0,5 141 8,1,5,,700016,5,0,5 141 8,1,5,,700010,5,0,5 141 8,1,45,,623286,5,0,5 141 8,1,5,,699951,5,0,5 141 8,1,5,,700044,5,0,5 141 8,1,5,,700021,5,0,5 141 8,1,5,,502683,5,0,5 141 8,1,5,,700038,5,0,5 141 8,1,5,,699939,5,0,5 141 8,1,5,,699960,5,0,5 141 8,1,5,,700020,5,0,5 141 8,1,5,,513808,5,0,5 141 8,1,5,,699944,5,0,5 141 8,1,5,,700053,5,0,5 141 8,1,45,,699952,5,0,5 141 8,1,5,,609963,5,0,5 141 8,1,5,,699937,5,0,5 141 8,1,5,,682614,5,0,5 141 8,1,5,,700041,5,0,5 141 8,1,5,,699982,5,0,5 141 8,1,5,,442254,5,0,5 141 8,1,5,,699940,5,0,5 141 8,1,5,,699996,5,0,5 141 8,1,5,,681745,5,0,5 141 8,1,5,,700070,5,0,5 141 8,1,5,,699961,5,0,5 141 8,1,48,,699954,5,0,5 141 8,1,8,,699973,5,0,5 141 8,1,8,,700048,5,0,5 141 8,1,7,,699989,5,0,5 141 8,1,8,,700067,5,0,5 141 8,1,7,,700015,5,0,5 141 8,1,8,,700028,5,0,5 141 8,1,7,,700013,5,0,5 141 8,1,48,,699962,5,0,5 141 8,1,7,,700035,5,0,5 141 8,1,8,,700036,5,0,5 141 8,1,7,,700034,5,0,5 141 8,1,8,,699992,5,0,5 141 8,1,7,,700057,5,0,5 141 8,1,8,,700014,5,0,5 141 8,1,7,,700066,5,0,5 141 8,1,48,,679513,5,0,5 141 8,1,7,,699945,5,0,5 141 8,1,8,,700064,5,0,5 141 8,1,7,,700054,5,0,5 141 8,1,8,,700032,5,0,5 141 8,1,7,,700019,5,0,5 141 8,1,8,,700002,5,0,5 141 8,1,7,,700023,5,0,5 141 8,1,48,,542874,5,0,5 141 8,1,7,,700008,5,0,5 141 8,1,7,,700050,5,0,5 141 8,1,14,,700030,5,0,17 26 27 8,1,15,,700009,5,0,28 26 38 8,1,55,,699969,5,0,28 26 38 8,1,15,,635417,5,0,28 26 38 8,1
2504,'3',546,,700154,5,0,5 141 8,1,60,,700191,5,0,5 141 8,1,20,,700155,5,0,5 141 8,1,20,,684239,5,0,5 141 8,1,60,,700115,5,0,5 141 8,1,10,,700133,5,0,5 141 8,1,13,,700123,5,0,5 141 8,1,10,,700076,5,0,5 141 8,1,10,,700196,5,0,5 141 8,1,51,,700100,5,0,5 141 8,1,10,,677790,5,0,5 141 8,1,10,,700169,5,0,5 141 8,1,10,,700094,5,0,5 141 8,1,10,,700170,5,0,5 141 8,1,10,,700130,5,0,5 141 8,1,50,,700077,5,0,5 141 8,1,10,,616133,5,0,5 141 8,1,10,,635673,5,0,5 141 8,1,10,,656017,5,0,5 141 8,1,10,,700180,5,0,5 141 8,1,10,,700085,5,0,5 141 8,1,50,,700146,5,0,5 141 8,1,10,,700080,5,0,5 141 8,1,10,,700097,5,0,5 141 8,1,10,,700139,5,0,5 141 8,1,10,,700178,5,0,5 141 8,1,10,,700138,5,0,5 141 8,1,50,,647749,5,0,5 141 8,1,10,,700141,5,0,5 141 8,1,10,,700081,5,0,5 141 8,1,10,,700089,5,0,5 141 8,1,10,,700156,5,0,5 141 8,1,10,,623790,5,0,5 141 8,1,50,,700099,5,0,5 141 8,1,9,,700110,5,0,5 141 8,1,8,,700148,5,0,5 141 8,1,7,,700095,5,0,5 141 8,1,8,,700096,5,0,5 141 8,1,7,,688298,5,0,5 141 8,1,8,,700163,5,0,5 141 8,1,7,,700190,5,0,5 141 8,1,48,,700162,5,0,5 141 8,1,7,,700185,5,0,5 141 8,1,8,,700197,5,0,5 141 8,1,7,,684173,5,0,5 141 8,1,8,,700192,5,0,5 141 8,1,7,,700165,5,0,5 141 8,1,8,,700126,5,0,5 141 8,1,7,,700122,5,0,5 141 8,1,48,,700108,5,0,5 141 8,1,7,,700082,5,0,5 141 8,1,8,,700145,5,0,5 141 8,1,7,,700078,5,0,5 141 8,1,8,,700125,5,0,5 141 8,1,7,,700088,5,0,5 141 8,1,8,,700173,5,0,5 141 8,1,7,,700111,5,0,5 141 8,1,48,,700103,5,0,5 141 8,1,7,,700179,5,0,5 141 8,1,8,,700184,5,0,5 141 8,1,7,,700176,5,0,5 141 8,1,8,,700149,5,0,5 141 8,1,7,,700112,5,0,5 141 8,1,8,,700129,5,0,5 141 8,1,7,,619150,5,0,5 141 8,1,48,,643698,5,0,5 141 8,1,7,,669666,5,0,5 141 8,1,8,,700128,5,0,5 141 8,1,7,,700152,5,0,5 141 8,1,8,,700084,5,0,5 141 8,1,7,,700144,5,0,5 141 8,1,8,,495759,5,0,5 141 8,1,7,,680481,5,0,5 141 8,1,48,,700114,5,0,5 141 8,1,7,,700079,5,0,5 141 8,1,8,,700136,5,0,5 141 8,1,7,,700083,5,0,5 141 8,1,8,,700177,5,0,5 141 8,1,7,,700183,5,0,5 141 8,1,8,,700072,5,0,5 141 8,1,7,,700120,5,0,5 141 8,1,48,,700101,5,0,5 141 8,1,7,,595164,5,0,5 141 8,1,8,,700186,5,0,5 141 8,1,7,,700104,5,0,5 141 8,1,8,,700143,5,0,5 141 8,1,7,,700086,5,0,5 141 8,1,8,,700109,5,0,5 141 8,1,7,,700160,5,0,5 141 8,1,46,,700168,5,0,5 141 8,1,5,,700124,5,0,5 141 8,1,5,,700159,5,0,5 141 8,1,5,,700142,5,0,5 141 8,1,5,,555220,5,0,5 141 8,1,5,,613773,5,0,5 141 8,1,5,,700140,5,0,5 141 8,1,5,,700075,5,0,5 141 8,1,5,,700147,5,0,5 141 8,1,5,,700193,5,0,5 141 8,1,5,,614960,5,0,5 141 8,1,5,,658098,5,0,5 141 8,1,45,,700074,5,0,5 141 8,1,5,,625179,5,0,5 141 8,1,5,,700092,5,0,5 141 8,1,5,,700164,5,0,5 141 8,1,5,,677640,5,0,5 141 8,1,5,,700166,5,0,5 141 8,1,5,,700174,5,0,5 141 8,1,5,,700137,5,0,5 141 8,1,5,,700105,5,0,5 141 8,1,5,,700117,5,0,5 141 8,1,5,,700175,5,0,5 141 8,1,5,,700119,5,0,5 141 8,1,45,,640929,5,0,5 141 8,1,5,,700102,5,0,5 141 8,1,5,,700073,5,0,5 141 8,1,5,,700121,5,0,5 141 8,1,5,,700171,5,0,5 141 8,1,5,,700113,5,0,5 141 8,1,5,,700090,5,0,5 141 8,1,5,,641321,5,0,5 141 8,1,5,,700116,5,0,5 141 8,1,5,,700150,5,0,5 141 8,1,5,,700134,5,0,5 141 8,1,5,,700106,5,0,5 141 8,1,45,,700118,5,0,5 141 8,1,7,,700182,5,0,5 141 8,1,8,,635219,5,0,5 141 8,1,7,,631642,5,0,5 141 8,1,8,,700132,5,0,5 141 8,1,7,,700093,5,0,5 141 8,1,8,,700161,5,0,5 141 8,1,7,,700091,5,0,5 141 8,1,48,,700195,5,0,5 141 8,1,7,,700158,5,0,5 141 8,1,8,,700187,5,0,5 141 8,1,7,,700151,5,0,5 141 8,1,8,,700087,5,0,5 141 8,1,7,,594820,5,0,5 141 8,1,8,,700135,5,0,5 141 8,1,7,,690090,5,0,5 141 8,1,48,,700098,5,0,5 141 8,1,7,,700167,5,0,5 141 8,1,8,,700172,5,0,5 141 8,1,7,,661965,5,0,5 141 8,1,8,,700153,5,0,5 141 8,1,7,,700157,5,0,5 141 8,1,8,,700127,5,0,5 141 8,1,7,,649613,5,0,5 141 8,1,48,,700189,5,0,5 141 8,1,7,,700194,5,0,5 141 8,1,7,,700131,5,0,5 141 8,1,5,,620347,5,0,5 141 8,1,14,,700188,5,0,17 26 27 8,1,16,,627649,5,0,28 26 38 8,1,54,,700107,5,0,28 26 38 8,1,15,,700181,5,0,28 26 38 8,1
2504,'5',533,,630374,5,0,5 141 8,1,10,,700292,5,0,5 141 8,1,10,,700241,5,0,5 141 8,1,50,,686467,5,0,5 141 8,1,10,,700309,5,0,5 141 8,1,10,,613493,5,0,5 141 8,1,10,,700326,5,0,5 141 8,1,10,,700250,5,0,5 141 8,1,16,,700300,5,0,5 141 8,1,50,,556526,5,0,5 141 8,1,10,,700277,5,0,5 141 8,1,10,,700254,5,0,5 141 8,1,10,,700209,5,0,5 141 8,1,10,,700294,5,0,5 141 8,1,51,,700239,5,0,5 141 8,1,10,,700262,5,0,5 141 8,1,10,,700295,5,0,5 141 8,1,10,,700207,5,0,5 141 8,1,10,,664143,5,0,5 141 8,1,10,,700253,5,0,5 141 8,1,50,,700303,5,0,5 141 8,1,10,,686669,5,0,5 141 8,1,10,,700236,5,0,5 141 8,1,10,,700322,5,0,5 141 8,1,10,,700199,5,0,5 141 8,1,10,,700312,5,0,5 141 8,1,50,,700223,5,0,5 141 8,1,10,,700229,5,0,5 141 8,1,10,,700263,5,0,5 141 8,1,10,,700214,5,0,5 141 8,1,10,,700317,5,0,5 141 8,1,10,,700271,5,0,5 141 8,1,50,,615709,5,0,5 141 8,1,10,,700251,5,0,5 141 8,1,10,,641847,5,0,5 141 8,1,10,,700290,5,0,5 141 8,1,10,,653194,5,0,5 141 8,1,10,,700320,5,0,5 141 8,1,50,,700324,5,0,5 141 8,1,9,,700225,5,0,5 141 8,1,8,,700304,5,0,5 141 8,1,7,,539858,5,0,5 141 8,1,8,,700228,5,0,5 141 8,1,7,,700323,5,0,5 141 8,1,8,,571844,5,0,5 141 8,1,7,,700291,5,0,5 141 8,1,48,,700227,5,0,5 141 8,1,7,,700316,5,0,5 141 8,1,8,,700280,5,0,5 141 8,1,7,,700276,5,0,5 141 8,1,8,,700242,5,0,5 141 8,1,7,,700283,5,0,5 141 8,1,8,,700218,5,0,5 141 8,1,7,,700310,5,0,5 141 8,1,48,,700226,5,0,5 141 8,1,7,,700261,5,0,5 141 8,1,8,,700269,5,0,5 141 8,1,7,,700215,5,0,5 141 8,1,8,,700268,5,0,5 141 8,1,7,,700230,5,0,5 141 8,1,8,,678293,5,0,5 141 8,1,7,,700286,5,0,5 141 8,1,48,,700202,5,0,5 141 8,1,7,,700281,5,0,5 141 8,1,8,,700247,5,0,5 141 8,1,7,,700258,5,0,5 141 8,1,8,,700305,5,0,5 141 8,1,7,,700293,5,0,5 141 8,1,8,,700255,5,0,5 141 8,1,7,,700204,5,0,5 141 8,1,48,,700311,5,0,5 141 8,1,7,,667480,5,0,5 141 8,1,8,,700285,5,0,5 141 8,1,7,,700284,5,0,5 141 8,1,8,,700272,5,0,5 141 8,1,7,,700231,5,0,5 141 8,1,8,,700297,5,0,5 141 8,1,7,,700201,5,0,5 141 8,1,48,,700211,5,0,5 141 8,1,7,,700237,5,0,5 141 8,1,8,,700245,5,0,5 141 8,1,7,,700301,5,0,5 141 8,1,8,,700308,5,0,5 141 8,1,7,,630404,5,0,5 141 8,1,8,,700256,5,0,5 141 8,1,7,,700240,5,0,5 141 8,1,48,,651792,5,0,5 141 8,1,7,,700220,5,0,5 141 8,1,8,,700278,5,0,5 141 8,1,7,,700266,5,0,5 141 8,1,8,,659969,5,0,5 141 8,1,7,,700288,5,0,5 141 8,1,8,,700198,5,0,5 141 8,1,7,,700264,5,0,5 141 8,1,46,,700205,5,0,5 141 8,1,5,,700314,5,0,5 141 8,1,5,,661392,5,0,5 141 8,1,5,,623648,5,0,5 141 8,1,5,,700216,5,0,5 141 8,1,5,,700306,5,0,5 141 8,1,5,,700210,5,0,5 141 8,1,5,,576063,5,0,5 141 8,1,5,,700222,5,0,5 141 8,1,5,,700319,5,0,5 141 8,1,5,,700260,5,0,5 141 8,1,5,,700234,5,0,5 141 8,1,45,,631798,5,0,5 141 8,1,5,,627769,5,0,5 141 8,1,5,,700200,5,0,5 141 8,1,5,,700275,5,0,5 141 8,1,5,,663136,5,0,5 141 8,1,5,,700298,5,0,5 141 8,1,5,,700325,5,0,5 141 8,1,5,,700274,5,0,5 141 8,1,5,,700233,5,0,5 141 8,1,5,,700244,5,0,5 141 8,1,5,,700206,5,0,5 141 8,1,5,,700221,5,0,5 141 8,1,45,,700302,5,0,5 141 8,1,5,,700235,5,0,5 141 8,1,5,,677816,5,0,5 141 8,1,5,,700203,5,0,5 141 8,1,5,,563673,5,0,5 141 8,1,5,,700208,5,0,5 141 8,1,5,,700224,5,0,5 141 8,1,5,,665739,5,0,5 141 8,1,5,,571839,5,0,5 141 8,1,5,,700307,5,0,5 141 8,1,5,,700219,5,0,5 141 8,1,5,,700315,5,0,5 141 8,1,45,,700259,5,0,5 141 8,1,7,,566798,5,0,5 141 8,1,8,,700289,5,0,5 141 8,1,7,,700299,5,0,5 141 8,1,8,,700248,5,0,5 141 8,1,7,,700287,5,0,5 141 8,1,8,,612672,5,0,5 141 8,1,7,,700265,5,0,5 141 8,1,48,,700267,5,0,5 141 8,1,7,,700249,5,0,5 141 8,1,8,,661560,5,0,5 141 8,1,7,,700279,5,0,5 141 8,1,8,,700212,5,0,5 141 8,1,7,,519076,5,0,5 141 8,1,8,,700217,5,0,5 141 8,1,7,,700232,5,0,5 141 8,1,48,,700243,5,0,5 141 8,1,7,,659930,5,0,5 141 8,1,8,,619977,5,0,5 141 8,1,7,,700213,5,0,5 141 8,1,8,,700282,5,0,5 141 8,1,7,,700238,5,0,5 141 8,1,8,,633426,5,0,5 141 8,1,7,,700273,5,0,5 141 8,1,48,,700318,5,0,5 141 8,1,7,,700313,5,0,5 141 8,1,7,,700252,5,0,5 141 8,1,5,,700257,5,0,5 141 8,1,14,,700246,5,0,17 26 27 8,1,16,,700321,5,0,28 26 38 8,1,54,,700296,5,0,28 26 38 8,1,15,,700270,5,0,28 26 38 8,1
32504,'1',448,,769713,5,0,11 12 147,1,56,,769714,5,0,11 12 147,1,2144,,642103,5,0,11 12 147,1,70,,671987,5,0,11 12 147,1,30,,670824,5,0,11 12 147,1,70,,673859,5,0,11 12 147,1
32504,'2',448,,769722,5,0,11 12 147,1,58,,769717,5,0,11 12 147,1,2142,,769720,5,0,11 12 147,1,70,,769718,5,0,11 12 147,1,30,,769721,5,0,11 12 147,1,70,,642180,5,0,11 12 147,1
32504,'3',448,,769724,5,0,11 12 147,1,68,,769725,5,0,11 12 147,1,2132,,680852,5,0,11 12 147,1,70,,769730,5,0,11 12 147,1,30,,624679,5,0,11 12 147,1,70,,769726,5,0,11 12 147,1
32504,'5',448,,769734,5,0,11 12 147,1,59,,635699,5,0,11 12 147,1,2141,,769737,5,0,11 12 147,1,70,,769738,5,0,11 12 147,1,30,,769735,5,0,11 12 147,1,70,,769731,5,0,11 12 147,1
92504,'1',603,,775027,2,0,141 8,1,14,,775035,2,0,141 8,1,12,,774983,2,0,141 8,1,12,,606397,2,0,141 8,1,12,,774973,2,0,141 8,1,50,,774975,2,0,141 8,1,10,,604047,2,0,141 8,1,10,,685916,2,0,141 8,1,10,,643961,2,0,141 8,1,10,,774974,2,0,141 8,1,10,,774966,2,0,141 8,1,50,,688954,2,0,141 8,1,10,,775004,2,0,141 8,1,10,,774968,2,0,141 8,1,10,,774976,2,0,141 8,1,10,,774991,2,0,141 8,1,10,,774985,2,0,141 8,1,50,,775005,2,0,141 8,1,10,,636343,2,0,141 8,1,11,,774992,2,0,141 8,1,12,,775014,2,0,141 8,1,12,,775003,2,0,141 8,1,52,,775008,2,0,141 8,1,12,,774993,2,0,141 8,1,12,,774971,2,0,141 8,1,12,,645801,2,0,141 8,1,12,,775022,2,0,141 8,1,52,,641219,2,0,141 8,1,12,,774970,2,0,141 8,1,12,,774986,2,0,141 8,1,12,,774977,2,0,141 8,1,12,,775018,2,0,141 8,1,52,,413997,2,0,141 8,1,12,,775006,2,0,141 8,1,12,,774999,2,0,141 8,1,12,,774980,2,0,141 8,1,12,,430095,2,0,141 8,1,52,,774998,2,0,141 8,1,12,,775034,2,0,141 8,1,12,,775002,2,0,141 8,1,12,,774967,2,0,141 8,1,12,,775019,2,0,141 8,1,52,,621408,2,0,141 8,1,12,,774995,2,0,141 8,1,12,,775020,2,0,141 8,1,8,,775001,2,0,141 8,1,9,,775030,2,0,141 8,1,10,,775016,2,0,141 8,1,8,,775013,2,0,141 8,1,52,,556060,2,0,141 8,1,10,,774994,2,0,141 8,1,10,,672988,2,0,141 8,1,10,,775009,2,0,141 8,1,10,,775028,2,0,141 8,1,50,,775012,2,0,141 8,1,10,,675293,2,0,141 8,1,10,,775024,2,0,141 8,1,10,,774989,2,0,141 8,1,10,,651314,2,0,141 8,1,10,,684474,2,0,141 8,1,50,,774981,2,0,141 8,1,10,,774982,2,0,141 8,1,10,,665268,2,0,141 8,1,10,,775015,2,0,141 8,1,10,,774990,2,0,141 8,1,10,,774978,2,0,141 8,1,50,,774972,2,0,141 8,1,10,,775033,2,0,141 8,1,10,,775000,2,0,141 8,1,10,,774997,2,0,141 8,1,10,,775032,2,0,141 8,1,9,,774969,2,0,141 8,1,50,,775010,2,0,141 8,1,8,,775017,2,0,141 8,1,12,,775036,2,0,141 8,1,12,,775011,2,0,141 8,1,12,,774984,2,0,141 8,1,12,,688970,2,0,141 8,1,52,,774996,2,0,141 8,1,12,,775007,2,0,141 8,1,12,,774988,2,0,141 8,1,12,,775021,2,0,141 8,1,12,,774987,2,0,141 8,1,52,,775026,2,0,141 8,1,12,,591341,2,0,141 8,1,12,,775029,2,0,141 8,1,12,,633837,2,0,141 8,1,9,,774979,2,0,141 8,1,49,,775025,2,0,141 8,1
92504,'2',715,,775107,2,0,141 8,1,10,,775054,2,0,141 8,1,10,,680419,2,0,141 8,1,10,,564445,2,0,141 8,1,10,,775045,2,0,141 8,1,50,,775067,2,0,141 8,1,10,,670479,2,0,141 8,1,10,,775085,2,0,141 8,1,10,,775073,2,0,141 8,1,10,,775090,2,0,141 8,1,10,,665020,2,0,141 8,1,50,,775076,2,0,141 8,1,10,,775104,2,0,141 8,1,10,,775059,2,0,141 8,1,10,,775095,2,0,141 8,1,10,,619073,2,0,141 8,1,10,,775083,2,0,141 8,1,50,,775081,2,0,141 8,1,10,,775099,2,0,141 8,1,10,,775096,2,0,141 8,1,10,,775039,2,0,141 8,1,10,,775102,2,0,141 8,1,10,,775068,2,0,141 8,1,50,,775079,2,0,141 8,1,10,,775053,2,0,141 8,1,10,,775084,2,0,141 8,1,10,,775042,2,0,141 8,1,10,,775092,2,0,141 8,1,9,,775082,2,0,141 8,1,47,,775050,2,0,141 8,1,8,,775072,2,0,141 8,1,7,,775051,2,0,141 8,1,8,,775057,2,0,141 8,1,7,,775071,2,0,141 8,1,8,,775098,2,0,141 8,1,7,,549602,2,0,141 8,1,8,,775097,2,0,141 8,1,47,,775064,2,0,141 8,1,8,,775058,2,0,141 8,1,7,,775087,2,0,141 8,1,8,,775056,2,0,141 8,1,7,,775049,2,0,141 8,1,8,,630202,2,0,141 8,1,7,,775048,2,0,141 8,1,8,,775089,2,0,141 8,1,47,,775061,2,0,141 8,1,8,,775100,2,0,141 8,1,7,,775043,2,0,141 8,1,8,,775077,2,0,141 8,1,7,,775046,2,0,141 8,1,8,,775041,2,0,141 8,1,7,,775069,2,0,141 8,1,8,,775103,2,0,141 8,1,47,,648083,2,0,141 8,1,8,,653365,2,0,141 8,1,7,,651336,2,0,141 8,1,8,,775108,2,0,141 8,1,7,,775065,2,0,141 8,1,8,,775078,2,0,141 8,1,7,,634099,2,0,141 8,1,8,,775063,2,0,141 8,1,47,,775080,2,0,141 8,1,8,,775086,2,0,141 8,1,7,,775088,2,0,141 8,1,8,,775066,2,0,141 8,1,7,,775075,2,0,141 8,1,8,,775094,2,0,141 8,1,7,,775055,2,0,141 8,1,8,,775052,2,0,141 8,1,47,,775105,2,0,141 8,1,8,,624049,2,0,141 8,1,7,,651348,2,0,141 8,1,8,,775091,2,0,141 8,1,7,,775062,2,0,141 8,1,8,,775044,2,0,141 8,1,7,,775038,2,0,141 8,1,8,,775093,2,0,141 8,1,47,,775074,2,0,141 8,1,8,,633570,2,0,141 8,1,7,,775060,2,0,141 8,1,8,,775040,2,0,141 8,1,7,,775070,2,0,141 8,1,8,,775101,2,0,141 8,1,7,,775106,2,0,141 8,1,8,,675808,2,0,141 8,1,47,,775047,2,0,141 8,1,7,,775037,2,0,141 8,1
92504,'3',719,,775163,2,0,141 8,1,15,,775155,2,0,141 8,1,15,,775137,2,0,141 8,1,55,,775171,2,0,141 8,1,10,,775134,2,0,141 8,1,10,,775154,2,0,141 8,1,10,,775147,2,0,141 8,1,10,,645187,2,0,141 8,1,10,,775116,2,0,141 8,1,50,,775152,2,0,141 8,1,10,,775169,2,0,141 8,1,10,,775167,2,0,141 8,1,10,,622115,2,0,141 8,1,10,,503362,2,0,141 8,1,10,,775129,2,0,141 8,1,50,,775159,2,0,141 8,1,10,,775156,2,0,141 8,1,10,,775128,2,0,141 8,1,10,,669858,2,0,141 8,1,10,,775124,2,0,141 8,1,10,,662235,2,0,141 8,1,50,,775150,2,0,141 8,1,10,,775109,2,0,141 8,1,10,,775132,2,0,141 8,1,10,,666762,2,0,141 8,1,10,,775149,2,0,141 8,1,10,,775117,2,0,141 8,1,52,,578266,2,0,141 8,1,7,,640939,2,0,141 8,1,8,,639746,2,0,141 8,1,7,,775142,2,0,141 8,1,8,,775160,2,0,141 8,1,7,,775144,2,0,141 8,1,8,,775127,2,0,141 8,1,7,,775110,2,0,141 8,1,48,,775164,2,0,141 8,1,7,,775165,2,0,141 8,1,8,,775140,2,0,141 8,1,7,,775136,2,0,141 8,1,8,,775158,2,0,141 8,1,7,,775123,2,0,141 8,1,8,,775130,2,0,141 8,1,7,,775119,2,0,141 8,1,48,,775115,2,0,141 8,1,7,,775166,2,0,141 8,1,8,,775135,2,0,141 8,1,7,,540288,2,0,141 8,1,8,,775126,2,0,141 8,1,7,,775153,2,0,141 8,1,8,,559500,2,0,141 8,1,7,,775148,2,0,141 8,1,48,,775141,2,0,141 8,1,7,,775146,2,0,141 8,1,8,,622053,2,0,141 8,1,7,,775145,2,0,141 8,1,8,,775138,2,0,141 8,1,7,,775139,2,0,141 8,1,8,,775143,2,0,141 8,1,7,,775122,2,0,141 8,1,48,,775168,2,0,141 8,1,7,,775151,2,0,141 8,1,8,,775120,2,0,141 8,1,7,,615470,2,0,141 8,1,8,,775133,2,0,141 8,1,7,,775131,2,0,141 8,1,8,,775112,2,0,141 8,1,7,,775170,2,0,141 8,1,48,,775121,2,0,141 8,1,7,,775125,2,0,141 8,1,8,,614924,2,0,141 8,1,7,,665406,2,0,141 8,1,8,,775111,2,0,141 8,1,7,,775173,2,0,141 8,1,8,,775114,2,0,141 8,1,7,,775113,2,0,141 8,1,48,,685474,2,0,141 8,1,7,,666961,2,0,141 8,1,8,,775157,2,0,141 8,1,7,,775162,2,0,141 8,1,8,,680296,2,0,141 8,1,7,,775172,2,0,141 8,1,8,,775161,2,0,141 8,1,7,,775118,2,0,141 8,1
92504,'5',719,,775191,2,0,141 8,1,15,,775195,2,0,141 8,1,15,,775183,2,0,141 8,1,55,,775203,2,0,141 8,1,10,,689172,2,0,141 8,1,10,,775206,2,0,141 8,1,10,,775225,2,0,141 8,1,10,,775175,2,0,141 8,1,10,,775179,2,0,141 8,1,50,,775220,2,0,141 8,1,10,,775223,2,0,141 8,1,10,,775192,2,0,141 8,1,10,,775232,2,0,141 8,1,10,,775221,2,0,141 8,1,10,,775229,2,0,141 8,1,50,,635884,2,0,141 8,1,10,,775202,2,0,141 8,1,10,,775189,2,0,141 8,1,10,,775215,2,0,141 8,1,10,,648323,2,0,141 8,1,10,,775235,2,0,141 8,1,50,,775228,2,0,141 8,1,10,,775212,2,0,141 8,1,10,,629544,2,0,141 8,1,10,,775185,2,0,141 8,1,10,,775208,2,0,141 8,1,10,,613856,2,0,141 8,1,52,,775210,2,0,141 8,1,7,,775236,2,0,141 8,1,8,,609151,2,0,141 8,1,7,,775237,2,0,141 8,1,8,,775238,2,0,141 8,1,7,,775205,2,0,141 8,1,8,,775200,2,0,141 8,1,7,,775194,2,0,141 8,1,48,,775226,2,0,141 8,1,7,,775234,2,0,141 8,1,8,,628700,2,0,141 8,1,7,,641368,2,0,141 8,1,8,,775222,2,0,141 8,1,7,,775231,2,0,141 8,1,8,,639205,2,0,141 8,1,7,,775204,2,0,141 8,1,48,,775190,2,0,141 8,1,7,,775217,2,0,141 8,1,8,,775181,2,0,141 8,1,7,,680161,2,0,141 8,1,8,,775187,2,0,141 8,1,7,,775198,2,0,141 8,1,8,,775213,2,0,141 8,1,7,,688791,2,0,141 8,1,48,,655179,2,0,141 8,1,7,,775184,2,0,141 8,1,8,,775174,2,0,141 8,1,7,,543531,2,0,141 8,1,8,,775224,2,0,141 8,1,7,,677704,2,0,141 8,1,8,,775218,2,0,141 8,1,7,,775182,2,0,141 8,1,48,,775233,2,0,141 8,1,7,,576312,2,0,141 8,1,8,,626096,2,0,141 8,1,7,,775178,2,0,141 8,1,8,,775209,2,0,141 8,1,7,,775186,2,0,141 8,1,8,,775207,2,0,141 8,1,7,,775193,2,0,141 8,1,48,,775201,2,0,141 8,1,7,,775230,2,0,141 8,1,8,,775216,2,0,141 8,1,7,,775214,2,0,141 8,1,8,,775211,2,0,141 8,1,7,,775196,2,0,141 8,1,8,,775219,2,0,141 8,1,7,,775180,2,0,141 8,1,48,,775177,2,0,141 8,1,7,,775199,2,0,141 8,1,8,,775188,2,0,141 8,1,7,,775176,2,0,141 8,1,8,,775227,2,0,141 8,1,7,,659473,2,0,141 8,1,8,,565264,2,0,141 8,1,7,,775197,2,0,141 8,1
