5202,'1',459,,631312,16,0,5 132 133,1,50,,463650,16,0,34 184,1,17,,512416,25,0,34 184,1,7,,631300,25,0,5 132 133,1,9,,631231,25,0,5 132 133,1,7,,631295,34,0,34 184,1,51,,631338,20,0,108 86 87,1,9,,631356,35,0,5 132 133,1,9,,631241,35,0,34 184,1,5,,631398,20,0,108 86 87,1,2,,439747,35,0,5 132 133,1,7,,631274,34,0,197 13 14,1,4,,631337,35,0,5 132 133,1,4,,631232,20,0,108 86 87,1,5,,631304,35,0,34 184,1,5,,631393,34,0,197 13 14,1,4,,631297,35,0,5 132 133,1,4,,631333,20,0,108 86 87,1,45,,631390,35,0,5 132 133,1,4,,592052,34,0,197 13 14,1,5,,631320,35,0,34 184,1,9,,537182,20,0,108 86 87,1,1,,631306,35,0,5 132 133,1,5,,631251,34,0,197 13 14,1,5,,631340,35,0,5 132 133,1,10,,631366,20,0,108 86 87,1,5,,631391,34,0,197 13 14,1,5,,631238,35,0,5 132 133,1,50,,631275,35,0,5 132 133,1,1,,631270,20,0,108 86 87,1,9,,631289,35,0,34 184,1,1,,631246,34,0,197 13 14,1,9,,517852,35,0,5 132 133,1,2,,631405,20,0,108 86 87,1,8,,386183,35,0,5 132 133,1,2,,631357,34,0,197 13 14,1,8,,631367,35,0,34 184,1,2,,631244,20,0,108 86 87,1,8,,631348,35,0,5 132 133,1,3,,631410,34,0,197 13 14,1,47,,631407,35,0,34 184,1,3,,631269,20,0,108 86 87,1,6,,631291,35,0,5 132 133,1,4,,521914,34,0,197 13 14,1,5,,631279,35,0,34 184,1,5,,583889,20,0,108 86 87,1,5,,631278,35,0,5 132 133,1,4,,631261,34,0,197 13 14,1,4,,631321,35,0,34 184,1,4,,631286,20,0,108 86 87,1,5,,631303,35,0,5 132 133,1,5,,631326,34,0,197 13 14,1,5,,631350,35,0,34 184,1,45,,631233,20,0,108 86 87,1,5,,631344,35,0,5 132 133,1,5,,631259,34,0,197 13 14,1,5,,631372,35,0,34 184,1,5,,631310,20,0,108 86 87,1,5,,477920,35,0,5 132 133,1,5,,457710,34,0,197 13 14,1,5,,631282,35,0,34 184,1,5,,631401,20,0,108 86 87,1,5,,631313,35,0,5 132 133,1,5,,631368,34,0,197 13 14,1,5,,631311,35,0,34 184,1,45,,631276,20,0,108 86 87,1,5,,530982,35,0,5 132 133,1,5,,631229,34,0,197 13 14,1,5,,631385,35,0,34 184,1,5,,547979,20,0,108 86 87,1,5,,631377,35,0,5 132 133,1,5,,631255,34,0,197 13 14,1,5,,631228,35,0,34 184,1,5,,631388,20,0,108 86 87,1,5,,631359,35,0,5 132 133,1,5,,631352,34,0,197 13 14,1,5,,589466,35,0,34 184,1,45,,556094,20,0,108 86 87,1,5,,631361,35,0,5 132 133,1,5,,631406,34,0,197 13 14,1,5,,631293,35,0,34 184,1,5,,631284,20,0,108 86 87,1,5,,631263,35,0,5 132 133,1,5,,631292,34,0,197 13 14,1,5,,521019,35,0,34 184,1,5,,631226,20,0,108 86 87,1,5,,631404,35,0,5 132 133,1,5,,592684,34,0,197 13 14,1,5,,425583,35,0,34 184,1,45,,631339,20,0,108 86 87,1,5,,631247,35,0,5 132 133,1,5,,631322,34,0,197 13 14,1,5,,631392,35,0,34 184,1,5,,631260,20,0,108 86 87,1,5,,631349,35,0,5 132 133,1,5,,535531,34,0,197 13 14,1,5,,408126,35,0,34 184,1,5,,631375,20,0,108 86 87,1,5,,631389,35,0,5 132 133,1,5,,391483,34,0,197 13 14,1,5,,531787,35,0,34 184,1,45,,631314,20,0,108 86 87,1,5,,520250,35,0,5 132 133,1,5,,575663,34,0,197 13 14,1,4,,631258,35,0,34 184,1,5,,631325,20,0,108 86 87,1,4,,631358,35,0,5 132 133,1,7,,631343,34,0,197 13 14,1,3,,631245,35,0,34 184,1,6,,631290,20,0,108 86 87,1,4,,631230,35,0,5 132 133,1,10,,550976,35,0,5 132 133,1,4,,631345,20,0,108 86 87,1,46,,631323,35,0,34 184,1,5,,631353,34,0,197 13 14,1,5,,631379,35,0,5 132 133,1,5,,631403,20,0,108 86 87,1,5,,559244,35,0,5 132 133,1,5,,631252,34,0,197 13 14,1,5,,511847,35,0,34 184,1,5,,631271,20,0,108 86 87,1,5,,631365,35,0,5 132 133,1,5,,631371,34,0,197 13 14,1,5,,631332,35,0,5 132 133,1,45,,631383,20,0,108 86 87,1,4,,631309,35,0,34 184,1,5,,631265,34,0,197 13 14,1,4,,631351,35,0,5 132 133,1,5,,631281,20,0,108 86 87,1,4,,571113,35,0,5 132 133,1,5,,631319,34,0,197 13 14,1,4,,631296,35,0,34 184,1,5,,513759,20,0,108 86 87,1,4,,631264,35,0,5 132 133,1,5,,631376,34,0,197 13 14,1,4,,631364,35,0,5 132 133,1,5,,631341,20,0,108 86 87,1,4,,631373,35,0,34 184,1,45,,631307,34,0,197 13 14,1,4,,631369,35,0,5 132 133,1,5,,631330,20,0,108 86 87,1,4,,461040,35,0,5 132 133,1,5,,631287,34,0,197 13 14,1,4,,631236,35,0,34 184,1,5,,631277,20,0,108 86 87,1,4,,545642,35,0,5 132 133,1,5,,631239,34,0,197 13 14,1,4,,631380,35,0,5 132 133,1,5,,631362,20,0,108 86 87,1,4,,631268,35,0,34 184,1,5,,631235,34,0,197 13 14,1,44,,465757,35,0,5 132 133,1,5,,631250,20,0,108 86 87,1,4,,533245,35,0,5 132 133,1,4,,631272,34,0,197 13 14,1,3,,631346,35,0,34 184,1,5,,631283,20,0,108 86 87,1,2,,631305,35,0,5 132 133,1,4,,532917,34,0,197 13 14,1,4,,631409,35,0,34 184,1,4,,631266,20,0,108 86 87,1,4,,631324,35,0,5 132 133,1,4,,583637,34,0,197 13 14,1,2,,631355,35,0,5 132 133,1,5,,631318,20,0,108 86 87,1,4,,631294,35,0,34 184,1,45,,631302,34,0,197 13 14,1,4,,631334,35,0,5 132 133,1,5,,566542,20,0,108 86 87,1,4,,631374,35,0,34 184,1,5,,631267,35,0,5 132 133,1,5,,631242,20,0,108 86 87,1,5,,631249,35,0,34 184,1,5,,631335,34,0,197 13 14,1,5,,557047,35,0,5 132 133,1,5,,631299,20,0,108 86 87,1,5,,631400,35,0,34 184,1,10,,631262,35,0,5 132 133,1,46,,631399,20,0,108 86 87,1,4,,631248,35,0,34 184,1,7,,631408,35,0,5 132 133,1,8,,631227,35,0,34 184,1,2,,631402,20,0,108 86 87,1,7,,631354,35,0,5 132 133,1,6,,631243,35,0,34 184,1,9,,441639,20,0,108 86 87,1,9,,631327,35,0,34 184,1,49,,631237,35,0,5 132 133,1,2,,631315,20,0,108 86 87,1,7,,631298,35,0,34 184,1,9,,631395,35,0,5 132 133,1,4,,631285,20,0,108 86 87,1,5,,574227,35,0,34 184,1,9,,597286,35,0,5 132 133,1,5,,631240,20,0,108 86 87,1,4,,631257,35,0,34 184,1,9,,631411,35,0,5 132 133,1,45,,631397,20,0,108 86 87,1,3,,631254,35,0,34 184,1,9,,631331,35,0,5 132 133,1,5,,631225,20,0,108 86 87,1,5,,631288,35,0,34 184,1,10,,631256,35,0,5 132 133,1,3,,631387,20,0,108 86 87,1,8,,603418,35,0,34 184,1,10,,631378,20,0,108 86 87,1,1,,631363,35,0,5 132 133,1,52,,631308,35,0,34 184,1,5,,631342,20,0,108 86 87,1,6,,550458,35,0,5 132 133,1,11,,631329,35,0,34 184,1,1,,631317,20,0,108 86 87,1,10,,498732,35,0,5 132 133,1,8,,599634,20,0,108 86 87,1,4,,631273,35,0,34 184,1,51,,631347,35,0,5 132 133,1,3,,631360,20,0,108 86 87,1,8,,631234,35,0,34 184,1,10,,594169,20,0,108 86 87,1,1,,495536,35,0,5 132 133,1,12,,631316,35,0,34 184,1,5,,631253,20,0,108 86 87,1,6,,520624,35,0,5 132 133,1,51,,545616,35,0,34 184,1,1,,631328,20,0,108 86 87,1,10,,631394,35,0,5 132 133,1,8,,631336,20,0,108 86 87,1,2,,631386,35,0,5 132 133,1,10,,581619,35,0,34 184,1,10,,631384,35,0,5 132 133,1,2,,631370,20,0,108 86 87,1,12,,540859,35,0,5 132 133,1,55,,631301,35,0,5 132 133,1,15,,596144,35,0,5 132 133,1,15,,631396,35,0,5 132 133,1
5202,'2',537,,572806,34,0,5 132 133,1,11,,597582,34,0,31 185,1,55,,631518,20,0,108 86 87,1,6,,631434,35,0,5 132 133,1,12,,631574,20,0,108 86 87,1,3,,631577,35,0,31 185,1,13,,511222,35,0,5 132 133,1,6,,482018,20,0,108 86 87,1,5,,631520,35,0,31 185,1,11,,631443,35,0,5 132 133,1,48,,631558,20,0,108 86 87,1,3,,631560,35,0,31 185,1,11,,631530,35,0,5 132 133,1,6,,631488,20,0,108 86 87,1,5,,631547,35,0,31 185,1,11,,631528,35,0,5 132 133,1,6,,527742,20,0,108 86 87,1,5,,631549,35,0,31 185,1,46,,631504,20,0,108 86 87,1,5,,631473,35,0,5 132 133,1,12,,576999,35,0,31 185,1,7,,631514,20,0,108 86 87,1,6,,631546,35,0,5 132 133,1,13,,631485,35,0,31 185,1,6,,631507,20,0,108 86 87,1,5,,631553,35,0,5 132 133,1,51,,631487,35,0,31 185,1,6,,631486,20,0,108 86 87,1,5,,631481,35,0,5 132 133,1,11,,591016,35,0,31 185,1,6,,631542,20,0,108 86 87,1,5,,631566,35,0,5 132 133,1,11,,631472,35,0,31 185,1,6,,631531,20,0,108 86 87,1,45,,631538,35,0,5 132 133,1,6,,631420,34,0,197 13 14,1,5,,631565,35,0,31 185,1,6,,516927,20,0,108 86 87,1,5,,631415,35,0,5 132 133,1,6,,631513,34,0,197 13 14,1,5,,631440,35,0,31 185,1,6,,631463,20,0,108 86 87,1,5,,631448,35,0,5 132 133,1,6,,631427,34,0,197 13 14,1,5,,631536,35,0,31 185,1,46,,631461,20,0,108 86 87,1,5,,631517,35,0,5 132 133,1,6,,631450,34,0,197 13 14,1,5,,631439,35,0,31 185,1,6,,493497,20,0,108 86 87,1,5,,631554,35,0,5 132 133,1,6,,631551,34,0,197 13 14,1,5,,631414,35,0,31 185,1,6,,631495,20,0,108 86 87,1,5,,631534,35,0,5 132 133,1,6,,631489,34,0,108 86 87,1,45,,631569,35,0,31 185,1,8,,631447,34,0,197 13 14,1,5,,631541,35,0,5 132 133,1,7,,631479,20,0,108 86 87,1,6,,631529,35,0,31 185,1,7,,631413,34,0,197 13 14,1,7,,631445,35,0,5 132 133,1,5,,631436,20,0,108 86 87,1,5,,631455,35,0,31 185,1,5,,631451,34,0,197 13 14,1,45,,631417,35,0,5 132 133,1,5,,631459,20,0,108 86 87,1,5,,631561,35,0,31 185,1,5,,631525,34,0,197 13 14,1,5,,631498,35,0,5 132 133,1,5,,631454,20,0,108 86 87,1,5,,631562,35,0,31 185,1,5,,631559,34,0,197 13 14,1,5,,478064,35,0,5 132 133,1,5,,631474,20,0,108 86 87,1,5,,531896,35,0,31 185,1,5,,631527,34,0,197 13 14,1,45,,545718,35,0,5 132 133,1,5,,631516,20,0,108 86 87,1,5,,631480,35,0,31 185,1,5,,631512,34,0,197 13 14,1,5,,568581,35,0,5 132 133,1,5,,631471,20,0,108 86 87,1,5,,600795,35,0,31 185,1,5,,631502,34,0,197 13 14,1,5,,563906,35,0,5 132 133,1,5,,631523,20,0,108 86 87,1,5,,631465,35,0,31 185,1,5,,631575,34,0,197 13 14,1,45,,631556,35,0,5 132 133,1,5,,631501,20,0,108 86 87,1,5,,631522,35,0,31 185,1,5,,631532,34,0,197 13 14,1,5,,631511,35,0,5 132 133,1,5,,579022,20,0,108 86 87,1,5,,631469,35,0,31 185,1,5,,631492,34,0,197 13 14,1,5,,631435,35,0,5 132 133,1,5,,534199,20,0,108 86 87,1,5,,547237,35,0,31 185,1,5,,631494,34,0,197 13 14,1,45,,631433,35,0,5 132 133,1,5,,521473,20,0,108 86 87,1,5,,631521,35,0,31 185,1,5,,631543,34,0,197 13 14,1,5,,631533,35,0,5 132 133,1,5,,631544,20,0,108 86 87,1,5,,631550,35,0,31 185,1,5,,631467,34,0,197 13 14,1,5,,631499,35,0,5 132 133,1,5,,631421,20,0,108 86 87,1,5,,631535,35,0,31 185,1,5,,631437,34,0,197 13 14,1,45,,631423,35,0,5 132 133,1,5,,631524,20,0,108 86 87,1,5,,631477,35,0,31 185,1,5,,631503,34,0,197 13 14,1,5,,586849,35,0,5 132 133,1,5,,560925,20,0,108 86 87,1,5,,592427,35,0,31 185,1,5,,631519,34,0,197 13 14,1,5,,631430,35,0,5 132 133,1,5,,631573,20,0,108 86 87,1,5,,631579,35,0,31 185,1,5,,631506,34,0,197 13 14,1,45,,631539,35,0,5 132 133,1,5,,631426,20,0,108 86 87,1,4,,631428,35,0,31 185,1,5,,631557,34,0,197 13 14,1,4,,631540,35,0,5 132 133,1,5,,631508,20,0,108 86 87,1,3,,631572,35,0,31 185,1,5,,631500,34,0,197 13 14,1,2,,631468,35,0,5 132 133,1,6,,569301,20,0,108 86 87,1,4,,407259,35,0,31 185,1,5,,631570,34,0,197 13 14,1,5,,631537,35,0,5 132 133,1,46,,631497,20,0,108 86 87,1,4,,631442,35,0,31 185,1,5,,631438,34,0,197 13 14,1,6,,631460,35,0,5 132 133,1,7,,631482,20,0,108 86 87,1,4,,631580,35,0,31 185,1,11,,631545,35,0,5 132 133,1,7,,631578,20,0,108 86 87,1,4,,631458,35,0,31 185,1,11,,631446,35,0,5 132 133,1,47,,631483,20,0,108 86 87,1,4,,596964,35,0,31 185,1,11,,631509,35,0,5 132 133,1,7,,529559,20,0,108 86 87,1,4,,485896,35,0,31 185,1,11,,503802,35,0,5 132 133,1,7,,631456,20,0,108 86 87,1,4,,631453,35,0,31 185,1,51,,631491,35,0,5 132 133,1,7,,631470,20,0,108 86 87,1,4,,631452,35,0,31 185,1,11,,531929,35,0,5 132 133,1,7,,631568,20,0,108 86 87,1,4,,631441,35,0,31 185,1,11,,631419,35,0,5 132 133,1,7,,631422,20,0,108 86 87,1,44,,483704,35,0,31 185,1,10,,631576,35,0,5 132 133,1,6,,631552,20,0,108 86 87,1,4,,631563,35,0,31 185,1,10,,631564,35,0,5 132 133,1,2,,631567,20,0,108 86 87,1,7,,631444,35,0,31 185,1,11,,631526,35,0,5 132 133,1,5,,631475,20,0,108 86 87,1,46,,631466,35,0,31 185,1,11,,631555,35,0,5 132 133,1,6,,631515,20,0,108 86 87,1,5,,631484,35,0,31 185,1,11,,631462,35,0,5 132 133,1,7,,594785,20,0,108 86 87,1,4,,631432,35,0,31 185,1,11,,631464,35,0,5 132 133,1,48,,631493,20,0,108 86 87,1,3,,631476,35,0,31 185,1,11,,517529,35,0,5 132 133,1,9,,631424,20,0,108 86 87,1,2,,631412,35,0,31 185,1,11,,631571,35,0,5 132 133,1,10,,631418,20,0,108 86 87,1,1,,562806,35,0,31 185,1,51,,631478,35,0,5 132 133,1,8,,631510,20,0,108 86 87,1,3,,572795,35,0,31 185,1,11,,631548,35,0,5 132 133,1,11,,631429,35,0,31 185,1,4,,631505,20,0,108 86 87,1,7,,555798,35,0,5 132 133,1,55,,631490,35,0,5 132 133,1,6,,631416,20,0,108 86 87,1,9,,631496,35,0,5 132 133,1,15,,631431,35,0,5 132 133,1
5202,'3',620,,631621,34,0,5 132 133,1,13,,631639,34,0,31 185,1,13,,631660,34,0,5 132 133,1,13,,631676,34,0,31 185,1,53,,631636,34,0,5 132 133,1,7,,593867,20,0,108 86 87,1,6,,631628,34,0,31 185,1,13,,518831,34,0,5 132 133,1,13,,631696,34,0,31 185,1,7,,631692,20,0,108 86 87,1,46,,631599,34,0,5 132 133,1,13,,631612,34,0,31 185,1,7,,631600,20,0,108 86 87,1,6,,631633,35,0,5 132 133,1,12,,631671,35,0,31 185,1,7,,631705,20,0,108 86 87,1,6,,631583,35,0,31 185,1,53,,631601,35,0,5 132 133,1,7,,631613,20,0,108 86 87,1,6,,631698,35,0,31 185,1,13,,479691,35,0,5 132 133,1,7,,631703,20,0,108 86 87,1,6,,564490,35,0,31 185,1,12,,631616,35,0,5 132 133,1,47,,520011,20,0,108 86 87,1,6,,631625,35,0,31 185,1,12,,631585,35,0,5 132 133,1,7,,631673,20,0,108 86 87,1,6,,510261,35,0,31 185,1,12,,631693,35,0,5 132 133,1,7,,527832,20,0,108 86 87,1,46,,509937,35,0,31 185,1,12,,631694,35,0,5 132 133,1,7,,631638,20,0,108 86 87,1,6,,564258,35,0,31 185,1,12,,631582,35,0,5 132 133,1,7,,631677,20,0,108 86 87,1,6,,631631,35,0,31 185,1,52,,631620,35,0,5 132 133,1,8,,631604,20,0,108 86 87,1,5,,528963,35,0,31 185,1,12,,631587,35,0,5 132 133,1,11,,631650,20,0,108 86 87,1,1,,631608,35,0,31 185,1,10,,631584,35,0,5 132 133,1,50,,631629,35,0,31 185,1,2,,631683,20,0,108 86 87,1,8,,631687,35,0,5 132 133,1,10,,631651,35,0,31 185,1,4,,631619,20,0,108 86 87,1,6,,631669,35,0,5 132 133,1,10,,516185,35,0,31 185,1,6,,631624,20,0,108 86 87,1,4,,631658,35,0,5 132 133,1,50,,631652,35,0,31 185,1,8,,631682,20,0,108 86 87,1,2,,631605,35,0,5 132 133,1,10,,631679,35,0,31 185,1,10,,631649,20,0,108 86 87,1,10,,460794,35,0,31 185,1,10,,631615,35,0,5 132 133,1,2,,631709,20,0,108 86 87,1,48,,631630,35,0,31 185,1,10,,631611,35,0,5 132 133,1,4,,631643,20,0,108 86 87,1,6,,631701,35,0,31 185,1,10,,631699,35,0,5 132 133,1,6,,631602,20,0,108 86 87,1,4,,631594,35,0,31 185,1,10,,631678,35,0,5 132 133,1,8,,631702,20,0,108 86 87,1,42,,631710,35,0,31 185,1,10,,631700,35,0,5 132 133,1,10,,631606,20,0,108 86 87,1,10,,631595,35,0,5 132 133,1,10,,631637,35,0,31 185,1,2,,631635,20,0,108 86 87,1,8,,631655,35,0,5 132 133,1,50,,631610,35,0,31 185,1,4,,525114,20,0,108 86 87,1,6,,631708,35,0,5 132 133,1,10,,631597,35,0,31 185,1,6,,631662,20,0,108 86 87,1,4,,588335,35,0,5 132 133,1,10,,544732,35,0,31 185,1,7,,631704,20,0,108 86 87,1,3,,631664,35,0,5 132 133,1,50,,631707,35,0,31 185,1,8,,535208,20,0,108 86 87,1,9,,570521,35,0,31 185,1,7,,631663,35,0,5 132 133,1,4,,553348,20,0,108 86 87,1,2,,631646,35,0,31 185,1,10,,483593,35,0,5 132 133,1,5,,631674,20,0,108 86 87,1,5,,631609,35,0,31 185,1,50,,631695,35,0,5 132 133,1,4,,631691,20,0,108 86 87,1,6,,631688,35,0,31 185,1,10,,631661,35,0,5 132 133,1,5,,631622,20,0,108 86 87,1,5,,631690,35,0,31 185,1,12,,631589,35,0,5 132 133,1,9,,592298,20,0,108 86 87,1,3,,471365,35,0,31 185,1,52,,631593,35,0,5 132 133,1,11,,631645,20,0,108 86 87,1,1,,631627,35,0,31 185,1,12,,631680,35,0,5 132 133,1,12,,425318,35,0,31 185,1,1,,631642,20,0,108 86 87,1,11,,631654,35,0,5 132 133,1,52,,631665,35,0,31 185,1,3,,631675,20,0,108 86 87,1,9,,631667,35,0,5 132 133,1,12,,631668,35,0,31 185,1,5,,512880,20,0,108 86 87,1,7,,631591,35,0,5 132 133,1,12,,631626,35,0,31 185,1,46,,631640,20,0,108 86 87,1,6,,631618,35,0,5 132 133,1,11,,631644,35,0,31 185,1,4,,631684,20,0,108 86 87,1,6,,631706,35,0,5 132 133,1,12,,471933,35,0,31 185,1,6,,631697,20,0,108 86 87,1,6,,631596,35,0,5 132 133,1,52,,631648,35,0,31 185,1,6,,631586,20,0,108 86 87,1,6,,631632,35,0,5 132 133,1,12,,631653,35,0,31 185,1,6,,631672,20,0,108 86 87,1,6,,631686,35,0,5 132 133,1,12,,631603,35,0,31 185,1,6,,526410,20,0,108 86 87,1,46,,631607,35,0,5 132 133,1,12,,631581,35,0,31 185,1,6,,631634,20,0,108 86 87,1,6,,631670,35,0,5 132 133,1,12,,631592,35,0,31 185,1,6,,631685,20,0,108 86 87,1,6,,631590,35,0,5 132 133,1,52,,631666,35,0,31 185,1,6,,631659,20,0,108 86 87,1,6,,529752,35,0,5 132 133,1,12,,631623,35,0,31 185,1,7,,631598,20,0,108 86 87,1,5,,631656,35,0,5 132 133,1,15,,631641,35,0,5 132 133,1,55,,631647,35,0,5 132 133,1,15,,631681,35,0,5 132 133,1
5202,'5',620,,631753,34,0,5 132 133,1,13,,631751,34,0,31 185,1,13,,516806,34,0,5 132 133,1,13,,631812,34,0,31 185,1,53,,631813,34,0,5 132 133,1,7,,631776,20,0,108 86 87,1,6,,631783,34,0,31 185,1,13,,556844,34,0,5 132 133,1,13,,631720,34,0,31 185,1,7,,631820,20,0,108 86 87,1,46,,631723,34,0,5 132 133,1,13,,631772,34,0,31 185,1,7,,524060,20,0,108 86 87,1,6,,631771,35,0,5 132 133,1,12,,631795,35,0,31 185,1,7,,631811,20,0,108 86 87,1,6,,631717,35,0,31 185,1,53,,631735,35,0,5 132 133,1,7,,631777,20,0,108 86 87,1,6,,631721,35,0,31 185,1,13,,631733,35,0,5 132 133,1,7,,631731,20,0,108 86 87,1,6,,631747,35,0,31 185,1,12,,631746,35,0,5 132 133,1,47,,631738,20,0,108 86 87,1,6,,583108,35,0,31 185,1,12,,553919,35,0,5 132 133,1,7,,631769,20,0,108 86 87,1,6,,631761,35,0,31 185,1,12,,631832,35,0,5 132 133,1,7,,631796,20,0,108 86 87,1,46,,534896,35,0,31 185,1,12,,631748,35,0,5 132 133,1,7,,631714,20,0,108 86 87,1,6,,631831,35,0,31 185,1,12,,631803,35,0,5 132 133,1,7,,631814,20,0,108 86 87,1,6,,631754,35,0,31 185,1,52,,516060,35,0,5 132 133,1,8,,631824,20,0,108 86 87,1,5,,631742,35,0,31 185,1,12,,631732,35,0,5 132 133,1,11,,631719,20,0,108 86 87,1,1,,631739,35,0,31 185,1,10,,631755,35,0,5 132 133,1,50,,631741,35,0,31 185,1,2,,579287,20,0,108 86 87,1,8,,631822,35,0,5 132 133,1,10,,631810,35,0,31 185,1,4,,631807,20,0,108 86 87,1,6,,631779,35,0,5 132 133,1,10,,631712,35,0,31 185,1,6,,631757,20,0,108 86 87,1,4,,631798,35,0,5 132 133,1,50,,578844,35,0,31 185,1,8,,631770,20,0,108 86 87,1,2,,540778,35,0,5 132 133,1,10,,631715,35,0,31 185,1,10,,631774,20,0,108 86 87,1,10,,631737,35,0,31 185,1,10,,631762,35,0,5 132 133,1,2,,631823,20,0,108 86 87,1,48,,524745,35,0,31 185,1,10,,631804,35,0,5 132 133,1,4,,631744,20,0,108 86 87,1,6,,631792,35,0,31 185,1,10,,631816,35,0,5 132 133,1,6,,603861,20,0,108 86 87,1,4,,631815,35,0,31 185,1,10,,631763,35,0,5 132 133,1,8,,631729,20,0,108 86 87,1,42,,631745,35,0,31 185,1,10,,631780,35,0,5 132 133,1,10,,631727,20,0,108 86 87,1,10,,631787,35,0,5 132 133,1,10,,580917,35,0,31 185,1,2,,631752,20,0,108 86 87,1,8,,631716,35,0,5 132 133,1,50,,631724,35,0,31 185,1,4,,631760,20,0,108 86 87,1,6,,631790,35,0,5 132 133,1,10,,631789,35,0,31 185,1,6,,631827,20,0,108 86 87,1,4,,588172,35,0,5 132 133,1,10,,631758,35,0,31 185,1,7,,631726,20,0,108 86 87,1,3,,529165,35,0,5 132 133,1,50,,631764,35,0,31 185,1,8,,631736,20,0,108 86 87,1,9,,631768,35,0,31 185,1,7,,631784,35,0,5 132 133,1,4,,631826,20,0,108 86 87,1,2,,631791,35,0,31 185,1,10,,631802,35,0,5 132 133,1,5,,631759,20,0,108 86 87,1,5,,631806,35,0,31 185,1,50,,566821,35,0,5 132 133,1,4,,631828,20,0,108 86 87,1,6,,631734,35,0,31 185,1,10,,592509,35,0,5 132 133,1,5,,631775,20,0,108 86 87,1,5,,554811,35,0,31 185,1,12,,631801,35,0,5 132 133,1,9,,631767,20,0,108 86 87,1,3,,631722,35,0,31 185,1,52,,597790,35,0,5 132 133,1,11,,631799,20,0,108 86 87,1,1,,631750,35,0,31 185,1,12,,631788,35,0,5 132 133,1,12,,631818,35,0,31 185,1,1,,631817,20,0,108 86 87,1,11,,631797,35,0,5 132 133,1,52,,631821,35,0,31 185,1,3,,631743,20,0,108 86 87,1,9,,631833,35,0,5 132 133,1,12,,593456,35,0,31 185,1,5,,599771,20,0,108 86 87,1,7,,631794,35,0,5 132 133,1,12,,631725,35,0,31 185,1,46,,631740,20,0,108 86 87,1,6,,631778,35,0,5 132 133,1,11,,631819,35,0,31 185,1,4,,631756,20,0,108 86 87,1,6,,631830,35,0,5 132 133,1,12,,631749,35,0,31 185,1,6,,631730,20,0,108 86 87,1,6,,567919,35,0,5 132 133,1,52,,631825,35,0,31 185,1,6,,559671,20,0,108 86 87,1,6,,631805,35,0,5 132 133,1,12,,529278,35,0,31 185,1,6,,631809,20,0,108 86 87,1,6,,631765,35,0,5 132 133,1,12,,631786,35,0,31 185,1,6,,631829,20,0,108 86 87,1,46,,631718,35,0,5 132 133,1,12,,599073,35,0,31 185,1,6,,631808,20,0,108 86 87,1,6,,522217,35,0,5 132 133,1,12,,582771,35,0,31 185,1,6,,532816,20,0,108 86 87,1,6,,545938,35,0,5 132 133,1,52,,533442,35,0,31 185,1,6,,631781,20,0,108 86 87,1,6,,631773,35,0,5 132 133,1,12,,631728,35,0,31 185,1,7,,631713,20,0,108 86 87,1,5,,631766,35,0,5 132 133,1,15,,516502,35,0,5 132 133,1,55,,517386,35,0,5 132 133,1,15,,631711,35,0,5 132 133,1
7904,'1',506,,646180,2,0,5 116 15,1,13,,516865,2,0,5 116 15,1,12,,533752,2,0,34 116 15,1,13,,646165,2,0,5 116 15,1,10,,646190,2,0,34 116 15,1,50,,646183,2,0,5 116 15,1,10,,646147,2,0,34 116 15,1,10,,646149,2,0,5 116 15,1,10,,646139,2,0,34 116 15,1,10,,646133,2,0,5 116 15,1,10,,646193,2,0,34 116 15,1,50,,646167,2,0,5 116 15,1,7,,515170,2,0,34 116 15,1,10,,646173,2,0,5 116 15,1,11,,407477,2,0,34 116 15,1,10,,604069,2,0,5 116 15,1,10,,646195,2,0,34 116 15,1,50,,646189,2,0,5 116 15,1,10,,646172,2,0,34 116 15,1,10,,579298,2,0,5 116 15,1,10,,459249,2,0,34 116 15,1,10,,646187,2,0,5 116 15,1,13,,646151,2,0,34 116 15,1,67,,646166,2,0,5 116 15,1,20,,646146,2,0,34 116 15,1,60,,646179,2,0,5 116 15,1,20,,646186,2,0,34 116 15,1,20,,646142,2,0,5 116 15,1,60,,646143,2,0,34 116 15,1,20,,535908,2,0,5 116 15,1,20,,425571,2,0,34 116 15,1,60,,646148,2,0,5 116 15,1,20,,646144,2,0,34 116 15,1,20,,546816,2,0,5 116 15,1,60,,646145,2,0,34 116 15,1,20,,497461,2,0,5 116 15,1,20,,646188,2,0,34 116 15,1,60,,550140,2,0,5 116 15,1,21,,646196,2,0,34 116 15,1,12,,573458,2,0,5 116 15,1,12,,646130,2,0,34 116 15,1,12,,646159,2,0,5 116 15,1,52,,646155,2,0,34 116 15,1,12,,646157,2,0,5 116 15,1,12,,646141,2,0,34 116 15,1,12,,646163,2,0,5 116 15,1,12,,545987,2,0,34 116 15,1,52,,646184,2,0,5 116 15,1,12,,646182,2,0,34 116 15,1,12,,646158,2,0,5 116 15,1,12,,646181,2,0,34 116 15,1,12,,646161,2,0,5 116 15,1,52,,646154,2,0,34 116 15,1,12,,646153,2,0,5 116 15,1,12,,646168,2,0,34 116 15,1,12,,646185,2,0,5 116 15,1,12,,646135,2,0,34 116 15,1,52,,646164,2,0,5 116 15,1,12,,506802,2,0,34 116 15,1,12,,646156,2,0,5 116 15,1,12,,646194,2,0,34 116 15,1,10,,646127,2,0,5 116 15,1,61,,646131,2,0,34 116 15,1,15,,646171,2,0,5 116 15,1,15,,646137,2,0,34 116 15,1,55,,646152,2,0,5 116 15,1,15,,646150,2,0,34 116 15,1,15,,646138,2,0,5 116 15,1,15,,646160,2,0,34 116 15,1,55,,458065,2,0,5 116 15,1,15,,646177,2,0,34 116 15,1,15,,646175,2,0,5 116 15,1,15,,646174,2,0,34 116 15,1,55,,646191,2,0,5 116 15,1,15,,522430,2,0,34 116 15,1,9,,646134,2,0,5 116 15,1,22,,646140,2,0,34 116 15,1,60,,646198,2,0,5 116 15,1,20,,646129,2,0,34 116 15,1,20,,461387,2,0,5 116 15,1,60,,646197,2,0,34 116 15,1,13,,646192,2,0,5 116 15,1,17,,538155,2,0,34 116 15,1,67,,646132,2,0,5 116 15,1
7904,'2',606,,646237,2,0,5 116 15,1,18,,473159,2,0,34 116 15,1,20,,646231,2,0,5 116 15,1,60,,646199,2,0,34 116 15,1,20,,646219,2,0,5 116 15,1,20,,646235,2,0,34 116 15,1,58,,646227,2,0,5 116 15,1,21,,646218,2,0,34 116 15,1,22,,646201,2,0,5 116 15,1,69,,530798,2,0,34 116 15,1,20,,646239,2,0,5 116 15,1,20,,476629,2,0,34 116 15,1,60,,591575,2,0,5 116 15,1,20,,646221,2,0,34 116 15,1,20,,646245,2,0,5 116 15,1,60,,646233,2,0,34 116 15,1,11,,646207,2,0,5 116 15,1,20,,646232,2,0,34 116 15,1,60,,646226,2,0,5 116 15,1,20,,646243,2,0,34 116 15,1,20,,646241,2,0,5 116 15,1,60,,646230,2,0,34 116 15,1,20,,646240,2,0,5 116 15,1,20,,646208,2,0,34 116 15,1,60,,646234,2,0,5 116 15,1,20,,516137,2,0,34 116 15,1,20,,377523,2,0,5 116 15,1,60,,481700,2,0,34 116 15,1,20,,646210,2,0,5 116 15,1,20,,646214,2,0,34 116 15,1,60,,646213,2,0,5 116 15,1,20,,646236,2,0,34 116 15,1,20,,646244,2,0,5 116 15,1,60,,646242,2,0,34 116 15,1,20,,646211,2,0,5 116 15,1,20,,646205,2,0,34 116 15,1,60,,392998,2,0,5 116 15,1,20,,646212,2,0,34 116 15,1,19,,646222,2,0,5 116 15,1,60,,646228,2,0,34 116 15,1,20,,646204,2,0,5 116 15,1,20,,646220,2,0,34 116 15,1,60,,646229,2,0,5 116 15,1,20,,646217,2,0,34 116 15,1,20,,646200,2,0,5 116 15,1,60,,646223,2,0,34 116 15,1,20,,596256,2,0,5 116 15,1,20,,646238,2,0,34 116 15,1,60,,646225,2,0,5 116 15,1,20,,554774,2,0,34 116 15,1,20,,646209,2,0,5 116 15,1,70,,646216,2,0,5 116 15,1,30,,646206,2,0,5 116 15,1,70,,646203,2,0,5 116 15,1,30,,646202,2,0,5 116 15,1,72,,465265,2,0,5 116 15,1
7904,'3',740,,646267,2,0,5 116 15,1,15,,478261,2,0,34 116 15,1,65,,646280,2,0,5 116 15,1,20,,646286,2,0,34 116 15,1,60,,646268,2,0,5 116 15,1,20,,646247,2,0,34 116 15,1,20,,646285,2,0,5 116 15,1,60,,646275,2,0,34 116 15,1,20,,646250,2,0,5 116 15,1,20,,646284,2,0,34 116 15,1,60,,646258,2,0,5 116 15,1,20,,551053,2,0,34 116 15,1,20,,646278,2,0,5 116 15,1,60,,646246,2,0,34 116 15,1,20,,646270,2,0,5 116 15,1,20,,646248,2,0,34 116 15,1,60,,646264,2,0,5 116 15,1,20,,646279,2,0,34 116 15,1,20,,646251,2,0,5 116 15,1,60,,646282,2,0,34 116 15,1,20,,646291,2,0,5 116 15,1,20,,646281,2,0,34 116 15,1,60,,646272,2,0,5 116 15,1,20,,646249,2,0,34 116 15,1,20,,646274,2,0,5 116 15,1,60,,646283,2,0,34 116 15,1,20,,646277,2,0,5 116 15,1,20,,646276,2,0,34 116 15,1,60,,584874,2,0,5 116 15,1,20,,586716,2,0,34 116 15,1,20,,646262,2,0,5 116 15,1,60,,646271,2,0,34 116 15,1,20,,646263,2,0,5 116 15,1,20,,646252,2,0,34 116 15,1,60,,646269,2,0,5 116 15,1,20,,646259,2,0,34 116 15,1,20,,597026,2,0,5 116 15,1,60,,646287,2,0,34 116 15,1,20,,400752,2,0,5 116 15,1,20,,646266,2,0,34 116 15,1,60,,500888,2,0,5 116 15,1,20,,646253,2,0,34 116 15,1,20,,646254,2,0,5 116 15,1,60,,646288,2,0,34 116 15,1,16,,646257,2,0,5 116 15,1,30,,646256,2,0,5 116 15,1,70,,646273,2,0,5 116 15,1,30,,646255,2,0,5 116 15,1,70,,646289,2,0,5 116 15,1,30,,646261,2,0,5 116 15,1,71,,646290,2,0,5 116 15,1
7904,'5',607,,646324,2,0,5 116 15,1,15,,532760,2,0,34 116 15,1,22,,646306,2,0,34 116 15,1,58,,646328,2,0,5 116 15,1,18,,559766,2,0,34 116 15,1,20,,646309,2,0,5 116 15,1,60,,646314,2,0,34 116 15,1,20,,646331,2,0,5 116 15,1,20,,646293,2,0,34 116 15,1,60,,646319,2,0,5 116 15,1,20,,528000,2,0,34 116 15,1,20,,646320,2,0,5 116 15,1,60,,646318,2,0,34 116 15,1,20,,646321,2,0,5 116 15,1,20,,646322,2,0,34 116 15,1,60,,646301,2,0,5 116 15,1,20,,646312,2,0,34 116 15,1,20,,646303,2,0,5 116 15,1,60,,646332,2,0,34 116 15,1,20,,598790,2,0,5 116 15,1,20,,646325,2,0,34 116 15,1,60,,578927,2,0,5 116 15,1,20,,573379,2,0,34 116 15,1,20,,524199,2,0,5 116 15,1,60,,559727,2,0,34 116 15,1,20,,646329,2,0,5 116 15,1,20,,529133,2,0,34 116 15,1,60,,646296,2,0,5 116 15,1,20,,646311,2,0,34 116 15,1,20,,646327,2,0,5 116 15,1,60,,646308,2,0,34 116 15,1,20,,646304,2,0,5 116 15,1,20,,568850,2,0,34 116 15,1,60,,646313,2,0,5 116 15,1,20,,522710,2,0,34 116 15,1,20,,646294,2,0,5 116 15,1,60,,646333,2,0,34 116 15,1,20,,646316,2,0,5 116 15,1,20,,646330,2,0,34 116 15,1,60,,646323,2,0,5 116 15,1,20,,559630,2,0,34 116 15,1,20,,646299,2,0,5 116 15,1,60,,646305,2,0,34 116 15,1,20,,567302,2,0,5 116 15,1,20,,565908,2,0,34 116 15,1,60,,588145,2,0,5 116 15,1,20,,646302,2,0,34 116 15,1,20,,646292,2,0,5 116 15,1,60,,646300,2,0,34 116 15,1,16,,646326,2,0,5 116 15,1,30,,646317,2,0,5 116 15,1,70,,646295,2,0,5 116 15,1,30,,646307,2,0,5 116 15,1,70,,525929,2,0,5 116 15,1,30,,646315,2,0,5 116 15,1,71,,646298,2,0,5 116 15,1
15802,'1',527,,550754,13,0,62 63 3 88,1,11,,674950,13,0,62 63 3 88,1,12,,674926,13,0,62 63 3 88,1,50,,570782,13,0,62 63 3 88,1,10,,674966,13,0,62 63 3 88,1,10,,521387,13,0,62 63 3 88,1,10,,535994,13,0,62 63 3 88,1,10,,674951,13,0,62 63 3 88,1,10,,539234,13,0,62 63 3 88,1,50,,472240,13,0,62 63 3 88,1,10,,570324,13,0,62 63 3 88,1,10,,674930,13,0,62 63 3 88,1,10,,674922,13,0,62 63 3 88,1,10,,674968,13,0,62 63 3 88,1,10,,674961,13,0,62 63 3 88,1,50,,674945,13,0,62 63 3 88,1,10,,674928,13,0,62 63 3 88,1,10,,597258,13,0,62 63 3 88,1,10,,565968,13,0,62 63 3 88,1,10,,674921,13,0,62 63 3 88,1,10,,415508,13,0,62 63 3 88,1,50,,587903,13,0,62 63 3 88,1,11,,674919,13,0,62 63 3 88,1,15,,674935,13,0,62 63 3 88,1,15,,674944,13,0,62 63 3 88,1,15,,674942,13,0,62 63 3 88,1,55,,584713,13,0,62 63 3 88,1,15,,674946,13,0,62 63 3 88,1,15,,674948,13,0,62 63 3 88,1,15,,674953,13,0,62 63 3 88,1,55,,674954,13,0,62 63 3 88,1,15,,674967,13,0,62 63 3 88,1,15,,674969,13,0,62 63 3 88,1,15,,674934,13,0,62 63 3 88,1,55,,674976,13,0,62 63 3 88,1,15,,674943,13,0,62 63 3 88,1,15,,674973,13,0,62 63 3 88,1,15,,674971,13,0,62 63 3 88,1,55,,674929,13,0,62 63 3 88,1,15,,674962,13,0,62 63 3 88,1,15,,512359,13,0,62 63 3 88,1,15,,584688,13,0,62 63 3 88,1,55,,674955,13,0,62 63 3 88,1,15,,674925,13,0,62 63 3 88,1,15,,503389,13,0,62 63 3 88,1,15,,674979,13,0,62 63 3 88,1,55,,674933,13,0,62 63 3 88,1,14,,674940,13,0,62 63 3 88,1,13,,674923,13,0,62 63 3 88,1,15,,674931,13,0,62 63 3 88,1,55,,674975,13,0,62 63 3 88,1,15,,674941,13,0,62 63 3 88,1,15,,674917,13,0,62 63 3 88,1,15,,674956,13,0,62 63 3 88,1,55,,674937,13,0,62 63 3 88,1,15,,674965,13,0,62 63 3 88,1,15,,674972,13,0,62 63 3 88,1,15,,674947,13,0,62 63 3 88,1,55,,674963,13,0,62 63 3 88,1,15,,674957,13,0,62 63 3 88,1,15,,590795,13,0,62 63 3 88,1,15,,674920,13,0,62 63 3 88,1,52,,674938,13,0,62 63 3 88,1,13,,674978,13,0,62 63 3 88,1,18,,584635,13,0,62 63 3 88,1,18,,540846,13,0,62 63 3 88,1,58,,522306,13,0,62 63 3 88,1,18,,674960,13,0,62 63 3 88,1,18,,674939,13,0,62 63 3 88,1,58,,674932,13,0,62 63 3 88,1,18,,674952,13,0,62 63 3 88,1,18,,674964,13,0,62 63 3 88,1,58,,674918,13,0,62 63 3 88,1,15,,674936,13,0,62 63 3 88,1,16,,674924,13,0,62 63 3 88,1,19,,674958,13,0,62 63 3 88,1,60,,674977,13,0,62 63 3 88,1,20,,575135,13,0,62 63 3 88,1,20,,674974,13,0,62 63 3 88,1,60,,674927,13,0,62 63 3 88,1,20,,674959,13,0,62 63 3 88,1,20,,674949,13,0,62 63 3 88,1,60,,674970,13,0,62 63 3 88,1
15802,'2',611,,513468,13,0,62 63 3 88,1,20,,675029,13,0,62 63 3 88,1,20,,585967,13,0,62 63 3 88,1,60,,675024,13,0,62 63 3 88,1,20,,675003,13,0,62 63 3 88,1,20,,675025,13,0,62 63 3 88,1,61,,675008,13,0,62 63 3 88,1,18,,675019,13,0,62 63 3 88,1,18,,674993,13,0,62 63 3 88,1,58,,529542,13,0,62 63 3 88,1,18,,675004,13,0,62 63 3 88,1,18,,674987,13,0,62 63 3 88,1,58,,454900,13,0,62 63 3 88,1,18,,675012,13,0,62 63 3 88,1,18,,675026,13,0,62 63 3 88,1,18,,674997,13,0,62 63 3 88,1,58,,675015,13,0,62 63 3 88,1,18,,674996,13,0,62 63 3 88,1,18,,674990,13,0,62 63 3 88,1,60,,675022,13,0,62 63 3 88,1,18,,674980,13,0,62 63 3 88,1,16,,675011,13,0,62 63 3 88,1,16,,675030,13,0,62 63 3 88,1,56,,557262,13,0,62 63 3 88,1,16,,675013,13,0,62 63 3 88,1,16,,382877,13,0,62 63 3 88,1,56,,469182,13,0,62 63 3 88,1,16,,675009,13,0,62 63 3 88,1,16,,674992,13,0,62 63 3 88,1,16,,675014,13,0,62 63 3 88,1,56,,675018,13,0,62 63 3 88,1,16,,675023,13,0,62 63 3 88,1,16,,474237,13,0,62 63 3 88,1,16,,674985,13,0,62 63 3 88,1,56,,674981,13,0,62 63 3 88,1,16,,674995,13,0,62 63 3 88,1,16,,674998,13,0,62 63 3 88,1,16,,674984,13,0,62 63 3 88,1,56,,674988,13,0,62 63 3 88,1,16,,674991,13,0,62 63 3 88,1,16,,675010,13,0,62 63 3 88,1,56,,675001,13,0,62 63 3 88,1,16,,675021,13,0,62 63 3 88,1,16,,674994,13,0,62 63 3 88,1,16,,675002,13,0,62 63 3 88,1,54,,675016,13,0,62 63 3 88,1,14,,675000,13,0,62 63 3 88,1,18,,675007,13,0,62 63 3 88,1,18,,674999,13,0,62 63 3 88,1,58,,577204,13,0,62 63 3 88,1,18,,588531,13,0,62 63 3 88,1,18,,674983,13,0,62 63 3 88,1,58,,559433,13,0,62 63 3 88,1,18,,675027,13,0,62 63 3 88,1,18,,534700,13,0,62 63 3 88,1,58,,552190,13,0,62 63 3 88,1,15,,675005,13,0,62 63 3 88,1,16,,674986,13,0,62 63 3 88,1,19,,479521,13,0,62 63 3 88,1,60,,674982,13,0,62 63 3 88,1,20,,675020,13,0,62 63 3 88,1,20,,675017,13,0,62 63 3 88,1,60,,675028,13,0,62 63 3 88,1,20,,674989,13,0,62 63 3 88,1,20,,675031,13,0,62 63 3 88,1,60,,675006,13,0,62 63 3 88,1
15802,'3',725,,675033,13,0,62 63 3 88,1,28,,541277,13,0,62 63 3 88,1,59,,585995,13,0,62 63 3 88,1,18,,675053,13,0,62 63 3 88,1,18,,675074,13,0,62 63 3 88,1,58,,675060,13,0,62 63 3 88,1,18,,675032,13,0,62 63 3 88,1,18,,675051,13,0,62 63 3 88,1,58,,675059,13,0,62 63 3 88,1,18,,675052,13,0,62 63 3 88,1,18,,675076,13,0,62 63 3 88,1,18,,675057,13,0,62 63 3 88,1,58,,675062,13,0,62 63 3 88,1,18,,675070,13,0,62 63 3 88,1,18,,408922,13,0,62 63 3 88,1,58,,675047,13,0,62 63 3 88,1,19,,675036,13,0,62 63 3 88,1,18,,675037,13,0,62 63 3 88,1,58,,530261,13,0,62 63 3 88,1,18,,675075,13,0,62 63 3 88,1,18,,675041,13,0,62 63 3 88,1,18,,675045,13,0,62 63 3 88,1,58,,675066,13,0,62 63 3 88,1,18,,602035,13,0,62 63 3 88,1,18,,675054,13,0,62 63 3 88,1,58,,675050,13,0,62 63 3 88,1,18,,675055,13,0,62 63 3 88,1,18,,675039,13,0,62 63 3 88,1,58,,675061,13,0,62 63 3 88,1,18,,517286,13,0,62 63 3 88,1,18,,675035,13,0,62 63 3 88,1,18,,675073,13,0,62 63 3 88,1,58,,675040,13,0,62 63 3 88,1,18,,572325,13,0,62 63 3 88,1,18,,675064,13,0,62 63 3 88,1,58,,460438,13,0,62 63 3 88,1,18,,491945,13,0,62 63 3 88,1,18,,518480,13,0,62 63 3 88,1,58,,675049,13,0,62 63 3 88,1,17,,675071,13,0,62 63 3 88,1,18,,675065,13,0,62 63 3 88,1,18,,675058,13,0,62 63 3 88,1,58,,675044,13,0,62 63 3 88,1,18,,560531,13,0,62 63 3 88,1,18,,675063,13,0,62 63 3 88,1,58,,675042,13,0,62 63 3 88,1,18,,675068,13,0,62 63 3 88,1,18,,675038,13,0,62 63 3 88,1,58,,560085,13,0,62 63 3 88,1,15,,675048,13,0,62 63 3 88,1,16,,675072,13,0,62 63 3 88,1,19,,675056,13,0,62 63 3 88,1,60,,675043,13,0,62 63 3 88,1,20,,522098,13,0,62 63 3 88,1,20,,675067,13,0,62 63 3 88,1,60,,675046,13,0,62 63 3 88,1,20,,593420,13,0,62 63 3 88,1,20,,675034,13,0,62 63 3 88,1,60,,675069,13,0,62 63 3 88,1
15802,'5',604,,675097,13,0,62 63 3 88,1,20,,675099,13,0,62 63 3 88,1,20,,675091,13,0,62 63 3 88,1,60,,515360,13,0,62 63 3 88,1,17,,675093,13,0,62 63 3 88,1,17,,675087,13,0,62 63 3 88,1,15,,589775,13,0,62 63 3 88,1,59,,675118,13,0,62 63 3 88,1,18,,571913,13,0,62 63 3 88,1,18,,675115,13,0,62 63 3 88,1,58,,675079,13,0,62 63 3 88,1,18,,675090,13,0,62 63 3 88,1,18,,675121,13,0,62 63 3 88,1,58,,675103,13,0,62 63 3 88,1,18,,585686,13,0,62 63 3 88,1,18,,675107,13,0,62 63 3 88,1,18,,675101,13,0,62 63 3 88,1,58,,675109,13,0,62 63 3 88,1,18,,675088,13,0,62 63 3 88,1,18,,675110,13,0,62 63 3 88,1,58,,547558,13,0,62 63 3 88,1,19,,586379,13,0,62 63 3 88,1,18,,675092,13,0,62 63 3 88,1,58,,675096,13,0,62 63 3 88,1,18,,516798,13,0,62 63 3 88,1,18,,675100,13,0,62 63 3 88,1,18,,675117,13,0,62 63 3 88,1,58,,675102,13,0,62 63 3 88,1,18,,675112,13,0,62 63 3 88,1,18,,675105,13,0,62 63 3 88,1,58,,675104,13,0,62 63 3 88,1,18,,675114,13,0,62 63 3 88,1,18,,525381,13,0,62 63 3 88,1,58,,675116,13,0,62 63 3 88,1,18,,675086,13,0,62 63 3 88,1,18,,525958,13,0,62 63 3 88,1,18,,675119,13,0,62 63 3 88,1,58,,675108,13,0,62 63 3 88,1,18,,533901,13,0,62 63 3 88,1,18,,675081,13,0,62 63 3 88,1,58,,675084,13,0,62 63 3 88,1,18,,601707,13,0,62 63 3 88,1,18,,675098,13,0,62 63 3 88,1,58,,675120,13,0,62 63 3 88,1,17,,675094,13,0,62 63 3 88,1,18,,675080,13,0,62 63 3 88,1,18,,675077,13,0,62 63 3 88,1,58,,675111,13,0,62 63 3 88,1,18,,529219,13,0,62 63 3 88,1,18,,675095,13,0,62 63 3 88,1,58,,675085,13,0,62 63 3 88,1,18,,675078,13,0,62 63 3 88,1,18,,525336,13,0,62 63 3 88,1,58,,675089,13,0,62 63 3 88,1,15,,675083,13,0,62 63 3 88,1,16,,675122,13,0,62 63 3 88,1,19,,675113,13,0,62 63 3 88,1,60,,524191,13,0,62 63 3 88,1,20,,532161,13,0,62 63 3 88,1,20,,587571,13,0,62 63 3 88,1,60,,571857,13,0,62 63 3 88,1,20,,675082,13,0,62 63 3 88,1,20,,675106,13,0,62 63 3 88,1,60,,569768,13,0,62 63 3 88,1
35202,'1',420,,682652,46,0,11 12 132 133,1,30,,682648,46,0,11 12 132 133,1,70,,682650,46,0,11 12 132 133,1,80,,682653,46,0,11 12 132 133,1,2050,,682649,46,0,11 12 132 133,1,70,,597399,46,0,11 12 132 133,1,30,,682651,46,0,11 12 132 133,1
35202,'2',420,,682658,46,0,11 12 132 133,1,30,,682659,46,0,11 12 132 133,1,70,,682657,46,0,11 12 132 133,1,32,,682656,46,0,11 12 132 133,1,2098,,682654,46,0,11 12 132 133,1,70,,428202,46,0,11 12 132 133,1,30,,682655,46,0,11 12 132 133,1
35202,'3',420,,682663,46,0,11 12 132 133,1,30,,546480,46,0,11 12 132 133,1,70,,682661,46,0,11 12 132 133,1,34,,523261,46,0,11 12 132 133,1,2096,,574562,46,0,11 12 132 133,1,70,,682660,46,0,11 12 132 133,1,30,,682662,46,0,11 12 132 133,1
35202,'5',420,,682664,46,0,11 12 132 133,1,30,,547608,46,0,11 12 132 133,1,70,,682668,46,0,11 12 132 133,1,34,,682667,46,0,11 12 132 133,1,2096,,682666,46,0,11 12 132 133,1,70,,682669,46,0,11 12 132 133,1,30,,682665,46,0,11 12 132 133,1
