9502,'1',455,,655773,11,0,14 38 15,1,50,,655776,11,0,14 38 15,1,10,,655745,11,0,14 38 15,1,10,,655712,11,0,14 38 15,1,8,,655717,11,0,14 38 15,1,9,,603009,11,0,14 38 15,1,10,,655738,11,0,14 38 15,1,50,,655779,11,0,14 38 15,1,10,,655799,11,0,14 38 15,1,8,,502510,11,0,14 38 15,1,8,,542737,11,0,14 38 15,1,7,,655716,11,0,14 38 15,1,8,,655715,11,0,14 38 15,1,10,,655804,11,0,14 38 15,1,49,,655755,11,0,14 38 15,1,11,,655748,11,0,14 38 15,1,10,,562760,11,0,14 38 15,1,10,,655772,11,0,14 38 15,1,10,,604144,11,0,14 38 15,1,10,,655754,11,0,14 38 15,1,50,,655790,11,0,14 38 15,1,10,,655802,11,0,14 38 15,1,10,,655730,11,0,14 38 15,1,10,,655806,11,0,14 38 15,1,10,,502621,11,0,14 38 15,1,10,,655805,11,0,14 38 15,1,50,,655743,11,0,14 38 15,1,9,,655713,11,0,14 38 15,1,10,,655788,11,0,14 38 15,1,10,,655741,11,0,14 38 15,1,10,,655724,11,0,14 38 15,1,10,,540989,11,0,14 38 15,1,48,,655737,11,0,14 38 15,1,10,,655777,11,0,14 38 15,1,10,,655781,11,0,14 38 15,1,9,,598070,11,0,14 38 15,1,10,,472978,11,0,14 38 15,1,10,,557820,11,0,14 38 15,1,10,,655736,11,0,14 38 15,1,50,,655759,11,0,14 38 15,1,10,,527640,11,0,14 38 15,1,10,,655731,11,0,14 38 15,1,10,,655760,11,0,14 38 15,1,10,,575904,11,0,14 38 15,1,10,,655756,11,0,14 38 15,1,50,,655769,11,0,14 38 15,1,10,,655787,11,0,14 38 15,1,10,,655711,11,0,14 38 15,1,10,,655750,11,0,14 38 15,1,10,,655747,11,0,14 38 15,1,10,,655780,11,0,14 38 15,1,50,,549866,11,0,14 38 15,1,10,,655791,11,0,14 38 15,1,10,,563785,11,0,14 38 15,1,10,,655761,11,0,14 38 15,1,10,,655771,11,0,14 38 15,1,10,,655786,11,0,14 38 15,1,50,,655729,11,0,14 38 15,1,10,,655726,11,0,14 38 15,1,10,,655778,11,0,14 38 15,1,10,,655812,11,0,14 38 15,1,11,,655719,11,0,14 38 15,1,50,,655810,11,0,14 38 15,1,10,,655770,11,0,14 38 15,1,10,,655763,11,0,14 38 15,1,10,,655768,11,0,14 38 15,1,10,,655725,11,0,14 38 15,1,10,,655746,11,0,14 38 15,1,50,,655814,11,0,14 38 15,1,10,,655785,11,0,14 38 15,1,10,,655797,11,0,14 38 15,1,10,,655740,11,0,14 38 15,1,10,,655807,11,0,14 38 15,1,10,,655792,11,0,14 38 15,1,50,,655803,11,0,14 38 15,1,10,,402122,11,0,14 38 15,1,10,,655728,11,0,14 38 15,1,10,,482143,11,0,14 38 15,1,10,,655809,11,0,14 38 15,1,10,,655733,11,0,14 38 15,1,50,,655727,11,0,14 38 15,1,10,,655752,11,0,14 38 15,1,10,,655732,11,0,14 38 15,1,10,,655753,11,0,14 38 15,1,10,,546775,11,0,14 38 15,1,10,,655784,11,0,14 38 15,1,50,,655765,11,0,14 38 15,1,10,,655774,11,0,14 38 15,1,12,,556736,11,0,14 38 15,1,12,,655720,11,0,14 38 15,1,12,,655775,11,0,14 38 15,1,12,,655742,11,0,14 38 15,1,52,,655714,11,0,14 38 15,1,12,,655764,11,0,14 38 15,1,12,,568517,11,0,14 38 15,1,12,,573439,11,0,14 38 15,1,12,,655718,11,0,14 38 15,1,52,,521020,11,0,14 38 15,1,12,,655744,11,0,14 38 15,1,12,,384004,11,0,14 38 15,1,12,,655758,11,0,14 38 15,1,12,,655721,11,0,14 38 15,1,60,,423507,11,0,14 38 15,1,20,,655811,11,0,14 38 15,1,20,,655798,11,0,14 38 15,1,60,,572763,11,0,14 38 15,1,20,,655796,11,0,14 38 15,1,20,,655762,11,0,14 38 15,1,60,,655813,11,0,14 38 15,1,20,,553067,11,0,14 38 15,1,63,,655739,11,0,14 38 15,1,30,,655800,11,0,14 38 15,1
9502,'2',505,,655937,11,0,14 38 15,1,13,,655821,11,0,14 38 15,1,14,,655843,11,0,14 38 15,1,16,,655930,11,0,14 38 15,1,56,,655936,11,0,14 38 15,1,16,,527697,11,0,14 38 15,1,16,,571581,11,0,14 38 15,1,16,,655898,11,0,14 38 15,1,56,,655920,11,0,14 38 15,1,16,,655861,11,0,14 38 15,1,16,,655885,11,0,14 38 15,1,16,,655851,11,0,14 38 15,1,54,,655825,11,0,14 38 15,1,15,,521054,11,0,14 38 15,1,15,,655830,11,0,14 38 15,1,15,,655854,11,0,14 38 15,1,55,,655903,11,0,14 38 15,1,15,,655945,11,0,14 38 15,1,15,,582078,11,0,14 38 15,1,15,,655875,11,0,14 38 15,1,55,,655847,11,0,14 38 15,1,15,,655893,11,0,14 38 15,1,15,,403303,11,0,14 38 15,1,15,,655946,11,0,14 38 15,1,55,,655880,11,0,14 38 15,1,15,,655882,11,0,14 38 15,1,15,,655887,11,0,14 38 15,1,15,,592428,11,0,14 38 15,1,50,,655852,11,0,14 38 15,1,11,,655820,11,0,14 38 15,1,10,,542432,11,0,14 38 15,1,11,,655860,11,0,14 38 15,1,12,,655932,11,0,14 38 15,1,52,,516283,11,0,14 38 15,1,12,,655915,11,0,14 38 15,1,12,,521041,11,0,14 38 15,1,12,,543757,11,0,14 38 15,1,12,,534106,11,0,14 38 15,1,52,,655929,11,0,14 38 15,1,12,,655949,11,0,14 38 15,1,12,,655840,11,0,14 38 15,1,12,,655905,11,0,14 38 15,1,12,,655846,11,0,14 38 15,1,52,,655878,11,0,14 38 15,1,12,,655819,11,0,14 38 15,1,12,,655879,11,0,14 38 15,1,12,,655896,11,0,14 38 15,1,12,,655849,11,0,14 38 15,1,52,,655923,11,0,14 38 15,1,12,,655938,11,0,14 38 15,1,12,,655897,11,0,14 38 15,1,12,,655867,11,0,14 38 15,1,12,,655855,11,0,14 38 15,1,52,,591928,11,0,14 38 15,1,12,,655824,11,0,14 38 15,1,12,,655832,11,0,14 38 15,1,12,,655917,11,0,14 38 15,1,12,,655835,11,0,14 38 15,1,52,,655906,11,0,14 38 15,1,15,,655922,11,0,14 38 15,1,16,,655894,11,0,14 38 15,1,18,,527383,11,0,14 38 15,1,58,,655911,11,0,14 38 15,1,16,,655876,11,0,14 38 15,1,16,,553677,11,0,14 38 15,1,16,,655889,11,0,14 38 15,1,57,,655925,11,0,14 38 15,1,17,,655900,11,0,14 38 15,1,18,,655871,11,0,14 38 15,1,58,,655841,11,0,14 38 15,1,18,,655881,11,0,14 38 15,1,17,,537402,11,0,14 38 15,1,17,,655859,11,0,14 38 15,1,56,,655877,11,0,14 38 15,1,16,,655826,11,0,14 38 15,1,16,,655836,11,0,14 38 15,1,56,,655845,11,0,14 38 15,1,16,,547075,11,0,14 38 15,1,16,,655924,11,0,14 38 15,1,16,,655891,11,0,14 38 15,1,56,,655941,11,0,14 38 15,1,16,,655899,11,0,14 38 15,1,16,,655827,11,0,14 38 15,1,62,,655944,11,0,14 38 15,1,30,,655822,11,0,14 38 15,1
9502,'3',717,,412857,11,0,14 38 15,1,15,,656044,11,0,14 38 15,1,14,,583462,11,0,14 38 15,1,13,,656060,11,0,14 38 15,1,55,,655958,11,0,14 38 15,1,16,,656038,11,0,14 38 15,1,16,,656042,11,0,14 38 15,1,56,,656012,11,0,14 38 15,1,16,,538737,11,0,14 38 15,1,16,,656035,11,0,14 38 15,1,16,,656073,11,0,14 38 15,1,56,,531547,11,0,14 38 15,1,16,,656029,11,0,14 38 15,1,16,,656040,11,0,14 38 15,1,16,,656065,11,0,14 38 15,1,56,,655956,11,0,14 38 15,1,14,,526926,11,0,14 38 15,1,12,,656019,11,0,14 38 15,1,12,,655981,11,0,14 38 15,1,52,,656074,11,0,14 38 15,1,10,,535250,11,0,14 38 15,1,12,,656064,11,0,14 38 15,1,12,,656025,11,0,14 38 15,1,12,,656047,11,0,14 38 15,1,12,,655965,11,0,14 38 15,1,52,,656031,11,0,14 38 15,1,12,,656076,11,0,14 38 15,1,12,,656004,11,0,14 38 15,1,12,,656067,11,0,14 38 15,1,12,,532747,11,0,14 38 15,1,52,,656008,11,0,14 38 15,1,12,,656015,11,0,14 38 15,1,12,,656048,11,0,14 38 15,1,12,,585805,11,0,14 38 15,1,12,,655988,11,0,14 38 15,1,52,,656011,11,0,14 38 15,1,12,,656045,11,0,14 38 15,1,12,,655968,11,0,14 38 15,1,12,,656033,11,0,14 38 15,1,12,,584807,11,0,14 38 15,1,52,,656037,11,0,14 38 15,1,12,,655982,11,0,14 38 15,1,12,,655959,11,0,14 38 15,1,12,,655971,11,0,14 38 15,1,12,,585168,11,0,14 38 15,1,52,,655962,11,0,14 38 15,1,12,,655963,11,0,14 38 15,1,12,,655983,11,0,14 38 15,1,12,,656071,11,0,14 38 15,1,12,,655974,11,0,14 38 15,1,52,,655972,11,0,14 38 15,1,16,,655952,11,0,14 38 15,1,17,,656017,11,0,14 38 15,1,58,,655993,11,0,14 38 15,1,17,,655991,11,0,14 38 15,1,16,,655969,11,0,14 38 15,1,16,,656018,11,0,14 38 15,1,56,,655953,11,0,14 38 15,1,16,,656066,11,0,14 38 15,1,16,,655992,11,0,14 38 15,1,17,,656007,11,0,14 38 15,1,57,,656070,11,0,14 38 15,1,20,,555874,11,0,14 38 15,1,22,,656014,11,0,14 38 15,1,62,,656061,11,0,14 38 15,1,21,,656026,11,0,14 38 15,1,20,,655961,11,0,14 38 15,1,60,,656059,11,0,14 38 15,1,20,,599542,11,0,14 38 15,1,20,,655999,11,0,14 38 15,1,60,,655987,11,0,14 38 15,1,20,,656009,11,0,14 38 15,1,64,,656046,11,0,14 38 15,1,30,,655998,11,0,14 38 15,1
9502,'5',507,,656176,11,0,14 38 15,1,13,,656112,11,0,14 38 15,1,13,,656165,11,0,14 38 15,1,16,,656181,11,0,14 38 15,1,56,,656093,11,0,14 38 15,1,16,,656111,11,0,14 38 15,1,16,,656153,11,0,14 38 15,1,16,,656095,11,0,14 38 15,1,56,,656100,11,0,14 38 15,1,16,,656205,11,0,14 38 15,1,13,,514783,11,0,14 38 15,1,10,,656145,11,0,14 38 15,1,11,,656168,11,0,14 38 15,1,55,,656140,11,0,14 38 15,1,16,,656103,11,0,14 38 15,1,16,,656098,11,0,14 38 15,1,56,,656196,11,0,14 38 15,1,16,,656190,11,0,14 38 15,1,16,,560583,11,0,14 38 15,1,16,,656115,11,0,14 38 15,1,56,,656084,11,0,14 38 15,1,16,,656094,11,0,14 38 15,1,16,,656087,11,0,14 38 15,1,16,,549743,11,0,14 38 15,1,56,,656160,11,0,14 38 15,1,14,,656136,11,0,14 38 15,1,12,,656102,11,0,14 38 15,1,12,,593132,11,0,14 38 15,1,52,,656130,11,0,14 38 15,1,10,,656170,11,0,14 38 15,1,12,,656144,11,0,14 38 15,1,12,,558235,11,0,14 38 15,1,12,,656189,11,0,14 38 15,1,12,,656099,11,0,14 38 15,1,52,,656194,11,0,14 38 15,1,12,,656126,11,0,14 38 15,1,12,,656156,11,0,14 38 15,1,12,,656110,11,0,14 38 15,1,12,,574348,11,0,14 38 15,1,52,,656154,11,0,14 38 15,1,12,,656114,11,0,14 38 15,1,12,,598542,11,0,14 38 15,1,12,,530705,11,0,14 38 15,1,12,,656204,11,0,14 38 15,1,52,,656177,11,0,14 38 15,1,12,,656081,11,0,14 38 15,1,12,,656163,11,0,14 38 15,1,12,,656149,11,0,14 38 15,1,12,,656137,11,0,14 38 15,1,52,,656106,11,0,14 38 15,1,12,,656091,11,0,14 38 15,1,12,,656086,11,0,14 38 15,1,12,,656097,11,0,14 38 15,1,12,,560607,11,0,14 38 15,1,52,,656085,11,0,14 38 15,1,12,,526149,11,0,14 38 15,1,12,,656131,11,0,14 38 15,1,12,,656166,11,0,14 38 15,1,12,,656169,11,0,14 38 15,1,52,,656188,11,0,14 38 15,1,16,,656104,11,0,14 38 15,1,17,,656123,11,0,14 38 15,1,58,,656150,11,0,14 38 15,1,17,,656116,11,0,14 38 15,1,16,,656202,11,0,14 38 15,1,16,,656089,11,0,14 38 15,1,56,,656133,11,0,14 38 15,1,16,,656083,11,0,14 38 15,1,16,,656096,11,0,14 38 15,1,17,,548590,11,0,14 38 15,1,57,,656148,11,0,14 38 15,1,20,,656138,11,0,14 38 15,1,22,,656198,11,0,14 38 15,1,62,,555011,11,0,14 38 15,1,21,,534415,11,0,14 38 15,1,20,,656155,11,0,14 38 15,1,60,,656203,11,0,14 38 15,1,20,,656179,11,0,14 38 15,1,20,,656199,11,0,14 38 15,1,60,,581307,11,0,14 38 15,1,20,,656105,11,0,14 38 15,1,64,,656109,11,0,14 38 15,1,30,,656159,11,0,14 38 15,1
15402,'1',503,,674357,5,0,55 8,1,29,,674362,5,0,55 8,1,69,,674350,5,0,55 8,1,30,,674370,5,0,55 8,1,70,,674352,5,0,55 8,1,30,,674348,5,0,55 8,1,26,,674367,5,0,55 8,1,64,,674358,5,0,55 8,1,24,,674356,5,0,55 8,1,63,,674383,5,0,55 8,1,24,,674373,5,0,55 8,1,24,,674361,5,0,55 8,1,64,,674343,5,0,55 8,1,24,,590101,5,0,55 8,1,64,,674368,5,0,55 8,1,24,,674345,5,0,55 8,1,24,,674381,5,0,55 8,1,64,,556188,5,0,55 8,1,24,,550772,5,0,55 8,1,64,,674353,5,0,55 8,1,24,,674378,5,0,55 8,1,24,,674376,5,0,55 8,1,64,,586624,5,0,55 8,1,24,,674374,5,0,55 8,1,67,,674372,5,0,55 8,1,24,,674364,5,0,55 8,1,24,,674359,5,0,55 8,1,64,,540482,5,0,55 8,1,24,,551145,5,0,55 8,1,64,,674342,5,0,55 8,1,24,,674351,5,0,55 8,1,24,,674380,5,0,55 8,1,64,,514320,5,0,55 8,1,24,,674363,5,0,55 8,1,59,,590031,5,0,55 8,1,24,,674371,5,0,55 8,1,24,,674369,5,0,55 8,1,64,,674366,5,0,55 8,1,24,,674382,5,0,55 8,1,64,,553587,5,0,55 8,1,24,,674341,5,0,55 8,1,24,,674346,5,0,55 8,1,64,,674379,5,0,55 8,1,20,,674344,5,0,55 8,1,66,,589390,5,0,55 8,1,26,,674377,5,0,55 8,1,26,,674375,5,0,55 8,1,66,,674349,5,0,55 8,1,26,,674340,5,0,55 8,1,66,,674347,5,0,55 8,1,26,,674355,5,0,55 8,1,62,,674360,5,0,55 8,1,30,,674365,5,0,55 8,1,27,,674354,5,0,55 8,1
15402,'2',535,,674422,5,0,55 8,1,23,,674415,5,0,55 8,1,65,,674402,5,0,55 8,1,25,,533563,5,0,55 8,1,65,,674400,5,0,55 8,1,25,,552703,5,0,55 8,1,65,,674414,5,0,55 8,1,30,,674388,5,0,55 8,1,22,,674410,5,0,55 8,1,62,,674409,5,0,55 8,1,22,,415728,5,0,55 8,1,62,,674412,5,0,55 8,1,22,,674404,5,0,55 8,1,22,,674419,5,0,55 8,1,62,,674389,5,0,55 8,1,22,,674395,5,0,55 8,1,22,,674416,5,0,55 8,1,64,,674417,5,0,55 8,1,22,,674423,5,0,55 8,1,22,,674421,5,0,55 8,1,62,,674411,5,0,55 8,1,22,,674425,5,0,55 8,1,62,,674393,5,0,55 8,1,22,,674385,5,0,55 8,1,22,,674398,5,0,55 8,1,62,,674384,5,0,55 8,1,22,,674399,5,0,55 8,1,22,,674408,5,0,55 8,1,62,,529652,5,0,55 8,1,22,,674413,5,0,55 8,1,62,,589054,5,0,55 8,1,22,,674401,5,0,55 8,1,22,,391896,5,0,55 8,1,62,,472064,5,0,55 8,1,22,,674418,5,0,55 8,1,22,,527206,5,0,55 8,1,61,,674394,5,0,55 8,1,22,,674403,5,0,55 8,1,22,,674407,5,0,55 8,1,62,,674405,5,0,55 8,1,22,,674396,5,0,55 8,1,62,,674391,5,0,55 8,1,22,,674392,5,0,55 8,1,22,,506459,5,0,55 8,1,59,,525774,5,0,55 8,1,21,,674397,5,0,55 8,1,25,,674386,5,0,55 8,1,65,,674390,5,0,55 8,1,25,,674424,5,0,55 8,1,65,,514186,5,0,55 8,1,25,,674420,5,0,55 8,1,25,,674387,5,0,55 8,1,65,,519860,5,0,55 8,1,25,,538447,5,0,55 8,1,65,,674406,5,0,55 8,1,25,,568159,5,0,55 8,1,17,,555181,5,0,55 8,1
15402,'3',614,,674463,5,0,55 8,1,20,,674441,5,0,55 8,1,21,,674446,5,0,55 8,1,62,,674428,5,0,55 8,1,22,,674442,5,0,55 8,1,62,,674436,5,0,55 8,1,24,,440098,5,0,55 8,1,22,,674455,5,0,55 8,1,62,,674459,5,0,55 8,1,22,,674434,5,0,55 8,1,22,,674444,5,0,55 8,1,62,,674435,5,0,55 8,1,22,,593980,5,0,55 8,1,22,,593234,5,0,55 8,1,62,,674451,5,0,55 8,1,22,,674452,5,0,55 8,1,63,,550314,5,0,55 8,1,22,,674460,5,0,55 8,1,22,,674437,5,0,55 8,1,62,,674426,5,0,55 8,1,22,,674466,5,0,55 8,1,22,,674456,5,0,55 8,1,62,,674445,5,0,55 8,1,22,,674449,5,0,55 8,1,62,,674454,5,0,55 8,1,22,,674458,5,0,55 8,1,22,,674453,5,0,55 8,1,62,,674467,5,0,55 8,1,22,,591976,5,0,55 8,1,22,,545816,5,0,55 8,1,62,,433774,5,0,55 8,1,22,,526726,5,0,55 8,1,22,,674465,5,0,55 8,1,62,,674440,5,0,55 8,1,22,,674432,5,0,55 8,1,60,,674430,5,0,55 8,1,21,,674431,5,0,55 8,1,25,,674450,5,0,55 8,1,65,,674447,5,0,55 8,1,25,,674464,5,0,55 8,1,65,,674448,5,0,55 8,1,25,,585814,5,0,55 8,1,25,,674462,5,0,55 8,1,69,,674438,5,0,55 8,1,25,,516030,5,0,55 8,1,65,,460989,5,0,55 8,1,25,,674468,5,0,55 8,1,65,,674443,5,0,55 8,1,25,,586016,5,0,55 8,1,25,,674429,5,0,55 8,1,65,,674457,5,0,55 8,1,25,,674461,5,0,55 8,1,60,,674439,5,0,55 8,1,30,,674433,5,0,55 8,1,20,,674427,5,0,55 8,1
15402,'5',614,,674474,5,0,55 8,1,21,,674487,5,0,55 8,1,22,,526772,5,0,55 8,1,62,,674495,5,0,55 8,1,22,,674485,5,0,55 8,1,62,,674480,5,0,55 8,1,22,,674498,5,0,55 8,1,22,,674475,5,0,55 8,1,62,,674479,5,0,55 8,1,22,,674496,5,0,55 8,1,22,,674470,5,0,55 8,1,62,,674476,5,0,55 8,1,22,,674504,5,0,55 8,1,22,,674500,5,0,55 8,1,62,,674472,5,0,55 8,1,22,,674502,5,0,55 8,1,63,,674471,5,0,55 8,1,22,,575127,5,0,55 8,1,22,,674478,5,0,55 8,1,62,,674506,5,0,55 8,1,22,,674490,5,0,55 8,1,22,,674508,5,0,55 8,1,62,,533156,5,0,55 8,1,22,,674491,5,0,55 8,1,62,,674494,5,0,55 8,1,22,,590225,5,0,55 8,1,22,,674492,5,0,55 8,1,62,,594546,5,0,55 8,1,22,,674469,5,0,55 8,1,22,,532189,5,0,55 8,1,62,,564695,5,0,55 8,1,22,,522693,5,0,55 8,1,22,,589308,5,0,55 8,1,62,,674497,5,0,55 8,1,22,,674501,5,0,55 8,1,60,,674484,5,0,55 8,1,21,,548614,5,0,55 8,1,25,,595526,5,0,55 8,1,65,,674493,5,0,55 8,1,25,,674482,5,0,55 8,1,65,,674489,5,0,55 8,1,25,,674473,5,0,55 8,1,25,,674488,5,0,55 8,1,69,,674499,5,0,55 8,1,25,,674481,5,0,55 8,1,65,,674486,5,0,55 8,1,25,,602425,5,0,55 8,1,65,,555014,5,0,55 8,1,25,,674477,5,0,55 8,1,25,,674483,5,0,55 8,1,65,,674503,5,0,55 8,1,25,,674505,5,0,55 8,1,60,,559768,5,0,55 8,1,30,,674507,5,0,55 8,1,20,,578880,5,0,55 8,1
39502,'1',400,,683190,18,0,11 12 14 38 15,1,28,,683192,18,0,11 12 14 38 15,1,17,,683193,18,0,11 12 14 38 15,1,2156,,683191,11,0,11 12 14 38 15,1,30,,683195,18,0,11 12 14 38 15,1,70,,683194,18,0,11 12 14 38 15,1,30,,525763,18,0,11 12 14 38 15,1
39502,'2',400,,683197,18,0,11 12 14 38 15,1,28,,683198,18,0,11 12 14 38 15,1,19,,683200,18,0,11 12 14 38 15,1,2154,,683199,11,0,11 12 14 38 15,1,30,,558938,18,0,11 12 14 38 15,1,70,,683201,18,0,11 12 14 38 15,1,30,,683196,18,0,11 12 14 38 15,1
39502,'3',400,,683202,18,0,11 12 14 38 15,1,28,,590190,18,0,11 12 14 38 15,1,30,,683212,18,0,11 12 14 38 15,1,69,,683208,18,0,11 12 14 38 15,1,20,,683207,18,0,11 12 14 38 15,1,60,,683210,18,0,11 12 14 38 15,1,20,,683203,18,0,11 12 14 38 15,1,20,,683209,18,0,11 12 14 38 15,1,60,,683206,18,0,11 12 14 38 15,1,1894,,683205,11,0,11 12 14 38 15,1,30,,683211,18,0,11 12 14 38 15,1,70,,683213,18,0,11 12 14 38 15,1,30,,683204,18,0,11 12 14 38 15,1
39502,'5',400,,548720,18,0,11 12 14 38 15,1,28,,683215,18,0,11 12 14 38 15,1,19,,683214,18,0,11 12 14 38 15,1,2154,,683216,11,0,11 12 14 38 15,1,30,,580877,18,0,11 12 14 38 15,1,70,,578414,18,0,11 12 14 38 15,1,30,,683217,18,0,11 12 14 38 15,1
