6001,'1',459,,634621,10,0,16 15,1,54,,516128,10,0,16 15,1,1707,,634563,10,0,16 15,1,12,,634626,10,0,16 15,1,12,,634642,10,0,16 15,1,12,,634612,10,0,16 15,1,64,,634570,10,0,16 15,1,24,,535975,10,0,16 15,1,64,,634627,10,0,16 15,1,24,,634617,10,0,16 15,1,24,,634558,10,0,16 15,1,62,,634568,10,0,16 15,1,25,,634607,10,0,16 15,1,65,,634616,10,0,16 15,1
6001,'2',536,,634740,14,0,16 15,1,20,,634656,14,0,16 15,1,69,,634650,14,0,16 15,1,20,,634721,14,0,16 15,1,60,,634703,14,0,16 15,1,20,,431326,14,0,16 15,1,20,,634697,14,0,16 15,1,60,,541128,14,0,16 15,1,1138,,634701,10,0,16 15,1,60,,634668,10,0,16 15,1,20,,526360,10,0,16 15,1,20,,634700,10,0,16 15,1,60,,634725,10,0,16 15,1,20,,634696,10,0,16 15,1,20,,634658,10,0,16 15,1,60,,577491,10,0,16 15,1,30,,634741,10,0,16 15,1,20,,548119,10,0,16 15,1,60,,634676,10,0,16 15,1,20,,449268,10,0,16 15,1,20,,634673,10,0,16 15,1,60,,634690,10,0,16 15,1,20,,634734,10,0,16 15,1,20,,634729,10,0,16 15,1,59,,634682,10,0,16 15,1,21,,549003,10,0,16 15,1,20,,634711,10,0,16 15,1,60,,634695,10,0,16 15,1
6001,'3',1916,,634808,10,0,16 15,1,10,,634746,10,0,16 15,1,10,,634778,10,0,16 15,1,10,,634799,10,0,16 15,1,10,,634788,10,0,16 15,1,57,,634813,10,0,16 15,1,20,,634755,10,0,16 15,1,20,,634775,10,0,16 15,1,60,,634771,10,0,16 15,1,20,,634787,10,0,16 15,1,23,,634773,10,0,16 15,1,63,,585153,10,0,16 15,1,20,,634754,10,0,16 15,1,20,,634779,10,0,16 15,1,60,,634832,10,0,16 15,1,20,,634783,10,0,16 15,1,20,,634794,10,0,16 15,1,60,,634762,10,0,16 15,1,20,,571682,10,0,16 15,1,20,,634841,10,0,16 15,1,60,,560061,10,0,16 15,1,20,,634781,10,0,16 15,1,20,,634828,10,0,16 15,1,53,,634798,10,0,16 15,1
6001,'5',612,,634898,10,0,16 15,1,15,,634936,10,0,16 15,1,15,,601700,10,0,16 15,1,15,,634880,10,0,16 15,1,55,,634895,10,0,16 15,1,15,,634860,10,0,16 15,1,15,,634885,10,0,16 15,1,15,,634935,10,0,16 15,1,1156,,529096,10,0,16 15,1,10,,634868,10,0,16 15,1,10,,634919,10,0,16 15,1,10,,634939,10,0,16 15,1,10,,634947,10,0,16 15,1,60,,598321,10,0,16 15,1,20,,634850,10,0,16 15,1,20,,634879,10,0,16 15,1,60,,634854,10,0,16 15,1,20,,634861,10,0,16 15,1,23,,576292,10,0,16 15,1,63,,634941,10,0,16 15,1,20,,634859,10,0,16 15,1,20,,634842,10,0,16 15,1,60,,634913,10,0,16 15,1,20,,634872,10,0,16 15,1,20,,634909,10,0,16 15,1,60,,634943,10,0,16 15,1,20,,634928,10,0,16 15,1,20,,634920,10,0,16 15,1,60,,571915,10,0,16 15,1,20,,634915,10,0,16 15,1,20,,634849,10,0,16 15,1,53,,591156,10,0,16 15,1
16601,'1',534,,475699,10,0,47 48 8,1,25,,603346,10,0,47 48 8,1,65,,537097,10,0,47 48 8,1,25,,677139,10,0,47 48 8,1,65,,677144,10,0,47 48 8,1,25,,677137,10,0,47 48 8,1,65,,677141,10,0,47 48 8,1,25,,677140,10,0,47 48 8,1,25,,677134,10,0,47 48 8,1,597,,677135,10,0,47 48 8,1,65,,677136,10,0,47 48 8,1,25,,677138,10,0,47 48 8,1,65,,538147,10,0,47 48 8,1,25,,677143,10,0,47 48 8,1,25,,677147,10,0,47 48 8,1,65,,603974,10,0,47 48 8,1,25,,677133,10,0,47 48 8,1,65,,574113,10,0,47 48 8,1,25,,677146,10,0,47 48 8,1,65,,677145,10,0,47 48 8,1
38401,'1',428,,515732,5,0,19,1,25,,599474,5,0,11 12 96 15,1,50,,682978,5,0,11 12 96 15,1,2128,,682980,5,0,19,1,70,,682979,5,0,19,1,30,,682981,5,0,19,1,27,,461618,5,0,19,1
38401,'2',428,,682983,5,0,19,1,74,,564606,5,0,11 12 96 15,1,2129,,682986,5,0,19,1,70,,682985,5,0,19,1,30,,682982,5,0,19,1,27,,682984,5,0,19,1
38401,'3',428,,682989,5,0,19,1,30,,682987,5,0,19,1,70,,682992,5,0,19,1,30,,682991,5,0,19,1,70,,682993,5,0,19,1,30,,603122,5,0,19,1,1973,,682994,5,0,19,1,70,,682995,5,0,19,1,30,,682990,5,0,19,1,27,,682988,5,0,19,1
38401,'5',428,,682996,5,0,19,1,73,,578456,5,0,11 12 96 15,1,2130,,682997,5,0,19,1,70,,529287,5,0,19,1,30,,682998,5,0,19,1,27,,682999,5,0,19,1
96001,'1',532,,689695,14,0,16 8,1,8,,562541,14,0,16 8,1,8,,519770,14,0,16 8,1,9,,689716,14,0,16 8,1,49,,689674,14,0,16 8,1,8,,689696,14,0,16 8,1,8,,689749,14,0,16 8,1,7,,518931,14,0,16 8,1,7,,689742,14,0,16 8,1,7,,689708,14,0,16 8,1,7,,689748,14,0,16 8,1,7,,689731,14,0,16 8,1,47,,689670,14,0,16 8,1,7,,689679,14,0,16 8,1,8,,689693,14,0,16 8,1,8,,689730,14,0,16 8,1,8,,542359,14,0,16 8,1,8,,689706,14,0,16 8,1,8,,689751,14,0,16 8,1,8,,689736,14,0,16 8,1,48,,689713,14,0,16 8,1,8,,689744,14,0,16 8,1,8,,689724,14,0,16 8,1,8,,689745,14,0,16 8,1,8,,689743,14,0,16 8,1,8,,689675,14,0,16 8,1,8,,516911,14,0,16 8,1,48,,589403,14,0,16 8,1,8,,689700,14,0,16 8,1,8,,689684,14,0,16 8,1,8,,689711,14,0,16 8,1,8,,689699,14,0,16 8,1,8,,516576,14,0,16 8,1,8,,689694,14,0,16 8,1,8,,689672,14,0,16 8,1,48,,689729,14,0,16 8,1,7,,689691,14,0,16 8,1,10,,689715,14,0,16 8,1,10,,689689,14,0,16 8,1,10,,689725,14,0,16 8,1,10,,689698,14,0,16 8,1,50,,689704,14,0,16 8,1,10,,689733,14,0,16 8,1,10,,689753,14,0,16 8,1,10,,573212,14,0,16 8,1,10,,689739,14,0,16 8,1,10,,689722,14,0,16 8,1,50,,689686,14,0,16 8,1,10,,689754,14,0,16 8,1,10,,550160,14,0,16 8,1,10,,689703,14,0,16 8,1,10,,557999,14,0,16 8,1,10,,689728,14,0,16 8,1,50,,554409,14,0,16 8,1,10,,689752,14,0,16 8,1,10,,578066,14,0,16 8,1,9,,579941,14,0,16 8,1,9,,549557,14,0,16 8,1,9,,689737,14,0,16 8,1,49,,689697,14,0,16 8,1,10,,689718,14,0,16 8,1,8,,564729,14,0,16 8,1,8,,689681,14,0,16 8,1,8,,689701,14,0,16 8,1,8,,689707,14,0,16 8,1,9,,531021,14,0,16 8,1,8,,540528,14,0,16 8,1,44,,689727,14,0,16 8,1,8,,689709,14,0,16 8,1,8,,689747,14,0,16 8,1,8,,689714,14,0,16 8,1,8,,689680,14,0,16 8,1,8,,689723,14,0,16 8,1,8,,689677,14,0,16 8,1,8,,579160,14,0,16 8,1,48,,573648,14,0,16 8,1,8,,689688,14,0,16 8,1,8,,689720,14,0,16 8,1,8,,547983,14,0,16 8,1,8,,539920,14,0,16 8,1,8,,689726,14,0,16 8,1,8,,689678,14,0,16 8,1,48,,689735,14,0,16 8,1,8,,558708,14,0,16 8,1,8,,689712,14,0,16 8,1,8,,689710,14,0,16 8,1,8,,533701,14,0,16 8,1,8,,689692,14,0,16 8,1,8,,544101,14,0,16 8,1,8,,689687,14,0,16 8,1,48,,560259,14,0,16 8,1,8,,689671,14,0,16 8,1,8,,689740,14,0,16 8,1,8,,462262,14,0,16 8,1,8,,689676,14,0,16 8,1,8,,689721,14,0,16 8,1,9,,689732,14,0,16 8,1,49,,554397,14,0,16 8,1,9,,689705,14,0,16 8,1,5,,689738,10,0,16 8,1,8,,584687,10,0,16 8,1,12,,540866,10,0,16 8,1,10,,689673,10,0,16 8,1,51,,562548,10,0,16 8,1,10,,689685,10,0,16 8,1,13,,689717,10,0,16 8,1,10,,689734,10,0,16 8,1,10,,689750,10,0,16 8,1,10,,689702,10,0,16 8,1,50,,689746,10,0,16 8,1,10,,689690,10,0,16 8,1,10,,689741,10,0,16 8,1,10,,689682,10,0,16 8,1,10,,689683,10,0,16 8,1,10,,531027,10,0,16 8,1,50,,689719,10,0,16 8,1,10,,402709,10,0,16 8,1
96001,'2',815,,557648,14,0,16 8,1,10,,689787,14,0,16 8,1,10,,555402,14,0,16 8,1,10,,534088,14,0,16 8,1,10,,511477,14,0,16 8,1,50,,689783,14,0,16 8,1,10,,689760,14,0,16 8,1,10,,689780,14,0,16 8,1,10,,689771,14,0,16 8,1,10,,689755,14,0,16 8,1,10,,689793,14,0,16 8,1,50,,689785,14,0,16 8,1,10,,689778,14,0,16 8,1,10,,587666,14,0,16 8,1,10,,689801,14,0,16 8,1,10,,601863,14,0,16 8,1,10,,551586,14,0,16 8,1,50,,689798,14,0,16 8,1,10,,689781,14,0,16 8,1,10,,689795,14,0,16 8,1,12,,689788,14,0,16 8,1,10,,689762,14,0,16 8,1,10,,689770,14,0,16 8,1,50,,544504,14,0,16 8,1,10,,596959,14,0,16 8,1,10,,689786,14,0,16 8,1,10,,689790,14,0,16 8,1,10,,689764,14,0,16 8,1,10,,689768,14,0,16 8,1,50,,689797,14,0,16 8,1,10,,689789,14,0,16 8,1,10,,551595,14,0,16 8,1,10,,553681,14,0,16 8,1,10,,689773,14,0,16 8,1,10,,516296,14,0,16 8,1,50,,689769,14,0,16 8,1,10,,689772,14,0,16 8,1,10,,689767,14,0,16 8,1,10,,556761,14,0,16 8,1,10,,574505,14,0,16 8,1,10,,689779,14,0,16 8,1,50,,689791,14,0,16 8,1,10,,689765,14,0,16 8,1,10,,689784,14,0,16 8,1,10,,689794,14,0,16 8,1,10,,564634,14,0,16 8,1,10,,580768,14,0,16 8,1,50,,689800,14,0,16 8,1,10,,689766,14,0,16 8,1,10,,689761,14,0,16 8,1,10,,538507,14,0,16 8,1,10,,689763,14,0,16 8,1,10,,689759,14,0,16 8,1,50,,689774,14,0,16 8,1,10,,689776,14,0,16 8,1,10,,582425,14,0,16 8,1,10,,689799,14,0,16 8,1,10,,689757,14,0,16 8,1,10,,689758,14,0,16 8,1,50,,689782,14,0,16 8,1,10,,589626,14,0,16 8,1,10,,689802,14,0,16 8,1,10,,689796,14,0,16 8,1,10,,689756,14,0,16 8,1,10,,689777,14,0,16 8,1,50,,689775,14,0,16 8,1,8,,689792,14,0,16 8,1
96001,'3',807,,689816,10,0,16 8,1,10,,689811,10,0,16 8,1,10,,689833,10,0,16 8,1,10,,689829,10,0,16 8,1,10,,689844,10,0,16 8,1,10,,689815,10,0,16 8,1,50,,689841,10,0,16 8,1,10,,689835,10,0,16 8,1,10,,525132,10,0,16 8,1,10,,689804,10,0,16 8,1,10,,689861,10,0,16 8,1,10,,689809,10,0,16 8,1,50,,595920,10,0,16 8,1,10,,689839,10,0,16 8,1,10,,517540,10,0,16 8,1,10,,551629,10,0,16 8,1,10,,689821,10,0,16 8,1,10,,689803,10,0,16 8,1,50,,689812,10,0,16 8,1,10,,689851,10,0,16 8,1,10,,689837,10,0,16 8,1,7,,689827,10,0,16 8,1,7,,689855,10,0,16 8,1,10,,689807,10,0,16 8,1,50,,689848,10,0,16 8,1,10,,689820,10,0,16 8,1,10,,689818,10,0,16 8,1,10,,689831,10,0,16 8,1,10,,689823,10,0,16 8,1,10,,689822,10,0,16 8,1,50,,689814,10,0,16 8,1,10,,689843,10,0,16 8,1,10,,689824,10,0,16 8,1,10,,689806,10,0,16 8,1,10,,689858,10,0,16 8,1,10,,689854,10,0,16 8,1,50,,689825,10,0,16 8,1,10,,689830,10,0,16 8,1,10,,533388,10,0,16 8,1,10,,516622,10,0,16 8,1,10,,689847,10,0,16 8,1,10,,689856,10,0,16 8,1,50,,689819,10,0,16 8,1,10,,689805,10,0,16 8,1,10,,689860,10,0,16 8,1,10,,689842,10,0,16 8,1,10,,547423,10,0,16 8,1,10,,689849,10,0,16 8,1,50,,689810,10,0,16 8,1,10,,689846,10,0,16 8,1,10,,689859,10,0,16 8,1,10,,689826,10,0,16 8,1,10,,689845,10,0,16 8,1,10,,689832,10,0,16 8,1,50,,389562,10,0,16 8,1,10,,689862,10,0,16 8,1,10,,689836,10,0,16 8,1,10,,689850,10,0,16 8,1,10,,689853,10,0,16 8,1,10,,689840,10,0,16 8,1,50,,689834,10,0,16 8,1,10,,689808,10,0,16 8,1,10,,689857,10,0,16 8,1,10,,689813,10,0,16 8,1,10,,689852,10,0,16 8,1,10,,689817,10,0,16 8,1,50,,689828,10,0,16 8,1,10,,689838,10,0,16 8,1
96001,'5',757,,689886,10,0,16 8,1,50,,689864,10,0,16 8,1,10,,689872,10,0,16 8,1,10,,689911,10,0,16 8,1,10,,689878,10,0,16 8,1,10,,528452,10,0,16 8,1,10,,689881,10,0,16 8,1,50,,689915,10,0,16 8,1,10,,689863,10,0,16 8,1,10,,689910,10,0,16 8,1,10,,689889,10,0,16 8,1,10,,689868,10,0,16 8,1,10,,689891,10,0,16 8,1,50,,589309,10,0,16 8,1,10,,689877,10,0,16 8,1,10,,689906,10,0,16 8,1,10,,689890,10,0,16 8,1,10,,689875,10,0,16 8,1,10,,689918,10,0,16 8,1,50,,689921,10,0,16 8,1,10,,520120,10,0,16 8,1,10,,689908,10,0,16 8,1,7,,689913,10,0,16 8,1,7,,689903,10,0,16 8,1,10,,689884,10,0,16 8,1,50,,689865,10,0,16 8,1,10,,689901,10,0,16 8,1,10,,689887,10,0,16 8,1,10,,689869,10,0,16 8,1,10,,552576,10,0,16 8,1,10,,689917,10,0,16 8,1,50,,689894,10,0,16 8,1,10,,689900,10,0,16 8,1,10,,689904,10,0,16 8,1,10,,689888,10,0,16 8,1,10,,567814,10,0,16 8,1,10,,689873,10,0,16 8,1,50,,689919,10,0,16 8,1,10,,689892,10,0,16 8,1,10,,689895,10,0,16 8,1,10,,556449,10,0,16 8,1,10,,689914,10,0,16 8,1,10,,689883,10,0,16 8,1,50,,689867,10,0,16 8,1,10,,689876,10,0,16 8,1,10,,689880,10,0,16 8,1,10,,689916,10,0,16 8,1,10,,689912,10,0,16 8,1,10,,689902,10,0,16 8,1,50,,689893,10,0,16 8,1,10,,689871,10,0,16 8,1,10,,596275,10,0,16 8,1,10,,689898,10,0,16 8,1,10,,689907,10,0,16 8,1,10,,542190,10,0,16 8,1,50,,689899,10,0,16 8,1,10,,689879,10,0,16 8,1,10,,689874,10,0,16 8,1,10,,689870,10,0,16 8,1,10,,689920,10,0,16 8,1,10,,689909,10,0,16 8,1,50,,689896,10,0,16 8,1,10,,689897,10,0,16 8,1,10,,564534,10,0,16 8,1,10,,689885,10,0,16 8,1,10,,576090,10,0,16 8,1,10,,689866,10,0,16 8,1,50,,689882,10,0,16 8,1,10,,689905,10,0,16 8,1
