2904,'1',550,,615207,29,0,5 94 186 187,1,51,,615188,29,0,5 94 186 187,1,10,,615283,28,0,5 94 186 187,1,10,,615241,28,0,5 94 186 187,1,10,,615218,28,0,5 94 186 187,1,10,,615216,28,0,5 94 186 187,1,10,,615273,28,0,5 94 186 187,1,6,,615231,28,0,5 94 186 187,1,48,,615235,28,0,5 94 186 187,1,8,,528086,28,0,5 94 186 187,1,8,,510647,28,0,5 94 186 187,1,8,,615192,28,0,5 94 186 187,1,8,,615248,28,0,5 94 186 187,1,8,,562969,28,0,5 94 186 187,1,8,,615184,28,0,5 94 186 187,1,48,,615213,28,0,5 94 186 187,1,8,,615282,28,0,5 94 186 187,1,8,,562130,28,0,5 94 186 187,1,8,,615237,28,0,5 94 186 187,1,8,,615228,28,0,5 94 186 187,1,8,,615194,28,0,5 94 186 187,1,7,,536957,28,0,5 94 186 187,1,7,,615268,28,0,5 94 186 187,1,47,,590348,28,0,5 94 186 187,1,8,,615214,28,0,5 94 186 187,1,8,,615275,28,0,5 94 186 187,1,8,,615279,28,0,5 94 186 187,1,8,,484598,28,0,5 94 186 187,1,8,,615198,28,0,5 94 186 187,1,8,,615245,28,0,5 94 186 187,1,8,,615204,28,0,5 94 186 187,1,48,,615240,28,0,5 94 186 187,1,8,,398871,28,0,5 94 186 187,1,8,,546876,28,0,5 94 186 187,1,8,,615187,28,0,5 94 186 187,1,8,,615272,28,0,5 94 186 187,1,8,,615253,28,0,5 94 186 187,1,8,,615243,28,0,5 94 186 187,1,48,,615246,28,0,5 94 186 187,1,8,,615229,28,0,5 94 186 187,1,8,,524823,28,0,5 94 186 187,1,8,,550435,28,0,5 94 186 187,1,8,,512511,28,0,5 94 186 187,1,8,,540186,28,0,5 94 186 187,1,8,,615263,28,0,5 94 186 187,1,8,,615255,28,0,5 94 186 187,1,48,,587836,28,0,5 94 186 187,1,8,,615227,28,0,5 94 186 187,1,8,,615284,28,0,5 94 186 187,1,8,,392396,28,0,5 94 186 187,1,8,,615225,28,0,5 94 186 187,1,8,,615234,28,0,5 94 186 187,1,8,,615219,28,0,5 94 186 187,1,48,,615251,28,0,5 94 186 187,1,8,,615203,28,0,5 94 186 187,1,8,,545021,28,0,5 94 186 187,1,8,,615239,28,0,5 94 186 187,1,8,,615252,28,0,5 94 186 187,1,8,,615286,28,0,5 94 186 187,1,8,,615256,28,0,5 94 186 187,1,8,,615197,28,0,5 94 186 187,1,48,,615200,28,0,5 94 186 187,1,8,,615189,28,0,5 94 186 187,1,8,,615266,28,0,5 94 186 187,1,8,,583925,28,0,5 94 186 187,1,8,,615233,28,0,5 94 186 187,1,7,,615265,28,0,5 94 186 187,1,7,,594734,28,0,5 94 186 187,1,48,,615276,28,0,5 94 186 187,1,7,,469761,28,0,5 94 186 187,1,8,,615210,28,0,5 94 186 187,1,8,,615215,28,0,5 94 186 187,1,8,,615242,28,0,5 94 186 187,1,8,,615238,28,0,5 94 186 187,1,7,,594314,28,0,5 94 186 187,1,8,,615185,28,0,5 94 186 187,1,48,,615211,28,0,5 94 186 187,1,8,,615212,28,0,5 94 186 187,1,8,,533222,28,0,5 94 186 187,1,8,,615247,28,0,5 94 186 187,1,8,,615223,28,0,5 94 186 187,1,8,,615250,28,0,5 94 186 187,1,8,,615289,28,0,5 94 186 187,1,8,,615270,28,0,5 94 186 187,1,48,,615186,28,0,5 94 186 187,1,8,,571445,28,0,5 94 186 187,1,8,,615277,28,0,5 94 186 187,1,8,,505381,28,0,5 94 186 187,1,8,,615271,28,0,5 94 186 187,1,8,,615224,28,0,5 94 186 187,1,8,,585073,28,0,5 94 186 187,1,48,,524841,28,0,5 94 186 187,1,8,,589907,28,0,5 94 186 187,1,8,,615267,28,0,5 94 186 187,1,8,,615221,28,0,5 94 186 187,1,8,,516114,28,0,5 94 186 187,1,8,,615199,28,0,5 94 186 187,1,8,,615264,28,0,5 94 186 187,1,8,,615257,28,0,5 94 186 187,1,49,,615232,28,0,5 94 186 187,1,8,,574744,28,0,5 94 186 187,1,4,,615202,28,0,5 94 186 187,1,8,,615236,28,0,5 94 186 187,1,6,,615287,28,0,5 94 186 187,1,8,,615244,28,0,5 94 186 187,1,8,,615249,28,0,5 94 186 187,1,8,,615190,28,0,5 94 186 187,1,48,,615281,28,0,5 94 186 187,1,8,,583915,28,0,5 94 186 187,1,8,,541702,28,0,5 94 186 187,1,8,,615274,28,0,5 94 186 187,1,8,,615269,28,0,5 94 186 187,1,8,,615222,28,0,5 94 186 187,1,8,,615280,28,0,5 94 186 187,1,48,,615258,28,0,5 94 186 187,1,8,,615278,28,0,5 94 186 187,1,8,,615195,28,0,5 94 186 187,1,8,,615220,28,0,5 94 186 187,1,8,,615191,28,0,5 94 186 187,1,8,,538281,28,0,5 94 186 187,1,8,,518016,28,0,5 94 186 187,1,8,,615209,28,0,5 94 186 187,1,47,,615261,28,0,5 94 186 187,1,7,,615285,28,0,5 94 186 187,1,8,,521790,28,0,5 94 186 187,1,8,,555082,28,0,5 94 186 187,1,10,,615262,28,0,5 94 186 187,1,10,,615226,28,0,5 94 186 187,1,10,,599130,28,0,5 94 186 187,1,50,,615260,28,0,5 94 186 187,1,10,,615288,28,0,5 94 186 187,1,10,,615217,28,0,5 94 186 187,1,10,,578495,28,0,5 94 186 187,1,10,,615193,28,0,5 94 186 187,1,10,,615208,28,0,5 94 186 187,1,50,,615230,28,0,5 94 186 187,1,10,,615259,28,0,5 94 186 187,1,10,,615254,28,0,5 94 186 187,1,10,,615201,28,0,5 94 186 187,1,10,,615205,28,0,5 94 186 187,1,10,,615196,28,0,5 94 186 187,1,50,,615206,28,0,5 94 186 187,1,10,,512270,28,0,5 94 186 187,1,15,,570368,28,0,5 94 186 187,1,13,,603338,28,0,5 94 186 187,1
2904,'2',552,,615431,29,0,5 94 186 187,1,51,,615357,29,0,5 94 186 187,1,10,,615442,29,0,5 94 186 187,1,10,,615413,28,0,5 94 186 187,1,10,,524495,28,0,5 94 186 187,1,10,,615293,28,0,5 94 186 187,1,10,,565376,28,0,5 94 186 187,1,50,,615395,28,0,5 94 186 187,1,10,,572111,28,0,5 94 186 187,1,10,,615422,28,0,5 94 186 187,1,10,,615437,28,0,5 94 186 187,1,10,,615367,28,0,5 94 186 187,1,8,,615290,28,0,5 94 186 187,1,49,,615386,28,0,5 94 186 187,1,8,,615439,28,0,5 94 186 187,1,10,,615303,28,0,5 94 186 187,1,10,,615384,28,0,5 94 186 187,1,10,,615347,28,0,5 94 186 187,1,9,,615298,28,0,5 94 186 187,1,8,,479032,28,0,5 94 186 187,1,48,,615391,28,0,5 94 186 187,1,8,,495004,28,0,5 94 186 187,1,8,,615377,28,0,5 94 186 187,1,8,,615383,28,0,5 94 186 187,1,8,,615402,28,0,5 94 186 187,1,8,,615328,28,0,5 94 186 187,1,8,,615387,28,0,5 94 186 187,1,8,,615346,28,0,5 94 186 187,1,48,,615312,28,0,5 94 186 187,1,8,,615325,28,0,5 94 186 187,1,8,,615401,28,0,5 94 186 187,1,8,,615390,28,0,5 94 186 187,1,8,,615355,28,0,5 94 186 187,1,8,,473197,28,0,5 94 186 187,1,8,,470863,28,0,5 94 186 187,1,48,,615317,28,0,5 94 186 187,1,8,,615440,28,0,5 94 186 187,1,8,,615385,28,0,5 94 186 187,1,8,,615323,28,0,5 94 186 187,1,8,,615330,28,0,5 94 186 187,1,8,,615332,28,0,5 94 186 187,1,8,,523659,28,0,5 94 186 187,1,7,,615379,28,0,5 94 186 187,1,48,,615327,28,0,5 94 186 187,1,5,,615369,28,0,5 94 186 187,1,8,,615382,28,0,5 94 186 187,1,4,,615420,19,0,5 94 186 187,1,3,,615394,28,0,5 94 186 187,1,8,,615412,28,0,5 94 186 187,1,5,,615443,28,0,5 94 186 187,1,5,,615425,28,0,5 94 186 187,1,5,,615419,28,0,5 94 186 187,1,5,,615424,28,0,5 94 186 187,1,5,,615306,28,0,5 94 186 187,1,45,,615423,28,0,5 94 186 187,1,5,,615342,28,0,5 94 186 187,1,5,,615368,28,0,5 94 186 187,1,5,,615326,28,0,5 94 186 187,1,5,,615436,28,0,5 94 186 187,1,5,,615373,28,0,5 94 186 187,1,5,,615441,28,0,5 94 186 187,1,5,,615408,28,0,5 94 186 187,1,5,,615358,28,0,5 94 186 187,1,5,,615351,28,0,5 94 186 187,1,5,,615364,28,0,5 94 186 187,1,5,,615333,28,0,5 94 186 187,1,45,,615400,28,0,5 94 186 187,1,5,,615403,28,0,5 94 186 187,1,5,,615399,28,0,5 94 186 187,1,5,,615353,28,0,5 94 186 187,1,5,,615291,28,0,5 94 186 187,1,5,,615305,28,0,5 94 186 187,1,5,,615372,28,0,5 94 186 187,1,5,,615397,28,0,5 94 186 187,1,5,,559413,28,0,5 94 186 187,1,5,,615404,28,0,5 94 186 187,1,5,,615430,28,0,5 94 186 187,1,5,,615375,28,0,5 94 186 187,1,45,,615418,28,0,5 94 186 187,1,5,,615429,28,0,5 94 186 187,1,5,,615370,28,0,5 94 186 187,1,5,,615405,28,0,5 94 186 187,1,5,,615363,28,0,5 94 186 187,1,5,,615343,28,0,5 94 186 187,1,5,,615349,28,0,5 94 186 187,1,5,,615339,28,0,5 94 186 187,1,5,,615313,28,0,5 94 186 187,1,5,,615380,28,0,5 94 186 187,1,5,,457838,28,0,5 94 186 187,1,5,,591754,28,0,5 94 186 187,1,45,,615340,28,0,5 94 186 187,1,5,,615299,28,0,5 94 186 187,1,5,,615359,28,0,5 94 186 187,1,5,,615362,28,0,5 94 186 187,1,5,,615354,28,0,5 94 186 187,1,5,,615308,28,0,5 94 186 187,1,5,,615352,28,0,5 94 186 187,1,5,,615428,28,0,5 94 186 187,1,5,,518446,28,0,5 94 186 187,1,5,,460582,28,0,5 94 186 187,1,5,,615338,28,0,5 94 186 187,1,5,,541075,28,0,5 94 186 187,1,45,,615366,28,0,5 94 186 187,1,5,,520697,28,0,5 94 186 187,1,5,,615344,28,0,5 94 186 187,1,5,,615297,28,0,5 94 186 187,1,5,,615350,28,0,5 94 186 187,1,5,,615406,28,0,5 94 186 187,1,5,,615334,28,0,5 94 186 187,1,5,,563489,28,0,5 94 186 187,1,5,,615329,28,0,5 94 186 187,1,5,,615365,28,0,5 94 186 187,1,5,,615378,28,0,5 94 186 187,1,5,,615336,28,0,5 94 186 187,1,45,,615311,28,0,5 94 186 187,1,5,,615389,28,0,5 94 186 187,1,5,,615318,28,0,5 94 186 187,1,5,,516971,28,0,5 94 186 187,1,5,,615356,28,0,5 94 186 187,1,5,,551036,28,0,5 94 186 187,1,5,,615361,28,0,5 94 186 187,1,5,,488472,28,0,5 94 186 187,1,6,,615331,28,0,5 94 186 187,1,5,,615381,28,0,5 94 186 187,1,5,,615435,28,0,5 94 186 187,1,45,,615324,28,0,5 94 186 187,1,5,,529595,28,0,5 94 186 187,1,8,,498604,28,0,5 94 186 187,1,5,,595736,28,0,5 94 186 187,1,5,,615438,28,0,5 94 186 187,1,5,,615295,28,0,5 94 186 187,1,5,,527024,28,0,5 94 186 187,1,5,,561351,28,0,5 94 186 187,1,5,,615426,28,0,5 94 186 187,1,5,,615414,28,0,5 94 186 187,1,5,,615411,28,0,5 94 186 187,1,5,,615294,28,0,5 94 186 187,1,45,,615427,28,0,5 94 186 187,1,5,,597534,28,0,5 94 186 187,1,5,,615421,28,0,5 94 186 187,1,5,,615417,28,0,5 94 186 187,1,5,,615432,28,0,5 94 186 187,1,5,,615302,28,0,5 94 186 187,1,5,,615345,28,0,5 94 186 187,1,5,,539573,28,0,5 94 186 187,1,5,,615301,28,0,5 94 186 187,1,5,,615304,28,0,5 94 186 187,1,5,,615396,28,0,5 94 186 187,1,5,,615307,28,0,5 94 186 187,1,45,,545264,28,0,5 94 186 187,1,5,,615376,28,0,5 94 186 187,1,5,,615416,28,0,5 94 186 187,1,5,,564905,28,0,5 94 186 187,1,5,,373771,28,0,5 94 186 187,1,5,,521513,28,0,5 94 186 187,1,5,,615292,28,0,5 94 186 187,1,5,,615415,28,0,5 94 186 187,1,5,,615407,28,0,5 94 186 187,1,5,,615320,28,0,5 94 186 187,1,5,,615341,28,0,5 94 186 187,1,5,,615337,28,0,5 94 186 187,1,46,,599338,28,0,5 94 186 187,1,5,,615335,28,0,5 94 186 187,1,6,,615388,28,0,5 94 186 187,1,7,,615393,28,0,5 94 186 187,1,8,,615309,28,0,5 94 186 187,1,7,,615371,28,0,5 94 186 187,1,8,,615392,28,0,5 94 186 187,1,8,,587452,28,0,5 94 186 187,1,48,,536525,28,0,5 94 186 187,1,8,,615310,28,0,5 94 186 187,1,8,,615398,28,0,5 94 186 187,1,8,,615322,28,0,5 94 186 187,1,8,,615316,28,0,5 94 186 187,1,8,,615321,28,0,5 94 186 187,1,8,,615410,28,0,5 94 186 187,1,8,,452635,28,0,5 94 186 187,1,48,,615434,28,0,5 94 186 187,1,8,,615348,28,0,5 94 186 187,1,8,,527037,28,0,5 94 186 187,1,8,,615319,28,0,5 94 186 187,1,8,,615360,28,0,5 94 186 187,1,8,,615409,28,0,5 94 186 187,1,8,,615296,28,0,5 94 186 187,1,48,,615315,28,0,5 94 186 187,1,8,,615433,28,0,5 94 186 187,1,8,,615300,28,0,5 94 186 187,1,10,,615374,28,0,5 94 186 187,1,13,,615314,28,0,5 94 186 187,1,6,,587937,28,0,5 94 186 187,1
2904,'3',805,,615512,28,0,5 94 186 187,1,10,,615485,28,0,5 94 186 187,1,10,,615527,28,0,5 94 186 187,1,10,,615500,28,0,5 94 186 187,1,8,,615534,28,0,5 94 186 187,1,8,,615574,28,0,5 94 186 187,1,8,,615473,28,0,5 94 186 187,1,48,,615457,28,0,5 94 186 187,1,8,,615511,28,0,5 94 186 187,1,8,,615460,28,0,5 94 186 187,1,8,,576240,28,0,5 94 186 187,1,8,,615548,28,0,5 94 186 187,1,8,,615475,28,0,5 94 186 187,1,8,,615488,28,0,5 94 186 187,1,48,,615564,28,0,5 94 186 187,1,8,,615494,28,0,5 94 186 187,1,8,,525186,28,0,5 94 186 187,1,8,,615479,28,0,5 94 186 187,1,8,,615448,28,0,5 94 186 187,1,8,,615573,28,0,5 94 186 187,1,8,,494437,28,0,5 94 186 187,1,8,,615476,28,0,5 94 186 187,1,48,,615538,28,0,5 94 186 187,1,8,,615486,28,0,5 94 186 187,1,8,,615515,28,0,5 94 186 187,1,8,,601292,28,0,5 94 186 187,1,8,,615444,28,0,5 94 186 187,1,8,,615474,28,0,5 94 186 187,1,7,,615553,28,0,5 94 186 187,1,48,,615452,28,0,5 94 186 187,1,8,,435963,28,0,5 94 186 187,1,4,,615491,19,0,5 94 186 187,1,4,,376005,28,0,5 94 186 187,1,8,,615552,28,0,5 94 186 187,1,5,,615535,19,0,5 94 186 187,1,5,,507170,28,0,5 94 186 187,1,5,,615461,28,0,5 94 186 187,1,5,,615537,28,0,5 94 186 187,1,5,,615470,28,0,5 94 186 187,1,5,,615547,28,0,5 94 186 187,1,45,,615533,28,0,5 94 186 187,1,5,,471387,28,0,5 94 186 187,1,5,,615541,28,0,5 94 186 187,1,5,,615562,28,0,5 94 186 187,1,5,,615545,28,0,5 94 186 187,1,5,,615447,28,0,5 94 186 187,1,5,,615487,28,0,5 94 186 187,1,5,,615571,28,0,5 94 186 187,1,5,,615469,28,0,5 94 186 187,1,5,,615536,28,0,5 94 186 187,1,5,,615567,28,0,5 94 186 187,1,5,,615528,28,0,5 94 186 187,1,45,,557497,28,0,5 94 186 187,1,5,,615481,28,0,5 94 186 187,1,5,,615480,28,0,5 94 186 187,1,5,,615518,28,0,5 94 186 187,1,5,,615493,28,0,5 94 186 187,1,5,,524615,28,0,5 94 186 187,1,5,,615459,28,0,5 94 186 187,1,5,,615570,28,0,5 94 186 187,1,5,,615484,28,0,5 94 186 187,1,5,,615530,28,0,5 94 186 187,1,5,,615513,28,0,5 94 186 187,1,5,,615554,28,0,5 94 186 187,1,45,,615521,28,0,5 94 186 187,1,5,,615510,28,0,5 94 186 187,1,5,,615519,28,0,5 94 186 187,1,5,,474553,28,0,5 94 186 187,1,5,,615556,28,0,5 94 186 187,1,5,,590450,28,0,5 94 186 187,1,5,,615544,28,0,5 94 186 187,1,5,,615517,28,0,5 94 186 187,1,5,,615549,28,0,5 94 186 187,1,5,,563542,28,0,5 94 186 187,1,5,,615453,28,0,5 94 186 187,1,5,,615466,28,0,5 94 186 187,1,45,,615467,28,0,5 94 186 187,1,5,,615569,28,0,5 94 186 187,1,5,,615575,28,0,5 94 186 187,1,5,,615550,28,0,5 94 186 187,1,5,,537695,28,0,5 94 186 187,1,5,,615539,28,0,5 94 186 187,1,5,,615483,28,0,5 94 186 187,1,5,,615502,28,0,5 94 186 187,1,5,,513942,28,0,5 94 186 187,1,5,,615504,28,0,5 94 186 187,1,5,,593839,28,0,5 94 186 187,1,5,,615507,28,0,5 94 186 187,1,45,,615449,28,0,5 94 186 187,1,5,,615559,28,0,5 94 186 187,1,5,,615509,28,0,5 94 186 187,1,5,,615463,28,0,5 94 186 187,1,5,,615492,28,0,5 94 186 187,1,5,,535714,28,0,5 94 186 187,1,5,,615523,28,0,5 94 186 187,1,5,,615471,28,0,5 94 186 187,1,5,,615508,28,0,5 94 186 187,1,5,,615558,28,0,5 94 186 187,1,5,,615514,28,0,5 94 186 187,1,5,,582433,28,0,5 94 186 187,1,45,,615464,28,0,5 94 186 187,1,5,,615568,28,0,5 94 186 187,1,5,,615542,28,0,5 94 186 187,1,5,,615565,28,0,5 94 186 187,1,5,,615531,28,0,5 94 186 187,1,5,,615462,28,0,5 94 186 187,1,5,,615445,28,0,5 94 186 187,1,5,,615496,28,0,5 94 186 187,1,5,,615557,28,0,5 94 186 187,1,5,,472640,28,0,5 94 186 187,1,5,,527859,28,0,5 94 186 187,1,5,,615497,28,0,5 94 186 187,1,45,,615490,28,0,5 94 186 187,1,5,,615505,28,0,5 94 186 187,1,8,,615546,28,0,5 94 186 187,1,5,,615482,28,0,5 94 186 187,1,6,,615561,28,0,5 94 186 187,1,5,,615455,28,0,5 94 186 187,1,6,,615495,28,0,5 94 186 187,1,8,,615540,28,0,5 94 186 187,1,8,,615489,28,0,5 94 186 187,1,48,,615468,28,0,5 94 186 187,1,8,,615465,28,0,5 94 186 187,1,8,,566281,28,0,5 94 186 187,1,8,,474252,28,0,5 94 186 187,1,8,,615451,28,0,5 94 186 187,1,8,,615572,28,0,5 94 186 187,1,8,,584280,28,0,5 94 186 187,1,8,,615472,28,0,5 94 186 187,1,48,,615555,28,0,5 94 186 187,1,8,,615526,28,0,5 94 186 187,1,8,,615516,28,0,5 94 186 187,1,8,,615525,28,0,5 94 186 187,1,8,,615458,28,0,5 94 186 187,1,8,,490472,28,0,5 94 186 187,1,8,,582428,28,0,5 94 186 187,1,48,,615499,28,0,5 94 186 187,1,8,,615478,28,0,5 94 186 187,1,6,,615446,28,0,5 94 186 187,1,6,,615576,28,0,5 94 186 187,1,8,,615506,28,0,5 94 186 187,1,10,,615551,28,0,5 94 186 187,1,10,,615522,28,0,5 94 186 187,1,10,,615503,28,0,5 94 186 187,1,50,,615520,28,0,5 94 186 187,1,10,,615524,28,0,5 94 186 187,1,10,,615501,28,0,5 94 186 187,1,10,,615543,28,0,5 94 186 187,1,10,,615563,28,0,5 94 186 187,1,10,,615454,28,0,5 94 186 187,1,50,,615498,28,0,5 94 186 187,1,10,,615532,28,0,5 94 186 187,1,10,,594283,28,0,5 94 186 187,1,10,,615477,28,0,5 94 186 187,1,10,,615566,28,0,5 94 186 187,1,10,,579874,28,0,5 94 186 187,1,50,,615456,28,0,5 94 186 187,1,10,,615450,28,0,5 94 186 187,1,14,,615529,28,0,5 94 186 187,1,10,,615560,28,0,5 94 186 187,1
2904,'5',549,,529228,29,0,5 94 186 187,1,10,,615633,29,0,5 94 186 187,1,50,,575556,29,0,5 94 186 187,1,10,,615703,28,0,5 94 186 187,1,10,,615638,28,0,5 94 186 187,1,10,,615696,28,0,5 94 186 187,1,10,,615666,28,0,5 94 186 187,1,10,,549736,28,0,5 94 186 187,1,50,,514604,28,0,5 94 186 187,1,10,,615639,28,0,5 94 186 187,1,10,,615668,28,0,5 94 186 187,1,10,,615658,28,0,5 94 186 187,1,9,,588140,28,0,5 94 186 187,1,8,,615642,28,0,5 94 186 187,1,49,,536909,28,0,5 94 186 187,1,10,,615601,28,0,5 94 186 187,1,10,,615697,28,0,5 94 186 187,1,10,,615675,28,0,5 94 186 187,1,8,,615684,28,0,5 94 186 187,1,8,,615677,28,0,5 94 186 187,1,8,,570652,28,0,5 94 186 187,1,48,,615595,28,0,5 94 186 187,1,8,,615613,28,0,5 94 186 187,1,8,,615640,28,0,5 94 186 187,1,8,,615645,28,0,5 94 186 187,1,8,,615646,28,0,5 94 186 187,1,8,,615706,28,0,5 94 186 187,1,8,,615710,28,0,5 94 186 187,1,48,,595261,28,0,5 94 186 187,1,8,,615603,28,0,5 94 186 187,1,8,,539073,28,0,5 94 186 187,1,8,,615690,28,0,5 94 186 187,1,8,,615643,28,0,5 94 186 187,1,8,,578898,28,0,5 94 186 187,1,8,,615577,28,0,5 94 186 187,1,8,,615698,28,0,5 94 186 187,1,48,,615693,28,0,5 94 186 187,1,8,,615714,28,0,5 94 186 187,1,8,,615625,28,0,5 94 186 187,1,8,,615713,28,0,5 94 186 187,1,8,,615644,28,0,5 94 186 187,1,8,,615669,28,0,5 94 186 187,1,7,,577941,28,0,5 94 186 187,1,48,,615619,28,0,5 94 186 187,1,8,,615598,28,0,5 94 186 187,1,4,,550714,19,0,5 94 186 187,1,4,,615648,28,0,5 94 186 187,1,8,,615589,28,0,5 94 186 187,1,5,,615590,19,0,5 94 186 187,1,5,,615630,28,0,5 94 186 187,1,5,,615672,28,0,5 94 186 187,1,5,,615618,28,0,5 94 186 187,1,5,,615699,28,0,5 94 186 187,1,5,,518332,28,0,5 94 186 187,1,45,,615683,28,0,5 94 186 187,1,5,,615594,28,0,5 94 186 187,1,5,,615593,28,0,5 94 186 187,1,5,,615712,28,0,5 94 186 187,1,5,,615708,28,0,5 94 186 187,1,5,,615614,28,0,5 94 186 187,1,5,,513693,28,0,5 94 186 187,1,5,,615689,28,0,5 94 186 187,1,5,,615631,28,0,5 94 186 187,1,5,,615596,28,0,5 94 186 187,1,5,,615650,28,0,5 94 186 187,1,5,,513650,28,0,5 94 186 187,1,45,,615585,28,0,5 94 186 187,1,5,,569990,28,0,5 94 186 187,1,5,,615657,28,0,5 94 186 187,1,5,,615612,28,0,5 94 186 187,1,5,,615615,28,0,5 94 186 187,1,5,,525695,28,0,5 94 186 187,1,5,,615604,28,0,5 94 186 187,1,5,,543991,28,0,5 94 186 187,1,5,,615621,28,0,5 94 186 187,1,5,,615610,28,0,5 94 186 187,1,5,,615691,28,0,5 94 186 187,1,5,,615606,28,0,5 94 186 187,1,45,,615673,28,0,5 94 186 187,1,5,,551104,28,0,5 94 186 187,1,5,,615641,28,0,5 94 186 187,1,5,,615705,28,0,5 94 186 187,1,5,,615680,28,0,5 94 186 187,1,5,,615626,28,0,5 94 186 187,1,5,,615634,28,0,5 94 186 187,1,5,,615584,28,0,5 94 186 187,1,5,,575561,28,0,5 94 186 187,1,5,,615664,28,0,5 94 186 187,1,5,,615692,28,0,5 94 186 187,1,5,,519097,28,0,5 94 186 187,1,45,,615628,28,0,5 94 186 187,1,5,,615695,28,0,5 94 186 187,1,5,,615636,28,0,5 94 186 187,1,5,,615635,28,0,5 94 186 187,1,5,,615582,28,0,5 94 186 187,1,5,,615627,28,0,5 94 186 187,1,5,,591633,28,0,5 94 186 187,1,5,,615588,28,0,5 94 186 187,1,5,,615662,28,0,5 94 186 187,1,5,,615665,28,0,5 94 186 187,1,5,,615659,28,0,5 94 186 187,1,5,,615709,28,0,5 94 186 187,1,45,,615670,28,0,5 94 186 187,1,5,,615678,28,0,5 94 186 187,1,5,,615655,28,0,5 94 186 187,1,5,,615647,28,0,5 94 186 187,1,5,,615620,28,0,5 94 186 187,1,5,,615609,28,0,5 94 186 187,1,5,,615617,28,0,5 94 186 187,1,5,,615599,28,0,5 94 186 187,1,5,,585269,28,0,5 94 186 187,1,5,,615711,28,0,5 94 186 187,1,5,,615652,28,0,5 94 186 187,1,5,,615624,28,0,5 94 186 187,1,45,,615687,28,0,5 94 186 187,1,5,,615704,28,0,5 94 186 187,1,5,,615674,28,0,5 94 186 187,1,5,,615682,28,0,5 94 186 187,1,5,,595538,28,0,5 94 186 187,1,5,,615622,28,0,5 94 186 187,1,5,,529092,28,0,5 94 186 187,1,5,,615600,28,0,5 94 186 187,1,5,,615591,28,0,5 94 186 187,1,5,,615587,28,0,5 94 186 187,1,5,,615686,28,0,5 94 186 187,1,5,,528041,28,0,5 94 186 187,1,45,,615580,28,0,5 94 186 187,1,5,,615700,28,0,5 94 186 187,1,8,,615607,28,0,5 94 186 187,1,5,,615676,28,0,5 94 186 187,1,6,,615651,28,0,5 94 186 187,1,5,,554826,28,0,5 94 186 187,1,6,,615629,28,0,5 94 186 187,1,8,,615608,28,0,5 94 186 187,1,8,,615663,28,0,5 94 186 187,1,48,,615583,28,0,5 94 186 187,1,8,,589766,28,0,5 94 186 187,1,8,,568348,28,0,5 94 186 187,1,8,,594227,28,0,5 94 186 187,1,8,,615632,28,0,5 94 186 187,1,8,,615581,28,0,5 94 186 187,1,8,,615605,28,0,5 94 186 187,1,8,,615597,28,0,5 94 186 187,1,48,,615623,28,0,5 94 186 187,1,8,,615653,28,0,5 94 186 187,1,8,,615616,28,0,5 94 186 187,1,8,,615656,28,0,5 94 186 187,1,8,,615667,28,0,5 94 186 187,1,8,,615660,28,0,5 94 186 187,1,8,,580532,28,0,5 94 186 187,1,48,,615688,28,0,5 94 186 187,1,8,,583137,28,0,5 94 186 187,1,6,,615661,28,0,5 94 186 187,1,6,,558267,28,0,5 94 186 187,1,8,,519683,28,0,5 94 186 187,1,10,,615671,28,0,5 94 186 187,1,10,,615701,28,0,5 94 186 187,1,10,,615685,28,0,5 94 186 187,1,50,,615654,28,0,5 94 186 187,1,10,,615586,28,0,5 94 186 187,1,10,,615637,28,0,5 94 186 187,1,10,,615579,28,0,5 94 186 187,1,10,,615649,28,0,5 94 186 187,1,10,,538882,28,0,5 94 186 187,1,50,,528443,28,0,5 94 186 187,1,10,,615707,28,0,5 94 186 187,1,10,,615592,28,0,5 94 186 187,1,10,,615679,28,0,5 94 186 187,1,10,,615702,28,0,5 94 186 187,1,10,,615602,28,0,5 94 186 187,1,50,,615611,28,0,5 94 186 187,1,10,,615681,28,0,5 94 186 187,1,14,,615694,28,0,5 94 186 187,1,10,,615578,28,0,5 94 186 187,1
32904,'1',441,,681788,42,0,94,1,70,,549512,42,0,94,1,15,,681785,29,0,94,1,11,,600237,29,0,94,1,2019,,681786,31,0,94,1,55,,681790,31,0,94,1,30,,681787,31,0,94,1,70,,514307,42,0,94,1,30,,681782,42,0,94,1,70,,681784,42,0,94,1
32904,'2',441,,681799,42,0,94,1,70,,681796,42,0,94,1,15,,681800,29,0,94,1,11,,539431,29,0,94,1,2019,,681792,31,0,94,1,55,,681798,31,0,94,1,30,,681797,31,0,94,1,70,,681795,42,0,94,1,30,,681794,42,0,94,1,70,,681793,42,0,94,1
32904,'3',441,,462862,42,0,94,1,70,,681808,42,0,94,1,15,,681802,29,0,94,1,18,,681805,42,0,94,1,10,,681816,29,0,94,1,51,,681812,42,0,94,1,10,,681815,29,0,94,1,10,,681806,29,0,94,1,10,,681818,42,0,94,1,10,,681820,29,0,94,1,10,,681809,29,0,94,1,50,,681804,42,0,94,1,10,,554221,29,0,94,1,10,,681819,29,0,94,1,10,,520749,42,0,94,1,10,,681807,29,0,94,1,10,,681803,29,0,94,1,1801,,681814,31,0,94,1,55,,681810,31,0,94,1,30,,533864,31,0,94,1,70,,567770,42,0,94,1,30,,681817,42,0,94,1,70,,681811,42,0,94,1
32904,'5',441,,681824,42,0,94,1,70,,681825,42,0,94,1,15,,681827,29,0,94,1,10,,681823,29,0,94,1,2020,,681831,31,0,94,1,55,,681830,31,0,94,1,30,,681822,31,0,94,1,70,,681828,42,0,94,1,30,,514244,42,0,94,1,70,,515072,42,0,94,1
92904,'1',626,,687877,11,0,94 186 187,1,10,,401801,11,0,94 186 187,1,10,,687843,11,0,94 186 187,1,9,,557414,11,0,94 186 187,1,49,,584673,11,0,94 186 187,1,10,,687873,11,0,94 186 187,1,10,,687820,11,0,94 186 187,1,8,,687907,11,0,94 186 187,1,8,,687847,11,0,94 186 187,1,8,,687884,11,0,94 186 187,1,8,,505104,11,0,94 186 187,1,48,,687846,11,0,94 186 187,1,8,,687855,11,0,94 186 187,1,8,,687821,11,0,94 186 187,1,8,,687824,11,0,94 186 187,1,8,,687840,11,0,94 186 187,1,7,,687899,11,0,94 186 187,1,7,,687891,11,0,94 186 187,1,7,,687834,11,0,94 186 187,1,48,,687861,11,0,94 186 187,1,8,,687844,11,0,94 186 187,1,8,,687869,11,0,94 186 187,1,5,,561737,11,0,94 186 187,1,11,,687837,11,0,94 186 187,1,8,,687887,11,0,94 186 187,1,8,,687872,11,0,94 186 187,1,48,,687822,11,0,94 186 187,1,8,,687892,11,0,94 186 187,1,8,,687864,11,0,94 186 187,1,8,,687896,11,0,94 186 187,1,8,,687832,11,0,94 186 187,1,8,,687874,11,0,94 186 187,1,8,,687901,11,0,94 186 187,1,8,,539216,11,0,94 186 187,1,48,,687903,11,0,94 186 187,1,8,,687904,11,0,94 186 187,1,8,,687870,11,0,94 186 187,1,8,,687851,11,0,94 186 187,1,8,,600778,11,0,94 186 187,1,8,,687850,11,0,94 186 187,1,8,,687830,11,0,94 186 187,1,48,,687868,11,0,94 186 187,1,8,,687906,11,0,94 186 187,1,8,,585332,11,0,94 186 187,1,8,,558810,11,0,94 186 187,1,8,,687881,11,0,94 186 187,1,8,,584706,11,0,94 186 187,1,8,,687853,11,0,94 186 187,1,8,,687827,11,0,94 186 187,1,48,,466211,11,0,94 186 187,1,8,,687882,11,0,94 186 187,1,8,,687889,11,0,94 186 187,1,8,,687848,11,0,94 186 187,1,8,,687829,11,0,94 186 187,1,8,,687905,11,0,94 186 187,1,8,,687876,11,0,94 186 187,1,48,,687831,11,0,94 186 187,1,8,,513167,11,0,94 186 187,1,8,,687838,11,0,94 186 187,1,8,,564114,11,0,94 186 187,1,8,,560709,11,0,94 186 187,1,7,,687866,11,0,94 186 187,1,7,,687819,11,0,94 186 187,1,8,,687839,11,0,94 186 187,1,47,,687900,11,0,94 186 187,1,9,,687867,11,0,94 186 187,1,4,,687842,11,0,94 186 187,1,11,,687857,11,0,94 186 187,1,6,,687897,11,0,94 186 187,1,9,,687910,11,0,94 186 187,1,8,,530713,11,0,94 186 187,1,8,,687856,11,0,94 186 187,1,48,,576130,11,0,94 186 187,1,8,,570318,11,0,94 186 187,1,8,,544393,11,0,94 186 187,1,8,,687883,11,0,94 186 187,1,8,,687816,11,0,94 186 187,1,8,,416118,11,0,94 186 187,1,8,,687818,11,0,94 186 187,1,48,,687858,11,0,94 186 187,1,8,,687886,11,0,94 186 187,1,8,,582660,11,0,94 186 187,1,8,,687841,11,0,94 186 187,1,8,,687902,11,0,94 186 187,1,8,,687836,11,0,94 186 187,1,8,,687852,11,0,94 186 187,1,8,,687823,11,0,94 186 187,1,48,,523122,11,0,94 186 187,1,8,,687895,11,0,94 186 187,1,8,,687849,11,0,94 186 187,1,8,,521354,11,0,94 186 187,1,8,,463590,11,0,94 186 187,1,8,,687833,11,0,94 186 187,1,8,,687898,11,0,94 186 187,1,49,,518918,11,0,94 186 187,1,8,,687885,11,0,94 186 187,1,9,,544856,11,0,94 186 187,1,2,,687908,11,0,94 186 187,1,6,,687878,11,0,94 186 187,1,8,,687826,11,0,94 186 187,1,8,,687859,11,0,94 186 187,1,8,,687835,11,0,94 186 187,1,8,,687909,11,0,94 186 187,1,48,,687825,11,0,94 186 187,1,8,,687860,11,0,94 186 187,1,8,,687862,11,0,94 186 187,1,8,,687871,11,0,94 186 187,1,8,,687880,11,0,94 186 187,1,8,,687863,11,0,94 186 187,1,8,,687865,11,0,94 186 187,1,48,,687875,11,0,94 186 187,1,8,,687894,11,0,94 186 187,1,8,,687854,11,0,94 186 187,1,8,,687890,11,0,94 186 187,1,8,,687879,11,0,94 186 187,1,8,,602934,11,0,94 186 187,1,8,,687828,11,0,94 186 187,1,8,,687845,11,0,94 186 187,1,47,,687817,11,0,94 186 187,1,10,,687888,11,0,94 186 187,1,9,,687893,11,0,94 186 187,1
92904,'2',821,,687955,11,0,94 186 187,1,13,,687919,11,0,94 186 187,1,9,,687961,11,0,94 186 187,1,8,,687924,11,0,94 186 187,1,8,,687959,11,0,94 186 187,1,48,,557650,11,0,94 186 187,1,8,,503511,11,0,94 186 187,1,8,,687918,11,0,94 186 187,1,8,,687923,11,0,94 186 187,1,8,,687936,11,0,94 186 187,1,8,,687941,11,0,94 186 187,1,8,,687931,11,0,94 186 187,1,48,,687939,11,0,94 186 187,1,8,,687935,11,0,94 186 187,1,8,,591220,11,0,94 186 187,1,8,,687921,11,0,94 186 187,1,8,,687968,11,0,94 186 187,1,8,,687954,11,0,94 186 187,1,8,,687949,11,0,94 186 187,1,8,,687945,11,0,94 186 187,1,48,,687925,11,0,94 186 187,1,8,,687927,11,0,94 186 187,1,8,,593038,11,0,94 186 187,1,8,,687926,11,0,94 186 187,1,8,,687914,11,0,94 186 187,1,8,,687943,11,0,94 186 187,1,7,,687967,11,0,94 186 187,1,48,,580707,11,0,94 186 187,1,8,,687938,11,0,94 186 187,1,7,,687947,11,0,94 186 187,1,11,,687960,11,0,94 186 187,1,10,,559965,11,0,94 186 187,1,10,,687917,11,0,94 186 187,1,10,,687942,11,0,94 186 187,1,50,,687957,11,0,94 186 187,1,10,,687940,11,0,94 186 187,1,10,,489706,11,0,94 186 187,1,10,,687920,11,0,94 186 187,1,10,,687934,11,0,94 186 187,1,10,,687953,11,0,94 186 187,1,50,,687928,11,0,94 186 187,1,10,,687915,11,0,94 186 187,1,10,,687948,11,0,94 186 187,1,10,,595143,11,0,94 186 187,1,10,,687966,11,0,94 186 187,1,10,,687952,11,0,94 186 187,1,50,,687933,11,0,94 186 187,1,10,,517269,11,0,94 186 187,1,10,,687964,11,0,94 186 187,1,10,,687956,11,0,94 186 187,1,10,,687965,11,0,94 186 187,1,10,,687916,11,0,94 186 187,1,50,,687963,11,0,94 186 187,1,10,,687911,11,0,94 186 187,1,10,,687912,11,0,94 186 187,1,10,,687969,11,0,94 186 187,1,10,,687970,11,0,94 186 187,1,10,,687962,11,0,94 186 187,1,50,,589589,11,0,94 186 187,1,10,,687958,11,0,94 186 187,1,10,,687929,11,0,94 186 187,1,10,,687930,11,0,94 186 187,1,10,,687950,11,0,94 186 187,1,10,,590152,11,0,94 186 187,1,50,,687944,11,0,94 186 187,1,10,,687937,11,0,94 186 187,1,10,,687951,11,0,94 186 187,1,11,,687946,11,0,94 186 187,1,10,,687922,11,0,94 186 187,1,10,,593791,11,0,94 186 187,1,50,,687932,11,0,94 186 187,1,10,,687971,11,0,94 186 187,1,8,,687913,11,0,94 186 187,1
92904,'3',821,,688016,11,0,94 186 187,1,9,,687979,11,0,94 186 187,1,8,,688010,11,0,94 186 187,1,8,,687989,11,0,94 186 187,1,8,,687973,11,0,94 186 187,1,48,,687994,11,0,94 186 187,1,8,,687974,11,0,94 186 187,1,8,,688008,11,0,94 186 187,1,8,,590446,11,0,94 186 187,1,8,,688000,11,0,94 186 187,1,8,,688012,11,0,94 186 187,1,8,,688025,11,0,94 186 187,1,8,,688031,11,0,94 186 187,1,48,,687993,11,0,94 186 187,1,8,,688021,11,0,94 186 187,1,8,,688032,11,0,94 186 187,1,8,,687986,11,0,94 186 187,1,8,,570127,11,0,94 186 187,1,8,,582736,11,0,94 186 187,1,8,,687984,11,0,94 186 187,1,48,,688028,11,0,94 186 187,1,8,,688018,11,0,94 186 187,1,8,,687982,11,0,94 186 187,1,8,,688022,11,0,94 186 187,1,8,,688023,11,0,94 186 187,1,8,,687991,11,0,94 186 187,1,7,,566304,11,0,94 186 187,1,8,,473957,11,0,94 186 187,1,49,,687972,11,0,94 186 187,1,8,,688011,11,0,94 186 187,1,8,,687981,11,0,94 186 187,1,9,,688013,11,0,94 186 187,1,10,,688026,11,0,94 186 187,1,10,,688024,11,0,94 186 187,1,50,,688015,11,0,94 186 187,1,10,,688007,11,0,94 186 187,1,10,,687980,11,0,94 186 187,1,10,,596556,11,0,94 186 187,1,10,,687978,11,0,94 186 187,1,10,,687985,11,0,94 186 187,1,50,,688001,11,0,94 186 187,1,10,,592892,11,0,94 186 187,1,10,,687977,11,0,94 186 187,1,10,,687983,11,0,94 186 187,1,10,,688004,11,0,94 186 187,1,10,,687999,11,0,94 186 187,1,50,,375622,11,0,94 186 187,1,10,,688017,11,0,94 186 187,1,10,,687990,11,0,94 186 187,1,10,,687988,11,0,94 186 187,1,10,,687996,11,0,94 186 187,1,10,,688014,11,0,94 186 187,1,50,,688029,11,0,94 186 187,1,10,,688034,11,0,94 186 187,1,10,,687976,11,0,94 186 187,1,10,,687997,11,0,94 186 187,1,10,,491804,11,0,94 186 187,1,10,,687995,11,0,94 186 187,1,50,,688027,11,0,94 186 187,1,10,,688033,11,0,94 186 187,1,10,,688019,11,0,94 186 187,1,10,,688002,11,0,94 186 187,1,10,,688003,11,0,94 186 187,1,10,,688020,11,0,94 186 187,1,50,,688030,11,0,94 186 187,1,10,,687998,11,0,94 186 187,1,10,,687975,11,0,94 186 187,1,10,,688006,11,0,94 186 187,1,10,,687987,11,0,94 186 187,1,10,,688005,11,0,94 186 187,1,51,,687992,11,0,94 186 187,1,10,,688009,11,0,94 186 187,1,15,,688035,11,0,94 186 187,1
92904,'5',821,,688082,11,0,94 186 187,1,9,,688073,11,0,94 186 187,1,8,,688076,11,0,94 186 187,1,8,,520848,11,0,94 186 187,1,8,,688075,11,0,94 186 187,1,48,,581353,11,0,94 186 187,1,8,,598276,11,0,94 186 187,1,8,,688058,11,0,94 186 187,1,8,,688093,11,0,94 186 187,1,8,,551699,11,0,94 186 187,1,8,,688090,11,0,94 186 187,1,8,,688086,11,0,94 186 187,1,8,,688041,11,0,94 186 187,1,48,,688048,11,0,94 186 187,1,8,,688080,11,0,94 186 187,1,8,,688079,11,0,94 186 187,1,8,,688049,11,0,94 186 187,1,8,,688044,11,0,94 186 187,1,8,,688069,11,0,94 186 187,1,8,,688047,11,0,94 186 187,1,48,,688087,11,0,94 186 187,1,8,,688062,11,0,94 186 187,1,8,,688078,11,0,94 186 187,1,8,,688050,11,0,94 186 187,1,8,,688046,11,0,94 186 187,1,8,,688036,11,0,94 186 187,1,7,,688081,11,0,94 186 187,1,8,,524644,11,0,94 186 187,1,49,,688088,11,0,94 186 187,1,8,,688057,11,0,94 186 187,1,8,,688042,11,0,94 186 187,1,9,,688077,11,0,94 186 187,1,10,,688040,11,0,94 186 187,1,10,,688084,11,0,94 186 187,1,50,,688091,11,0,94 186 187,1,10,,688045,11,0,94 186 187,1,10,,688072,11,0,94 186 187,1,10,,688052,11,0,94 186 187,1,10,,688063,11,0,94 186 187,1,10,,548820,11,0,94 186 187,1,50,,547714,11,0,94 186 187,1,10,,688051,11,0,94 186 187,1,10,,688066,11,0,94 186 187,1,10,,688055,11,0,94 186 187,1,10,,688060,11,0,94 186 187,1,10,,592781,11,0,94 186 187,1,50,,688089,11,0,94 186 187,1,10,,531192,11,0,94 186 187,1,10,,560148,11,0,94 186 187,1,10,,688085,11,0,94 186 187,1,10,,688038,11,0,94 186 187,1,10,,544364,11,0,94 186 187,1,50,,688083,11,0,94 186 187,1,10,,573040,11,0,94 186 187,1,10,,688054,11,0,94 186 187,1,10,,579790,11,0,94 186 187,1,10,,688053,11,0,94 186 187,1,10,,688067,11,0,94 186 187,1,50,,688043,11,0,94 186 187,1,10,,515070,11,0,94 186 187,1,10,,688092,11,0,94 186 187,1,10,,688059,11,0,94 186 187,1,10,,688071,11,0,94 186 187,1,10,,688039,11,0,94 186 187,1,50,,688074,11,0,94 186 187,1,10,,688056,11,0,94 186 187,1,10,,688064,11,0,94 186 187,1,10,,688037,11,0,94 186 187,1,10,,688070,11,0,94 186 187,1,10,,688061,11,0,94 186 187,1,51,,603624,11,0,94 186 187,1,10,,688068,11,0,94 186 187,1,15,,688065,11,0,94 186 187,1
