1202,'1',528,,693045,23,0,5 45 46 15,1,20,,693035,23,0,5 45 46 15,1,60,,693033,22,0,5 45 46 15,1,20,,675297,22,0,5 45 46 15,1,21,,693037,22,0,5 45 46 15,1,70,,693000,22,0,5 45 46 15,1,27,,692976,22,0,5 45 46 15,1,60,,662309,22,0,5 45 46 15,1,20,,693040,22,0,5 45 46 15,1,22,,684601,22,0,5 45 46 15,1,60,,692973,22,0,5 45 46 15,1,24,,693011,22,0,5 45 46 15,1,70,,555051,22,0,5 45 46 15,1,30,,693025,22,0,5 45 46 15,1,70,,635383,22,0,5 45 46 15,1,30,,693027,22,0,5 45 46 15,1,70,,692992,22,0,5 45 46 15,1,30,,692993,22,0,5 45 46 15,1,70,,693034,22,0,5 45 46 15,1,30,,693014,22,0,5 45 46 15,1,70,,693007,22,0,5 45 46 15,1,30,,692996,22,0,5 45 46 15,1,10,,693028,22,0,5 45 46 15,1,60,,692974,22,0,5 45 46 15,1,24,,693032,22,0,5 45 46 15,1,20,,692985,22,0,5 45 46 15,1,60,,692979,22,0,5 45 46 15,1,20,,632347,22,0,5 45 46 15,1,20,,692984,22,0,5 45 46 15,1,60,,693024,22,0,5 45 46 15,1,20,,693019,22,0,5 45 46 15,1,20,,642512,22,0,5 45 46 15,1,60,,693003,22,0,5 45 46 15,1,20,,693036,22,0,5 45 46 15,1,22,,692995,22,0,5 45 46 15,1,65,,692998,22,0,5 45 46 15,1,19,,692994,22,0,5 45 46 15,1,21,,693046,22,0,5 45 46 15,1,64,,693044,22,0,5 45 46 15,1,24,,604403,22,0,5 45 46 15,1,64,,692981,22,0,5 45 46 15,1,24,,505390,22,0,5 45 46 15,1,24,,693013,22,0,5 45 46 15,1,64,,528165,22,0,5 45 46 15,1
1202,'2',551,,693090,23,0,5 45 46 15,1,70,,693051,22,0,5 45 46 15,1,30,,693106,22,0,5 45 46 15,1,70,,693060,22,0,5 45 46 15,1,30,,693057,22,0,5 45 46 15,1,69,,693110,22,0,5 45 46 15,1,30,,693088,22,0,5 45 46 15,1,70,,693075,22,0,5 45 46 15,1,30,,693107,22,0,5 45 46 15,1,70,,693077,22,0,5 45 46 15,1,30,,693080,22,0,5 45 46 15,1,70,,693102,22,0,5 45 46 15,1,30,,693063,22,0,5 45 46 15,1,73,,693081,22,0,5 45 46 15,1,24,,693073,22,0,5 45 46 15,1,64,,693121,22,0,5 45 46 15,1,24,,693071,22,0,5 45 46 15,1,24,,693050,22,0,5 45 46 15,1,64,,693072,22,0,5 45 46 15,1,24,,693115,22,0,5 45 46 15,1,64,,680089,22,0,5 45 46 15,1,24,,613012,22,0,5 45 46 15,1,24,,693084,22,0,5 45 46 15,1,64,,649498,22,0,5 45 46 15,1,24,,693118,22,0,5 45 46 15,1,64,,693112,22,0,5 45 46 15,1,24,,625502,22,0,5 45 46 15,1,24,,693074,22,0,5 45 46 15,1,64,,693055,22,0,5 45 46 15,1,24,,693093,22,0,5 45 46 15,1,64,,693058,22,0,5 45 46 15,1
1202,'3',748,,646617,23,0,5 45 46 15,1,69,,693160,23,0,5 45 46 15,1,30,,693177,22,0,5 45 46 15,1,76,,693144,22,0,5 45 46 15,1,30,,693127,22,0,5 45 46 15,1,70,,693141,22,0,5 45 46 15,1,30,,693138,22,0,5 45 46 15,1,70,,693162,22,0,5 45 46 15,1,30,,674097,22,0,5 45 46 15,1,75,,516031,22,0,5 45 46 15,1,76,,693158,22,0,5 45 46 15,1,30,,555863,22,0,5 45 46 15,1,70,,693173,22,0,5 45 46 15,1,30,,630928,22,0,5 45 46 15,1,70,,693161,22,0,5 45 46 15,1,30,,660368,22,0,5 45 46 15,1,70,,693142,22,0,5 45 46 15,1,30,,693132,22,0,5 45 46 15,1,70,,686041,22,0,5 45 46 15,1,30,,693148,22,0,5 45 46 15,1,70,,693136,22,0,5 45 46 15,1,30,,693129,22,0,5 45 46 15,1,70,,693163,22,0,5 45 46 15,1,30,,693152,22,0,5 45 46 15,1
1202,'5',547,,693193,23,0,5 45 46 15,1,70,,693192,22,0,5 45 46 15,1,30,,693181,22,0,5 45 46 15,1,70,,620409,22,0,5 45 46 15,1,30,,684341,22,0,5 45 46 15,1,70,,693220,22,0,5 45 46 15,1,30,,650622,22,0,5 45 46 15,1,76,,693201,22,0,5 45 46 15,1,30,,687068,22,0,5 45 46 15,1,70,,693222,22,0,5 45 46 15,1,30,,693205,22,0,5 45 46 15,1,70,,693185,22,0,5 45 46 15,1,30,,693240,22,0,5 45 46 15,1,75,,693194,22,0,5 45 46 15,1,76,,620056,22,0,5 45 46 15,1,30,,693184,22,0,5 45 46 15,1,70,,693188,22,0,5 45 46 15,1,30,,693211,22,0,5 45 46 15,1,70,,693239,22,0,5 45 46 15,1,30,,641644,22,0,5 45 46 15,1,70,,693218,22,0,5 45 46 15,1,30,,693197,22,0,5 45 46 15,1,70,,643592,22,0,5 45 46 15,1,30,,693216,22,0,5 45 46 15,1,70,,693183,22,0,5 45 46 15,1,30,,635698,22,0,5 45 46 15,1,70,,693228,22,0,5 45 46 15,1,30,,693215,22,0,5 45 46 15,1
6903,'1',527,,681175,13,0,40 8,1,27,,728263,13,0,40 8,1,67,,728246,13,0,40 8,1,27,,728271,13,0,40 8,1,60,,728239,13,0,40 8,1,16,,606077,13,0,40 8,1,20,,728240,13,0,40 8,1,60,,728231,13,0,40 8,1,20,,667174,13,0,40 8,1,20,,728233,13,0,40 8,1,60,,728256,13,0,40 8,1,22,,728261,13,0,40 8,1,20,,728241,13,0,40 8,1,60,,728238,13,0,40 8,1,20,,728262,13,0,40 8,1,20,,728235,13,0,40 8,1,60,,728254,13,0,40 8,1,20,,728248,13,0,40 8,1,20,,728250,13,0,40 8,1,60,,606671,13,0,40 8,1,20,,728244,13,0,40 8,1,20,,728234,13,0,40 8,1,60,,728236,13,0,40 8,1,20,,728264,13,0,40 8,1,20,,728272,13,0,40 8,1,60,,728268,13,0,40 8,1,19,,621827,13,0,40 8,1,20,,728259,13,0,40 8,1,60,,728274,13,0,40 8,1,20,,728258,13,0,40 8,1,20,,728257,13,0,40 8,1,60,,728249,13,0,40 8,1,20,,728243,13,0,40 8,1,20,,728245,13,0,40 8,1,60,,728266,13,0,40 8,1,20,,619551,13,0,40 8,1,20,,728237,13,0,40 8,1,60,,641659,13,0,40 8,1,31,,685785,13,0,40 8,1,70,,667944,13,0,40 8,1,30,,728252,13,0,40 8,1,70,,728230,13,0,40 8,1,30,,728251,13,0,40 8,1,70,,728270,13,0,40 8,1,30,,728232,13,0,40 8,1,22,,728265,13,0,40 8,1,64,,661089,13,0,40 8,1,23,,728260,13,0,40 8,1,62,,728242,13,0,40 8,1,22,,631250,13,0,40 8,1,22,,728253,13,0,40 8,1,62,,657848,13,0,40 8,1,22,,728267,13,0,40 8,1,22,,728273,13,0,40 8,1,62,,728269,13,0,40 8,1,22,,728255,13,0,40 8,1
6903,'2',548,,728275,13,0,40 8,1,65,,471851,13,0,40 8,1,25,,728291,13,0,40 8,1,65,,662413,13,0,40 8,1,25,,728302,13,0,40 8,1,27,,623729,13,0,40 8,1,66,,728278,13,0,40 8,1,27,,728293,13,0,40 8,1,67,,728306,13,0,40 8,1,27,,728282,13,0,40 8,1,67,,653107,13,0,40 8,1,27,,728281,13,0,40 8,1,67,,728285,13,0,40 8,1,27,,728284,13,0,40 8,1,27,,674782,13,0,40 8,1,69,,470855,13,0,40 8,1,30,,728287,13,0,40 8,1,70,,728308,13,0,40 8,1,30,,650032,13,0,40 8,1,70,,655873,13,0,40 8,1,30,,728307,13,0,40 8,1,70,,474406,13,0,40 8,1,30,,728294,13,0,40 8,1,70,,728295,13,0,40 8,1,30,,728289,13,0,40 8,1,70,,728300,13,0,40 8,1,30,,728297,13,0,40 8,1,70,,728292,13,0,40 8,1,30,,646036,13,0,40 8,1,66,,728296,13,0,40 8,1,25,,728279,13,0,40 8,1,65,,728299,13,0,40 8,1,25,,672876,13,0,40 8,1,65,,728276,13,0,40 8,1,25,,728303,13,0,40 8,1,25,,728283,13,0,40 8,1,68,,607513,13,0,40 8,1,25,,728288,13,0,40 8,1,65,,728305,13,0,40 8,1,25,,728298,13,0,40 8,1,65,,728304,13,0,40 8,1,25,,728277,13,0,40 8,1,25,,728301,13,0,40 8,1,65,,511073,13,0,40 8,1,16,,728286,13,0,40 8,1
6903,'3',751,,728317,13,0,40 8,1,70,,728315,13,0,40 8,1,22,,728324,13,0,40 8,1,67,,656933,13,0,40 8,1,27,,728323,13,0,40 8,1,67,,728337,13,0,40 8,1,27,,728310,13,0,40 8,1,27,,728320,13,0,40 8,1,67,,728333,13,0,40 8,1,28,,728319,13,0,40 8,1,70,,728329,13,0,40 8,1,30,,728326,13,0,40 8,1,70,,728318,13,0,40 8,1,30,,728312,13,0,40 8,1,70,,639403,13,0,40 8,1,30,,728331,13,0,40 8,1,70,,728322,13,0,40 8,1,30,,728330,13,0,40 8,1,70,,728343,13,0,40 8,1,30,,728313,13,0,40 8,1,70,,561001,13,0,40 8,1,30,,557718,13,0,40 8,1,70,,728309,13,0,40 8,1,25,,728340,13,0,40 8,1,66,,728342,13,0,40 8,1,25,,648235,13,0,40 8,1,65,,728335,13,0,40 8,1,25,,728325,13,0,40 8,1,25,,728327,13,0,40 8,1,65,,728338,13,0,40 8,1,25,,728311,13,0,40 8,1,65,,644332,13,0,40 8,1,26,,728316,13,0,40 8,1,65,,728334,13,0,40 8,1,25,,659064,13,0,40 8,1,25,,728321,13,0,40 8,1,65,,728336,13,0,40 8,1,25,,728332,13,0,40 8,1,65,,728341,13,0,40 8,1,24,,728328,13,0,40 8,1
6903,'5',611,,728375,13,0,40 8,1,27,,638356,13,0,40 8,1,17,,728379,13,0,40 8,1,67,,728361,13,0,40 8,1,27,,728363,13,0,40 8,1,67,,728371,13,0,40 8,1,27,,728382,13,0,40 8,1,67,,728359,13,0,40 8,1,27,,646796,13,0,40 8,1,67,,728360,13,0,40 8,1,27,,728376,13,0,40 8,1,27,,728372,13,0,40 8,1,67,,676555,13,0,40 8,1,28,,728353,13,0,40 8,1,70,,728358,13,0,40 8,1,30,,728348,13,0,40 8,1,70,,728349,13,0,40 8,1,30,,728370,13,0,40 8,1,70,,728368,13,0,40 8,1,30,,728369,13,0,40 8,1,70,,671395,13,0,40 8,1,30,,728351,13,0,40 8,1,70,,728350,13,0,40 8,1,30,,728352,13,0,40 8,1,70,,728373,13,0,40 8,1,30,,728365,13,0,40 8,1,70,,728345,13,0,40 8,1,25,,606061,13,0,40 8,1,66,,728367,13,0,40 8,1,25,,728356,13,0,40 8,1,65,,728380,13,0,40 8,1,25,,612721,13,0,40 8,1,25,,728357,13,0,40 8,1,65,,728344,13,0,40 8,1,25,,728362,13,0,40 8,1,65,,728347,13,0,40 8,1,26,,728364,13,0,40 8,1,65,,728346,13,0,40 8,1,25,,728381,13,0,40 8,1,25,,728377,13,0,40 8,1,65,,604637,13,0,40 8,1,25,,728374,13,0,40 8,1,65,,728354,13,0,40 8,1,24,,728366,13,0,40 8,1
11704,'1',602,,754478,13,0,45 46 8,1,27,,754503,13,0,45 46 8,1,24,,754511,13,0,45 46 8,1,61,,754490,13,0,45 46 8,1,20,,754504,13,0,45 46 8,1,20,,754500,13,0,45 46 8,1,60,,549840,13,0,45 46 8,1,20,,754486,13,0,45 46 8,1,20,,754488,13,0,45 46 8,1,59,,679315,13,0,45 46 8,1,20,,754494,13,0,45 46 8,1,20,,664237,13,0,45 46 8,1,60,,754477,13,0,45 46 8,1,20,,754506,13,0,45 46 8,1,20,,754479,13,0,45 46 8,1,60,,650753,13,0,45 46 8,1,20,,660149,13,0,45 46 8,1,20,,754491,13,0,45 46 8,1,60,,754475,13,0,45 46 8,1,20,,754505,13,0,45 46 8,1,20,,754483,13,0,45 46 8,1,60,,754508,13,0,45 46 8,1,20,,601454,13,0,45 46 8,1,20,,754502,13,0,45 46 8,1,62,,754484,13,0,45 46 8,1,20,,754501,13,0,45 46 8,1,24,,670356,13,0,45 46 8,1,61,,754499,13,0,45 46 8,1,21,,754510,13,0,45 46 8,1,61,,754498,13,0,45 46 8,1,21,,684555,13,0,45 46 8,1,21,,754474,13,0,45 46 8,1,61,,754492,13,0,45 46 8,1,21,,754509,13,0,45 46 8,1,21,,754476,13,0,45 46 8,1,61,,754485,13,0,45 46 8,1,28,,662050,13,0,45 46 8,1,70,,754507,13,0,45 46 8,1,30,,754487,13,0,45 46 8,1,70,,685616,13,0,45 46 8,1,30,,754496,13,0,45 46 8,1,70,,754513,13,0,45 46 8,1,30,,754489,13,0,45 46 8,1,69,,754497,13,0,45 46 8,1,20,,607788,13,0,45 46 8,1,22,,754512,13,0,45 46 8,1,62,,686737,13,0,45 46 8,1,22,,636201,13,0,45 46 8,1,22,,609045,13,0,45 46 8,1,62,,632343,13,0,45 46 8,1,22,,754481,13,0,45 46 8,1,22,,754480,13,0,45 46 8,1,62,,754495,13,0,45 46 8,1,22,,754482,13,0,45 46 8,1,62,,754493,13,0,45 46 8,1
11704,'2',621,,754539,13,0,45 46 8,1,24,,754529,13,0,45 46 8,1,65,,754536,13,0,45 46 8,1,25,,754538,13,0,45 46 8,1,65,,754543,13,0,45 46 8,1,26,,653834,13,0,45 46 8,1,27,,754519,13,0,45 46 8,1,67,,754530,13,0,45 46 8,1,27,,685455,13,0,45 46 8,1,67,,754515,13,0,45 46 8,1,27,,754522,13,0,45 46 8,1,67,,628852,13,0,45 46 8,1,27,,754542,13,0,45 46 8,1,69,,623251,13,0,45 46 8,1,28,,625084,13,0,45 46 8,1,70,,754528,13,0,45 46 8,1,30,,689779,13,0,45 46 8,1,70,,754517,13,0,45 46 8,1,30,,754540,13,0,45 46 8,1,70,,754520,13,0,45 46 8,1,30,,754544,13,0,45 46 8,1,70,,754531,13,0,45 46 8,1,30,,754533,13,0,45 46 8,1,70,,754549,13,0,45 46 8,1,30,,754532,13,0,45 46 8,1,70,,670104,13,0,45 46 8,1,30,,754524,13,0,45 46 8,1,70,,754541,13,0,45 46 8,1,28,,754527,13,0,45 46 8,1,70,,754537,13,0,45 46 8,1,30,,754514,13,0,45 46 8,1,70,,754525,13,0,45 46 8,1,30,,754535,13,0,45 46 8,1,70,,754546,13,0,45 46 8,1,29,,754518,13,0,45 46 8,1,25,,754548,13,0,45 46 8,1,70,,754523,13,0,45 46 8,1,25,,754516,13,0,45 46 8,1,65,,754545,13,0,45 46 8,1,25,,754534,13,0,45 46 8,1,66,,754521,13,0,45 46 8,1,30,,754547,13,0,45 46 8,1,70,,754526,13,0,45 46 8,1
11704,'3',823,,623807,13,0,45 46 8,1,27,,674557,13,0,45 46 8,1,67,,754556,13,0,45 46 8,1,27,,754553,13,0,45 46 8,1,67,,754564,13,0,45 46 8,1,27,,754571,13,0,45 46 8,1,67,,754566,13,0,45 46 8,1,27,,471292,13,0,45 46 8,1,27,,754560,13,0,45 46 8,1,71,,754559,13,0,45 46 8,1,70,,754561,13,0,45 46 8,1,30,,754552,13,0,45 46 8,1,70,,566304,13,0,45 46 8,1,30,,754557,13,0,45 46 8,1,70,,754567,13,0,45 46 8,1,30,,754569,13,0,45 46 8,1,70,,679816,13,0,45 46 8,1,30,,754568,13,0,45 46 8,1,70,,754570,13,0,45 46 8,1,30,,633349,13,0,45 46 8,1,70,,754572,13,0,45 46 8,1,30,,754558,13,0,45 46 8,1,70,,754565,13,0,45 46 8,1,30,,754576,13,0,45 46 8,1,29,,679969,13,0,45 46 8,1,70,,754574,13,0,45 46 8,1,30,,667704,13,0,45 46 8,1,70,,754551,13,0,45 46 8,1,30,,656073,13,0,45 46 8,1,69,,754554,13,0,45 46 8,1,30,,754563,13,0,45 46 8,1,66,,754550,13,0,45 46 8,1,25,,608178,13,0,45 46 8,1,65,,754562,13,0,45 46 8,1,25,,754573,13,0,45 46 8,1,66,,597056,13,0,45 46 8,1,30,,754575,13,0,45 46 8,1,65,,754555,13,0,45 46 8,1
11704,'5',633,,754580,13,0,45 46 8,1,20,,754587,13,0,45 46 8,1,70,,754611,13,0,45 46 8,1,30,,754600,13,0,45 46 8,1,70,,754590,13,0,45 46 8,1,27,,754595,13,0,45 46 8,1,67,,754591,13,0,45 46 8,1,27,,754598,13,0,45 46 8,1,67,,754578,13,0,45 46 8,1,27,,754609,13,0,45 46 8,1,67,,619274,13,0,45 46 8,1,27,,754605,13,0,45 46 8,1,27,,754585,13,0,45 46 8,1,71,,754594,13,0,45 46 8,1,70,,754612,13,0,45 46 8,1,30,,754606,13,0,45 46 8,1,70,,754582,13,0,45 46 8,1,30,,754586,13,0,45 46 8,1,70,,754583,13,0,45 46 8,1,30,,754604,13,0,45 46 8,1,70,,670700,13,0,45 46 8,1,30,,754577,13,0,45 46 8,1,70,,754603,13,0,45 46 8,1,30,,754593,13,0,45 46 8,1,70,,754579,13,0,45 46 8,1,30,,754597,13,0,45 46 8,1,70,,754584,13,0,45 46 8,1,30,,754602,13,0,45 46 8,1,29,,754607,13,0,45 46 8,1,70,,754601,13,0,45 46 8,1,30,,754610,13,0,45 46 8,1,70,,646941,13,0,45 46 8,1,30,,754588,13,0,45 46 8,1,69,,668962,13,0,45 46 8,1,30,,623119,13,0,45 46 8,1,66,,754592,13,0,45 46 8,1,25,,571940,13,0,45 46 8,1,65,,754596,13,0,45 46 8,1,25,,754589,13,0,45 46 8,1,66,,754608,13,0,45 46 8,1,30,,754581,13,0,45 46 8,1,65,,754599,13,0,45 46 8,1
