3901,'1',543,,621371,16,0,34 61 16 3 144,1,10,,621362,16,0,5 57,1,50,,621342,16,0,34 61 16 3 144,1,10,,621359,16,0,5 57,1,9,,621448,16,0,34 61 16 3 144,1,9,,621440,16,0,5 57,1,7,,520646,16,0,34 61 16 3 144,1,8,,621452,16,0,5 57,1,8,,621380,16,0,34 61 16 3 144,1,46,,621390,16,0,28 45 46 3 173 174,1,2,,621403,16,0,5 57,1,8,,598407,16,0,34 61 16 3 144,1,5,,621445,16,0,28 45 46 3 173 174,1,4,,621447,16,0,5 57,1,9,,621319,16,0,34 61 16 3 144,1,5,,621321,16,0,28 45 46 3 173 174,1,4,,621317,16,0,5 57,1,9,,621348,16,0,34 61 16 3 144,1,5,,621331,16,0,28 45 46 3 173 174,1,4,,621366,16,0,5 57,1,49,,621412,16,0,34 61 16 3 144,1,5,,621398,16,0,28 45 46 3 173 174,1,4,,621402,16,0,5 57,1,9,,621437,16,0,34 61 16 3 144,1,5,,621311,16,0,28 45 46 3 173 174,1,4,,621333,16,0,5 57,1,8,,621389,16,0,34 61 16 3 144,1,5,,621343,16,0,28 45 46 3 173 174,1,4,,621351,16,0,5 57,1,9,,621426,16,0,34 61 16 3 144,1,45,,621425,16,0,28 45 46 3 173 174,1,5,,621326,16,0,5 57,1,9,,621421,16,0,34 61 16 3 144,1,5,,621322,16,0,28 45 46 3 173 174,1,4,,621391,16,0,5 57,1,9,,621382,16,0,34 61 16 3 144,1,9,,529434,16,0,5 57,1,9,,621344,16,0,34 61 16 3 144,1,49,,621339,16,0,5 57,1,9,,621387,16,0,34 61 16 3 144,1,9,,621370,16,0,5 57,1,9,,543689,16,0,34 61 16 3 144,1,9,,523550,16,0,5 57,1,9,,621393,16,0,34 61 16 3 144,1,9,,621365,16,0,5 57,1,49,,530753,16,0,34 61 16 3 144,1,9,,621320,16,0,5 57,1,9,,621429,16,0,34 61 16 3 144,1,9,,621315,16,0,5 57,1,9,,621420,16,0,34 61 16 3 144,1,9,,539240,16,0,5 57,1,9,,621428,16,0,34 61 16 3 144,1,49,,621369,16,0,5 57,1,9,,621432,16,0,34 61 16 3 144,1,9,,621318,16,0,5 57,1,9,,621419,16,0,34 61 16 3 144,1,9,,621436,16,0,5 57,1,9,,621406,16,0,34 61 16 3 144,1,49,,621439,16,0,5 57,1,9,,503448,16,0,34 61 16 3 144,1,9,,517171,16,0,5 57,1,9,,621386,16,0,34 61 16 3 144,1,8,,621353,16,0,5 57,1,8,,621345,16,0,34 61 16 3 144,1,8,,621392,16,0,5 57,1,48,,621383,16,0,34 61 16 3 144,1,8,,621355,16,0,5 57,1,9,,562120,16,0,34 61 16 3 144,1,9,,621446,16,0,5 57,1,5,,621313,16,0,28 45 46 3 173 174,1,4,,621404,16,0,34 61 16 3 144,1,9,,549843,16,0,5 57,1,5,,621415,16,0,28 45 46 3 173 174,1,4,,595195,16,0,34 61 16 3 144,1,49,,621346,16,0,5 57,1,5,,621450,16,0,28 45 46 3 173 174,1,4,,621405,16,0,34 61 16 3 144,1,9,,621395,16,0,5 57,1,5,,621316,16,0,28 45 46 3 173 174,1,4,,621373,16,0,34 61 16 3 144,1,9,,621411,16,0,5 57,1,5,,621407,16,0,28 45 46 3 173 174,1,4,,621438,16,0,34 61 16 3 144,1,9,,621427,16,0,5 57,1,45,,621400,16,0,28 45 46 3 173 174,1,4,,527531,16,0,34 61 16 3 144,1,9,,591002,16,0,5 57,1,5,,621314,16,0,28 45 46 3 173 174,1,4,,511859,16,0,34 61 16 3 144,1,9,,556724,16,0,5 57,1,5,,621424,16,0,28 45 46 3 173 174,1,4,,621361,16,0,34 61 16 3 144,1,9,,564148,16,0,5 57,1,5,,621334,16,0,28 45 46 3 173 174,1,4,,621414,16,0,34 61 16 3 144,1,49,,621388,16,0,5 57,1,5,,384994,16,0,28 45 46 3 173 174,1,4,,621431,16,0,34 61 16 3 144,1,9,,621444,16,0,5 57,1,5,,621416,16,0,28 45 46 3 173 174,1,4,,621434,16,0,34 61 16 3 144,1,9,,490326,16,0,5 57,1,5,,621443,16,0,28 45 46 3 173 174,1,4,,621408,16,0,34 61 16 3 144,1,49,,621397,16,0,5 57,1,5,,621385,16,0,28 45 46 3 173 174,1,4,,621352,16,0,34 61 16 3 144,1,9,,513310,16,0,5 57,1,5,,621381,16,0,28 45 46 3 173 174,1,4,,621364,16,0,34 61 16 3 144,1,7,,621327,16,0,5 57,1,5,,549524,16,0,28 45 46 3 173 174,1,2,,621375,16,0,34 61 16 3 144,1,9,,621401,16,0,5 57,1,49,,621336,16,0,34 61 16 3 144,1,9,,621433,16,0,5 57,1,9,,621340,16,0,34 61 16 3 144,1,9,,621349,16,0,5 57,1,9,,621368,16,0,34 61 16 3 144,1,9,,621347,16,0,5 57,1,9,,539664,16,0,34 61 16 3 144,1,49,,621367,16,0,5 57,1,9,,621409,16,0,34 61 16 3 144,1,9,,621449,16,0,5 57,1,9,,621354,16,0,34 61 16 3 144,1,8,,621430,16,0,5 57,1,7,,621357,16,0,34 61 16 3 144,1,9,,621453,16,0,5 57,1,49,,621338,16,0,34 61 16 3 144,1,9,,621379,16,0,5 57,1,9,,515182,16,0,34 61 16 3 144,1,9,,621358,16,0,5 57,1,9,,585710,16,0,34 61 16 3 144,1,9,,621329,16,0,5 57,1,9,,621374,16,0,34 61 16 3 144,1,49,,621418,16,0,5 57,1,9,,621413,16,0,34 61 16 3 144,1,9,,395752,16,0,5 57,1,9,,621312,16,0,34 61 16 3 144,1,9,,621384,16,0,5 57,1,9,,524300,16,0,34 61 16 3 144,1,49,,621399,16,0,5 57,1,5,,621335,16,0,34 61 16 3 144,1,8,,528630,16,0,5 57,1,9,,579150,16,0,34 61 16 3 144,1,9,,621451,16,0,5 57,1,9,,621435,16,0,34 61 16 3 144,1,9,,621350,16,0,5 57,1,9,,621441,16,0,34 61 16 3 144,1,49,,621442,16,0,5 57,1,9,,513768,16,0,34 61 16 3 144,1,9,,569269,16,0,5 57,1,9,,621417,16,0,34 61 16 3 144,1,9,,621363,16,0,5 57,1,9,,621330,16,0,34 61 16 3 144,1,49,,621323,16,0,5 57,1,9,,621332,16,0,34 61 16 3 144,1,9,,621377,16,0,5 57,1,15,,496924,16,0,34 61 16 3 144,1,14,,621396,16,0,5 57,1,55,,543669,16,0,34 61 16 3 144,1,15,,475606,16,0,5 57,1,15,,621378,16,0,34 61 16 3 144,1
3901,'2',552,,521073,16,0,5 57,1,7,,621519,16,0,34 61 16 3 144,1,48,,556771,16,0,5 57,1,7,,588643,16,0,34 61 16 3 144,1,8,,621513,16,0,5 57,1,7,,528229,16,0,34 61 16 3 144,1,8,,621485,16,0,5 57,1,7,,542450,16,0,34 61 16 3 144,1,8,,621497,16,0,5 57,1,7,,588641,16,0,34 61 16 3 144,1,48,,621489,16,0,5 57,1,7,,551816,16,0,34 61 16 3 144,1,6,,621502,16,0,5 57,1,8,,621487,16,0,34 61 16 3 144,1,9,,621486,16,0,5 57,1,9,,621524,16,0,34 61 16 3 144,1,9,,533770,16,0,5 57,1,50,,621534,16,0,34 61 16 3 144,1,10,,621544,16,0,5 57,1,10,,621542,16,0,34 61 16 3 144,1,10,,621531,16,0,5 57,1,10,,621543,16,0,34 61 16 3 144,1,10,,572194,16,0,5 57,1,50,,621526,16,0,34 61 16 3 144,1,10,,621540,16,0,5 57,1,10,,621565,16,0,34 61 16 3 144,1,10,,621523,16,0,5 57,1,10,,621460,16,0,34 61 16 3 144,1,10,,621525,16,0,5 57,1,48,,621535,16,0,34 61 16 3 144,1,9,,621553,16,0,5 57,1,9,,621479,16,0,34 61 16 3 144,1,11,,621488,16,0,5 57,1,10,,559891,16,0,34 61 16 3 144,1,10,,621538,16,0,5 57,1,50,,551570,16,0,34 61 16 3 144,1,10,,621573,16,0,5 57,1,10,,621483,16,0,34 61 16 3 144,1,10,,621532,16,0,5 57,1,10,,621506,16,0,34 61 16 3 144,1,10,,431319,16,0,5 57,1,50,,621463,16,0,34 61 16 3 144,1,10,,621481,16,0,5 57,1,10,,539135,16,0,34 61 16 3 144,1,10,,590583,16,0,5 57,1,10,,621476,16,0,34 61 16 3 144,1,10,,621471,16,0,5 57,1,5,,523231,16,0,17 55,1,45,,621512,16,0,34 61 16 3 144,1,10,,621492,16,0,5 57,1,10,,621454,16,0,34 61 16 3 144,1,10,,621564,16,0,5 57,1,10,,572139,16,0,34 61 16 3 144,1,10,,621568,16,0,5 57,1,50,,621462,16,0,34 61 16 3 144,1,10,,621557,16,0,5 57,1,10,,621541,16,0,34 61 16 3 144,1,10,,488426,16,0,5 57,1,10,,621570,16,0,34 61 16 3 144,1,10,,621493,16,0,5 57,1,50,,621517,16,0,34 61 16 3 144,1,10,,621457,16,0,5 57,1,10,,621537,16,0,34 61 16 3 144,1,5,,621456,16,0,17 55,1,5,,621491,16,0,5 57,1,10,,621550,16,0,34 61 16 3 144,1,10,,621461,16,0,5 57,1,50,,621467,16,0,34 61 16 3 144,1,10,,621499,16,0,5 57,1,10,,621500,16,0,34 61 16 3 144,1,10,,621554,16,0,5 57,1,9,,621563,16,0,34 61 16 3 144,1,10,,498426,16,0,5 57,1,50,,621473,16,0,34 61 16 3 144,1,10,,588633,16,0,5 57,1,10,,621518,16,0,34 61 16 3 144,1,10,,621551,16,0,5 57,1,10,,621516,16,0,34 61 16 3 144,1,10,,621475,16,0,5 57,1,50,,621522,16,0,34 61 16 3 144,1,10,,621539,16,0,5 57,1,10,,621520,16,0,34 61 16 3 144,1,10,,621562,16,0,5 57,1,10,,600403,16,0,34 61 16 3 144,1,10,,543790,16,0,5 57,1,50,,576966,16,0,34 61 16 3 144,1,10,,621508,16,0,5 57,1,10,,621572,16,0,34 61 16 3 144,1,10,,621480,16,0,5 57,1,10,,621571,16,0,34 61 16 3 144,1,10,,621478,16,0,5 57,1,49,,621552,16,0,34 61 16 3 144,1,10,,621549,16,0,5 57,1,10,,621458,16,0,34 61 16 3 144,1,10,,621521,16,0,5 57,1,10,,621536,16,0,34 61 16 3 144,1,9,,621509,16,0,5 57,1,9,,621546,16,0,34 61 16 3 144,1,50,,621511,16,0,5 57,1,10,,621548,16,0,34 61 16 3 144,1,10,,621566,16,0,5 57,1,10,,621468,16,0,34 61 16 3 144,1,10,,621529,16,0,5 57,1,10,,621490,16,0,34 61 16 3 144,1,50,,621569,16,0,5 57,1,10,,621464,16,0,34 61 16 3 144,1,10,,621494,16,0,5 57,1,10,,621556,16,0,34 61 16 3 144,1,10,,482266,16,0,5 57,1,5,,621567,16,0,17 55,1,5,,621472,16,0,34 61 16 3 144,1,47,,621561,16,0,5 57,1,7,,621505,16,0,34 61 16 3 144,1,7,,621514,16,0,5 57,1,8,,621501,16,0,34 61 16 3 144,1,7,,462702,16,0,5 57,1,8,,621530,16,0,34 61 16 3 144,1,7,,621482,16,0,5 57,1,8,,621510,16,0,34 61 16 3 144,1,47,,621474,16,0,5 57,1,8,,621547,16,0,34 61 16 3 144,1,7,,621560,16,0,5 57,1,8,,551237,16,0,34 61 16 3 144,1,7,,621504,16,0,5 57,1,8,,621465,16,0,34 61 16 3 144,1,7,,561462,16,0,5 57,1,8,,621533,16,0,34 61 16 3 144,1,47,,621496,16,0,5 57,1,8,,621527,16,0,34 61 16 3 144,1,9,,621555,16,0,5 57,1,14,,621466,16,0,34 61 16 3 144,1,14,,621455,16,0,5 57,1,55,,574811,16,0,34 61 16 3 144,1,15,,621559,16,0,5 57,1,15,,621498,16,0,34 61 16 3 144,1
3901,'3',554,,621613,16,0,5 57,1,55,,621669,16,0,34 61 16 3 144,1,10,,621679,16,0,5 57,1,10,,621689,16,0,34 61 16 3 144,1,10,,573321,16,0,5 57,1,10,,621597,16,0,34 61 16 3 144,1,10,,621586,16,0,5 57,1,50,,621582,16,0,34 61 16 3 144,1,10,,621645,16,0,5 57,1,10,,621603,16,0,34 61 16 3 144,1,10,,621651,16,0,5 57,1,10,,584422,16,0,34 61 16 3 144,1,10,,472418,16,0,5 57,1,50,,533025,16,0,34 61 16 3 144,1,10,,621661,16,0,5 57,1,10,,621610,16,0,34 61 16 3 144,1,10,,621602,16,0,5 57,1,10,,621673,16,0,34 61 16 3 144,1,10,,621686,16,0,5 57,1,50,,621628,16,0,34 61 16 3 144,1,10,,569356,16,0,5 57,1,10,,621577,16,0,34 61 16 3 144,1,10,,621620,16,0,5 57,1,10,,621680,16,0,34 61 16 3 144,1,10,,621654,16,0,5 57,1,50,,536591,16,0,34 61 16 3 144,1,10,,429164,16,0,5 57,1,10,,621621,16,0,34 61 16 3 144,1,10,,621584,16,0,5 57,1,10,,621666,16,0,34 61 16 3 144,1,10,,621596,16,0,5 57,1,50,,524003,16,0,34 61 16 3 144,1,10,,621678,16,0,5 57,1,8,,621676,16,0,34 61 16 3 144,1,11,,621657,16,0,5 57,1,7,,621681,16,0,34 61 16 3 144,1,11,,621639,16,0,5 57,1,50,,621627,16,0,34 61 16 3 144,1,10,,621604,16,0,5 57,1,10,,621626,16,0,34 61 16 3 144,1,10,,621674,16,0,5 57,1,10,,621659,16,0,34 61 16 3 144,1,10,,621593,16,0,5 57,1,50,,621575,16,0,34 61 16 3 144,1,10,,571185,16,0,5 57,1,10,,411303,16,0,34 61 16 3 144,1,10,,621664,16,0,5 57,1,10,,621578,16,0,34 61 16 3 144,1,10,,621615,16,0,5 57,1,50,,621585,16,0,34 61 16 3 144,1,5,,621638,16,0,17 55,1,5,,621660,16,0,5 57,1,10,,621640,16,0,34 61 16 3 144,1,10,,543922,16,0,5 57,1,10,,621619,16,0,34 61 16 3 144,1,10,,514205,16,0,5 57,1,45,,621611,16,0,17 55,1,5,,621653,16,0,34 61 16 3 144,1,5,,621662,16,0,17 55,1,5,,621648,16,0,5 57,1,10,,621665,16,0,34 61 16 3 144,1,10,,621601,16,0,5 57,1,10,,621684,16,0,34 61 16 3 144,1,10,,621672,16,0,5 57,1,50,,553784,16,0,34 61 16 3 144,1,10,,621581,16,0,5 57,1,10,,621634,16,0,34 61 16 3 144,1,10,,593812,16,0,5 57,1,10,,621656,16,0,34 61 16 3 144,1,10,,621612,16,0,5 57,1,50,,621599,16,0,34 61 16 3 144,1,10,,594538,16,0,5 57,1,10,,621652,16,0,34 61 16 3 144,1,10,,621618,16,0,5 57,1,10,,621635,16,0,34 61 16 3 144,1,10,,621649,16,0,5 57,1,50,,621641,16,0,34 61 16 3 144,1,10,,621592,16,0,5 57,1,10,,621650,16,0,34 61 16 3 144,1,10,,621588,16,0,5 57,1,10,,621622,16,0,34 61 16 3 144,1,11,,621609,16,0,5 57,1,51,,545386,16,0,34 61 16 3 144,1,3,,621587,16,0,17 55,1,6,,621655,16,0,17 55,1,2,,621614,16,0,5 57,1,11,,621687,16,0,34 61 16 3 144,1,10,,545357,16,0,5 57,1,10,,531548,16,0,34 61 16 3 144,1,50,,621671,16,0,5 57,1,10,,621642,16,0,34 61 16 3 144,1,10,,621598,16,0,5 57,1,10,,621589,16,0,34 61 16 3 144,1,10,,621667,16,0,5 57,1,10,,621670,16,0,34 61 16 3 144,1,50,,621683,16,0,5 57,1,10,,621630,16,0,34 61 16 3 144,1,10,,621607,16,0,5 57,1,10,,621617,16,0,34 61 16 3 144,1,10,,475493,16,0,5 57,1,11,,621633,16,0,34 61 16 3 144,1,50,,621608,16,0,5 57,1,8,,621605,16,0,34 61 16 3 144,1,8,,621685,16,0,5 57,1,5,,510925,16,0,5 57,1,4,,621688,16,0,34 61 16 3 144,1,8,,621675,16,0,5 57,1,9,,413412,16,0,34 61 16 3 144,1,8,,621668,16,0,5 57,1,49,,621644,16,0,34 61 16 3 144,1,8,,621629,16,0,5 57,1,9,,621583,16,0,34 61 16 3 144,1,8,,621636,16,0,5 57,1,9,,621594,16,0,34 61 16 3 144,1,8,,621576,16,0,5 57,1,9,,621624,16,0,34 61 16 3 144,1,8,,621590,16,0,5 57,1,49,,621625,16,0,34 61 16 3 144,1,8,,553781,16,0,5 57,1,9,,621631,16,0,34 61 16 3 144,1,8,,621579,16,0,5 57,1,9,,579528,16,0,34 61 16 3 144,1,8,,579046,16,0,5 57,1,9,,621600,16,0,34 61 16 3 144,1,48,,621580,16,0,5 57,1,9,,564243,16,0,34 61 16 3 144,1,5,,621647,16,0,5 57,1,14,,556329,16,0,34 61 16 3 144,1,14,,621663,16,0,5 57,1,55,,600136,16,0,34 61 16 3 144,1,15,,621632,16,0,5 57,1,15,,621637,16,0,34 61 16 3 144,1
3901,'5',554,,621787,16,0,5 57,1,55,,621725,16,0,34 61 16 3 144,1,10,,586939,16,0,5 57,1,10,,538813,16,0,34 61 16 3 144,1,10,,520090,16,0,5 57,1,10,,621734,16,0,34 61 16 3 144,1,10,,621790,16,0,5 57,1,50,,549778,16,0,34 61 16 3 144,1,10,,621755,16,0,5 57,1,10,,621764,16,0,34 61 16 3 144,1,10,,621700,16,0,5 57,1,10,,621712,16,0,34 61 16 3 144,1,51,,621798,16,0,5 57,1,10,,621745,16,0,34 61 16 3 144,1,9,,621795,16,0,5 57,1,10,,621691,16,0,34 61 16 3 144,1,10,,621743,16,0,5 57,1,10,,621694,16,0,34 61 16 3 144,1,10,,621711,16,0,5 57,1,50,,573818,16,0,34 61 16 3 144,1,10,,621785,16,0,5 57,1,10,,588474,16,0,34 61 16 3 144,1,10,,621747,16,0,5 57,1,10,,569733,16,0,34 61 16 3 144,1,10,,621713,16,0,5 57,1,50,,621774,16,0,34 61 16 3 144,1,10,,621732,16,0,5 57,1,10,,621714,16,0,34 61 16 3 144,1,10,,621771,16,0,5 57,1,10,,515881,16,0,34 61 16 3 144,1,10,,621728,16,0,5 57,1,50,,621756,16,0,34 61 16 3 144,1,10,,589244,16,0,5 57,1,8,,621719,16,0,34 61 16 3 144,1,11,,621794,16,0,5 57,1,7,,522145,16,0,34 61 16 3 144,1,11,,621773,16,0,5 57,1,50,,561636,16,0,34 61 16 3 144,1,10,,621695,16,0,5 57,1,10,,621759,16,0,34 61 16 3 144,1,10,,621758,16,0,5 57,1,10,,621726,16,0,34 61 16 3 144,1,10,,621730,16,0,5 57,1,50,,621722,16,0,34 61 16 3 144,1,10,,621721,16,0,5 57,1,10,,621704,16,0,34 61 16 3 144,1,10,,621748,16,0,5 57,1,10,,621738,16,0,34 61 16 3 144,1,10,,621791,16,0,5 57,1,50,,621757,16,0,34 61 16 3 144,1,5,,621692,16,0,17 55,1,5,,621699,16,0,5 57,1,10,,621788,16,0,34 61 16 3 144,1,10,,621696,16,0,5 57,1,10,,621760,16,0,34 61 16 3 144,1,10,,621768,16,0,5 57,1,45,,621707,16,0,17 55,1,5,,621742,16,0,34 61 16 3 144,1,5,,621690,16,0,17 55,1,5,,621796,16,0,5 57,1,10,,576869,16,0,34 61 16 3 144,1,10,,621754,16,0,5 57,1,10,,621701,16,0,34 61 16 3 144,1,10,,621793,16,0,5 57,1,50,,559701,16,0,34 61 16 3 144,1,10,,562403,16,0,5 57,1,10,,621720,16,0,34 61 16 3 144,1,10,,621762,16,0,5 57,1,10,,621705,16,0,34 61 16 3 144,1,10,,561079,16,0,5 57,1,50,,621777,16,0,34 61 16 3 144,1,10,,621770,16,0,5 57,1,10,,621710,16,0,34 61 16 3 144,1,10,,524792,16,0,5 57,1,10,,532217,16,0,34 61 16 3 144,1,10,,621733,16,0,5 57,1,50,,621780,16,0,34 61 16 3 144,1,10,,621706,16,0,5 57,1,10,,621739,16,0,34 61 16 3 144,1,10,,621715,16,0,5 57,1,10,,621741,16,0,34 61 16 3 144,1,11,,621782,16,0,5 57,1,51,,621737,16,0,34 61 16 3 144,1,4,,621703,16,0,17 55,1,5,,587781,16,0,17 55,1,2,,569173,16,0,5 57,1,11,,621744,16,0,34 61 16 3 144,1,10,,554260,16,0,5 57,1,10,,621702,16,0,34 61 16 3 144,1,50,,621724,16,0,5 57,1,10,,621784,16,0,34 61 16 3 144,1,10,,621786,16,0,5 57,1,10,,621740,16,0,34 61 16 3 144,1,10,,621723,16,0,5 57,1,10,,621718,16,0,34 61 16 3 144,1,50,,621746,16,0,5 57,1,10,,621767,16,0,34 61 16 3 144,1,10,,621698,16,0,5 57,1,10,,621697,16,0,34 61 16 3 144,1,10,,621709,16,0,5 57,1,10,,570600,16,0,34 61 16 3 144,1,9,,621752,16,0,5 57,1,50,,621761,16,0,34 61 16 3 144,1,8,,621729,16,0,5 57,1,9,,621763,16,0,34 61 16 3 144,1,8,,621735,16,0,5 57,1,9,,621751,16,0,34 61 16 3 144,1,8,,621765,16,0,5 57,1,49,,621776,16,0,34 61 16 3 144,1,8,,621693,16,0,5 57,1,9,,621716,16,0,34 61 16 3 144,1,8,,532203,16,0,5 57,1,9,,530700,16,0,34 61 16 3 144,1,8,,621783,16,0,5 57,1,9,,621769,16,0,34 61 16 3 144,1,8,,621753,16,0,5 57,1,49,,621778,16,0,34 61 16 3 144,1,8,,621766,16,0,5 57,1,9,,621717,16,0,34 61 16 3 144,1,8,,621772,16,0,5 57,1,9,,621736,16,0,34 61 16 3 144,1,8,,582781,16,0,5 57,1,9,,621749,16,0,34 61 16 3 144,1,48,,621727,16,0,5 57,1,8,,621775,16,0,34 61 16 3 144,1,6,,621750,16,0,5 57,1,14,,528448,16,0,34 61 16 3 144,1,14,,621708,16,0,5 57,1,55,,563705,16,0,34 61 16 3 144,1,15,,621792,16,0,5 57,1,15,,600587,16,0,34 61 16 3 144,1
33901,'1',527,,682324,16,0,11 12 175 63,1,2127,,563803,16,0,11 12 175 63,1,60,,682317,16,0,11 12 175 63,1,20,,682319,16,0,11 12 175 63,1,20,,682318,16,0,11 12 175 63,1,60,,461619,16,0,11 12 175 63,1,20,,682320,16,0,11 12 175 63,1,20,,682322,16,0,11 12 175 63,1,60,,682321,16,0,11 12 175 63,1
33901,'2',534,,682335,16,0,11 12 175 63,1,2120,,682337,16,0,11 12 175 63,1,60,,682331,16,0,11 12 175 63,1,20,,682333,16,0,11 12 175 63,1,20,,682334,16,0,11 12 175 63,1,60,,577751,16,0,11 12 175 63,1,20,,682329,16,0,11 12 175 63,1,20,,682338,16,0,11 12 175 63,1,60,,682332,16,0,11 12 175 63,1
33901,'3',535,,682349,16,0,11 12 175 63,1,2119,,682351,16,0,11 12 175 63,1,60,,682346,16,0,11 12 175 63,1,20,,682348,16,0,11 12 175 63,1,20,,682339,16,0,11 12 175 63,1,60,,682344,16,0,11 12 175 63,1,20,,682343,16,0,11 12 175 63,1,20,,682350,16,0,11 12 175 63,1,60,,682342,16,0,11 12 175 63,1
33901,'5',533,,682359,16,0,11 12 175 63,1,2121,,682354,16,0,11 12 175 63,1,60,,682362,16,0,11 12 175 63,1,20,,682360,16,0,11 12 175 63,1,20,,682357,16,0,11 12 175 63,1,60,,682358,16,0,11 12 175 63,1,20,,682353,16,0,11 12 175 63,1,20,,682361,16,0,11 12 175 63,1,60,,682365,16,0,11 12 175 63,1
93901,'1',620,,688914,9,0,34 55 8,1,16,,491169,9,0,34 55 8,1,6,,688940,4,0,28 59 176,1,6,,688872,9,0,34 55 8,1,6,,688898,4,0,28 59 176,1,46,,688950,9,0,34 55 8,1,6,,585326,4,0,28 59 176,1,6,,688900,9,0,34 55 8,1,5,,688963,4,0,28 59 176,1,7,,688952,9,0,34 55 8,1,5,,688935,4,0,28 59 176,1,6,,688875,9,0,34 55 8,1,6,,599113,4,0,28 59 176,1,7,,688859,9,0,34 55 8,1,6,,563773,4,0,28 59 176,1,47,,688947,9,0,34 55 8,1,6,,536740,4,0,28 59 176,1,6,,688863,9,0,34 55 8,1,6,,688971,4,0,28 59 176,1,6,,688933,9,0,34 55 8,1,6,,490570,4,0,28 59 176,1,6,,688905,9,0,34 55 8,1,7,,383979,4,0,28 59 176,1,10,,688870,9,0,34 55 8,1,46,,688857,4,0,28 59 176,1,10,,546943,9,0,34 55 8,1,7,,688893,4,0,5 55 8,1,13,,688942,9,0,34 55 8,1,7,,688901,4,0,5 55 8,1,10,,466365,9,0,34 55 8,1,10,,688906,4,0,5 55 8,1,50,,688897,9,0,34 55 8,1,10,,688885,4,0,5 55 8,1,10,,555107,9,0,34 55 8,1,10,,688955,4,0,5 55 8,1,10,,688853,9,0,34 55 8,1,10,,688917,4,0,5 55 8,1,50,,688973,9,0,34 55 8,1,10,,688911,4,0,5 55 8,1,10,,688919,9,0,34 55 8,1,10,,688852,4,0,5 55 8,1,10,,688937,9,0,34 55 8,1,10,,688877,4,0,5 55 8,1,50,,518562,9,0,34 55 8,1,10,,688904,4,0,5 55 8,1,10,,688964,9,0,34 55 8,1,10,,688873,4,0,5 55 8,1,10,,688879,9,0,34 55 8,1,10,,549536,4,0,5 55 8,1,50,,497201,9,0,34 55 8,1,10,,688924,4,0,5 55 8,1,10,,688867,9,0,34 55 8,1,10,,688956,4,0,5 55 8,1,10,,483071,9,0,34 55 8,1,10,,602914,4,0,5 55 8,1,49,,688946,9,0,34 55 8,1,6,,499147,4,0,28 59 176,1,8,,688968,9,0,34 55 8,1,7,,688949,4,0,28 59 176,1,8,,688957,9,0,34 55 8,1,7,,688890,4,0,28 59 176,1,8,,688972,9,0,34 55 8,1,7,,688858,4,0,28 59 176,1,48,,688930,9,0,34 55 8,1,7,,688881,4,0,28 59 176,1,8,,688969,9,0,34 55 8,1,7,,688925,4,0,28 59 176,1,8,,688961,9,0,34 55 8,1,7,,688865,4,0,28 59 176,1,8,,688965,9,0,34 55 8,1,7,,386090,4,0,28 59 176,1,48,,688894,9,0,34 55 8,1,7,,537105,4,0,28 59 176,1,8,,688959,9,0,34 55 8,1,7,,688896,4,0,28 59 176,1,8,,688899,9,0,34 55 8,1,7,,688953,4,0,28 59 176,1,8,,688882,9,0,34 55 8,1,7,,688941,4,0,28 59 176,1,48,,604074,9,0,34 55 8,1,7,,688869,4,0,28 59 176,1,8,,688931,9,0,34 55 8,1,7,,688861,4,0,28 59 176,1,8,,688938,9,0,34 55 8,1,7,,574714,4,0,28 59 176,1,8,,531857,9,0,34 55 8,1,7,,688902,4,0,28 59 176,1,48,,688913,9,0,34 55 8,1,7,,688876,4,0,28 59 176,1,8,,688912,9,0,34 55 8,1,7,,688939,4,0,28 59 176,1,8,,517671,9,0,34 55 8,1,7,,570336,4,0,28 59 176,1,8,,688923,9,0,34 55 8,1,7,,565299,4,0,28 59 176,1,48,,688880,9,0,34 55 8,1,10,,556157,4,0,5 55 8,1,5,,688908,9,0,34 55 8,1,10,,688910,9,0,34 55 8,1,4,,688883,4,0,5 55 8,1,10,,544430,9,0,34 55 8,1,10,,688860,4,0,5 55 8,1,50,,688871,9,0,34 55 8,1,10,,688960,4,0,5 55 8,1,10,,688922,9,0,34 55 8,1,10,,688945,4,0,5 55 8,1,10,,688948,9,0,34 55 8,1,10,,582878,4,0,5 55 8,1,50,,688921,9,0,34 55 8,1,10,,688932,4,0,5 55 8,1,10,,688864,9,0,34 55 8,1,10,,688951,4,0,5 55 8,1,10,,688916,9,0,34 55 8,1,10,,688868,4,0,5 55 8,1,50,,688943,9,0,34 55 8,1,15,,688855,4,0,5 55 8,1,13,,540544,4,0,5 55 8,1,15,,688927,4,0,5 55 8,1,55,,571453,4,0,5 55 8,1,15,,688888,4,0,5 55 8,1,15,,688878,4,0,5 55 8,1,15,,688866,4,0,5 55 8,1,55,,688884,4,0,5 55 8,1,15,,382714,4,0,5 55 8,1,15,,688895,4,0,5 55 8,1,15,,688862,4,0,5 55 8,1,60,,688887,4,0,5 55 8,1
93901,'2',829,,520665,4,0,5 55 8,1,8,,688986,9,0,34 55 8,1,10,,689026,4,0,5 55 8,1,10,,689035,9,0,34 55 8,1,50,,689009,4,0,5 55 8,1,10,,689015,9,0,34 55 8,1,10,,689038,4,0,5 55 8,1,10,,688997,9,0,34 55 8,1,10,,554460,4,0,5 55 8,1,10,,688990,9,0,34 55 8,1,50,,405097,4,0,5 55 8,1,10,,689025,9,0,34 55 8,1,10,,689017,4,0,5 55 8,1,10,,688985,9,0,34 55 8,1,10,,689019,4,0,5 55 8,1,10,,589542,9,0,34 55 8,1,50,,689027,4,0,5 55 8,1,10,,689033,9,0,34 55 8,1,6,,688981,4,0,5 55 8,1,10,,689024,9,0,34 55 8,1,10,,558879,4,0,5 55 8,1,10,,517906,9,0,34 55 8,1,50,,689013,4,0,5 55 8,1,10,,540580,9,0,34 55 8,1,10,,689014,4,0,5 55 8,1,10,,689021,9,0,34 55 8,1,10,,689007,4,0,5 55 8,1,10,,689031,9,0,34 55 8,1,50,,689010,4,0,5 55 8,1,10,,688995,9,0,34 55 8,1,10,,688999,4,0,5 55 8,1,10,,491773,9,0,34 55 8,1,10,,688989,4,0,5 55 8,1,10,,689028,9,0,34 55 8,1,50,,688975,4,0,5 55 8,1,10,,688982,9,0,34 55 8,1,10,,566196,4,0,5 55 8,1,10,,688993,9,0,34 55 8,1,10,,689034,4,0,5 55 8,1,10,,689006,9,0,34 55 8,1,50,,688978,4,0,5 55 8,1,10,,543726,9,0,34 55 8,1,10,,688979,4,0,5 55 8,1,10,,689002,9,0,34 55 8,1,10,,689029,4,0,5 55 8,1,10,,688980,9,0,34 55 8,1,50,,688988,4,0,5 55 8,1,10,,689005,9,0,34 55 8,1,10,,689001,4,0,5 55 8,1,10,,688998,9,0,34 55 8,1,10,,688992,4,0,5 55 8,1,10,,578191,9,0,34 55 8,1,50,,689012,4,0,5 55 8,1,10,,689036,9,0,34 55 8,1,10,,689000,4,0,5 55 8,1,10,,689020,9,0,34 55 8,1,10,,688974,4,0,5 55 8,1,10,,688977,9,0,34 55 8,1,50,,689023,4,0,5 55 8,1,10,,689030,9,0,34 55 8,1,10,,689039,4,0,5 55 8,1,10,,688991,9,0,34 55 8,1,10,,688976,4,0,5 55 8,1,10,,689003,9,0,34 55 8,1,50,,689011,4,0,5 55 8,1,10,,595145,9,0,34 55 8,1,12,,526302,4,0,5 55 8,1,15,,554076,4,0,5 55 8,1,15,,689016,4,0,5 55 8,1,55,,688994,4,0,5 55 8,1,15,,689008,4,0,5 55 8,1,15,,689018,4,0,5 55 8,1,15,,539717,4,0,5 55 8,1,55,,688983,4,0,5 55 8,1,15,,688996,4,0,5 55 8,1,15,,555751,4,0,5 55 8,1,15,,689004,4,0,5 55 8,1,53,,689032,4,0,5 55 8,1
93901,'3',806,,537720,4,0,5 55 8,1,8,,689045,9,0,34 55 8,1,10,,689061,4,0,5 55 8,1,10,,508749,9,0,34 55 8,1,10,,689079,4,0,5 55 8,1,10,,493634,9,0,34 55 8,1,50,,689052,4,0,5 55 8,1,10,,689077,9,0,34 55 8,1,10,,689070,4,0,5 55 8,1,10,,575491,9,0,34 55 8,1,10,,689058,4,0,5 55 8,1,10,,537620,9,0,34 55 8,1,50,,689042,4,0,5 55 8,1,10,,689071,9,0,34 55 8,1,10,,689103,4,0,5 55 8,1,10,,689098,9,0,34 55 8,1,10,,689083,4,0,5 55 8,1,10,,689063,9,0,34 55 8,1,50,,689074,4,0,5 55 8,1,12,,689094,9,0,34 55 8,1,10,,689040,4,0,5 55 8,1,10,,689057,9,0,34 55 8,1,10,,689068,4,0,5 55 8,1,10,,689096,9,0,34 55 8,1,50,,689053,4,0,5 55 8,1,10,,566714,9,0,34 55 8,1,10,,689048,4,0,5 55 8,1,10,,441748,9,0,34 55 8,1,10,,689065,4,0,5 55 8,1,10,,588450,9,0,34 55 8,1,50,,689080,4,0,5 55 8,1,10,,689051,9,0,34 55 8,1,10,,529047,4,0,5 55 8,1,10,,689088,9,0,34 55 8,1,10,,689107,4,0,5 55 8,1,10,,689087,9,0,34 55 8,1,50,,689067,4,0,5 55 8,1,10,,689084,9,0,34 55 8,1,10,,689072,4,0,5 55 8,1,10,,689092,9,0,34 55 8,1,10,,689050,4,0,5 55 8,1,10,,689101,9,0,34 55 8,1,50,,689091,4,0,5 55 8,1,10,,689056,9,0,34 55 8,1,10,,689102,4,0,5 55 8,1,10,,689062,9,0,34 55 8,1,10,,689081,4,0,5 55 8,1,10,,689043,9,0,34 55 8,1,50,,689090,4,0,5 55 8,1,10,,602394,9,0,34 55 8,1,10,,689105,4,0,5 55 8,1,10,,689055,9,0,34 55 8,1,10,,689059,4,0,5 55 8,1,10,,689089,9,0,34 55 8,1,50,,689093,4,0,5 55 8,1,10,,689049,9,0,34 55 8,1,10,,689078,4,0,5 55 8,1,10,,689086,9,0,34 55 8,1,10,,689073,4,0,5 55 8,1,10,,689097,9,0,34 55 8,1,50,,591252,4,0,5 55 8,1,10,,689075,9,0,34 55 8,1,10,,587871,4,0,5 55 8,1,10,,689085,9,0,34 55 8,1,10,,689095,4,0,5 55 8,1,10,,689104,9,0,34 55 8,1,50,,461709,4,0,5 55 8,1,10,,689099,9,0,34 55 8,1,14,,689100,4,0,5 55 8,1,15,,689044,9,0,34 55 8,1,11,,689082,4,0,5 55 8,1,53,,689108,4,0,5 55 8,1,13,,689069,4,0,5 55 8,1,13,,689064,4,0,5 55 8,1,13,,689054,4,0,5 55 8,1,53,,689047,4,0,5 55 8,1,13,,689041,4,0,5 55 8,1,13,,549053,4,0,5 55 8,1,13,,469702,4,0,5 55 8,1,13,,689076,4,0,5 55 8,1,54,,689060,4,0,5 55 8,1
93901,'5',824,,584341,4,0,5 55 8,1,10,,689116,9,0,34 55 8,1,10,,689120,4,0,5 55 8,1,10,,689161,9,0,34 55 8,1,50,,689158,4,0,5 55 8,1,10,,547621,9,0,34 55 8,1,10,,532812,4,0,5 55 8,1,10,,689168,9,0,34 55 8,1,10,,689148,4,0,5 55 8,1,10,,689163,9,0,34 55 8,1,50,,586941,4,0,5 55 8,1,10,,689146,9,0,34 55 8,1,10,,539481,4,0,5 55 8,1,10,,689109,9,0,34 55 8,1,10,,689118,4,0,5 55 8,1,10,,572559,9,0,34 55 8,1,50,,689112,4,0,5 55 8,1,12,,689159,9,0,34 55 8,1,10,,689136,4,0,5 55 8,1,10,,689160,9,0,34 55 8,1,10,,689151,4,0,5 55 8,1,10,,689127,9,0,34 55 8,1,50,,689131,4,0,5 55 8,1,10,,689140,9,0,34 55 8,1,10,,689132,4,0,5 55 8,1,10,,689137,9,0,34 55 8,1,10,,589324,4,0,5 55 8,1,10,,570200,9,0,34 55 8,1,50,,689144,4,0,5 55 8,1,10,,689141,9,0,34 55 8,1,10,,689164,4,0,5 55 8,1,10,,689123,9,0,34 55 8,1,10,,689145,4,0,5 55 8,1,10,,689115,9,0,34 55 8,1,50,,689167,4,0,5 55 8,1,10,,548695,9,0,34 55 8,1,10,,689152,4,0,5 55 8,1,10,,689150,9,0,34 55 8,1,10,,689155,4,0,5 55 8,1,10,,689133,9,0,34 55 8,1,50,,689114,4,0,5 55 8,1,10,,689117,9,0,34 55 8,1,10,,529166,4,0,5 55 8,1,10,,689156,9,0,34 55 8,1,10,,689162,4,0,5 55 8,1,10,,689128,9,0,34 55 8,1,50,,689165,4,0,5 55 8,1,10,,689153,9,0,34 55 8,1,10,,689157,4,0,5 55 8,1,10,,689113,9,0,34 55 8,1,10,,597873,4,0,5 55 8,1,10,,689121,9,0,34 55 8,1,50,,594387,4,0,5 55 8,1,10,,689125,9,0,34 55 8,1,10,,689170,4,0,5 55 8,1,10,,689143,9,0,34 55 8,1,10,,689122,4,0,5 55 8,1,10,,689134,9,0,34 55 8,1,50,,574048,4,0,5 55 8,1,10,,689130,9,0,34 55 8,1,10,,689138,4,0,5 55 8,1,10,,689166,9,0,34 55 8,1,10,,689129,4,0,5 55 8,1,10,,689142,9,0,34 55 8,1,50,,689147,4,0,5 55 8,1,10,,577615,9,0,34 55 8,1,14,,545462,4,0,5 55 8,1,15,,689126,9,0,34 55 8,1,9,,689119,4,0,5 55 8,1,55,,689149,4,0,5 55 8,1,13,,572441,4,0,5 55 8,1,13,,689169,4,0,5 55 8,1,13,,689110,4,0,5 55 8,1,53,,689111,4,0,5 55 8,1,13,,565767,4,0,5 55 8,1,13,,689154,4,0,5 55 8,1,13,,689171,4,0,5 55 8,1,13,,689139,4,0,5 55 8,1,54,,689124,4,0,5 55 8,1
