3901,'1',556,,621371,30,0,34 61 16 3 144,1,50,,621362,30,0,5 57,1,10,,621342,30,0,34 61 16 3 144,1,10,,621359,30,0,5 57,1,9,,621448,30,0,34 61 16 3 144,1,9,,621440,30,0,5 57,1,7,,520646,30,0,34 61 16 3 144,1,8,,621452,30,0,5 57,1,49,,621380,30,0,34 61 16 3 144,1,9,,621403,30,0,5 57,1,9,,598407,30,0,34 61 16 3 144,1,9,,621447,30,0,5 57,1,9,,621319,30,0,34 61 16 3 144,1,9,,621317,30,0,5 57,1,49,,621348,30,0,34 61 16 3 144,1,9,,621366,30,0,5 57,1,9,,621412,30,0,34 61 16 3 144,1,9,,621402,30,0,5 57,1,9,,621437,30,0,34 61 16 3 144,1,9,,621333,30,0,5 57,1,8,,621389,30,0,34 61 16 3 144,1,49,,621351,30,0,5 57,1,9,,621426,30,0,34 61 16 3 144,1,9,,621326,30,0,5 57,1,9,,621421,30,0,34 61 16 3 144,1,9,,621391,30,0,5 57,1,9,,621382,30,0,34 61 16 3 144,1,9,,529434,30,0,5 57,1,49,,621344,30,0,34 61 16 3 144,1,9,,621339,30,0,5 57,1,9,,621387,30,0,34 61 16 3 144,1,9,,621370,30,0,5 57,1,9,,543689,30,0,34 61 16 3 144,1,9,,523550,30,0,5 57,1,49,,621393,30,0,34 61 16 3 144,1,9,,621365,30,0,5 57,1,9,,530753,30,0,34 61 16 3 144,1,9,,621320,30,0,5 57,1,9,,621429,30,0,34 61 16 3 144,1,9,,621315,30,0,5 57,1,9,,621420,30,0,34 61 16 3 144,1,49,,539240,30,0,5 57,1,9,,621428,30,0,34 61 16 3 144,1,9,,621369,30,0,5 57,1,9,,621432,30,0,34 61 16 3 144,1,9,,621318,30,0,5 57,1,9,,621419,30,0,34 61 16 3 144,1,9,,621436,30,0,5 57,1,49,,621406,30,0,34 61 16 3 144,1,9,,621439,30,0,5 57,1,9,,503448,30,0,34 61 16 3 144,1,9,,517171,30,0,5 57,1,9,,621386,30,0,34 61 16 3 144,1,8,,621353,30,0,5 57,1,8,,621345,30,0,34 61 16 3 144,1,49,,621392,30,0,5 57,1,9,,621383,30,0,34 61 16 3 144,1,9,,621355,30,0,5 57,1,9,,562120,30,0,34 61 16 3 144,1,9,,621446,30,0,5 57,1,9,,621404,30,0,34 61 16 3 144,1,49,,549843,30,0,5 57,1,9,,595195,30,0,34 61 16 3 144,1,9,,621346,30,0,5 57,1,9,,621405,30,0,34 61 16 3 144,1,9,,621395,30,0,5 57,1,9,,621373,30,0,34 61 16 3 144,1,9,,621411,30,0,5 57,1,49,,621438,30,0,34 61 16 3 144,1,9,,621427,30,0,5 57,1,9,,527531,30,0,34 61 16 3 144,1,9,,591002,30,0,5 57,1,9,,511859,30,0,34 61 16 3 144,1,9,,556724,30,0,5 57,1,9,,621361,30,0,34 61 16 3 144,1,49,,564148,30,0,5 57,1,9,,621414,30,0,34 61 16 3 144,1,9,,621388,30,0,5 57,1,9,,621431,30,0,34 61 16 3 144,1,9,,621444,30,0,5 57,1,9,,621434,30,0,34 61 16 3 144,1,49,,490326,30,0,5 57,1,9,,621408,30,0,34 61 16 3 144,1,9,,621397,30,0,5 57,1,9,,621352,30,0,34 61 16 3 144,1,6,,513310,30,0,5 57,1,7,,621364,30,0,34 61 16 3 144,1,7,,621327,30,0,5 57,1,7,,621375,30,0,34 61 16 3 144,1,49,,621401,30,0,5 57,1,9,,621336,30,0,34 61 16 3 144,1,9,,621433,30,0,5 57,1,9,,621340,30,0,34 61 16 3 144,1,9,,621349,30,0,5 57,1,9,,621368,30,0,34 61 16 3 144,1,9,,621347,30,0,5 57,1,49,,539664,30,0,34 61 16 3 144,1,9,,621367,30,0,5 57,1,9,,621409,30,0,34 61 16 3 144,1,9,,621449,30,0,5 57,1,9,,621354,30,0,34 61 16 3 144,1,7,,621430,30,0,5 57,1,7,,621357,30,0,34 61 16 3 144,1,49,,621453,30,0,5 57,1,9,,621338,30,0,34 61 16 3 144,1,9,,621379,30,0,5 57,1,9,,515182,30,0,34 61 16 3 144,1,9,,621358,30,0,5 57,1,9,,585710,30,0,34 61 16 3 144,1,49,,621329,30,0,5 57,1,9,,621374,30,0,34 61 16 3 144,1,9,,621418,30,0,5 57,1,9,,621413,30,0,34 61 16 3 144,1,9,,395752,30,0,5 57,1,9,,621312,30,0,34 61 16 3 144,1,9,,621384,30,0,5 57,1,49,,524300,30,0,34 61 16 3 144,1,8,,621399,30,0,5 57,1,5,,621335,30,0,34 61 16 3 144,1,8,,528630,30,0,5 57,1,9,,579150,30,0,34 61 16 3 144,1,9,,621451,30,0,5 57,1,9,,621435,30,0,34 61 16 3 144,1,49,,621350,30,0,5 57,1,9,,621441,30,0,34 61 16 3 144,1,9,,621442,30,0,5 57,1,9,,513768,30,0,34 61 16 3 144,1,9,,569269,30,0,5 57,1,9,,621417,30,0,34 61 16 3 144,1,9,,621363,30,0,5 57,1,49,,621330,30,0,34 61 16 3 144,1,9,,621323,30,0,5 57,1,9,,621332,30,0,34 61 16 3 144,1,8,,621377,30,0,5 57,1,15,,496924,30,0,34 61 16 3 144,1,14,,621396,30,0,5 57,1,55,,543669,30,0,34 61 16 3 144,1,15,,475606,30,0,5 57,1,15,,621378,30,0,34 61 16 3 144,1
3901,'2',604,,521073,30,0,5 57,1,7,,621519,30,0,34 61 16 3 144,1,8,,556771,30,0,5 57,1,7,,588643,30,0,34 61 16 3 144,1,8,,621513,30,0,5 57,1,7,,528229,30,0,34 61 16 3 144,1,8,,621485,30,0,5 57,1,7,,542450,30,0,34 61 16 3 144,1,48,,621497,30,0,5 57,1,7,,588641,30,0,34 61 16 3 144,1,8,,621489,30,0,5 57,1,7,,551816,30,0,34 61 16 3 144,1,7,,621502,30,0,5 57,1,9,,621487,30,0,34 61 16 3 144,1,9,,621486,30,0,5 57,1,49,,621524,30,0,34 61 16 3 144,1,9,,533770,30,0,5 57,1,10,,621534,30,0,34 61 16 3 144,1,10,,621544,30,0,5 57,1,10,,621542,30,0,34 61 16 3 144,1,10,,621531,30,0,5 57,1,10,,621543,30,0,34 61 16 3 144,1,50,,572194,30,0,5 57,1,10,,621526,30,0,34 61 16 3 144,1,10,,621540,30,0,5 57,1,10,,621565,30,0,34 61 16 3 144,1,10,,621523,30,0,5 57,1,10,,621460,30,0,34 61 16 3 144,1,50,,621525,30,0,5 57,1,8,,621535,30,0,34 61 16 3 144,1,10,,621553,30,0,5 57,1,10,,621479,30,0,34 61 16 3 144,1,11,,621488,30,0,5 57,1,10,,559891,30,0,34 61 16 3 144,1,50,,621538,30,0,5 57,1,10,,551570,30,0,34 61 16 3 144,1,10,,621573,30,0,5 57,1,10,,621483,30,0,34 61 16 3 144,1,10,,621532,30,0,5 57,1,10,,621506,30,0,34 61 16 3 144,1,50,,431319,30,0,5 57,1,10,,621463,30,0,34 61 16 3 144,1,10,,621481,30,0,5 57,1,10,,539135,30,0,34 61 16 3 144,1,10,,590583,30,0,5 57,1,10,,621476,30,0,34 61 16 3 144,1,50,,621471,30,0,5 57,1,5,,523231,30,0,17 55,1,5,,621512,30,0,34 61 16 3 144,1,10,,621492,30,0,5 57,1,10,,621454,30,0,34 61 16 3 144,1,10,,621564,30,0,5 57,1,10,,572139,30,0,34 61 16 3 144,1,50,,621568,30,0,5 57,1,10,,621462,30,0,34 61 16 3 144,1,10,,621557,30,0,5 57,1,10,,621541,30,0,34 61 16 3 144,1,10,,488426,30,0,5 57,1,10,,621570,30,0,34 61 16 3 144,1,50,,621493,30,0,5 57,1,10,,621517,30,0,34 61 16 3 144,1,10,,621457,30,0,5 57,1,10,,621537,30,0,34 61 16 3 144,1,5,,621456,30,0,17 55,1,5,,621491,30,0,5 57,1,10,,621550,30,0,34 61 16 3 144,1,50,,621461,30,0,5 57,1,9,,621467,30,0,34 61 16 3 144,1,10,,621499,30,0,5 57,1,10,,621500,30,0,34 61 16 3 144,1,10,,621554,30,0,5 57,1,9,,621563,30,0,34 61 16 3 144,1,50,,498426,30,0,5 57,1,10,,621473,30,0,34 61 16 3 144,1,10,,588633,30,0,5 57,1,10,,621518,30,0,34 61 16 3 144,1,10,,621551,30,0,5 57,1,10,,621516,30,0,34 61 16 3 144,1,50,,621475,30,0,5 57,1,10,,621522,30,0,34 61 16 3 144,1,10,,621539,30,0,5 57,1,10,,621520,30,0,34 61 16 3 144,1,10,,621562,30,0,5 57,1,10,,600403,30,0,34 61 16 3 144,1,50,,543790,30,0,5 57,1,10,,576966,30,0,34 61 16 3 144,1,10,,621508,30,0,5 57,1,10,,621572,30,0,34 61 16 3 144,1,10,,621480,30,0,5 57,1,10,,621571,30,0,34 61 16 3 144,1,49,,621478,30,0,5 57,1,8,,621552,30,0,34 61 16 3 144,1,10,,621549,30,0,5 57,1,10,,621458,30,0,34 61 16 3 144,1,10,,621521,30,0,5 57,1,10,,621536,30,0,34 61 16 3 144,1,49,,621509,30,0,5 57,1,9,,621546,30,0,34 61 16 3 144,1,10,,621511,30,0,5 57,1,10,,621548,30,0,34 61 16 3 144,1,10,,621566,30,0,5 57,1,10,,621468,30,0,34 61 16 3 144,1,50,,621529,30,0,5 57,1,10,,621490,30,0,34 61 16 3 144,1,10,,621569,30,0,5 57,1,10,,621464,30,0,34 61 16 3 144,1,10,,621494,30,0,5 57,1,10,,621556,30,0,34 61 16 3 144,1,50,,482266,30,0,5 57,1,4,,621567,30,0,17 55,1,5,,621472,30,0,34 61 16 3 144,1,7,,621561,30,0,5 57,1,7,,621505,30,0,34 61 16 3 144,1,7,,621514,30,0,5 57,1,8,,621501,30,0,34 61 16 3 144,1,7,,462702,30,0,5 57,1,8,,621530,30,0,34 61 16 3 144,1,47,,621482,30,0,5 57,1,8,,621510,30,0,34 61 16 3 144,1,7,,621474,30,0,5 57,1,8,,621547,30,0,34 61 16 3 144,1,7,,621560,30,0,5 57,1,8,,551237,30,0,34 61 16 3 144,1,7,,621504,30,0,5 57,1,8,,621465,30,0,34 61 16 3 144,1,47,,561462,30,0,5 57,1,8,,621533,30,0,34 61 16 3 144,1,7,,621496,30,0,5 57,1,8,,621527,30,0,34 61 16 3 144,1,8,,621555,30,0,5 57,1,13,,621466,30,0,34 61 16 3 144,1,14,,621455,30,0,5 57,1,55,,574811,30,0,34 61 16 3 144,1,15,,621559,30,0,5 57,1,15,,621498,30,0,34 61 16 3 144,1
3901,'3',606,,621613,30,0,5 57,1,15,,621669,30,0,34 61 16 3 144,1,10,,621679,30,0,5 57,1,10,,621689,30,0,34 61 16 3 144,1,10,,573321,30,0,5 57,1,50,,621597,30,0,34 61 16 3 144,1,10,,621586,30,0,5 57,1,10,,621582,30,0,34 61 16 3 144,1,10,,621645,30,0,5 57,1,10,,621603,30,0,34 61 16 3 144,1,10,,621651,30,0,5 57,1,50,,584422,30,0,34 61 16 3 144,1,11,,472418,30,0,5 57,1,10,,533025,30,0,34 61 16 3 144,1,10,,621661,30,0,5 57,1,10,,621610,30,0,34 61 16 3 144,1,10,,621602,30,0,5 57,1,50,,621673,30,0,34 61 16 3 144,1,10,,621686,30,0,5 57,1,10,,621628,30,0,34 61 16 3 144,1,10,,569356,30,0,5 57,1,10,,621577,30,0,34 61 16 3 144,1,10,,621620,30,0,5 57,1,50,,621680,30,0,34 61 16 3 144,1,10,,621654,30,0,5 57,1,10,,536591,30,0,34 61 16 3 144,1,10,,429164,30,0,5 57,1,10,,621621,30,0,34 61 16 3 144,1,10,,621584,30,0,5 57,1,50,,621666,30,0,34 61 16 3 144,1,10,,621596,30,0,5 57,1,10,,524003,30,0,34 61 16 3 144,1,10,,621678,30,0,5 57,1,8,,621676,30,0,34 61 16 3 144,1,11,,621657,30,0,5 57,1,7,,621681,30,0,34 61 16 3 144,1,51,,621639,30,0,5 57,1,10,,621627,30,0,34 61 16 3 144,1,10,,621604,30,0,5 57,1,10,,621626,30,0,34 61 16 3 144,1,10,,621674,30,0,5 57,1,10,,621659,30,0,34 61 16 3 144,1,50,,621593,30,0,5 57,1,10,,621575,30,0,34 61 16 3 144,1,10,,571185,30,0,5 57,1,10,,411303,30,0,34 61 16 3 144,1,10,,621664,30,0,5 57,1,10,,621578,30,0,34 61 16 3 144,1,50,,621615,30,0,5 57,1,10,,621585,30,0,34 61 16 3 144,1,5,,621638,30,0,17 55,1,5,,621660,30,0,5 57,1,10,,621640,30,0,34 61 16 3 144,1,10,,543922,30,0,5 57,1,10,,621619,30,0,34 61 16 3 144,1,50,,514205,30,0,5 57,1,5,,621611,30,0,17 55,1,5,,621653,30,0,34 61 16 3 144,1,5,,621662,30,0,17 55,1,5,,621648,30,0,5 57,1,10,,621665,30,0,34 61 16 3 144,1,10,,621601,30,0,5 57,1,10,,621684,30,0,34 61 16 3 144,1,50,,621672,30,0,5 57,1,10,,553784,30,0,34 61 16 3 144,1,10,,621581,30,0,5 57,1,10,,621634,30,0,34 61 16 3 144,1,10,,593812,30,0,5 57,1,10,,621656,30,0,34 61 16 3 144,1,50,,621612,30,0,5 57,1,10,,621599,30,0,34 61 16 3 144,1,10,,594538,30,0,5 57,1,10,,621652,30,0,34 61 16 3 144,1,10,,621618,30,0,5 57,1,10,,621635,30,0,34 61 16 3 144,1,50,,621649,30,0,5 57,1,10,,621641,30,0,34 61 16 3 144,1,10,,621592,30,0,5 57,1,10,,621650,30,0,34 61 16 3 144,1,10,,621588,30,0,5 57,1,10,,621622,30,0,34 61 16 3 144,1,51,,621609,30,0,5 57,1,11,,545386,30,0,34 61 16 3 144,1,3,,621587,30,0,17 55,1,6,,621655,30,0,17 55,1,2,,621614,30,0,5 57,1,11,,621687,30,0,34 61 16 3 144,1,10,,545357,30,0,5 57,1,50,,531548,30,0,34 61 16 3 144,1,10,,621671,30,0,5 57,1,10,,621642,30,0,34 61 16 3 144,1,10,,621598,30,0,5 57,1,10,,621589,30,0,34 61 16 3 144,1,10,,621667,30,0,5 57,1,50,,621670,30,0,34 61 16 3 144,1,10,,621683,30,0,5 57,1,10,,621630,30,0,34 61 16 3 144,1,10,,621607,30,0,5 57,1,10,,621617,30,0,34 61 16 3 144,1,10,,475493,30,0,5 57,1,51,,621633,30,0,34 61 16 3 144,1,9,,621608,30,0,5 57,1,8,,621605,30,0,34 61 16 3 144,1,8,,621685,30,0,5 57,1,5,,510925,30,0,5 57,1,4,,621688,30,0,34 61 16 3 144,1,8,,621675,30,0,5 57,1,9,,413412,30,0,34 61 16 3 144,1,48,,621668,30,0,5 57,1,9,,621644,30,0,34 61 16 3 144,1,8,,621629,30,0,5 57,1,9,,621583,30,0,34 61 16 3 144,1,8,,621636,30,0,5 57,1,9,,621594,30,0,34 61 16 3 144,1,8,,621576,30,0,5 57,1,49,,621624,30,0,34 61 16 3 144,1,8,,621590,30,0,5 57,1,9,,621625,30,0,34 61 16 3 144,1,8,,553781,30,0,5 57,1,9,,621631,30,0,34 61 16 3 144,1,8,,621579,30,0,5 57,1,9,,579528,30,0,34 61 16 3 144,1,48,,579046,30,0,5 57,1,9,,621600,30,0,34 61 16 3 144,1,7,,621580,30,0,5 57,1,10,,564243,30,0,34 61 16 3 144,1,4,,621647,30,0,5 57,1,13,,556329,30,0,34 61 16 3 144,1,14,,621663,30,0,5 57,1,55,,600136,30,0,34 61 16 3 144,1,15,,621632,30,0,5 57,1,15,,621637,30,0,34 61 16 3 144,1
3901,'5',606,,621787,30,0,5 57,1,15,,621725,30,0,34 61 16 3 144,1,10,,586939,30,0,5 57,1,10,,538813,30,0,34 61 16 3 144,1,10,,520090,30,0,5 57,1,50,,621734,30,0,34 61 16 3 144,1,10,,621790,30,0,5 57,1,10,,549778,30,0,34 61 16 3 144,1,10,,621755,30,0,5 57,1,10,,621764,30,0,34 61 16 3 144,1,10,,621700,30,0,5 57,1,50,,621712,30,0,34 61 16 3 144,1,12,,621798,30,0,5 57,1,10,,621745,30,0,34 61 16 3 144,1,9,,621795,30,0,5 57,1,10,,621691,30,0,34 61 16 3 144,1,10,,621743,30,0,5 57,1,50,,621694,30,0,34 61 16 3 144,1,10,,621711,30,0,5 57,1,10,,573818,30,0,34 61 16 3 144,1,10,,621785,30,0,5 57,1,10,,588474,30,0,34 61 16 3 144,1,10,,621747,30,0,5 57,1,50,,569733,30,0,34 61 16 3 144,1,10,,621713,30,0,5 57,1,10,,621774,30,0,34 61 16 3 144,1,10,,621732,30,0,5 57,1,10,,621714,30,0,34 61 16 3 144,1,10,,621771,30,0,5 57,1,50,,515881,30,0,34 61 16 3 144,1,10,,621728,30,0,5 57,1,10,,621756,30,0,34 61 16 3 144,1,10,,589244,30,0,5 57,1,8,,621719,30,0,34 61 16 3 144,1,11,,621794,30,0,5 57,1,7,,522145,30,0,34 61 16 3 144,1,51,,621773,30,0,5 57,1,10,,561636,30,0,34 61 16 3 144,1,10,,621695,30,0,5 57,1,10,,621759,30,0,34 61 16 3 144,1,10,,621758,30,0,5 57,1,10,,621726,30,0,34 61 16 3 144,1,50,,621730,30,0,5 57,1,10,,621722,30,0,34 61 16 3 144,1,10,,621721,30,0,5 57,1,10,,621704,30,0,34 61 16 3 144,1,10,,621748,30,0,5 57,1,10,,621738,30,0,34 61 16 3 144,1,50,,621791,30,0,5 57,1,10,,621757,30,0,34 61 16 3 144,1,5,,621692,30,0,17 55,1,5,,621699,30,0,5 57,1,10,,621788,30,0,34 61 16 3 144,1,10,,621696,30,0,5 57,1,10,,621760,30,0,34 61 16 3 144,1,50,,621768,30,0,5 57,1,5,,621707,30,0,17 55,1,5,,621742,30,0,34 61 16 3 144,1,5,,621690,30,0,17 55,1,5,,621796,30,0,5 57,1,10,,576869,30,0,34 61 16 3 144,1,10,,621754,30,0,5 57,1,10,,621701,30,0,34 61 16 3 144,1,50,,621793,30,0,5 57,1,10,,559701,30,0,34 61 16 3 144,1,10,,562403,30,0,5 57,1,10,,621720,30,0,34 61 16 3 144,1,10,,621762,30,0,5 57,1,10,,621705,30,0,34 61 16 3 144,1,50,,561079,30,0,5 57,1,10,,621777,30,0,34 61 16 3 144,1,10,,621770,30,0,5 57,1,10,,621710,30,0,34 61 16 3 144,1,10,,524792,30,0,5 57,1,10,,532217,30,0,34 61 16 3 144,1,50,,621733,30,0,5 57,1,10,,621780,30,0,34 61 16 3 144,1,10,,621706,30,0,5 57,1,10,,621739,30,0,34 61 16 3 144,1,10,,621715,30,0,5 57,1,10,,621741,30,0,34 61 16 3 144,1,51,,621782,30,0,5 57,1,11,,621737,30,0,34 61 16 3 144,1,4,,621703,30,0,17 55,1,5,,587781,30,0,17 55,1,2,,569173,30,0,5 57,1,11,,621744,30,0,34 61 16 3 144,1,10,,554260,30,0,5 57,1,50,,621702,30,0,34 61 16 3 144,1,10,,621724,30,0,5 57,1,10,,621784,30,0,34 61 16 3 144,1,10,,621786,30,0,5 57,1,10,,621740,30,0,34 61 16 3 144,1,10,,621723,30,0,5 57,1,50,,621718,30,0,34 61 16 3 144,1,10,,621746,30,0,5 57,1,10,,621767,30,0,34 61 16 3 144,1,10,,621698,30,0,5 57,1,10,,621697,30,0,34 61 16 3 144,1,10,,621709,30,0,5 57,1,49,,570600,30,0,34 61 16 3 144,1,9,,621752,30,0,5 57,1,10,,621761,30,0,34 61 16 3 144,1,8,,621729,30,0,5 57,1,9,,621763,30,0,34 61 16 3 144,1,8,,621735,30,0,5 57,1,9,,621751,30,0,34 61 16 3 144,1,48,,621765,30,0,5 57,1,9,,621776,30,0,34 61 16 3 144,1,8,,621693,30,0,5 57,1,9,,621716,30,0,34 61 16 3 144,1,8,,532203,30,0,5 57,1,9,,530700,30,0,34 61 16 3 144,1,8,,621783,30,0,5 57,1,49,,621769,30,0,34 61 16 3 144,1,8,,621753,30,0,5 57,1,9,,621778,30,0,34 61 16 3 144,1,8,,621766,30,0,5 57,1,9,,621717,30,0,34 61 16 3 144,1,8,,621772,30,0,5 57,1,9,,621736,30,0,34 61 16 3 144,1,48,,582781,30,0,5 57,1,9,,621749,30,0,34 61 16 3 144,1,7,,621727,30,0,5 57,1,7,,621775,30,0,34 61 16 3 144,1,7,,621750,30,0,5 57,1,13,,528448,30,0,34 61 16 3 144,1,14,,621708,30,0,5 57,1,55,,563705,30,0,34 61 16 3 144,1,15,,621792,30,0,5 57,1,15,,600587,30,0,34 61 16 3 144,1
33901,'1',542,,682324,30,0,11 12 175 63,1,2163,,563803,30,0,11 12 175 63,1,20,,682317,30,0,11 12 175 63,1,20,,682319,30,0,11 12 175 63,1,60,,682318,30,0,11 12 175 63,1,20,,461619,30,0,11 12 175 63,1,20,,682320,30,0,11 12 175 63,1,60,,682322,30,0,11 12 175 63,1,20,,682321,30,0,11 12 175 63,1
33901,'2',546,,682335,30,0,11 12 175 63,1,2159,,682337,30,0,11 12 175 63,1,20,,682331,30,0,11 12 175 63,1,20,,682333,30,0,11 12 175 63,1,60,,682334,30,0,11 12 175 63,1,20,,577751,30,0,11 12 175 63,1,20,,682329,30,0,11 12 175 63,1,60,,682338,30,0,11 12 175 63,1,20,,682332,30,0,11 12 175 63,1
33901,'3',549,,682349,30,0,11 12 175 63,1,2156,,682351,30,0,11 12 175 63,1,20,,682346,30,0,11 12 175 63,1,20,,682348,30,0,11 12 175 63,1,60,,682339,30,0,11 12 175 63,1,20,,682344,30,0,11 12 175 63,1,20,,682343,30,0,11 12 175 63,1,60,,682350,30,0,11 12 175 63,1,20,,682342,30,0,11 12 175 63,1
33901,'5',544,,682359,30,0,11 12 175 63,1,2161,,682354,30,0,11 12 175 63,1,20,,682362,30,0,11 12 175 63,1,20,,682360,30,0,11 12 175 63,1,60,,682357,30,0,11 12 175 63,1,20,,682358,30,0,11 12 175 63,1,20,,682353,30,0,11 12 175 63,1,60,,682361,30,0,11 12 175 63,1,20,,682365,30,0,11 12 175 63,1
93901,'1',631,,688914,15,0,34 55 8,1,16,,491169,15,0,34 55 8,1,6,,688940,10,0,28 59 176,1,6,,688872,15,0,34 55 8,1,46,,688898,10,0,28 59 176,1,6,,688950,15,0,34 55 8,1,6,,585326,10,0,28 59 176,1,6,,688900,15,0,34 55 8,1,6,,688963,10,0,28 59 176,1,6,,688952,15,0,34 55 8,1,6,,688935,10,0,28 59 176,1,6,,688875,15,0,34 55 8,1,6,,599113,10,0,28 59 176,1,47,,688859,15,0,34 55 8,1,6,,563773,10,0,28 59 176,1,7,,688947,15,0,34 55 8,1,6,,536740,10,0,28 59 176,1,6,,688863,15,0,34 55 8,1,6,,688971,10,0,28 59 176,1,6,,688933,15,0,34 55 8,1,6,,490570,10,0,28 59 176,1,6,,688905,15,0,34 55 8,1,7,,383979,10,0,28 59 176,1,50,,688870,15,0,34 55 8,1,6,,688857,10,0,28 59 176,1,10,,546943,15,0,34 55 8,1,9,,688893,10,0,5 55 8,1,11,,688942,15,0,34 55 8,1,9,,688901,10,0,5 55 8,1,50,,466365,15,0,34 55 8,1,10,,688906,10,0,5 55 8,1,10,,688897,15,0,34 55 8,1,10,,688885,10,0,5 55 8,1,10,,555107,15,0,34 55 8,1,10,,688955,10,0,5 55 8,1,50,,688853,15,0,34 55 8,1,10,,688917,10,0,5 55 8,1,10,,688973,15,0,34 55 8,1,10,,688911,10,0,5 55 8,1,10,,688919,15,0,34 55 8,1,10,,688852,10,0,5 55 8,1,50,,688937,15,0,34 55 8,1,10,,688877,10,0,5 55 8,1,10,,518562,15,0,34 55 8,1,10,,688904,10,0,5 55 8,1,10,,688964,15,0,34 55 8,1,10,,688873,10,0,5 55 8,1,50,,688879,15,0,34 55 8,1,10,,549536,10,0,5 55 8,1,10,,497201,15,0,34 55 8,1,10,,688924,10,0,5 55 8,1,10,,688867,15,0,34 55 8,1,10,,688956,10,0,5 55 8,1,50,,483071,15,0,34 55 8,1,10,,602914,10,0,5 55 8,1,11,,688946,15,0,34 55 8,1,7,,499147,10,0,28 59 176,1,8,,688968,15,0,34 55 8,1,7,,688949,10,0,28 59 176,1,8,,688957,15,0,34 55 8,1,7,,688890,10,0,28 59 176,1,48,,688972,15,0,34 55 8,1,7,,688858,10,0,28 59 176,1,8,,688930,15,0,34 55 8,1,7,,688881,10,0,28 59 176,1,8,,688969,15,0,34 55 8,1,7,,688925,10,0,28 59 176,1,8,,688961,15,0,34 55 8,1,7,,688865,10,0,28 59 176,1,48,,688965,15,0,34 55 8,1,7,,386090,10,0,28 59 176,1,8,,688894,15,0,34 55 8,1,7,,537105,10,0,28 59 176,1,8,,688959,15,0,34 55 8,1,7,,688896,10,0,28 59 176,1,8,,688899,15,0,34 55 8,1,7,,688953,10,0,28 59 176,1,48,,688882,15,0,34 55 8,1,7,,688941,10,0,28 59 176,1,8,,604074,15,0,34 55 8,1,7,,688869,10,0,28 59 176,1,8,,688931,15,0,34 55 8,1,7,,688861,10,0,28 59 176,1,8,,688938,15,0,34 55 8,1,7,,574714,10,0,28 59 176,1,48,,531857,15,0,34 55 8,1,7,,688902,10,0,28 59 176,1,8,,688913,15,0,34 55 8,1,7,,688876,10,0,28 59 176,1,8,,688912,15,0,34 55 8,1,7,,688939,10,0,28 59 176,1,8,,517671,15,0,34 55 8,1,7,,570336,10,0,28 59 176,1,48,,688923,15,0,34 55 8,1,7,,565299,10,0,28 59 176,1,8,,688880,15,0,34 55 8,1,6,,556157,10,0,5 55 8,1,9,,688908,15,0,34 55 8,1,10,,688883,10,0,5 55 8,1,10,,544430,15,0,34 55 8,1,50,,688860,10,0,5 55 8,1,10,,688871,15,0,34 55 8,1,10,,688960,10,0,5 55 8,1,10,,688922,15,0,34 55 8,1,10,,688945,10,0,5 55 8,1,10,,688948,15,0,34 55 8,1,50,,582878,10,0,5 55 8,1,10,,688921,15,0,34 55 8,1,10,,688932,10,0,5 55 8,1,10,,688864,15,0,34 55 8,1,10,,688951,10,0,5 55 8,1,10,,688916,15,0,34 55 8,1,50,,688868,10,0,5 55 8,1,10,,688943,15,0,34 55 8,1,13,,688855,10,0,5 55 8,1,12,,540544,10,0,5 55 8,1,15,,688927,10,0,5 55 8,1,55,,571453,10,0,5 55 8,1,15,,688888,10,0,5 55 8,1,15,,688878,10,0,5 55 8,1,15,,688866,10,0,5 55 8,1,55,,688884,10,0,5 55 8,1,15,,382714,10,0,5 55 8,1,15,,688895,10,0,5 55 8,1,15,,688862,10,0,5 55 8,1,60,,688887,10,0,5 55 8,1
93901,'2',840,,520665,10,0,5 55 8,1,8,,688986,15,0,34 55 8,1,10,,689026,10,0,5 55 8,1,50,,689035,15,0,34 55 8,1,10,,689009,10,0,5 55 8,1,10,,689015,15,0,34 55 8,1,10,,689038,10,0,5 55 8,1,10,,688997,15,0,34 55 8,1,10,,554460,10,0,5 55 8,1,50,,688990,15,0,34 55 8,1,10,,405097,10,0,5 55 8,1,10,,689025,15,0,34 55 8,1,10,,689017,10,0,5 55 8,1,10,,688985,15,0,34 55 8,1,10,,689019,10,0,5 55 8,1,50,,589542,15,0,34 55 8,1,10,,689027,10,0,5 55 8,1,10,,689033,15,0,34 55 8,1,9,,688981,10,0,5 55 8,1,10,,689024,15,0,34 55 8,1,10,,558879,10,0,5 55 8,1,50,,517906,15,0,34 55 8,1,10,,689013,10,0,5 55 8,1,10,,540580,15,0,34 55 8,1,10,,689014,10,0,5 55 8,1,10,,689021,15,0,34 55 8,1,10,,689007,10,0,5 55 8,1,50,,689031,15,0,34 55 8,1,10,,689010,10,0,5 55 8,1,10,,688995,15,0,34 55 8,1,10,,688999,10,0,5 55 8,1,10,,491773,15,0,34 55 8,1,10,,688989,10,0,5 55 8,1,50,,689028,15,0,34 55 8,1,10,,688975,10,0,5 55 8,1,10,,688982,15,0,34 55 8,1,10,,566196,10,0,5 55 8,1,10,,688993,15,0,34 55 8,1,10,,689034,10,0,5 55 8,1,50,,689006,15,0,34 55 8,1,10,,688978,10,0,5 55 8,1,10,,543726,15,0,34 55 8,1,10,,688979,10,0,5 55 8,1,10,,689002,15,0,34 55 8,1,10,,689029,10,0,5 55 8,1,50,,688980,15,0,34 55 8,1,10,,688988,10,0,5 55 8,1,10,,689005,15,0,34 55 8,1,10,,689001,10,0,5 55 8,1,10,,688998,15,0,34 55 8,1,10,,688992,10,0,5 55 8,1,50,,578191,15,0,34 55 8,1,10,,689012,10,0,5 55 8,1,10,,689036,15,0,34 55 8,1,10,,689000,10,0,5 55 8,1,10,,689020,15,0,34 55 8,1,10,,688974,10,0,5 55 8,1,50,,688977,15,0,34 55 8,1,10,,689023,10,0,5 55 8,1,10,,689030,15,0,34 55 8,1,10,,689039,10,0,5 55 8,1,10,,688991,15,0,34 55 8,1,10,,688976,10,0,5 55 8,1,50,,689003,15,0,34 55 8,1,10,,689011,10,0,5 55 8,1,10,,595145,15,0,34 55 8,1,10,,526302,10,0,5 55 8,1,15,,554076,10,0,5 55 8,1,55,,689016,10,0,5 55 8,1,15,,688994,10,0,5 55 8,1,15,,689008,10,0,5 55 8,1,15,,689018,10,0,5 55 8,1,55,,539717,10,0,5 55 8,1,15,,688983,10,0,5 55 8,1,15,,688996,10,0,5 55 8,1,15,,555751,10,0,5 55 8,1,55,,689004,10,0,5 55 8,1,13,,689032,10,0,5 55 8,1
93901,'3',816,,537720,10,0,5 55 8,1,8,,689045,15,0,34 55 8,1,10,,689061,10,0,5 55 8,1,10,,508749,15,0,34 55 8,1,10,,689079,10,0,5 55 8,1,50,,493634,15,0,34 55 8,1,10,,689052,10,0,5 55 8,1,10,,689077,15,0,34 55 8,1,10,,689070,10,0,5 55 8,1,10,,575491,15,0,34 55 8,1,10,,689058,10,0,5 55 8,1,50,,537620,15,0,34 55 8,1,10,,689042,10,0,5 55 8,1,10,,689071,15,0,34 55 8,1,10,,689103,10,0,5 55 8,1,10,,689098,15,0,34 55 8,1,10,,689083,10,0,5 55 8,1,50,,689063,15,0,34 55 8,1,10,,689074,10,0,5 55 8,1,14,,689094,15,0,34 55 8,1,10,,689040,10,0,5 55 8,1,10,,689057,15,0,34 55 8,1,10,,689068,10,0,5 55 8,1,50,,689096,15,0,34 55 8,1,10,,689053,10,0,5 55 8,1,10,,566714,15,0,34 55 8,1,10,,689048,10,0,5 55 8,1,10,,441748,15,0,34 55 8,1,10,,689065,10,0,5 55 8,1,50,,588450,15,0,34 55 8,1,10,,689080,10,0,5 55 8,1,10,,689051,15,0,34 55 8,1,10,,529047,10,0,5 55 8,1,10,,689088,15,0,34 55 8,1,10,,689107,10,0,5 55 8,1,50,,689087,15,0,34 55 8,1,10,,689067,10,0,5 55 8,1,10,,689084,15,0,34 55 8,1,10,,689072,10,0,5 55 8,1,10,,689092,15,0,34 55 8,1,10,,689050,10,0,5 55 8,1,50,,689101,15,0,34 55 8,1,10,,689091,10,0,5 55 8,1,10,,689056,15,0,34 55 8,1,10,,689102,10,0,5 55 8,1,10,,689062,15,0,34 55 8,1,10,,689081,10,0,5 55 8,1,50,,689043,15,0,34 55 8,1,10,,689090,10,0,5 55 8,1,10,,602394,15,0,34 55 8,1,10,,689105,10,0,5 55 8,1,10,,689055,15,0,34 55 8,1,10,,689059,10,0,5 55 8,1,50,,689089,15,0,34 55 8,1,10,,689093,10,0,5 55 8,1,10,,689049,15,0,34 55 8,1,10,,689078,10,0,5 55 8,1,10,,689086,15,0,34 55 8,1,10,,689073,10,0,5 55 8,1,50,,689097,15,0,34 55 8,1,10,,591252,10,0,5 55 8,1,10,,689075,15,0,34 55 8,1,10,,587871,10,0,5 55 8,1,10,,689085,15,0,34 55 8,1,10,,689095,10,0,5 55 8,1,50,,689104,15,0,34 55 8,1,10,,461709,10,0,5 55 8,1,10,,689099,15,0,34 55 8,1,12,,689100,10,0,5 55 8,1,17,,689044,15,0,34 55 8,1,49,,689082,10,0,5 55 8,1,13,,689108,10,0,5 55 8,1,13,,689069,10,0,5 55 8,1,13,,689064,10,0,5 55 8,1,13,,689054,10,0,5 55 8,1,53,,689047,10,0,5 55 8,1,13,,689041,10,0,5 55 8,1,13,,549053,10,0,5 55 8,1,13,,469702,10,0,5 55 8,1,53,,689076,10,0,5 55 8,1,14,,689060,10,0,5 55 8,1
93901,'5',834,,584341,10,0,5 55 8,1,10,,689116,15,0,34 55 8,1,10,,689120,10,0,5 55 8,1,50,,689161,15,0,34 55 8,1,10,,689158,10,0,5 55 8,1,10,,547621,15,0,34 55 8,1,10,,532812,10,0,5 55 8,1,10,,689168,15,0,34 55 8,1,10,,689148,10,0,5 55 8,1,50,,689163,15,0,34 55 8,1,10,,586941,10,0,5 55 8,1,10,,689146,15,0,34 55 8,1,10,,539481,10,0,5 55 8,1,10,,689109,15,0,34 55 8,1,10,,689118,10,0,5 55 8,1,50,,572559,15,0,34 55 8,1,10,,689112,10,0,5 55 8,1,14,,689159,15,0,34 55 8,1,10,,689136,10,0,5 55 8,1,10,,689160,15,0,34 55 8,1,10,,689151,10,0,5 55 8,1,50,,689127,15,0,34 55 8,1,10,,689131,10,0,5 55 8,1,10,,689140,15,0,34 55 8,1,10,,689132,10,0,5 55 8,1,10,,689137,15,0,34 55 8,1,10,,589324,10,0,5 55 8,1,50,,570200,15,0,34 55 8,1,10,,689144,10,0,5 55 8,1,10,,689141,15,0,34 55 8,1,10,,689164,10,0,5 55 8,1,10,,689123,15,0,34 55 8,1,10,,689145,10,0,5 55 8,1,50,,689115,15,0,34 55 8,1,10,,689167,10,0,5 55 8,1,10,,548695,15,0,34 55 8,1,10,,689152,10,0,5 55 8,1,10,,689150,15,0,34 55 8,1,10,,689155,10,0,5 55 8,1,50,,689133,15,0,34 55 8,1,10,,689114,10,0,5 55 8,1,10,,689117,15,0,34 55 8,1,10,,529166,10,0,5 55 8,1,10,,689156,15,0,34 55 8,1,10,,689162,10,0,5 55 8,1,50,,689128,15,0,34 55 8,1,10,,689165,10,0,5 55 8,1,10,,689153,15,0,34 55 8,1,10,,689157,10,0,5 55 8,1,10,,689113,15,0,34 55 8,1,10,,597873,10,0,5 55 8,1,50,,689121,15,0,34 55 8,1,10,,594387,10,0,5 55 8,1,10,,689125,15,0,34 55 8,1,10,,689170,10,0,5 55 8,1,10,,689143,15,0,34 55 8,1,10,,689122,10,0,5 55 8,1,50,,689134,15,0,34 55 8,1,10,,574048,10,0,5 55 8,1,10,,689130,15,0,34 55 8,1,10,,689138,10,0,5 55 8,1,10,,689166,15,0,34 55 8,1,10,,689129,10,0,5 55 8,1,50,,689142,15,0,34 55 8,1,10,,689147,10,0,5 55 8,1,10,,577615,15,0,34 55 8,1,12,,545462,10,0,5 55 8,1,17,,689126,15,0,34 55 8,1,47,,689119,10,0,5 55 8,1,15,,689149,10,0,5 55 8,1,13,,572441,10,0,5 55 8,1,13,,689169,10,0,5 55 8,1,13,,689110,10,0,5 55 8,1,53,,689111,10,0,5 55 8,1,13,,565767,10,0,5 55 8,1,13,,689154,10,0,5 55 8,1,13,,689171,10,0,5 55 8,1,53,,689139,10,0,5 55 8,1,14,,689124,10,0,5 55 8,1
