5902,'1',612,,634398,21,0,34 62 63,1,31,,634401,44,0,34 62 63,1,86,,602928,44,0,34 62 63,1,78,,634416,44,0,34 62 63,1,37,,634411,44,0,34 62 63,1,78,,634417,44,0,34 62 63,1,37,,634413,44,0,34 62 63,1,76,,531767,44,0,34 62 63,1,86,,600036,44,0,34 62 63,1,88,,634425,44,0,34 62 63,1,50,,580428,44,0,34 62 63,1,90,,634391,44,0,34 62 63,1,87,,634399,44,0,34 62 63,1,82,,634397,44,0,34 62 63,1,87,,634404,44,0,34 62 63,1,44,,385613,44,0,34 62 63,1,84,,634426,44,0,34 62 63,1,84,,570706,44,0,34 62 63,1,84,,634410,44,0,34 62 63,1,39,,634396,44,0,34 62 63,1,80,,476563,44,0,34 62 63,1,85,,634424,44,0,34 62 63,1,52,,634408,44,0,34 62 63,1,98,,634414,44,0,34 62 63,1,100,,634403,44,0,34 62 63,1,100,,557404,44,0,34 62 63,1
5902,'2',559,,634447,21,0,34 62 63,1,97,,634437,44,0,34 62 63,1,100,,634467,44,0,34 62 63,1,103,,634439,44,0,34 62 63,1,92,,634453,44,0,34 62 63,1,85,,634436,44,0,34 62 63,1,85,,634469,44,0,34 62 63,1,82,,634473,44,0,34 62 63,1,40,,634450,44,0,34 62 63,1,80,,634466,44,0,34 62 63,1,80,,634445,44,0,34 62 63,1,40,,634443,44,0,34 62 63,1,80,,634441,44,0,34 62 63,1,80,,634463,44,0,34 62 63,1,40,,634468,44,0,34 62 63,1,80,,634442,44,0,34 62 63,1,80,,519873,44,0,34 62 63,1,40,,536041,44,0,34 62 63,1,71,,634446,44,0,34 62 63,1,40,,634456,44,0,34 62 63,1,80,,500207,44,0,34 62 63,1,80,,634440,44,0,34 62 63,1,41,,522046,44,0,34 62 63,1,174,,634434,44,0,34 62 63,1,100,,634448,44,0,34 62 63,1,100,,531471,44,0,34 62 63,1
5902,'3',756,,519562,21,0,34 62 63,1,92,,575227,44,0,34 62 63,1,85,,634501,44,0,34 62 63,1,85,,634482,44,0,34 62 63,1,85,,634504,44,0,34 62 63,1,45,,634500,44,0,34 62 63,1,88,,634481,44,0,34 62 63,1,85,,634506,44,0,34 62 63,1,85,,634491,44,0,34 62 63,1,45,,634488,44,0,34 62 63,1,85,,634475,44,0,34 62 63,1,85,,634503,44,0,34 62 63,1,85,,634489,44,0,34 62 63,1,45,,634485,44,0,34 62 63,1,85,,585813,44,0,34 62 63,1,90,,634478,44,0,34 62 63,1,100,,634502,44,0,34 62 63,1,100,,634499,44,0,34 62 63,1,98,,634492,44,0,34 62 63,1,100,,389914,44,0,34 62 63,1,100,,634483,44,0,34 62 63,1,100,,533038,44,0,34 62 63,1
5902,'5',626,,634512,44,0,34 62 63,1,92,,634528,44,0,34 62 63,1,85,,634522,44,0,34 62 63,1,45,,634520,44,0,34 62 63,1,85,,634510,44,0,34 62 63,1,85,,575843,44,0,34 62 63,1,85,,634539,44,0,34 62 63,1,45,,634513,44,0,34 62 63,1,88,,528441,44,0,34 62 63,1,85,,634542,44,0,34 62 63,1,85,,634529,44,0,34 62 63,1,45,,634518,44,0,34 62 63,1,85,,634526,44,0,34 62 63,1,85,,634514,44,0,34 62 63,1,85,,634538,44,0,34 62 63,1,45,,634547,44,0,34 62 63,1,85,,533429,44,0,34 62 63,1,90,,515414,44,0,34 62 63,1,100,,634534,44,0,34 62 63,1,100,,634546,44,0,34 62 63,1,98,,634532,44,0,34 62 63,1,100,,634537,44,0,34 62 63,1,100,,634541,44,0,34 62 63,1,100,,634524,44,0,34 62 63,1
8903,'1',510,,651538,41,0,95 63,1,24,,651565,41,0,95 63,1,22,,603312,41,0,95 63,1,57,,651554,40,0,95 63,1,10,,651559,40,0,95 63,1,10,,651536,40,0,95 63,1,10,,651503,40,0,95 63,1,10,,651520,40,0,95 63,1,50,,651535,40,0,95 63,1,10,,651537,40,0,95 63,1,10,,651511,40,0,95 63,1,10,,651514,40,0,95 63,1,11,,651533,40,0,95 63,1,13,,542266,40,0,95 63,1,52,,651509,40,0,95 63,1,10,,651519,40,0,95 63,1,10,,651557,40,0,95 63,1,10,,651486,40,0,95 63,1,10,,651541,40,0,95 63,1,10,,651490,40,0,95 63,1,50,,416585,40,0,95 63,1,10,,651501,40,0,95 63,1,10,,651470,40,0,95 63,1,10,,651497,40,0,95 63,1,11,,651479,40,0,95 63,1,51,,544838,40,0,95 63,1,10,,651527,40,0,95 63,1,10,,651566,40,0,95 63,1,10,,651492,40,0,95 63,1,10,,651516,40,0,95 63,1,10,,521902,40,0,95 63,1,50,,651546,40,0,95 63,1,10,,651545,40,0,95 63,1,10,,597308,40,0,95 63,1,10,,651560,40,0,95 63,1,10,,651532,40,0,95 63,1,10,,651517,40,0,95 63,1,50,,651568,40,0,95 63,1,10,,651507,40,0,95 63,1,10,,651548,40,0,95 63,1,10,,599457,40,0,95 63,1,10,,532886,40,0,95 63,1,10,,651505,40,0,95 63,1,50,,651491,40,0,95 63,1,10,,651512,40,0,95 63,1,10,,651495,40,0,95 63,1,10,,651477,40,0,95 63,1,10,,488393,40,0,95 63,1,10,,651488,40,0,95 63,1,50,,651524,40,0,95 63,1,13,,651510,40,0,95 63,1,12,,651474,40,0,95 63,1,12,,651539,40,0,95 63,1,14,,651518,40,0,95 63,1,50,,394757,40,0,95 63,1,10,,651528,40,0,95 63,1,10,,491991,40,0,95 63,1,10,,651468,40,0,95 63,1,10,,651549,40,0,95 63,1,10,,651471,40,0,95 63,1,50,,570305,40,0,95 63,1,10,,651515,40,0,95 63,1,10,,651476,40,0,95 63,1,10,,651563,40,0,95 63,1,10,,585342,40,0,95 63,1,10,,651531,40,0,95 63,1,50,,651480,40,0,95 63,1,10,,549216,40,0,95 63,1,10,,651466,40,0,95 63,1,10,,651544,40,0,95 63,1,10,,651485,40,0,95 63,1,10,,509028,40,0,95 63,1,50,,483676,40,0,95 63,1,10,,651498,40,0,95 63,1,10,,651564,40,0,95 63,1,10,,576598,40,0,95 63,1,10,,651558,40,0,95 63,1,10,,651493,40,0,95 63,1,50,,651494,40,0,95 63,1,8,,651529,40,0,95 63,1,9,,651543,40,0,95 63,1,6,,651496,40,0,95 63,1,5,,651552,40,0,95 63,1,6,,651489,40,0,95 63,1,10,,651467,40,0,95 63,1,10,,651499,40,0,95 63,1,50,,651542,40,0,95 63,1,10,,651472,40,0,95 63,1,10,,651540,40,0,95 63,1,10,,539075,40,0,95 63,1,10,,651521,40,0,95 63,1,10,,421163,40,0,95 63,1,50,,651482,40,0,95 63,1,10,,651506,40,0,95 63,1,10,,651567,40,0,95 63,1,10,,651534,40,0,95 63,1,10,,651484,40,0,95 63,1,10,,651508,40,0,95 63,1,50,,651504,40,0,95 63,1,9,,651522,40,0,95 63,1,7,,543183,40,0,95 63,1,6,,651473,40,0,95 63,1,10,,651481,40,0,95 63,1,10,,595051,40,0,95 63,1,10,,651551,40,0,95 63,1,50,,651561,40,0,95 63,1,10,,651555,40,0,95 63,1,10,,651523,40,0,95 63,1,10,,651500,40,0,95 63,1,10,,651478,40,0,95 63,1,10,,651553,40,0,95 63,1,50,,651469,40,0,95 63,1,10,,651502,40,0,95 63,1,10,,651562,40,0,95 63,1,10,,651487,40,0,95 63,1,10,,651556,40,0,95 63,1,10,,651483,40,0,95 63,1,50,,572053,40,0,95 63,1,10,,651475,40,0,95 63,1,10,,651550,40,0,95 63,1,9,,651530,40,0,95 63,1,12,,651547,40,0,95 63,1,55,,651525,40,0,95 63,1,15,,651526,40,0,95 63,1,15,,651513,40,0,95 63,1
8903,'2',538,,459718,37,0,95 63,1,70,,651612,41,0,95 63,1,11,,651618,40,0,95 63,1,11,,651583,40,0,95 63,1,10,,651654,40,0,95 63,1,10,,651667,40,0,95 63,1,50,,651588,40,0,95 63,1,10,,651610,40,0,95 63,1,10,,651635,40,0,95 63,1,10,,564466,40,0,95 63,1,12,,567564,40,0,95 63,1,10,,651616,40,0,95 63,1,53,,651577,40,0,95 63,1,10,,651587,40,0,95 63,1,15,,651666,40,0,95 63,1,10,,651639,40,0,95 63,1,9,,552941,40,0,95 63,1,10,,651662,40,0,95 63,1,50,,651656,40,0,95 63,1,10,,651607,40,0,95 63,1,10,,651579,40,0,95 63,1,10,,651620,40,0,95 63,1,10,,651576,40,0,95 63,1,10,,651615,40,0,95 63,1,50,,651585,40,0,95 63,1,10,,651674,40,0,95 63,1,10,,502430,40,0,95 63,1,10,,651614,40,0,95 63,1,11,,651637,40,0,95 63,1,51,,651644,40,0,95 63,1,11,,541099,40,0,95 63,1,10,,651591,40,0,95 63,1,12,,651625,40,0,95 63,1,13,,651671,40,0,95 63,1,10,,651627,40,0,95 63,1,50,,651669,40,0,95 63,1,10,,651573,40,0,95 63,1,10,,583404,40,0,95 63,1,10,,651643,40,0,95 63,1,10,,651621,40,0,95 63,1,10,,651611,40,0,95 63,1,50,,651657,40,0,95 63,1,10,,651673,40,0,95 63,1,10,,651603,40,0,95 63,1,10,,651636,40,0,95 63,1,10,,651600,40,0,95 63,1,10,,651653,40,0,95 63,1,50,,651652,40,0,95 63,1,10,,651670,40,0,95 63,1,10,,651604,40,0,95 63,1,10,,651634,40,0,95 63,1,10,,553736,40,0,95 63,1,10,,651601,40,0,95 63,1,50,,651622,40,0,95 63,1,10,,651641,40,0,95 63,1,10,,490371,40,0,95 63,1,10,,651572,40,0,95 63,1,10,,651672,40,0,95 63,1,10,,651574,40,0,95 63,1,50,,651619,40,0,95 63,1,10,,651602,40,0,95 63,1,10,,651640,40,0,95 63,1,10,,651580,40,0,95 63,1,10,,651584,40,0,95 63,1,10,,651596,40,0,95 63,1,50,,651597,40,0,95 63,1,10,,651593,40,0,95 63,1,10,,651605,40,0,95 63,1,10,,651598,40,0,95 63,1,10,,589108,40,0,95 63,1,10,,551286,40,0,95 63,1,50,,651650,40,0,95 63,1,10,,651569,40,0,95 63,1,10,,651658,40,0,95 63,1,9,,651624,40,0,95 63,1,10,,651626,40,0,95 63,1,7,,651623,40,0,95 63,1,50,,651595,40,0,95 63,1,7,,651661,40,0,95 63,1,8,,651642,40,0,95 63,1,10,,651663,40,0,95 63,1,7,,651659,40,0,95 63,1,10,,651630,40,0,95 63,1,10,,651629,40,0,95 63,1,50,,651592,40,0,95 63,1,10,,651664,40,0,95 63,1,10,,651668,40,0,95 63,1,10,,651648,40,0,95 63,1,10,,651631,40,0,95 63,1,10,,651586,40,0,95 63,1,50,,651575,40,0,95 63,1,10,,651570,40,0,95 63,1,10,,483138,40,0,95 63,1,9,,651589,40,0,95 63,1,9,,651647,40,0,95 63,1,10,,651594,40,0,95 63,1,50,,651649,40,0,95 63,1,8,,535158,40,0,95 63,1,9,,651582,40,0,95 63,1,8,,651646,40,0,95 63,1,10,,651660,40,0,95 63,1,10,,651578,40,0,95 63,1,10,,651590,40,0,95 63,1,50,,651571,40,0,95 63,1,10,,651613,40,0,95 63,1,10,,419262,40,0,95 63,1,10,,602312,40,0,95 63,1,10,,651632,40,0,95 63,1,10,,651617,40,0,95 63,1,50,,516735,40,0,95 63,1,10,,651655,40,0,95 63,1,10,,651581,40,0,95 63,1,10,,651651,40,0,95 63,1,10,,651638,40,0,95 63,1,10,,651606,40,0,95 63,1,50,,651665,40,0,95 63,1,9,,651599,40,0,95 63,1,9,,651645,40,0,95 63,1,9,,651633,40,0,95 63,1,14,,651628,40,0,95 63,1,55,,594557,40,0,95 63,1,15,,651609,40,0,95 63,1,15,,651608,40,0,95 63,1
8903,'3',542,,651723,37,0,95 63,1,68,,547390,41,0,95 63,1,15,,651701,41,0,95 63,1,15,,651686,41,0,95 63,1,15,,651696,41,0,95 63,1,55,,651740,41,0,95 63,1,15,,651739,41,0,95 63,1,15,,651762,41,0,95 63,1,15,,547433,41,0,95 63,1,53,,651703,41,0,95 63,1,13,,651689,41,0,95 63,1,16,,651718,40,0,95 63,1,10,,651702,40,0,95 63,1,10,,472619,40,0,95 63,1,50,,651768,40,0,95 63,1,10,,651706,40,0,95 63,1,10,,651704,40,0,95 63,1,10,,651721,40,0,95 63,1,10,,651771,40,0,95 63,1,10,,523293,40,0,95 63,1,50,,565884,40,0,95 63,1,10,,651694,40,0,95 63,1,10,,651716,40,0,95 63,1,10,,651755,40,0,95 63,1,10,,596117,40,0,95 63,1,10,,651747,40,0,95 63,1,50,,651710,40,0,95 63,1,10,,651770,40,0,95 63,1,10,,651751,40,0,95 63,1,10,,651754,40,0,95 63,1,10,,651765,40,0,95 63,1,10,,651764,40,0,95 63,1,50,,651760,40,0,95 63,1,12,,651752,40,0,95 63,1,11,,574570,40,0,95 63,1,13,,651763,40,0,95 63,1,10,,651677,40,0,95 63,1,50,,651685,40,0,95 63,1,10,,651746,40,0,95 63,1,10,,651767,40,0,95 63,1,10,,651743,40,0,95 63,1,10,,651714,40,0,95 63,1,10,,595910,40,0,95 63,1,50,,651705,40,0,95 63,1,10,,651766,40,0,95 63,1,10,,651731,40,0,95 63,1,10,,581506,40,0,95 63,1,10,,651759,40,0,95 63,1,10,,593857,40,0,95 63,1,50,,651735,40,0,95 63,1,10,,443957,40,0,95 63,1,10,,651698,40,0,95 63,1,10,,651720,40,0,95 63,1,10,,651708,40,0,95 63,1,10,,651758,40,0,95 63,1,50,,651711,40,0,95 63,1,10,,651728,40,0,95 63,1,10,,562325,40,0,95 63,1,10,,651737,40,0,95 63,1,10,,651688,40,0,95 63,1,10,,651675,40,0,95 63,1,50,,651727,40,0,95 63,1,10,,551072,40,0,95 63,1,10,,651725,40,0,95 63,1,10,,651691,40,0,95 63,1,10,,651742,40,0,95 63,1,10,,651744,40,0,95 63,1,50,,651717,40,0,95 63,1,10,,651722,40,0,95 63,1,10,,651693,40,0,95 63,1,10,,651713,40,0,95 63,1,10,,651699,40,0,95 63,1,10,,651773,40,0,95 63,1,50,,651726,40,0,95 63,1,9,,651681,40,0,95 63,1,7,,651730,40,0,95 63,1,8,,651774,40,0,95 63,1,7,,651678,40,0,95 63,1,10,,651732,40,0,95 63,1,10,,651680,40,0,95 63,1,50,,651729,40,0,95 63,1,10,,651734,40,0,95 63,1,10,,651679,40,0,95 63,1,10,,651676,40,0,95 63,1,10,,651757,40,0,95 63,1,10,,651753,40,0,95 63,1,50,,651736,40,0,95 63,1,10,,589665,40,0,95 63,1,10,,651756,40,0,95 63,1,10,,651738,40,0,95 63,1,10,,651719,40,0,95 63,1,10,,651697,40,0,95 63,1,50,,651682,40,0,95 63,1,8,,651683,40,0,95 63,1,7,,651687,40,0,95 63,1,6,,559031,40,0,95 63,1,10,,651715,40,0,95 63,1,10,,651741,40,0,95 63,1,10,,651761,40,0,95 63,1,50,,651700,40,0,95 63,1,10,,651684,40,0,95 63,1,10,,651772,40,0,95 63,1,10,,651745,40,0,95 63,1,10,,574513,40,0,95 63,1,10,,516333,40,0,95 63,1,50,,580507,40,0,95 63,1,10,,651748,40,0,95 63,1,10,,651724,40,0,95 63,1,10,,651750,40,0,95 63,1,10,,651712,40,0,95 63,1,10,,651692,40,0,95 63,1,50,,651749,40,0,95 63,1,10,,651709,40,0,95 63,1,10,,597647,40,0,95 63,1,10,,651733,40,0,95 63,1,14,,651707,40,0,95 63,1,55,,651695,40,0,95 63,1,15,,651690,40,0,95 63,1,15,,651769,40,0,95 63,1
8903,'5',538,,651817,37,0,95 63,1,70,,651864,41,0,95 63,1,12,,651791,40,0,95 63,1,10,,651795,40,0,95 63,1,10,,651799,40,0,95 63,1,10,,580072,40,0,95 63,1,50,,651789,40,0,95 63,1,10,,651852,40,0,95 63,1,10,,651779,40,0,95 63,1,10,,651823,40,0,95 63,1,10,,651872,40,0,95 63,1,10,,601744,40,0,95 63,1,51,,651862,40,0,95 63,1,10,,651786,40,0,95 63,1,10,,651822,40,0,95 63,1,16,,651870,40,0,95 63,1,10,,651839,40,0,95 63,1,10,,569192,40,0,95 63,1,50,,651803,40,0,95 63,1,10,,651841,40,0,95 63,1,10,,576114,40,0,95 63,1,10,,529093,40,0,95 63,1,10,,651828,40,0,95 63,1,10,,651838,40,0,95 63,1,50,,651818,40,0,95 63,1,10,,651787,40,0,95 63,1,10,,651814,40,0,95 63,1,10,,651848,40,0,95 63,1,10,,651827,40,0,95 63,1,10,,651796,40,0,95 63,1,50,,651785,40,0,95 63,1,10,,651853,40,0,95 63,1,10,,651804,40,0,95 63,1,10,,547775,40,0,95 63,1,10,,651834,40,0,95 63,1,10,,651790,40,0,95 63,1,50,,651842,40,0,95 63,1,12,,587578,40,0,95 63,1,11,,651860,40,0,95 63,1,13,,651815,40,0,95 63,1,10,,651783,40,0,95 63,1,50,,651856,40,0,95 63,1,10,,651797,40,0,95 63,1,10,,567354,40,0,95 63,1,10,,651807,40,0,95 63,1,10,,651776,40,0,95 63,1,10,,651845,40,0,95 63,1,50,,527996,40,0,95 63,1,10,,651830,40,0,95 63,1,10,,651782,40,0,95 63,1,10,,651812,40,0,95 63,1,10,,651806,40,0,95 63,1,10,,651781,40,0,95 63,1,50,,651866,40,0,95 63,1,10,,651824,40,0,95 63,1,10,,651780,40,0,95 63,1,10,,587143,40,0,95 63,1,10,,601096,40,0,95 63,1,10,,651851,40,0,95 63,1,50,,651840,40,0,95 63,1,10,,593741,40,0,95 63,1,10,,591323,40,0,95 63,1,10,,651847,40,0,95 63,1,10,,651800,40,0,95 63,1,10,,651871,40,0,95 63,1,50,,651793,40,0,95 63,1,10,,651825,40,0,95 63,1,10,,651854,40,0,95 63,1,10,,651865,40,0,95 63,1,10,,651826,40,0,95 63,1,10,,651849,40,0,95 63,1,50,,651855,40,0,95 63,1,10,,562468,40,0,95 63,1,10,,651835,40,0,95 63,1,10,,559190,40,0,95 63,1,10,,651808,40,0,95 63,1,10,,651820,40,0,95 63,1,50,,651867,40,0,95 63,1,9,,651836,40,0,95 63,1,7,,651846,40,0,95 63,1,8,,651792,40,0,95 63,1,7,,562680,40,0,95 63,1,10,,651798,40,0,95 63,1,10,,651832,40,0,95 63,1,50,,651801,40,0,95 63,1,10,,651858,40,0,95 63,1,10,,651829,40,0,95 63,1,10,,651778,40,0,95 63,1,10,,651869,40,0,95 63,1,10,,651843,40,0,95 63,1,50,,651873,40,0,95 63,1,10,,651809,40,0,95 63,1,10,,651831,40,0,95 63,1,10,,651775,40,0,95 63,1,10,,530295,40,0,95 63,1,10,,651810,40,0,95 63,1,50,,651868,40,0,95 63,1,8,,525382,40,0,95 63,1,7,,651833,40,0,95 63,1,6,,651794,40,0,95 63,1,10,,543942,40,0,95 63,1,10,,553951,40,0,95 63,1,10,,651819,40,0,95 63,1,50,,651821,40,0,95 63,1,10,,651816,40,0,95 63,1,10,,651837,40,0,95 63,1,10,,651811,40,0,95 63,1,10,,651813,40,0,95 63,1,10,,651861,40,0,95 63,1,50,,530934,40,0,95 63,1,10,,532822,40,0,95 63,1,10,,651784,40,0,95 63,1,10,,651777,40,0,95 63,1,10,,524078,40,0,95 63,1,10,,651857,40,0,95 63,1,50,,651850,40,0,95 63,1,10,,651844,40,0,95 63,1,10,,651859,40,0,95 63,1,10,,651802,40,0,95 63,1,14,,651805,40,0,95 63,1,55,,651788,40,0,95 63,1,15,,517389,40,0,95 63,1,15,,651863,40,0,95 63,1
15802,'1',532,,550754,19,0,62 63 3 88,1,11,,674950,19,0,62 63 3 88,1,12,,674926,19,0,62 63 3 88,1,50,,570782,19,0,62 63 3 88,1,10,,674966,19,0,62 63 3 88,1,10,,521387,19,0,62 63 3 88,1,10,,535994,19,0,62 63 3 88,1,10,,674951,19,0,62 63 3 88,1,10,,539234,19,0,62 63 3 88,1,51,,472240,19,0,62 63 3 88,1,10,,570324,19,0,62 63 3 88,1,10,,674930,19,0,62 63 3 88,1,10,,674922,19,0,62 63 3 88,1,10,,674968,19,0,62 63 3 88,1,10,,674961,19,0,62 63 3 88,1,50,,674945,19,0,62 63 3 88,1,10,,674928,19,0,62 63 3 88,1,10,,597258,19,0,62 63 3 88,1,10,,565968,19,0,62 63 3 88,1,10,,674921,19,0,62 63 3 88,1,10,,415508,19,0,62 63 3 88,1,51,,587903,19,0,62 63 3 88,1,11,,674919,19,0,62 63 3 88,1,15,,674935,19,0,62 63 3 88,1,15,,674944,19,0,62 63 3 88,1,55,,674942,19,0,62 63 3 88,1,15,,584713,19,0,62 63 3 88,1,15,,674946,19,0,62 63 3 88,1,15,,674948,19,0,62 63 3 88,1,55,,674953,19,0,62 63 3 88,1,15,,674954,19,0,62 63 3 88,1,15,,674967,19,0,62 63 3 88,1,15,,674969,19,0,62 63 3 88,1,55,,674934,19,0,62 63 3 88,1,15,,674976,19,0,62 63 3 88,1,15,,674943,19,0,62 63 3 88,1,15,,674973,19,0,62 63 3 88,1,55,,674971,19,0,62 63 3 88,1,15,,674929,19,0,62 63 3 88,1,15,,674962,19,0,62 63 3 88,1,15,,512359,19,0,62 63 3 88,1,55,,584688,19,0,62 63 3 88,1,15,,674955,19,0,62 63 3 88,1,15,,674925,19,0,62 63 3 88,1,15,,503389,19,0,62 63 3 88,1,55,,674979,19,0,62 63 3 88,1,15,,674933,19,0,62 63 3 88,1,14,,674940,19,0,62 63 3 88,1,13,,674923,19,0,62 63 3 88,1,55,,674931,19,0,62 63 3 88,1,15,,674975,19,0,62 63 3 88,1,15,,674941,19,0,62 63 3 88,1,15,,674917,19,0,62 63 3 88,1,55,,674956,19,0,62 63 3 88,1,15,,674937,19,0,62 63 3 88,1,15,,674965,19,0,62 63 3 88,1,15,,674972,19,0,62 63 3 88,1,55,,674947,19,0,62 63 3 88,1,15,,674963,19,0,62 63 3 88,1,15,,674957,19,0,62 63 3 88,1,15,,590795,19,0,62 63 3 88,1,55,,674920,19,0,62 63 3 88,1,12,,674938,19,0,62 63 3 88,1,13,,674978,19,0,62 63 3 88,1,18,,584635,19,0,62 63 3 88,1,58,,540846,19,0,62 63 3 88,1,18,,522306,19,0,62 63 3 88,1,18,,674960,19,0,62 63 3 88,1,18,,674939,19,0,62 63 3 88,1,58,,674932,19,0,62 63 3 88,1,18,,674952,19,0,62 63 3 88,1,18,,674964,19,0,62 63 3 88,1,56,,674918,19,0,62 63 3 88,1,14,,674936,19,0,62 63 3 88,1,16,,674924,19,0,62 63 3 88,1,19,,674958,19,0,62 63 3 88,1,60,,674977,19,0,62 63 3 88,1,20,,575135,19,0,62 63 3 88,1,20,,674974,19,0,62 63 3 88,1,60,,674927,19,0,62 63 3 88,1,20,,674959,19,0,62 63 3 88,1,20,,674949,19,0,62 63 3 88,1,60,,674970,19,0,62 63 3 88,1
15802,'2',615,,513468,19,0,62 63 3 88,1,20,,675029,19,0,62 63 3 88,1,20,,585967,19,0,62 63 3 88,1,60,,675024,19,0,62 63 3 88,1,20,,675003,19,0,62 63 3 88,1,20,,675025,19,0,62 63 3 88,1,64,,675008,19,0,62 63 3 88,1,18,,675019,19,0,62 63 3 88,1,18,,674993,19,0,62 63 3 88,1,58,,529542,19,0,62 63 3 88,1,18,,675004,19,0,62 63 3 88,1,18,,674987,19,0,62 63 3 88,1,58,,454900,19,0,62 63 3 88,1,18,,675012,19,0,62 63 3 88,1,18,,675026,19,0,62 63 3 88,1,58,,674997,19,0,62 63 3 88,1,18,,675015,19,0,62 63 3 88,1,18,,674996,19,0,62 63 3 88,1,18,,674990,19,0,62 63 3 88,1,60,,675022,19,0,62 63 3 88,1,18,,674980,19,0,62 63 3 88,1,16,,675011,19,0,62 63 3 88,1,56,,675030,19,0,62 63 3 88,1,16,,557262,19,0,62 63 3 88,1,16,,675013,19,0,62 63 3 88,1,16,,382877,19,0,62 63 3 88,1,56,,469182,19,0,62 63 3 88,1,16,,675009,19,0,62 63 3 88,1,16,,674992,19,0,62 63 3 88,1,16,,675014,19,0,62 63 3 88,1,56,,675018,19,0,62 63 3 88,1,16,,675023,19,0,62 63 3 88,1,16,,474237,19,0,62 63 3 88,1,56,,674985,19,0,62 63 3 88,1,16,,674981,19,0,62 63 3 88,1,16,,674995,19,0,62 63 3 88,1,16,,674998,19,0,62 63 3 88,1,56,,674984,19,0,62 63 3 88,1,16,,674988,19,0,62 63 3 88,1,16,,674991,19,0,62 63 3 88,1,16,,675010,19,0,62 63 3 88,1,56,,675001,19,0,62 63 3 88,1,16,,675021,19,0,62 63 3 88,1,16,,674994,19,0,62 63 3 88,1,16,,675002,19,0,62 63 3 88,1,54,,675016,19,0,62 63 3 88,1,14,,675000,19,0,62 63 3 88,1,18,,675007,19,0,62 63 3 88,1,58,,674999,19,0,62 63 3 88,1,18,,577204,19,0,62 63 3 88,1,18,,588531,19,0,62 63 3 88,1,18,,674983,19,0,62 63 3 88,1,58,,559433,19,0,62 63 3 88,1,18,,675027,19,0,62 63 3 88,1,18,,534700,19,0,62 63 3 88,1,56,,552190,19,0,62 63 3 88,1,14,,675005,19,0,62 63 3 88,1,16,,674986,19,0,62 63 3 88,1,19,,479521,19,0,62 63 3 88,1,60,,674982,19,0,62 63 3 88,1,20,,675020,19,0,62 63 3 88,1,20,,675017,19,0,62 63 3 88,1,60,,675028,19,0,62 63 3 88,1,20,,674989,19,0,62 63 3 88,1,20,,675031,19,0,62 63 3 88,1,60,,675006,19,0,62 63 3 88,1
15802,'3',729,,675033,19,0,62 63 3 88,1,28,,541277,19,0,62 63 3 88,1,60,,585995,19,0,62 63 3 88,1,18,,675053,19,0,62 63 3 88,1,18,,675074,19,0,62 63 3 88,1,58,,675060,19,0,62 63 3 88,1,18,,675032,19,0,62 63 3 88,1,18,,675051,19,0,62 63 3 88,1,58,,675059,19,0,62 63 3 88,1,18,,675052,19,0,62 63 3 88,1,18,,675076,19,0,62 63 3 88,1,18,,675057,19,0,62 63 3 88,1,58,,675062,19,0,62 63 3 88,1,18,,675070,19,0,62 63 3 88,1,18,,408922,19,0,62 63 3 88,1,60,,675047,19,0,62 63 3 88,1,19,,675036,19,0,62 63 3 88,1,18,,675037,19,0,62 63 3 88,1,58,,530261,19,0,62 63 3 88,1,18,,675075,19,0,62 63 3 88,1,18,,675041,19,0,62 63 3 88,1,58,,675045,19,0,62 63 3 88,1,18,,675066,19,0,62 63 3 88,1,18,,602035,19,0,62 63 3 88,1,18,,675054,19,0,62 63 3 88,1,58,,675050,19,0,62 63 3 88,1,18,,675055,19,0,62 63 3 88,1,18,,675039,19,0,62 63 3 88,1,58,,675061,19,0,62 63 3 88,1,18,,517286,19,0,62 63 3 88,1,18,,675035,19,0,62 63 3 88,1,58,,675073,19,0,62 63 3 88,1,18,,675040,19,0,62 63 3 88,1,18,,572325,19,0,62 63 3 88,1,18,,675064,19,0,62 63 3 88,1,58,,460438,19,0,62 63 3 88,1,18,,491945,19,0,62 63 3 88,1,18,,518480,19,0,62 63 3 88,1,57,,675049,19,0,62 63 3 88,1,17,,675071,19,0,62 63 3 88,1,18,,675065,19,0,62 63 3 88,1,58,,675058,19,0,62 63 3 88,1,18,,675044,19,0,62 63 3 88,1,18,,560531,19,0,62 63 3 88,1,18,,675063,19,0,62 63 3 88,1,58,,675042,19,0,62 63 3 88,1,18,,675068,19,0,62 63 3 88,1,18,,675038,19,0,62 63 3 88,1,57,,560085,19,0,62 63 3 88,1,14,,675048,19,0,62 63 3 88,1,16,,675072,19,0,62 63 3 88,1,19,,675056,19,0,62 63 3 88,1,60,,675043,19,0,62 63 3 88,1,20,,522098,19,0,62 63 3 88,1,20,,675067,19,0,62 63 3 88,1,60,,675046,19,0,62 63 3 88,1,20,,593420,19,0,62 63 3 88,1,20,,675034,19,0,62 63 3 88,1,60,,675069,19,0,62 63 3 88,1
15802,'5',608,,675097,19,0,62 63 3 88,1,20,,675099,19,0,62 63 3 88,1,20,,675091,19,0,62 63 3 88,1,60,,515360,19,0,62 63 3 88,1,17,,675093,19,0,62 63 3 88,1,17,,675087,19,0,62 63 3 88,1,15,,589775,19,0,62 63 3 88,1,60,,675118,19,0,62 63 3 88,1,18,,571913,19,0,62 63 3 88,1,18,,675115,19,0,62 63 3 88,1,58,,675079,19,0,62 63 3 88,1,18,,675090,19,0,62 63 3 88,1,18,,675121,19,0,62 63 3 88,1,58,,675103,19,0,62 63 3 88,1,18,,585686,19,0,62 63 3 88,1,18,,675107,19,0,62 63 3 88,1,18,,675101,19,0,62 63 3 88,1,58,,675109,19,0,62 63 3 88,1,18,,675088,19,0,62 63 3 88,1,18,,675110,19,0,62 63 3 88,1,60,,547558,19,0,62 63 3 88,1,19,,586379,19,0,62 63 3 88,1,18,,675092,19,0,62 63 3 88,1,58,,675096,19,0,62 63 3 88,1,18,,516798,19,0,62 63 3 88,1,18,,675100,19,0,62 63 3 88,1,58,,675117,19,0,62 63 3 88,1,18,,675102,19,0,62 63 3 88,1,18,,675112,19,0,62 63 3 88,1,18,,675105,19,0,62 63 3 88,1,58,,675104,19,0,62 63 3 88,1,18,,675114,19,0,62 63 3 88,1,18,,525381,19,0,62 63 3 88,1,58,,675116,19,0,62 63 3 88,1,18,,675086,19,0,62 63 3 88,1,18,,525958,19,0,62 63 3 88,1,58,,675119,19,0,62 63 3 88,1,18,,675108,19,0,62 63 3 88,1,18,,533901,19,0,62 63 3 88,1,18,,675081,19,0,62 63 3 88,1,58,,675084,19,0,62 63 3 88,1,18,,601707,19,0,62 63 3 88,1,18,,675098,19,0,62 63 3 88,1,57,,675120,19,0,62 63 3 88,1,17,,675094,19,0,62 63 3 88,1,18,,675080,19,0,62 63 3 88,1,58,,675077,19,0,62 63 3 88,1,18,,675111,19,0,62 63 3 88,1,18,,529219,19,0,62 63 3 88,1,18,,675095,19,0,62 63 3 88,1,58,,675085,19,0,62 63 3 88,1,18,,675078,19,0,62 63 3 88,1,18,,525336,19,0,62 63 3 88,1,57,,675089,19,0,62 63 3 88,1,14,,675083,19,0,62 63 3 88,1,16,,675122,19,0,62 63 3 88,1,19,,675113,19,0,62 63 3 88,1,60,,524191,19,0,62 63 3 88,1,20,,532161,19,0,62 63 3 88,1,20,,587571,19,0,62 63 3 88,1,60,,571857,19,0,62 63 3 88,1,20,,675082,19,0,62 63 3 88,1,20,,675106,19,0,62 63 3 88,1,60,,569768,19,0,62 63 3 88,1
