9501,'1',2001,,831339,57,4,,1,12,,659253,57,4,,1,12,,719710,57,4,,1,12,,719172,57,4,,1,12,,831274,57,4,,1,52,,831299,57,4,,1,12,,831351,57,4,,1,12,,831281,57,4,,1,12,,831330,57,4,,1,12,,831327,57,4,,1,52,,749329,57,4,,1,11,,641888,57,4,,1,10,,831366,57,4,,1,11,,831295,57,4,,1,11,,831340,57,4,,1,11,,831290,57,4,,1,52,,831353,57,4,,1,14,,831289,57,4,,1,16,,831296,57,4,,1,16,,831356,57,4,,1,56,,831302,57,4,,1,16,,667506,57,4,,1,16,,831331,57,4,,1,16,,763000,57,4,,1,56,,831285,57,4,,1,16,,831313,57,4,,1,15,,777659,57,4,,1,65,,831314,57,4,,1,30,,831337,57,4,,1
9501,'2',641,,831422,57,4,,1,16,,753517,57,4,,1,56,,831473,57,4,,1,16,,831432,57,4,,1,16,,831390,57,4,,1,56,,831522,57,4,,1,16,,698645,57,4,,1,16,,831428,57,4,,1,16,,831467,57,4,,1,56,,692249,57,4,,1,16,,831456,57,4,,1,16,,710296,57,4,,1,14,,831404,57,4,,1,53,,831483,57,4,,1,13,,831482,57,4,,1,12,,831459,57,4,,1,12,,831466,57,4,,1,12,,831426,57,4,,1,52,,691154,57,4,,1,12,,697461,57,4,,1,12,,831521,57,4,,1,12,,831517,57,4,,1,12,,831461,57,4,,1,52,,831384,57,4,,1,12,,831460,57,4,,1,12,,831493,57,4,,1,12,,831424,57,4,,1,12,,831497,57,4,,1,54,,713102,57,4,,1,14,,681280,57,4,,1,14,,831442,57,4,,1,12,,831437,57,4,,1,12,,672876,57,4,,1,52,,831379,57,4,,1,12,,831383,57,4,,1,12,,831443,57,4,,1,12,,831431,57,4,,1,12,,831436,57,4,,1,52,,831381,57,4,,1,12,,831392,57,4,,1,12,,831449,57,4,,1,12,,831477,57,4,,1,12,,831491,57,4,,1,52,,831415,57,4,,1,12,,775431,57,4,,1,12,,655841,57,4,,1,12,,831520,57,4,,1,12,,774062,57,4,,1,52,,726804,57,4,,1,12,,831397,57,4,,1,12,,831434,57,4,,1,12,,831471,57,4,,1,12,,831500,57,4,,1,52,,831373,57,4,,1,12,,831407,57,4,,1,12,,831451,57,4,,1,12,,719351,57,4,,1,12,,831416,57,4,,1,52,,831463,57,4,,1,12,,731512,57,4,,1,10,,831412,57,4,,1,11,,831501,57,4,,1,15,,831450,57,4,,1,56,,741827,57,4,,1,16,,831476,57,4,,1,16,,566985,57,4,,1,56,,831453,57,4,,1,16,,831395,57,4,,1,16,,831494,57,4,,1,16,,831454,57,4,,1,55,,831393,57,4,,1,14,,831462,57,4,,1,14,,831457,57,4,,1,15,,831438,57,4,,1,56,,831387,57,4,,1,16,,831504,57,4,,1,16,,831377,57,4,,1,16,,765510,57,4,,1,56,,831469,57,4,,1,16,,750602,57,4,,1,16,,831439,57,4,,1,16,,831435,57,4,,1,56,,831487,57,4,,1,16,,831410,57,4,,1,15,,831470,57,4,,1,65,,831472,57,4,,1,30,,831499,57,4,,1
9501,'3',848,,831534,57,4,,1,56,,831588,57,4,,1,16,,831651,57,4,,1,17,,831577,57,4,,1,18,,831587,57,4,,1,57,,767253,57,4,,1,16,,831593,57,4,,1,16,,831620,57,4,,1,56,,831527,57,4,,1,16,,831646,57,4,,1,16,,831626,57,4,,1,16,,831535,57,4,,1,56,,759163,57,4,,1,16,,831528,57,4,,1,16,,831541,57,4,,1,16,,701238,57,4,,1,56,,831582,57,4,,1,14,,831539,57,4,,1,13,,831628,57,4,,1,12,,831543,57,4,,1,12,,831561,57,4,,1,52,,831624,57,4,,1,12,,831590,57,4,,1,12,,831546,57,4,,1,12,,831649,57,4,,1,12,,737251,57,4,,1,52,,831602,57,4,,1,12,,831614,57,4,,1,12,,831555,57,4,,1,12,,831617,57,4,,1,12,,831621,57,4,,1,52,,831622,57,4,,1,12,,831556,57,4,,1,12,,831562,57,4,,1,12,,831594,57,4,,1,12,,831604,57,4,,1,52,,736313,57,4,,1,12,,831647,57,4,,1,12,,831592,57,4,,1,12,,831559,57,4,,1,12,,831550,57,4,,1,52,,831547,57,4,,1,12,,831608,57,4,,1,12,,831616,57,4,,1,12,,831597,57,4,,1,12,,831631,57,4,,1,52,,831584,57,4,,1,12,,769322,57,4,,1,10,,831533,57,4,,1,10,,747829,57,4,,1,12,,831554,57,4,,1,56,,831552,57,4,,1,16,,769101,57,4,,1,16,,831569,57,4,,1,16,,831637,57,4,,1,56,,831596,57,4,,1,16,,831591,57,4,,1,16,,756915,57,4,,1,56,,831638,57,4,,1,14,,831580,57,4,,1,14,,831571,57,4,,1,15,,831530,57,4,,1,58,,831573,57,4,,1,20,,831600,57,4,,1,20,,831607,57,4,,1,60,,831548,57,4,,1,20,,736281,57,4,,1,20,,831643,57,4,,1,60,,831610,57,4,,1,20,,831634,57,4,,1,19,,831567,57,4,,1,66,,752478,57,4,,1,30,,831639,57,4,,1
9501,'5',635,,606580,57,4,,1,16,,831741,57,4,,1,56,,831693,57,4,,1,20,,576733,57,4,,1,16,,831659,57,4,,1,16,,831708,57,4,,1,56,,831677,57,4,,1,16,,831768,57,4,,1,17,,831770,57,4,,1,56,,831673,57,4,,1,16,,831722,57,4,,1,17,,726314,57,4,,1,18,,831772,57,4,,1,57,,702852,57,4,,1,16,,754237,57,4,,1,16,,763830,57,4,,1,56,,831773,57,4,,1,16,,698888,57,4,,1,16,,831735,57,4,,1,16,,831665,57,4,,1,56,,732332,57,4,,1,16,,831755,57,4,,1,16,,769553,57,4,,1,16,,831754,57,4,,1,56,,748829,57,4,,1,14,,722788,57,4,,1,13,,831660,57,4,,1,12,,831742,57,4,,1,12,,831694,57,4,,1,52,,831706,57,4,,1,12,,831743,57,4,,1,12,,831783,57,4,,1,12,,831680,57,4,,1,12,,831776,57,4,,1,52,,713533,57,4,,1,12,,831683,57,4,,1,12,,831718,57,4,,1,12,,668176,57,4,,1,12,,831700,57,4,,1,52,,831695,57,4,,1,12,,701651,57,4,,1,12,,831750,57,4,,1,12,,710626,57,4,,1,12,,711685,57,4,,1,52,,831668,57,4,,1,12,,831686,57,4,,1,12,,831724,57,4,,1,12,,831779,57,4,,1,12,,652573,57,4,,1,52,,831697,57,4,,1,12,,831759,57,4,,1,12,,831771,57,4,,1,12,,831720,57,4,,1,12,,831746,57,4,,1,52,,831728,57,4,,1,12,,831696,57,4,,1,10,,831713,57,4,,1,10,,831688,57,4,,1,12,,754587,57,4,,1,56,,831733,57,4,,1,16,,831780,57,4,,1,16,,831681,57,4,,1,16,,713534,57,4,,1,56,,552597,57,4,,1,16,,831763,57,4,,1,16,,831674,57,4,,1,56,,831692,57,4,,1,14,,831671,57,4,,1,14,,831734,57,4,,1,15,,831662,57,4,,1,58,,831758,57,4,,1,20,,831786,57,4,,1,20,,759031,57,4,,1,60,,831749,57,4,,1,20,,710165,57,4,,1,20,,831670,57,4,,1,60,,831678,57,4,,1,20,,831736,57,4,,1,19,,831690,57,4,,1,66,,831726,57,4,,1,30,,831691,57,4,,1
9502,'1',1913,,778808,1,0,14 38 15,1,12,,831845,1,0,14 38 15,1,12,,733933,1,0,14 38 15,1,12,,831803,1,0,14 38 15,1,52,,831829,1,0,14 38 15,1,12,,831805,1,0,14 38 15,1,12,,831886,1,0,14 38 15,1,12,,646190,1,0,14 38 15,1,12,,831885,1,0,14 38 15,1,52,,831796,1,0,14 38 15,1,14,,831851,1,0,14 38 15,1,16,,831808,1,0,14 38 15,1,16,,831874,1,0,14 38 15,1,56,,831838,1,0,14 38 15,1,16,,831855,1,0,14 38 15,1,16,,831804,1,0,14 38 15,1,16,,831801,1,0,14 38 15,1,56,,831821,1,0,14 38 15,1,16,,831879,1,0,14 38 15,1,16,,831800,1,0,14 38 15,1,16,,831839,1,0,14 38 15,1,56,,831817,1,0,14 38 15,1,16,,831890,1,0,14 38 15,1,16,,716106,1,0,14 38 15,1,70,,688939,1,0,14 38 15,1
9502,'2',540,,831895,1,0,14 38 15,1,16,,831901,1,0,14 38 15,1,56,,832011,1,0,14 38 15,1,16,,831949,1,0,14 38 15,1,16,,831954,1,0,14 38 15,1,56,,831900,1,0,14 38 15,1,16,,716141,1,0,14 38 15,1,16,,832007,1,0,14 38 15,1,16,,831935,1,0,14 38 15,1,56,,832014,1,0,14 38 15,1,12,,831991,1,0,14 38 15,1,12,,831916,1,0,14 38 15,1,12,,831905,1,0,14 38 15,1,12,,831961,1,0,14 38 15,1,52,,831966,1,0,14 38 15,1,12,,831938,1,0,14 38 15,1,10,,831927,1,0,14 38 15,1,10,,831918,1,0,14 38 15,1,11,,831977,1,0,14 38 15,1,12,,700737,1,0,14 38 15,1,52,,831997,1,0,14 38 15,1,12,,832006,1,0,14 38 15,1,12,,831942,1,0,14 38 15,1,12,,831981,1,0,14 38 15,1,12,,831973,1,0,14 38 15,1,52,,831978,1,0,14 38 15,1,12,,832044,1,0,14 38 15,1,12,,831989,1,0,14 38 15,1,12,,832025,1,0,14 38 15,1,12,,831897,1,0,14 38 15,1,52,,831912,1,0,14 38 15,1,10,,832027,1,0,14 38 15,1,10,,832003,1,0,14 38 15,1,12,,831924,1,0,14 38 15,1,12,,831922,1,0,14 38 15,1,52,,832017,1,0,14 38 15,1,12,,831915,1,0,14 38 15,1,12,,726211,1,0,14 38 15,1,12,,831964,1,0,14 38 15,1,12,,831953,1,0,14 38 15,1,52,,648107,1,0,14 38 15,1,12,,831898,1,0,14 38 15,1,12,,831998,1,0,14 38 15,1,12,,832019,1,0,14 38 15,1,12,,832004,1,0,14 38 15,1,52,,832031,1,0,14 38 15,1,12,,831967,1,0,14 38 15,1,12,,831995,1,0,14 38 15,1,12,,832045,1,0,14 38 15,1,12,,831988,1,0,14 38 15,1,52,,832041,1,0,14 38 15,1,12,,831992,1,0,14 38 15,1,12,,832013,1,0,14 38 15,1,12,,831984,1,0,14 38 15,1,12,,832037,1,0,14 38 15,1,52,,831982,1,0,14 38 15,1,12,,832024,1,0,14 38 15,1,12,,832032,1,0,14 38 15,1,12,,831902,1,0,14 38 15,1,12,,774832,1,0,14 38 15,1,53,,831993,1,0,14 38 15,1,16,,831980,1,0,14 38 15,1,17,,832009,1,0,14 38 15,1,18,,831903,1,0,14 38 15,1,57,,832008,1,0,14 38 15,1,16,,700067,1,0,14 38 15,1,16,,832039,1,0,14 38 15,1,56,,681451,1,0,14 38 15,1,17,,832015,1,0,14 38 15,1,18,,831906,1,0,14 38 15,1,18,,831971,1,0,14 38 15,1,58,,831957,1,0,14 38 15,1,18,,832040,1,0,14 38 15,1,17,,831951,1,0,14 38 15,1,56,,771121,1,0,14 38 15,1,16,,722493,1,0,14 38 15,1,16,,831913,1,0,14 38 15,1,16,,831932,1,0,14 38 15,1,56,,831944,1,0,14 38 15,1,16,,831907,1,0,14 38 15,1,16,,832018,1,0,14 38 15,1,16,,831931,1,0,14 38 15,1,56,,831945,1,0,14 38 15,1,16,,693458,1,0,14 38 15,1,16,,631434,1,0,14 38 15,1,69,,832029,1,0,14 38 15,1
9502,'3',738,,725107,1,0,14 38 15,1,14,,832082,1,0,14 38 15,1,54,,832103,1,0,14 38 15,1,16,,832113,1,0,14 38 15,1,16,,832089,1,0,14 38 15,1,16,,832146,1,0,14 38 15,1,56,,832108,1,0,14 38 15,1,16,,832073,1,0,14 38 15,1,16,,736814,1,0,14 38 15,1,16,,743256,1,0,14 38 15,1,56,,832110,1,0,14 38 15,1,16,,832107,1,0,14 38 15,1,16,,832094,1,0,14 38 15,1,56,,832047,1,0,14 38 15,1,16,,832141,1,0,14 38 15,1,12,,832055,1,0,14 38 15,1,12,,832096,1,0,14 38 15,1,12,,832154,1,0,14 38 15,1,51,,832054,1,0,14 38 15,1,11,,616960,1,0,14 38 15,1,12,,832126,1,0,14 38 15,1,12,,832142,1,0,14 38 15,1,12,,730936,1,0,14 38 15,1,52,,832062,1,0,14 38 15,1,12,,832114,1,0,14 38 15,1,12,,711062,1,0,14 38 15,1,12,,832098,1,0,14 38 15,1,12,,832158,1,0,14 38 15,1,52,,832118,1,0,14 38 15,1,12,,774326,1,0,14 38 15,1,12,,716014,1,0,14 38 15,1,12,,832052,1,0,14 38 15,1,12,,832086,1,0,14 38 15,1,52,,832088,1,0,14 38 15,1,12,,832161,1,0,14 38 15,1,12,,832124,1,0,14 38 15,1,12,,832056,1,0,14 38 15,1,12,,708772,1,0,14 38 15,1,52,,832051,1,0,14 38 15,1,12,,832080,1,0,14 38 15,1,12,,707799,1,0,14 38 15,1,12,,832048,1,0,14 38 15,1,12,,832133,1,0,14 38 15,1,52,,675066,1,0,14 38 15,1,12,,832145,1,0,14 38 15,1,12,,832063,1,0,14 38 15,1,12,,832136,1,0,14 38 15,1,12,,832122,1,0,14 38 15,1,52,,832084,1,0,14 38 15,1,14,,832150,1,0,14 38 15,1,16,,832116,1,0,14 38 15,1,17,,832074,1,0,14 38 15,1,58,,832109,1,0,14 38 15,1,16,,832075,1,0,14 38 15,1,16,,674290,1,0,14 38 15,1,16,,832120,1,0,14 38 15,1,56,,723832,1,0,14 38 15,1,16,,832058,1,0,14 38 15,1,16,,832128,1,0,14 38 15,1,58,,832123,1,0,14 38 15,1,17,,832106,1,0,14 38 15,1,22,,832111,1,0,14 38 15,1,62,,832081,1,0,14 38 15,1,22,,832046,1,0,14 38 15,1,20,,832083,1,0,14 38 15,1,60,,832079,1,0,14 38 15,1,20,,832070,1,0,14 38 15,1,20,,832078,1,0,14 38 15,1,60,,832134,1,0,14 38 15,1,20,,832104,1,0,14 38 15,1,20,,832076,1,0,14 38 15,1,69,,832160,1,0,14 38 15,1
9502,'5',540,,832284,1,0,14 38 15,1,16,,656653,1,0,14 38 15,1,56,,832275,1,0,14 38 15,1,16,,832241,1,0,14 38 15,1,16,,832224,1,0,14 38 15,1,56,,743871,1,0,14 38 15,1,16,,592781,1,0,14 38 15,1,16,,832179,1,0,14 38 15,1,10,,832242,1,0,14 38 15,1,10,,832256,1,0,14 38 15,1,54,,832192,1,0,14 38 15,1,16,,832198,1,0,14 38 15,1,16,,832196,1,0,14 38 15,1,16,,832180,1,0,14 38 15,1,56,,832187,1,0,14 38 15,1,16,,832177,1,0,14 38 15,1,16,,832195,1,0,14 38 15,1,16,,832227,1,0,14 38 15,1,56,,832271,1,0,14 38 15,1,16,,737397,1,0,14 38 15,1,16,,696009,1,0,14 38 15,1,56,,832281,1,0,14 38 15,1,16,,832238,1,0,14 38 15,1,12,,776856,1,0,14 38 15,1,12,,729910,1,0,14 38 15,1,12,,832239,1,0,14 38 15,1,51,,832168,1,0,14 38 15,1,11,,832163,1,0,14 38 15,1,12,,776549,1,0,14 38 15,1,12,,748843,1,0,14 38 15,1,12,,832201,1,0,14 38 15,1,52,,751290,1,0,14 38 15,1,12,,680189,1,0,14 38 15,1,12,,832267,1,0,14 38 15,1,12,,832175,1,0,14 38 15,1,12,,832285,1,0,14 38 15,1,52,,832218,1,0,14 38 15,1,12,,832243,1,0,14 38 15,1,12,,832164,1,0,14 38 15,1,12,,832252,1,0,14 38 15,1,12,,832280,1,0,14 38 15,1,52,,832170,1,0,14 38 15,1,12,,832167,1,0,14 38 15,1,12,,832229,1,0,14 38 15,1,12,,774121,1,0,14 38 15,1,12,,832222,1,0,14 38 15,1,52,,832214,1,0,14 38 15,1,12,,832234,1,0,14 38 15,1,12,,832282,1,0,14 38 15,1,12,,757458,1,0,14 38 15,1,12,,832276,1,0,14 38 15,1,52,,832279,1,0,14 38 15,1,12,,651862,1,0,14 38 15,1,12,,832264,1,0,14 38 15,1,12,,832176,1,0,14 38 15,1,12,,832189,1,0,14 38 15,1,52,,729303,1,0,14 38 15,1,14,,832165,1,0,14 38 15,1,16,,832268,1,0,14 38 15,1,17,,832251,1,0,14 38 15,1,58,,832173,1,0,14 38 15,1,16,,832178,1,0,14 38 15,1,16,,832230,1,0,14 38 15,1,16,,832277,1,0,14 38 15,1,56,,832174,1,0,14 38 15,1,16,,832221,1,0,14 38 15,1,16,,832217,1,0,14 38 15,1,58,,711210,1,0,14 38 15,1,17,,761423,1,0,14 38 15,1,22,,832166,1,0,14 38 15,1,62,,832190,1,0,14 38 15,1,22,,832228,1,0,14 38 15,1,20,,832172,1,0,14 38 15,1,60,,832226,1,0,14 38 15,1,20,,832274,1,0,14 38 15,1,20,,754276,1,0,14 38 15,1,60,,750989,1,0,14 38 15,1,20,,832193,1,0,14 38 15,1,20,,832185,1,0,14 38 15,1,69,,832203,1,0,14 38 15,1
90501,'1',617,,862390,13,4,,1,13,,862337,13,4,,1,12,,862402,13,4,,1,12,,862370,13,4,,1,52,,761880,13,4,,1,12,,535530,13,4,,1,12,,862353,13,4,,1,12,,862368,13,4,,1,12,,707990,13,4,,1,52,,657834,13,4,,1,12,,862371,13,4,,1,12,,862369,13,4,,1,12,,862357,13,4,,1,11,,862384,13,4,,1,48,,862355,13,4,,1,8,,862382,13,4,,1,8,,710471,13,4,,1,8,,862374,13,4,,1,9,,862406,13,4,,1,8,,862367,13,4,,1,8,,862385,13,4,,1,8,,539240,13,4,,1,48,,862376,13,4,,1,8,,652887,13,4,,1,8,,699705,13,4,,1,8,,862341,13,4,,1,8,,862340,13,4,,1,8,,862339,13,4,,1,8,,862343,13,4,,1,48,,862330,13,4,,1,8,,862398,13,4,,1,8,,862399,13,4,,1,8,,695192,13,4,,1,8,,862354,13,4,,1,8,,862401,13,4,,1,8,,641697,13,4,,1,8,,699007,13,4,,1,48,,862345,13,4,,1,8,,862335,13,4,,1,8,,862356,13,4,,1,8,,862381,13,4,,1,8,,727659,13,4,,1,8,,776886,13,4,,1,8,,738027,13,4,,1,48,,862342,13,4,,1,8,,862331,13,4,,1,8,,862400,13,4,,1,8,,862363,13,4,,1,8,,862378,13,4,,1,8,,862362,13,4,,1,8,,862388,13,4,,1,8,,862358,13,4,,1,48,,862391,13,4,,1,8,,862344,13,4,,1,8,,708001,13,4,,1,8,,862359,13,4,,1,8,,862395,13,4,,1,8,,862396,13,4,,1,8,,862352,13,4,,1,50,,691562,13,4,,1,12,,862389,13,4,,1,11,,862351,13,4,,1,11,,862366,13,4,,1,11,,722448,13,4,,1,51,,862372,13,4,,1,11,,740059,13,4,,1,11,,862379,13,4,,1,11,,862375,13,4,,1,11,,620520,13,4,,1,11,,862380,13,4,,1,51,,717401,13,4,,1,11,,862387,13,4,,1,11,,761485,13,4,,1,11,,862347,13,4,,1,11,,862349,13,4,,1,51,,862332,13,4,,1,11,,862364,13,4,,1,11,,862393,13,4,,1,11,,862404,13,4,,1,11,,862386,13,4,,1,8,,862336,13,4,,1,52,,862333,13,4,,1,10,,862392,13,4,,1,11,,862377,13,4,,1,11,,862403,13,4,,1,11,,862361,13,4,,1,11,,862360,13,4,,1,51,,862348,13,4,,1,11,,862334,13,4,,1,11,,862346,13,4,,1,11,,862397,13,4,,1,11,,862383,13,4,,1,51,,696554,13,4,,1,11,,862407,13,4,,1,11,,862338,13,4,,1,11,,862394,13,4,,1,11,,862373,13,4,,1,51,,862405,13,4,,1,10,,862350,13,4,,1,10,,751579,13,4,,1,9,,862365,13,4,,1
90501,'2',655,,723059,13,4,,1,60,,862430,13,4,,1,12,,862444,13,4,,1,12,,763995,13,4,,1,12,,862433,13,4,,1,52,,862420,13,4,,1,12,,692813,13,4,,1,15,,862425,13,4,,1,14,,862414,13,4,,1,14,,693083,13,4,,1,54,,862446,13,4,,1,14,,862449,13,4,,1,14,,862422,13,4,,1,14,,862438,13,4,,1,54,,862445,13,4,,1,14,,862426,13,4,,1,14,,670927,13,4,,1,14,,862409,13,4,,1,54,,862423,13,4,,1,14,,862448,13,4,,1,14,,862428,13,4,,1,14,,772187,13,4,,1,57,,702767,13,4,,1,15,,862418,13,4,,1,15,,862439,13,4,,1,15,,862413,13,4,,1,55,,862447,13,4,,1,15,,736174,13,4,,1,15,,862412,13,4,,1,15,,618429,13,4,,1,55,,862421,13,4,,1,15,,862427,13,4,,1,15,,862415,13,4,,1,15,,862434,13,4,,1,55,,760212,13,4,,1,15,,862442,13,4,,1,15,,862419,13,4,,1,15,,862424,13,4,,1,55,,862408,13,4,,1,15,,862429,13,4,,1,15,,862443,13,4,,1,15,,755021,13,4,,1,55,,862431,13,4,,1,15,,862432,13,4,,1,15,,862410,13,4,,1,15,,862436,13,4,,1,55,,862440,13,4,,1,15,,862435,13,4,,1,15,,862417,13,4,,1,15,,862411,13,4,,1,55,,862441,13,4,,1,15,,862437,13,4,,1,14,,862416,13,4,,1
90501,'3',827,,862478,13,4,,1,13,,862486,13,4,,1,14,,619219,13,4,,1,54,,862451,13,4,,1,14,,862460,13,4,,1,14,,862472,13,4,,1,14,,721515,13,4,,1,54,,862458,13,4,,1,14,,862459,13,4,,1,14,,755931,13,4,,1,14,,862479,13,4,,1,54,,862462,13,4,,1,14,,862482,13,4,,1,14,,618536,13,4,,1,14,,862474,13,4,,1,14,,862450,13,4,,1,55,,862456,13,4,,1,14,,862468,13,4,,1,14,,862461,13,4,,1,14,,862485,13,4,,1,54,,862476,13,4,,1,14,,862463,13,4,,1,14,,767929,13,4,,1,14,,862453,13,4,,1,54,,862488,13,4,,1,14,,701995,13,4,,1,14,,862481,13,4,,1,14,,773695,13,4,,1,14,,862455,13,4,,1,54,,862457,13,4,,1,14,,862480,13,4,,1,14,,862473,13,4,,1,14,,773651,13,4,,1,54,,862452,13,4,,1,14,,862469,13,4,,1,14,,862466,13,4,,1,14,,754118,13,4,,1,54,,862484,13,4,,1,14,,862470,13,4,,1,14,,862454,13,4,,1,14,,862465,13,4,,1,54,,862467,13,4,,1,14,,862477,13,4,,1,14,,862483,13,4,,1,14,,862471,13,4,,1,14,,862464,13,4,,1,54,,862487,13,4,,1,19,,862475,13,4,,1
90501,'5',727,,862514,13,4,,1,17,,862527,13,4,,1,14,,862501,13,4,,1,54,,746074,13,4,,1,14,,862523,13,4,,1,14,,770235,13,4,,1,14,,862506,13,4,,1,54,,862502,13,4,,1,14,,862505,13,4,,1,14,,862519,13,4,,1,14,,862526,13,4,,1,54,,862494,13,4,,1,14,,765200,13,4,,1,14,,862507,13,4,,1,14,,862493,13,4,,1,54,,862524,13,4,,1,14,,862498,13,4,,1,14,,862528,13,4,,1,14,,862515,13,4,,1,14,,536674,13,4,,1,55,,862490,13,4,,1,14,,862520,13,4,,1,14,,772559,13,4,,1,14,,862510,13,4,,1,54,,862511,13,4,,1,14,,862499,13,4,,1,14,,862522,13,4,,1,14,,862525,13,4,,1,54,,862491,13,4,,1,14,,862503,13,4,,1,14,,748857,13,4,,1,14,,862517,13,4,,1,14,,706085,13,4,,1,54,,862492,13,4,,1,14,,862529,13,4,,1,14,,862521,13,4,,1,14,,862489,13,4,,1,54,,862500,13,4,,1,14,,736397,13,4,,1,14,,862516,13,4,,1,14,,862518,13,4,,1,54,,676530,13,4,,1,14,,862504,13,4,,1,14,,862513,13,4,,1,14,,862508,13,4,,1,54,,737911,13,4,,1,14,,862496,13,4,,1,14,,862497,13,4,,1,14,,862512,13,4,,1,14,,729943,13,4,,1,54,,862509,13,4,,1,19,,862495,13,4,,1
90502,'1',620,,746967,1,0,34 55 8,1,12,,862569,1,0,34 55 8,1,12,,665661,1,0,34 55 8,1,12,,732446,1,0,34 55 8,1,52,,862568,1,0,34 55 8,1,12,,862579,1,0,34 55 8,1,12,,862591,1,0,34 55 8,1,12,,862573,1,0,34 55 8,1,12,,862542,1,0,34 55 8,1,52,,862580,1,0,34 55 8,1,12,,862588,1,0,34 55 8,1,12,,862561,1,0,34 55 8,1,12,,765425,1,0,34 55 8,1,12,,702243,1,0,34 55 8,1,48,,753985,1,0,34 55 8,1,8,,862532,1,0,34 55 8,1,8,,666260,1,0,34 55 8,1,8,,862571,1,0,34 55 8,1,8,,862585,1,0,34 55 8,1,8,,716690,1,0,34 55 8,1,8,,862597,1,0,34 55 8,1,48,,715926,1,0,34 55 8,1,8,,779010,1,0,34 55 8,1,8,,862582,1,0,34 55 8,1,8,,862539,1,0,34 55 8,1,8,,685096,1,0,34 55 8,1,8,,862595,1,0,34 55 8,1,8,,862587,1,0,34 55 8,1,8,,769739,1,0,34 55 8,1,48,,760133,1,0,34 55 8,1,8,,723203,1,0,34 55 8,1,8,,778421,1,0,34 55 8,1,8,,862599,1,0,34 55 8,1,8,,862562,1,0,34 55 8,1,8,,862572,1,0,34 55 8,1,8,,862570,1,0,34 55 8,1,48,,862589,1,0,34 55 8,1,8,,862548,1,0,34 55 8,1,8,,623497,1,0,34 55 8,1,8,,703040,1,0,34 55 8,1,8,,740035,1,0,34 55 8,1,8,,862567,1,0,34 55 8,1,8,,763770,1,0,34 55 8,1,8,,862598,1,0,34 55 8,1,48,,862536,1,0,34 55 8,1,8,,862543,1,0,34 55 8,1,8,,862556,1,0,34 55 8,1,8,,779013,1,0,34 55 8,1,8,,862537,1,0,34 55 8,1,8,,862552,1,0,34 55 8,1,8,,862550,1,0,34 55 8,1,48,,862564,1,0,34 55 8,1,8,,862558,1,0,34 55 8,1,8,,862560,1,0,34 55 8,1,8,,862535,1,0,34 55 8,1,8,,862555,1,0,34 55 8,1,8,,862577,1,0,34 55 8,1,8,,862554,1,0,34 55 8,1,9,,862575,1,0,34 55 8,1,51,,774641,1,0,34 55 8,1,11,,862545,1,0,34 55 8,1,11,,862566,1,0,34 55 8,1,11,,862553,1,0,34 55 8,1,11,,743581,1,0,34 55 8,1,51,,862584,1,0,34 55 8,1,11,,862530,1,0,34 55 8,1,11,,862581,1,0,34 55 8,1,11,,862600,1,0,34 55 8,1,11,,862559,1,0,34 55 8,1,11,,689951,1,0,34 55 8,1,51,,731279,1,0,34 55 8,1,11,,862576,1,0,34 55 8,1,11,,862531,1,0,34 55 8,1,11,,862590,1,0,34 55 8,1,11,,862533,1,0,34 55 8,1,51,,778539,1,0,34 55 8,1,11,,862574,1,0,34 55 8,1,10,,862594,1,0,34 55 8,1,10,,862546,1,0,34 55 8,1,11,,862596,1,0,34 55 8,1,11,,862602,1,0,34 55 8,1,51,,862557,1,0,34 55 8,1,11,,862593,1,0,34 55 8,1,11,,728849,1,0,34 55 8,1,11,,862540,1,0,34 55 8,1,11,,862601,1,0,34 55 8,1,51,,862583,1,0,34 55 8,1,11,,862538,1,0,34 55 8,1,11,,726995,1,0,34 55 8,1,11,,862534,1,0,34 55 8,1,11,,862578,1,0,34 55 8,1,11,,862586,1,0,34 55 8,1,51,,862563,1,0,34 55 8,1,11,,862592,1,0,34 55 8,1,11,,752195,1,0,34 55 8,1,11,,862551,1,0,34 55 8,1,11,,862544,1,0,34 55 8,1,51,,862547,1,0,34 55 8,1,11,,862565,1,0,34 55 8,1,11,,862549,1,0,34 55 8,1,17,,862541,1,0,34 55 8,1
90502,'2',706,,862628,1,0,34 55 8,1,11,,862625,1,0,34 55 8,1,12,,862640,1,0,34 55 8,1,12,,862642,1,0,34 55 8,1,12,,862622,1,0,34 55 8,1,54,,862638,1,0,34 55 8,1,14,,695912,1,0,34 55 8,1,14,,862634,1,0,34 55 8,1,14,,862633,1,0,34 55 8,1,54,,862631,1,0,34 55 8,1,14,,862615,1,0,34 55 8,1,14,,862620,1,0,34 55 8,1,14,,862613,1,0,34 55 8,1,14,,862630,1,0,34 55 8,1,54,,699244,1,0,34 55 8,1,14,,862608,1,0,34 55 8,1,14,,862635,1,0,34 55 8,1,14,,862619,1,0,34 55 8,1,54,,862607,1,0,34 55 8,1,14,,862624,1,0,34 55 8,1,15,,862637,1,0,34 55 8,1,15,,744590,1,0,34 55 8,1,55,,698197,1,0,34 55 8,1,15,,862610,1,0,34 55 8,1,15,,862609,1,0,34 55 8,1,15,,729200,1,0,34 55 8,1,55,,686903,1,0,34 55 8,1,15,,862618,1,0,34 55 8,1,15,,770351,1,0,34 55 8,1,15,,862604,1,0,34 55 8,1,55,,862603,1,0,34 55 8,1,15,,862611,1,0,34 55 8,1,15,,862623,1,0,34 55 8,1,15,,862621,1,0,34 55 8,1,55,,762250,1,0,34 55 8,1,15,,862627,1,0,34 55 8,1,15,,862626,1,0,34 55 8,1,15,,862612,1,0,34 55 8,1,55,,862614,1,0,34 55 8,1,15,,862636,1,0,34 55 8,1,15,,862606,1,0,34 55 8,1,15,,862641,1,0,34 55 8,1,55,,862639,1,0,34 55 8,1,15,,862616,1,0,34 55 8,1,15,,862617,1,0,34 55 8,1,15,,710834,1,0,34 55 8,1,55,,862629,1,0,34 55 8,1,15,,862643,1,0,34 55 8,1,15,,862632,1,0,34 55 8,1,15,,862605,1,0,34 55 8,1,52,,862644,1,0,34 55 8,1
90502,'3',735,,862661,1,0,34 55 8,1,14,,862663,1,0,34 55 8,1,54,,862672,1,0,34 55 8,1,14,,862662,1,0,34 55 8,1,14,,862677,1,0,34 55 8,1,14,,862670,1,0,34 55 8,1,14,,862681,1,0,34 55 8,1,54,,862656,1,0,34 55 8,1,14,,862652,1,0,34 55 8,1,14,,741050,1,0,34 55 8,1,14,,862668,1,0,34 55 8,1,54,,672060,1,0,34 55 8,1,14,,766728,1,0,34 55 8,1,14,,734520,1,0,34 55 8,1,14,,862649,1,0,34 55 8,1,54,,862659,1,0,34 55 8,1,14,,862658,1,0,34 55 8,1,14,,862679,1,0,34 55 8,1,14,,862657,1,0,34 55 8,1,54,,862683,1,0,34 55 8,1,14,,862654,1,0,34 55 8,1,14,,862665,1,0,34 55 8,1,14,,862674,1,0,34 55 8,1,14,,862648,1,0,34 55 8,1,54,,862667,1,0,34 55 8,1,14,,862678,1,0,34 55 8,1,14,,862675,1,0,34 55 8,1,14,,862680,1,0,34 55 8,1,54,,862655,1,0,34 55 8,1,14,,862666,1,0,34 55 8,1,14,,742707,1,0,34 55 8,1,14,,862682,1,0,34 55 8,1,54,,862671,1,0,34 55 8,1,14,,862676,1,0,34 55 8,1,14,,862673,1,0,34 55 8,1,14,,862645,1,0,34 55 8,1,14,,862669,1,0,34 55 8,1,54,,777847,1,0,34 55 8,1,14,,862664,1,0,34 55 8,1,14,,763694,1,0,34 55 8,1,14,,862684,1,0,34 55 8,1,54,,862685,1,0,34 55 8,1,14,,862647,1,0,34 55 8,1,14,,862651,1,0,34 55 8,1,14,,758079,1,0,34 55 8,1,54,,862653,1,0,34 55 8,1,14,,862646,1,0,34 55 8,1,14,,862650,1,0,34 55 8,1,14,,862660,1,0,34 55 8,1,58,,745413,1,0,34 55 8,1
90502,'5',735,,715505,1,0,34 55 8,1,14,,862727,1,0,34 55 8,1,54,,862692,1,0,34 55 8,1,14,,862700,1,0,34 55 8,1,14,,862724,1,0,34 55 8,1,14,,862714,1,0,34 55 8,1,14,,862715,1,0,34 55 8,1,54,,698442,1,0,34 55 8,1,14,,862696,1,0,34 55 8,1,14,,770481,1,0,34 55 8,1,14,,862701,1,0,34 55 8,1,54,,862699,1,0,34 55 8,1,14,,862709,1,0,34 55 8,1,14,,862697,1,0,34 55 8,1,14,,862710,1,0,34 55 8,1,54,,862713,1,0,34 55 8,1,14,,862712,1,0,34 55 8,1,14,,862716,1,0,34 55 8,1,14,,728371,1,0,34 55 8,1,54,,862720,1,0,34 55 8,1,14,,862706,1,0,34 55 8,1,14,,756966,1,0,34 55 8,1,14,,862702,1,0,34 55 8,1,14,,862704,1,0,34 55 8,1,54,,632671,1,0,34 55 8,1,14,,862691,1,0,34 55 8,1,14,,862719,1,0,34 55 8,1,14,,862723,1,0,34 55 8,1,54,,725437,1,0,34 55 8,1,14,,862705,1,0,34 55 8,1,14,,862725,1,0,34 55 8,1,14,,862721,1,0,34 55 8,1,54,,862708,1,0,34 55 8,1,14,,862695,1,0,34 55 8,1,14,,862688,1,0,34 55 8,1,14,,862687,1,0,34 55 8,1,14,,862726,1,0,34 55 8,1,54,,862690,1,0,34 55 8,1,14,,862707,1,0,34 55 8,1,14,,862693,1,0,34 55 8,1,14,,862703,1,0,34 55 8,1,54,,862689,1,0,34 55 8,1,14,,862718,1,0,34 55 8,1,14,,862698,1,0,34 55 8,1,14,,767279,1,0,34 55 8,1,54,,862722,1,0,34 55 8,1,14,,862717,1,0,34 55 8,1,14,,862686,1,0,34 55 8,1,14,,862711,1,0,34 55 8,1,58,,862694,1,0,34 55 8,1
99501,'1',721,,867873,24,4,,1,10,,867871,24,4,,1,11,,772768,24,4,,1,11,,867870,24,4,,1,50,,867877,24,4,,1,10,,867865,24,4,,1,10,,717498,24,4,,1,10,,867842,24,4,,1,10,,867867,24,4,,1,10,,679179,24,4,,1,50,,867869,24,4,,1,9,,867891,24,4,,1,11,,701719,24,4,,1,10,,711309,24,4,,1,9,,867859,24,4,,1,10,,867890,24,4,,1,50,,699678,24,4,,1,10,,867876,24,4,,1,10,,867846,24,4,,1,10,,867848,24,4,,1,10,,716682,24,4,,1,10,,867875,24,4,,1,50,,718767,24,4,,1,10,,867872,24,4,,1,10,,867857,24,4,,1,10,,867841,24,4,,1,10,,867864,24,4,,1,10,,867866,24,4,,1,50,,867860,24,4,,1,10,,867894,24,4,,1,10,,867883,24,4,,1,10,,867887,24,4,,1,10,,867886,24,4,,1,10,,867847,24,4,,1,50,,867879,24,4,,1,10,,696207,24,4,,1,10,,867850,24,4,,1,10,,545190,24,4,,1,10,,698051,24,4,,1,10,,867853,24,4,,1,50,,867878,24,4,,1,10,,867888,24,4,,1,10,,867863,24,4,,1,10,,867854,24,4,,1,10,,867843,24,4,,1,10,,867858,24,4,,1,50,,867849,24,4,,1,11,,867837,24,4,,1,11,,867884,24,4,,1,14,,867881,24,4,,1,9,,653253,24,4,,1,53,,867889,24,4,,1,10,,867895,24,4,,1,10,,867844,24,4,,1,10,,867892,24,4,,1,10,,867840,24,4,,1,10,,617375,24,4,,1,50,,867882,24,4,,1,10,,867855,24,4,,1,10,,867868,24,4,,1,10,,867885,24,4,,1,10,,867838,24,4,,1,10,,867856,24,4,,1,50,,867839,24,4,,1,10,,867852,24,4,,1,10,,867880,24,4,,1,10,,867851,24,4,,1,10,,745161,24,4,,1,10,,867861,24,4,,1,50,,867874,24,4,,1,9,,867845,24,4,,1,10,,867862,24,4,,1,10,,867893,24,4,,1,7,,867835,24,4,,1,9,,867836,24,4,,1,7,,778394,24,4,,1
99502,'1',528,,867896,1,0,14 38 15,1,10,,867960,1,0,14 38 15,1,10,,867930,1,0,14 38 15,1,10,,867898,1,0,14 38 15,1,50,,867935,1,0,14 38 15,1,10,,867903,1,0,14 38 15,1,10,,867914,1,0,14 38 15,1,10,,867948,1,0,14 38 15,1,11,,867917,1,0,14 38 15,1,10,,867915,1,0,14 38 15,1,50,,867944,1,0,14 38 15,1,10,,867942,1,0,14 38 15,1,10,,867899,1,0,14 38 15,1,10,,867958,1,0,14 38 15,1,10,,867940,1,0,14 38 15,1,10,,867929,1,0,14 38 15,1,50,,867901,1,0,14 38 15,1,12,,867937,1,0,14 38 15,1,12,,867934,1,0,14 38 15,1,10,,768963,1,0,14 38 15,1,13,,756472,1,0,14 38 15,1,51,,867961,1,0,14 38 15,1,10,,867911,1,0,14 38 15,1,10,,867920,1,0,14 38 15,1,10,,867897,1,0,14 38 15,1,10,,867951,1,0,14 38 15,1,10,,867931,1,0,14 38 15,1,50,,729174,1,0,14 38 15,1,10,,867945,1,0,14 38 15,1,10,,867910,1,0,14 38 15,1,10,,867904,1,0,14 38 15,1,10,,867933,1,0,14 38 15,1,10,,867939,1,0,14 38 15,1,50,,867906,1,0,14 38 15,1,10,,719664,1,0,14 38 15,1,10,,867957,1,0,14 38 15,1,10,,867953,1,0,14 38 15,1,10,,680367,1,0,14 38 15,1,10,,867923,1,0,14 38 15,1,50,,867905,1,0,14 38 15,1,10,,867949,1,0,14 38 15,1,10,,867902,1,0,14 38 15,1,10,,867952,1,0,14 38 15,1,10,,867918,1,0,14 38 15,1,10,,776601,1,0,14 38 15,1,50,,758144,1,0,14 38 15,1,10,,867919,1,0,14 38 15,1,10,,867922,1,0,14 38 15,1,10,,867959,1,0,14 38 15,1,10,,867943,1,0,14 38 15,1,10,,867938,1,0,14 38 15,1,50,,867928,1,0,14 38 15,1,10,,867924,1,0,14 38 15,1,9,,867913,1,0,14 38 15,1,8,,867947,1,0,14 38 15,1,9,,867921,1,0,14 38 15,1,8,,750108,1,0,14 38 15,1,7,,867908,1,0,14 38 15,1,50,,705248,1,0,14 38 15,1,10,,867925,1,0,14 38 15,1,10,,778331,1,0,14 38 15,1,10,,867912,1,0,14 38 15,1,10,,393256,1,0,14 38 15,1,10,,867932,1,0,14 38 15,1,50,,867950,1,0,14 38 15,1,10,,867954,1,0,14 38 15,1,10,,867907,1,0,14 38 15,1,10,,867962,1,0,14 38 15,1,10,,867955,1,0,14 38 15,1,10,,867927,1,0,14 38 15,1,50,,867909,1,0,14 38 15,1,10,,703498,1,0,14 38 15,1,10,,867936,1,0,14 38 15,1,10,,867941,1,0,14 38 15,1,10,,754776,1,0,14 38 15,1,10,,867956,1,0,14 38 15,1,50,,867916,1,0,14 38 15,1,10,,867926,1,0,14 38 15,1,10,,733910,1,0,14 38 15,1,10,,867900,1,0,14 38 15,1,10,,752604,1,0,14 38 15,1,52,,867946,1,0,14 38 15,1
