5202,'1',514,,515178,36,0,5 132 133,1,10,,718266,36,0,34 184,1,20,,718148,45,0,34 184,1,8,,642553,45,0,5 132 133,1,49,,718250,45,0,5 132 133,1,7,,718236,54,0,34 184,1,20,,718142,55,0,5 132 133,1,9,,718228,55,0,34 184,1,7,,718113,55,0,5 132 133,1,11,,603746,55,0,5 132 133,1,49,,718105,55,0,34 184,1,9,,718112,55,0,5 132 133,1,9,,718245,55,0,5 132 133,1,9,,634069,55,0,34 184,1,10,,718184,55,0,5 132 133,1,10,,718193,55,0,5 132 133,1,50,,649921,55,0,34 184,1,10,,718219,55,0,5 132 133,1,10,,718136,55,0,5 132 133,1,10,,718241,55,0,34 184,1,10,,718268,55,0,5 132 133,1,10,,718237,55,0,5 132 133,1,50,,546832,55,0,34 184,1,10,,718101,55,0,5 132 133,1,10,,718153,55,0,34 184,1,9,,718116,55,0,5 132 133,1,9,,718265,55,0,34 184,1,10,,718217,55,0,5 132 133,1,8,,718274,55,0,34 184,1,49,,556160,55,0,5 132 133,1,10,,684572,55,0,34 184,1,10,,718231,55,0,5 132 133,1,10,,642973,55,0,34 184,1,10,,718253,55,0,5 132 133,1,10,,718098,55,0,34 184,1,50,,718194,55,0,5 132 133,1,10,,718120,55,0,34 184,1,10,,626223,55,0,5 132 133,1,10,,718277,55,0,34 184,1,10,,687563,55,0,5 132 133,1,10,,718220,55,0,34 184,1,50,,718169,55,0,5 132 133,1,10,,560754,55,0,34 184,1,10,,718155,55,0,5 132 133,1,10,,718197,55,0,34 184,1,10,,718252,55,0,5 132 133,1,10,,718242,55,0,34 184,1,50,,718118,55,0,5 132 133,1,10,,718115,55,0,34 184,1,10,,718134,55,0,5 132 133,1,10,,626591,55,0,34 184,1,10,,718225,55,0,5 132 133,1,10,,718110,55,0,34 184,1,50,,718145,55,0,5 132 133,1,10,,718192,55,0,34 184,1,10,,654853,55,0,5 132 133,1,10,,718191,55,0,34 184,1,10,,718122,55,0,5 132 133,1,10,,718102,55,0,34 184,1,50,,718202,55,0,5 132 133,1,10,,718106,55,0,5 132 133,1,10,,718218,55,0,34 184,1,10,,718271,55,0,5 132 133,1,10,,718238,55,0,5 132 133,1,10,,718103,55,0,34 184,1,50,,718159,55,0,5 132 133,1,10,,718133,55,0,5 132 133,1,9,,718263,55,0,34 184,1,9,,614686,55,0,5 132 133,1,9,,718223,55,0,5 132 133,1,9,,718127,55,0,34 184,1,49,,718258,55,0,5 132 133,1,9,,718203,55,0,5 132 133,1,9,,674005,55,0,34 184,1,9,,718201,55,0,5 132 133,1,9,,642527,55,0,5 132 133,1,9,,659523,55,0,34 184,1,9,,718196,55,0,5 132 133,1,49,,718166,55,0,5 132 133,1,7,,718172,55,0,34 184,1,8,,667017,55,0,5 132 133,1,9,,676246,55,0,5 132 133,1,7,,718248,55,0,34 184,1,7,,718267,55,0,5 132 133,1,8,,718233,55,0,34 184,1,8,,718139,55,0,5 132 133,1,46,,718239,55,0,5 132 133,1,9,,718154,55,0,34 184,1,9,,718259,55,0,5 132 133,1,9,,677239,55,0,34 184,1,5,,718108,55,0,5 132 133,1,10,,647222,55,0,34 184,1,10,,718178,55,0,5 132 133,1,50,,385660,55,0,34 184,1,8,,718232,55,0,5 132 133,1,10,,718264,55,0,34 184,1,7,,718174,55,0,5 132 133,1,8,,718187,55,0,34 184,1,9,,610484,55,0,5 132 133,1,6,,718205,55,0,34 184,1,49,,718151,55,0,5 132 133,1,9,,632303,55,0,34 184,1,9,,718097,55,0,5 132 133,1,9,,718272,55,0,34 184,1,9,,718143,55,0,5 132 133,1,9,,718216,55,0,34 184,1,9,,718185,55,0,5 132 133,1,49,,718249,55,0,34 184,1,9,,718130,55,0,5 132 133,1,8,,718175,55,0,34 184,1,9,,718206,55,0,5 132 133,1,10,,718227,55,0,34 184,1,10,,657836,55,0,5 132 133,1,51,,718255,55,0,34 184,1,11,,659500,55,0,5 132 133,1,12,,718156,55,0,34 184,1,11,,682037,55,0,5 132 133,1,11,,718163,55,0,34 184,1,11,,617226,55,0,5 132 133,1,52,,598146,55,0,34 184,1,11,,641034,55,0,5 132 133,1,11,,653202,55,0,34 184,1,11,,612311,55,0,5 132 133,1,12,,718262,55,0,34 184,1,51,,632729,55,0,5 132 133,1,11,,718129,55,0,34 184,1,11,,718246,55,0,5 132 133,1,11,,718275,55,0,5 132 133,1,8,,718160,55,0,34 184,1,10,,718157,55,0,5 132 133,1,54,,718135,55,0,5 132 133,1,15,,718141,55,0,5 132 133,1,15,,718138,55,0,5 132 133,1,15,,718207,55,0,5 132 133,1
5202,'2',553,,718331,54,0,5 132 133,1,51,,718285,54,0,31 185,1,21,,718357,55,0,5 132 133,1,15,,718406,55,0,31 185,1,13,,718392,55,0,5 132 133,1,51,,653830,55,0,31 185,1,11,,655380,55,0,5 132 133,1,11,,718421,55,0,31 185,1,11,,672300,55,0,5 132 133,1,11,,718388,55,0,31 185,1,11,,718299,55,0,5 132 133,1,51,,662383,55,0,31 185,1,12,,718358,55,0,5 132 133,1,12,,718416,55,0,31 185,1,13,,718380,55,0,5 132 133,1,53,,718402,55,0,31 185,1,11,,636541,55,0,5 132 133,1,11,,671721,55,0,31 185,1,11,,718317,55,0,5 132 133,1,11,,718343,55,0,31 185,1,11,,718397,55,0,5 132 133,1,51,,718324,55,0,31 185,1,11,,653931,55,0,5 132 133,1,11,,718354,55,0,31 185,1,11,,531397,55,0,5 132 133,1,11,,718385,55,0,31 185,1,51,,718297,55,0,5 132 133,1,11,,718344,55,0,31 185,1,11,,718414,55,0,5 132 133,1,11,,718356,55,0,31 185,1,11,,718325,55,0,5 132 133,1,11,,718396,55,0,31 185,1,51,,718332,55,0,5 132 133,1,12,,718302,55,0,31 185,1,13,,718339,55,0,5 132 133,1,13,,718405,55,0,31 185,1,14,,718412,55,0,5 132 133,1,50,,718295,55,0,31 185,1,10,,718377,55,0,5 132 133,1,10,,718355,55,0,31 185,1,10,,718329,55,0,5 132 133,1,10,,718361,55,0,31 185,1,10,,609236,55,0,5 132 133,1,50,,718387,55,0,31 185,1,10,,718367,55,0,5 132 133,1,10,,718282,55,0,31 185,1,10,,718288,55,0,5 132 133,1,10,,718389,55,0,31 185,1,10,,718376,55,0,5 132 133,1,50,,718280,55,0,31 185,1,10,,718342,55,0,5 132 133,1,10,,611259,55,0,31 185,1,10,,688574,55,0,5 132 133,1,10,,549005,55,0,31 185,1,10,,718351,55,0,5 132 133,1,50,,718395,55,0,31 185,1,10,,718333,55,0,5 132 133,1,10,,718340,55,0,31 185,1,10,,718418,55,0,5 132 133,1,10,,718321,55,0,31 185,1,10,,718305,55,0,5 132 133,1,50,,718431,55,0,31 185,1,10,,718370,55,0,5 132 133,1,10,,557457,55,0,31 185,1,10,,718383,55,0,5 132 133,1,10,,718345,55,0,31 185,1,10,,718368,55,0,5 132 133,1,50,,654386,55,0,31 185,1,10,,718403,55,0,5 132 133,1,9,,681801,55,0,31 185,1,9,,672841,55,0,5 132 133,1,8,,678016,55,0,31 185,1,7,,589978,55,0,5 132 133,1,50,,718291,55,0,31 185,1,10,,718393,55,0,5 132 133,1,10,,718346,55,0,31 185,1,11,,718341,55,0,5 132 133,1,11,,718386,55,0,31 185,1,11,,718290,55,0,5 132 133,1,51,,718298,55,0,31 185,1,11,,652390,55,0,5 132 133,1,11,,649549,55,0,31 185,1,11,,718338,55,0,5 132 133,1,11,,685420,55,0,31 185,1,51,,681658,55,0,5 132 133,1,11,,718424,55,0,31 185,1,11,,718381,55,0,5 132 133,1,11,,718308,55,0,31 185,1,11,,718316,55,0,5 132 133,1,11,,687921,55,0,31 185,1,51,,718372,55,0,5 132 133,1,9,,718336,55,0,31 185,1,10,,718318,55,0,5 132 133,1,10,,687266,55,0,31 185,1,10,,662212,55,0,5 132 133,1,9,,718422,55,0,31 185,1,51,,718311,55,0,5 132 133,1,11,,718303,55,0,31 185,1,11,,718429,55,0,5 132 133,1,11,,718348,55,0,31 185,1,11,,718394,55,0,5 132 133,1,51,,718379,55,0,31 185,1,11,,718371,55,0,5 132 133,1,11,,718369,55,0,31 185,1,11,,718320,55,0,5 132 133,1,11,,683553,55,0,31 185,1,11,,718334,55,0,5 132 133,1,51,,644551,55,0,31 185,1,11,,718362,55,0,5 132 133,1,11,,718384,55,0,31 185,1,11,,718360,55,0,5 132 133,1,10,,718363,55,0,31 185,1,51,,718314,55,0,5 132 133,1,15,,718300,55,0,5 132 133,1,15,,718304,55,0,5 132 133,1,15,,718391,55,0,5 132 133,1
5202,'3',637,,718499,54,0,5 132 133,1,13,,542028,54,0,31 185,1,53,,718441,54,0,5 132 133,1,13,,718536,54,0,31 185,1,13,,718525,54,0,5 132 133,1,13,,604962,54,0,31 185,1,13,,597703,54,0,5 132 133,1,53,,718450,54,0,31 185,1,13,,718529,54,0,5 132 133,1,13,,718548,54,0,31 185,1,13,,718507,55,0,5 132 133,1,12,,681506,55,0,31 185,1,53,,718440,55,0,31 185,1,13,,718484,55,0,5 132 133,1,13,,718509,55,0,31 185,1,13,,650154,55,0,5 132 133,1,53,,718490,55,0,31 185,1,12,,718482,55,0,5 132 133,1,13,,395329,55,0,31 185,1,12,,592456,55,0,5 132 133,1,13,,654015,55,0,31 185,1,52,,718471,55,0,5 132 133,1,13,,718554,55,0,31 185,1,12,,718534,55,0,5 132 133,1,13,,718505,55,0,31 185,1,12,,718514,55,0,5 132 133,1,53,,623329,55,0,31 185,1,13,,718437,55,0,5 132 133,1,13,,562369,55,0,31 185,1,12,,577311,55,0,5 132 133,1,12,,718460,55,0,31 185,1,50,,718479,55,0,5 132 133,1,10,,718537,55,0,31 185,1,10,,718485,55,0,5 132 133,1,10,,718474,55,0,31 185,1,10,,718494,55,0,5 132 133,1,10,,656524,55,0,31 185,1,50,,718434,55,0,5 132 133,1,10,,718517,55,0,31 185,1,10,,718508,55,0,5 132 133,1,10,,718473,55,0,31 185,1,10,,718469,55,0,5 132 133,1,10,,718435,55,0,31 185,1,50,,718539,55,0,5 132 133,1,10,,718526,55,0,31 185,1,10,,594632,55,0,5 132 133,1,10,,640736,55,0,31 185,1,10,,718486,55,0,5 132 133,1,10,,718544,55,0,31 185,1,50,,718523,55,0,5 132 133,1,10,,718496,55,0,31 185,1,10,,632149,55,0,5 132 133,1,10,,718524,55,0,31 185,1,10,,718545,55,0,5 132 133,1,10,,718464,55,0,31 185,1,50,,718498,55,0,5 132 133,1,10,,718491,55,0,31 185,1,10,,718515,55,0,5 132 133,1,10,,718552,55,0,31 185,1,10,,718489,55,0,5 132 133,1,10,,718522,55,0,31 185,1,50,,718465,55,0,5 132 133,1,9,,718455,55,0,31 185,1,8,,718533,55,0,5 132 133,1,9,,492614,55,0,31 185,1,7,,718528,55,0,5 132 133,1,6,,718493,55,0,31 185,1,10,,718487,55,0,5 132 133,1,50,,718433,55,0,31 185,1,10,,718513,55,0,5 132 133,1,10,,718501,55,0,31 185,1,10,,718512,55,0,5 132 133,1,10,,718457,55,0,31 185,1,52,,718510,55,0,5 132 133,1,12,,718543,55,0,31 185,1,12,,718518,55,0,5 132 133,1,12,,679108,55,0,31 185,1,12,,718438,55,0,5 132 133,1,52,,718546,55,0,31 185,1,12,,679939,55,0,5 132 133,1,12,,718470,55,0,31 185,1,12,,718502,55,0,5 132 133,1,12,,606772,55,0,31 185,1,52,,538812,55,0,5 132 133,1,12,,607946,55,0,31 185,1,11,,718527,55,0,5 132 133,1,11,,718538,55,0,31 185,1,10,,718550,55,0,5 132 133,1,12,,718530,55,0,31 185,1,52,,718449,55,0,5 132 133,1,12,,681591,55,0,31 185,1,12,,718451,55,0,5 132 133,1,12,,718506,55,0,31 185,1,12,,718540,55,0,5 132 133,1,52,,718439,55,0,31 185,1,12,,718462,55,0,5 132 133,1,12,,718495,55,0,31 185,1,12,,718468,55,0,5 132 133,1,12,,718443,55,0,31 185,1,52,,718452,55,0,5 132 133,1,12,,718459,55,0,31 185,1,12,,718500,55,0,5 132 133,1,11,,666041,55,0,31 185,1,12,,684288,55,0,5 132 133,1,55,,605561,55,0,5 132 133,1,15,,718478,55,0,5 132 133,1,15,,617308,55,0,5 132 133,1
5202,'5',637,,614603,54,0,5 132 133,1,13,,718600,54,0,31 185,1,53,,718572,54,0,5 132 133,1,13,,718660,54,0,31 185,1,13,,718607,54,0,5 132 133,1,13,,718611,54,0,31 185,1,13,,718618,54,0,5 132 133,1,53,,718581,54,0,31 185,1,13,,718679,54,0,5 132 133,1,13,,718575,54,0,31 185,1,13,,718569,55,0,5 132 133,1,12,,718604,55,0,31 185,1,53,,718669,55,0,31 185,1,13,,718643,55,0,5 132 133,1,13,,718664,55,0,31 185,1,13,,606592,55,0,5 132 133,1,53,,718613,55,0,31 185,1,12,,718596,55,0,5 132 133,1,13,,718663,55,0,31 185,1,12,,663416,55,0,5 132 133,1,13,,595776,55,0,31 185,1,52,,605066,55,0,5 132 133,1,13,,718629,55,0,31 185,1,12,,626913,55,0,5 132 133,1,13,,718616,55,0,31 185,1,12,,718614,55,0,5 132 133,1,53,,718608,55,0,31 185,1,13,,674701,55,0,5 132 133,1,13,,718591,55,0,31 185,1,12,,718565,55,0,5 132 133,1,12,,718603,55,0,31 185,1,50,,718650,55,0,5 132 133,1,10,,718602,55,0,31 185,1,10,,718623,55,0,5 132 133,1,10,,718633,55,0,31 185,1,10,,718681,55,0,5 132 133,1,10,,718605,55,0,31 185,1,50,,650219,55,0,5 132 133,1,10,,647885,55,0,31 185,1,10,,718627,55,0,5 132 133,1,10,,718674,55,0,31 185,1,10,,718638,55,0,5 132 133,1,10,,718598,55,0,31 185,1,50,,673468,55,0,5 132 133,1,10,,679446,55,0,31 185,1,10,,718678,55,0,5 132 133,1,10,,718642,55,0,31 185,1,10,,718577,55,0,5 132 133,1,10,,718680,55,0,31 185,1,50,,718624,55,0,5 132 133,1,10,,718671,55,0,31 185,1,10,,718570,55,0,5 132 133,1,10,,599094,55,0,31 185,1,10,,718628,55,0,5 132 133,1,10,,718632,55,0,31 185,1,50,,718621,55,0,5 132 133,1,10,,718557,55,0,31 185,1,10,,718677,55,0,5 132 133,1,10,,718673,55,0,31 185,1,10,,718592,55,0,5 132 133,1,10,,718668,55,0,31 185,1,50,,645301,55,0,5 132 133,1,9,,718619,55,0,31 185,1,8,,718649,55,0,5 132 133,1,9,,718655,55,0,31 185,1,7,,718594,55,0,5 132 133,1,6,,718586,55,0,31 185,1,10,,718654,55,0,5 132 133,1,50,,718653,55,0,31 185,1,10,,718658,55,0,5 132 133,1,10,,718571,55,0,31 185,1,10,,718647,55,0,5 132 133,1,10,,718562,55,0,31 185,1,52,,718559,55,0,5 132 133,1,12,,718620,55,0,31 185,1,12,,718585,55,0,5 132 133,1,12,,683736,55,0,31 185,1,12,,556467,55,0,5 132 133,1,52,,667597,55,0,31 185,1,12,,718635,55,0,5 132 133,1,12,,625311,55,0,31 185,1,12,,718566,55,0,5 132 133,1,12,,718595,55,0,31 185,1,52,,718561,55,0,5 132 133,1,12,,718662,55,0,31 185,1,11,,718667,55,0,5 132 133,1,11,,718631,55,0,31 185,1,10,,718583,55,0,5 132 133,1,12,,718568,55,0,31 185,1,52,,718665,55,0,5 132 133,1,12,,718625,55,0,31 185,1,12,,718610,55,0,5 132 133,1,12,,718567,55,0,31 185,1,12,,718645,55,0,5 132 133,1,52,,663961,55,0,31 185,1,12,,718641,55,0,5 132 133,1,12,,625676,55,0,31 185,1,12,,718578,55,0,5 132 133,1,12,,718639,55,0,31 185,1,52,,718656,55,0,5 132 133,1,12,,631081,55,0,31 185,1,12,,718630,55,0,5 132 133,1,11,,650199,55,0,31 185,1,12,,718589,55,0,5 132 133,1,55,,634220,55,0,5 132 133,1,15,,718588,55,0,5 132 133,1,15,,718670,55,0,5 132 133,1
35202,'1',435,,770680,66,0,11 12 132 133,1,70,,418674,66,0,11 12 132 133,1,31,,662902,66,0,11 12 132 133,1,83,,770681,66,0,11 12 132 133,1,2086,,770678,66,0,11 12 132 133,1,30,,577969,66,0,11 12 132 133,1,70,,770679,66,0,11 12 132 133,1
35202,'2',435,,770686,66,0,11 12 132 133,1,70,,770687,66,0,11 12 132 133,1,30,,770685,66,0,11 12 132 133,1,73,,770683,66,0,11 12 132 133,1,2097,,770682,66,0,11 12 132 133,1,30,,665986,66,0,11 12 132 133,1,70,,770684,66,0,11 12 132 133,1
35202,'3',435,,675034,66,0,11 12 132 133,1,70,,611726,66,0,11 12 132 133,1,30,,770689,66,0,11 12 132 133,1,76,,770691,66,0,11 12 132 133,1,2094,,770692,66,0,11 12 132 133,1,30,,770688,66,0,11 12 132 133,1,70,,770690,66,0,11 12 132 133,1
35202,'5',435,,770696,66,0,11 12 132 133,1,70,,674135,66,0,11 12 132 133,1,30,,770693,66,0,11 12 132 133,1,76,,622782,66,0,11 12 132 133,1,2094,,770697,66,0,11 12 132 133,1,30,,770695,66,0,11 12 132 133,1,70,,770694,66,0,11 12 132 133,1
90604,'1',531,,774419,13,0,132 133 227 228,1,15,,774449,13,0,132 133 227 228,1,55,,774430,13,0,132 133 227 228,1,15,,774416,13,0,132 133 227 228,1,15,,774455,13,0,132 133 227 228,1,15,,774409,13,0,132 133 227 228,1,55,,578033,13,0,132 133 227 228,1,15,,774421,13,0,132 133 227 228,1,15,,683873,13,0,132 133 227 228,1,15,,774442,13,0,132 133 227 228,1,55,,554891,13,0,132 133 227 228,1,15,,774454,13,0,132 133 227 228,1,15,,774452,13,0,132 133 227 228,1,15,,774447,13,0,132 133 227 228,1,55,,774456,13,0,132 133 227 228,1,16,,774438,13,0,132 133 227 228,1,15,,774440,13,0,132 133 227 228,1,15,,774425,13,0,132 133 227 228,1,55,,774446,13,0,132 133 227 228,1,15,,425571,13,0,132 133 227 228,1,15,,514302,13,0,132 133 227 228,1,15,,674608,13,0,132 133 227 228,1,55,,631334,13,0,132 133 227 228,1,15,,651256,13,0,132 133 227 228,1,15,,774450,13,0,132 133 227 228,1,15,,529426,13,0,132 133 227 228,1,55,,774457,13,0,132 133 227 228,1,15,,774412,13,0,132 133 227 228,1,15,,630636,13,0,132 133 227 228,1,15,,774414,13,0,132 133 227 228,1,55,,774432,13,0,132 133 227 228,1,15,,607460,13,0,132 133 227 228,1,15,,774451,13,0,132 133 227 228,1,15,,774444,13,0,132 133 227 228,1,55,,549814,13,0,132 133 227 228,1,15,,774415,13,0,132 133 227 228,1,15,,616499,13,0,132 133 227 228,1,15,,664031,13,0,132 133 227 228,1,56,,667344,13,0,132 133 227 228,1,15,,623899,13,0,132 133 227 228,1,15,,774406,13,0,132 133 227 228,1,15,,579312,13,0,132 133 227 228,1,55,,774435,13,0,132 133 227 228,1,15,,535561,13,0,132 133 227 228,1,15,,774428,13,0,132 133 227 228,1,15,,774423,13,0,132 133 227 228,1,55,,774437,13,0,132 133 227 228,1,15,,774420,13,0,132 133 227 228,1,15,,774411,13,0,132 133 227 228,1,15,,774458,13,0,132 133 227 228,1,55,,665518,13,0,132 133 227 228,1,15,,774434,13,0,132 133 227 228,1,15,,667164,13,0,132 133 227 228,1,15,,774422,13,0,132 133 227 228,1,54,,774426,13,0,132 133 227 228,1,14,,774448,13,0,132 133 227 228,1,14,,774436,13,0,132 133 227 228,1,15,,653732,13,0,132 133 227 228,1,55,,774405,13,0,132 133 227 228,1,15,,774418,13,0,132 133 227 228,1,15,,588603,13,0,132 133 227 228,1,15,,774410,13,0,132 133 227 228,1,55,,774417,13,0,132 133 227 228,1,15,,774445,13,0,132 133 227 228,1,15,,774404,13,0,132 133 227 228,1,15,,774407,13,0,132 133 227 228,1,55,,774439,13,0,132 133 227 228,1,15,,774441,13,0,132 133 227 228,1,14,,774431,13,0,132 133 227 228,1,15,,774408,13,0,132 133 227 228,1,15,,625332,13,0,132 133 227 228,1,55,,774427,13,0,132 133 227 228,1,15,,774424,13,0,132 133 227 228,1,15,,774413,13,0,132 133 227 228,1,15,,774433,13,0,132 133 227 228,1,55,,594577,13,0,132 133 227 228,1,15,,632698,13,0,132 133 227 228,1,15,,774429,13,0,132 133 227 228,1,68,,642502,13,0,132 133 227 228,1,30,,774443,13,0,132 133 227 228,1,70,,774453,13,0,132 133 227 228,1
90604,'2',529,,774516,13,0,132 133 227 228,1,15,,654565,13,0,132 133 227 228,1,15,,774524,13,0,132 133 227 228,1,55,,774518,13,0,132 133 227 228,1,15,,774500,13,0,132 133 227 228,1,15,,774469,13,0,132 133 227 228,1,15,,774507,13,0,132 133 227 228,1,55,,774506,13,0,132 133 227 228,1,15,,774468,13,0,132 133 227 228,1,15,,674548,13,0,132 133 227 228,1,15,,774463,13,0,132 133 227 228,1,57,,774481,13,0,132 133 227 228,1,15,,535575,13,0,132 133 227 228,1,15,,774494,13,0,132 133 227 228,1,55,,774459,13,0,132 133 227 228,1,15,,774519,13,0,132 133 227 228,1,15,,774473,13,0,132 133 227 228,1,15,,774503,13,0,132 133 227 228,1,55,,774486,13,0,132 133 227 228,1,15,,774508,13,0,132 133 227 228,1,15,,774523,13,0,132 133 227 228,1,15,,774472,13,0,132 133 227 228,1,55,,774477,13,0,132 133 227 228,1,15,,774499,13,0,132 133 227 228,1,15,,774483,13,0,132 133 227 228,1,15,,774502,13,0,132 133 227 228,1,55,,774501,13,0,132 133 227 228,1,16,,774471,13,0,132 133 227 228,1,15,,774511,13,0,132 133 227 228,1,15,,611615,13,0,132 133 227 228,1,55,,774460,13,0,132 133 227 228,1,15,,774475,13,0,132 133 227 228,1,15,,774478,13,0,132 133 227 228,1,15,,774493,13,0,132 133 227 228,1,55,,774509,13,0,132 133 227 228,1,15,,774480,13,0,132 133 227 228,1,15,,774496,13,0,132 133 227 228,1,15,,464048,13,0,132 133 227 228,1,55,,774479,13,0,132 133 227 228,1,15,,669624,13,0,132 133 227 228,1,15,,774461,13,0,132 133 227 228,1,15,,774476,13,0,132 133 227 228,1,55,,774492,13,0,132 133 227 228,1,15,,774522,13,0,132 133 227 228,1,15,,774505,13,0,132 133 227 228,1,15,,774491,13,0,132 133 227 228,1,55,,774521,13,0,132 133 227 228,1,15,,658279,13,0,132 133 227 228,1,15,,774484,13,0,132 133 227 228,1,15,,774487,13,0,132 133 227 228,1,55,,672033,13,0,132 133 227 228,1,15,,774497,13,0,132 133 227 228,1,15,,615391,13,0,132 133 227 228,1,15,,774462,13,0,132 133 227 228,1,55,,774470,13,0,132 133 227 228,1,14,,630690,13,0,132 133 227 228,1,15,,669633,13,0,132 133 227 228,1,15,,774510,13,0,132 133 227 228,1,55,,774520,13,0,132 133 227 228,1,15,,774485,13,0,132 133 227 228,1,15,,774474,13,0,132 133 227 228,1,15,,453594,13,0,132 133 227 228,1,55,,774465,13,0,132 133 227 228,1,15,,774495,13,0,132 133 227 228,1,15,,774488,13,0,132 133 227 228,1,15,,487165,13,0,132 133 227 228,1,55,,774514,13,0,132 133 227 228,1,15,,774515,13,0,132 133 227 228,1,13,,774489,13,0,132 133 227 228,1,15,,648077,13,0,132 133 227 228,1,15,,774464,13,0,132 133 227 228,1,55,,774466,13,0,132 133 227 228,1,15,,774482,13,0,132 133 227 228,1,15,,774512,13,0,132 133 227 228,1,15,,774513,13,0,132 133 227 228,1,55,,774467,13,0,132 133 227 228,1,15,,774517,13,0,132 133 227 228,1,15,,774490,13,0,132 133 227 228,1,68,,774498,13,0,132 133 227 228,1,30,,658559,13,0,132 133 227 228,1,70,,774504,13,0,132 133 227 228,1
90604,'3',816,,774574,13,0,132 133 227 228,1,15,,774578,13,0,132 133 227 228,1,15,,774537,13,0,132 133 227 228,1,55,,774555,13,0,132 133 227 228,1,15,,774559,13,0,132 133 227 228,1,15,,774573,13,0,132 133 227 228,1,15,,774543,13,0,132 133 227 228,1,55,,774568,13,0,132 133 227 228,1,15,,774550,13,0,132 133 227 228,1,15,,774529,13,0,132 133 227 228,1,15,,661546,13,0,132 133 227 228,1,55,,774545,13,0,132 133 227 228,1,15,,774576,13,0,132 133 227 228,1,15,,774562,13,0,132 133 227 228,1,15,,636720,13,0,132 133 227 228,1,55,,774542,13,0,132 133 227 228,1,16,,774534,13,0,132 133 227 228,1,15,,682586,13,0,132 133 227 228,1,15,,774535,13,0,132 133 227 228,1,55,,774532,13,0,132 133 227 228,1,15,,774566,13,0,132 133 227 228,1,15,,774540,13,0,132 133 227 228,1,15,,774553,13,0,132 133 227 228,1,55,,685849,13,0,132 133 227 228,1,15,,774556,13,0,132 133 227 228,1,15,,774528,13,0,132 133 227 228,1,15,,774525,13,0,132 133 227 228,1,55,,774544,13,0,132 133 227 228,1,15,,774558,13,0,132 133 227 228,1,15,,774551,13,0,132 133 227 228,1,15,,628425,13,0,132 133 227 228,1,55,,510574,13,0,132 133 227 228,1,15,,774549,13,0,132 133 227 228,1,15,,774547,13,0,132 133 227 228,1,15,,679085,13,0,132 133 227 228,1,55,,774561,13,0,132 133 227 228,1,15,,774533,13,0,132 133 227 228,1,15,,774526,13,0,132 133 227 228,1,15,,774564,13,0,132 133 227 228,1,55,,774546,13,0,132 133 227 228,1,15,,638524,13,0,132 133 227 228,1,15,,774575,13,0,132 133 227 228,1,15,,658693,13,0,132 133 227 228,1,55,,629189,13,0,132 133 227 228,1,14,,774530,13,0,132 133 227 228,1,15,,574857,13,0,132 133 227 228,1,15,,645181,13,0,132 133 227 228,1,55,,774541,13,0,132 133 227 228,1,15,,774539,13,0,132 133 227 228,1,15,,774554,13,0,132 133 227 228,1,15,,774527,13,0,132 133 227 228,1,55,,774531,13,0,132 133 227 228,1,15,,774538,13,0,132 133 227 228,1,15,,774536,13,0,132 133 227 228,1,15,,774570,13,0,132 133 227 228,1,55,,774557,13,0,132 133 227 228,1,14,,774548,13,0,132 133 227 228,1,13,,774552,13,0,132 133 227 228,1,15,,774569,13,0,132 133 227 228,1,15,,591262,13,0,132 133 227 228,1,55,,774560,13,0,132 133 227 228,1,15,,774572,13,0,132 133 227 228,1,15,,774567,13,0,132 133 227 228,1,15,,774563,13,0,132 133 227 228,1,55,,636809,13,0,132 133 227 228,1,15,,774577,13,0,132 133 227 228,1,15,,774571,13,0,132 133 227 228,1,68,,632500,13,0,132 133 227 228,1,30,,602808,13,0,132 133 227 228,1,70,,774565,13,0,132 133 227 228,1
90604,'5',531,,552091,13,0,132 133 227 228,1,15,,774595,13,0,132 133 227 228,1,55,,774611,13,0,132 133 227 228,1,15,,774586,13,0,132 133 227 228,1,15,,774582,13,0,132 133 227 228,1,15,,774604,13,0,132 133 227 228,1,55,,774592,13,0,132 133 227 228,1,15,,774631,13,0,132 133 227 228,1,15,,605276,13,0,132 133 227 228,1,15,,774625,13,0,132 133 227 228,1,55,,774617,13,0,132 133 227 228,1,15,,610418,13,0,132 133 227 228,1,15,,774613,13,0,132 133 227 228,1,15,,774637,13,0,132 133 227 228,1,55,,774581,13,0,132 133 227 228,1,15,,631140,13,0,132 133 227 228,1,15,,774580,13,0,132 133 227 228,1,15,,577058,13,0,132 133 227 228,1,55,,618118,13,0,132 133 227 228,1,15,,774630,13,0,132 133 227 228,1,15,,774624,13,0,132 133 227 228,1,15,,774621,13,0,132 133 227 228,1,55,,774623,13,0,132 133 227 228,1,15,,774612,13,0,132 133 227 228,1,15,,774628,13,0,132 133 227 228,1,15,,774584,13,0,132 133 227 228,1,55,,688047,13,0,132 133 227 228,1,16,,774627,13,0,132 133 227 228,1,15,,774597,13,0,132 133 227 228,1,15,,774589,13,0,132 133 227 228,1,55,,521262,13,0,132 133 227 228,1,15,,634519,13,0,132 133 227 228,1,15,,774594,13,0,132 133 227 228,1,15,,774598,13,0,132 133 227 228,1,55,,774622,13,0,132 133 227 228,1,15,,774626,13,0,132 133 227 228,1,15,,774619,13,0,132 133 227 228,1,15,,774632,13,0,132 133 227 228,1,55,,774593,13,0,132 133 227 228,1,15,,774585,13,0,132 133 227 228,1,15,,774610,13,0,132 133 227 228,1,15,,774583,13,0,132 133 227 228,1,55,,774603,13,0,132 133 227 228,1,15,,774609,13,0,132 133 227 228,1,15,,774588,13,0,132 133 227 228,1,15,,645898,13,0,132 133 227 228,1,55,,774596,13,0,132 133 227 228,1,15,,774608,13,0,132 133 227 228,1,15,,774587,13,0,132 133 227 228,1,15,,774634,13,0,132 133 227 228,1,55,,774633,13,0,132 133 227 228,1,15,,607002,13,0,132 133 227 228,1,15,,774639,13,0,132 133 227 228,1,15,,774615,13,0,132 133 227 228,1,55,,774591,13,0,132 133 227 228,1,14,,774605,13,0,132 133 227 228,1,15,,555969,13,0,132 133 227 228,1,15,,774635,13,0,132 133 227 228,1,55,,668924,13,0,132 133 227 228,1,15,,774606,13,0,132 133 227 228,1,15,,774640,13,0,132 133 227 228,1,15,,774629,13,0,132 133 227 228,1,55,,774607,13,0,132 133 227 228,1,15,,774599,13,0,132 133 227 228,1,15,,639828,13,0,132 133 227 228,1,15,,774618,13,0,132 133 227 228,1,55,,774614,13,0,132 133 227 228,1,14,,636070,13,0,132 133 227 228,1,13,,774601,13,0,132 133 227 228,1,15,,584910,13,0,132 133 227 228,1,15,,687541,13,0,132 133 227 228,1,55,,774638,13,0,132 133 227 228,1,15,,774616,13,0,132 133 227 228,1,15,,774602,13,0,132 133 227 228,1,15,,674149,13,0,132 133 227 228,1,55,,774590,13,0,132 133 227 228,1,15,,774579,13,0,132 133 227 228,1,15,,774620,13,0,132 133 227 228,1,68,,774636,13,0,132 133 227 228,1,30,,774600,13,0,132 133 227 228,1,70,,673155,13,0,132 133 227 228,1
92703,'1',602,,644914,3,0,28 126 43 8,1,10,,581980,3,0,28 126 43 8,1,10,,775278,3,0,28 126 43 8,1,10,,775288,3,0,28 126 43 8,1,10,,608684,3,0,28 126 43 8,1,9,,775286,3,0,28 126 43 8,1,50,,775270,3,0,28 126 43 8,1,6,,775330,3,0,28 126 43 8,1,14,,553071,3,0,28 126 43 8,1,10,,775292,3,0,28 126 43 8,1,10,,775357,3,0,28 126 43 8,1,10,,775239,3,0,28 126 43 8,1,50,,775305,3,0,28 126 43 8,1,10,,682110,3,0,28 126 43 8,1,10,,775262,3,0,28 126 43 8,1,10,,775302,3,0,28 126 43 8,1,10,,775249,3,0,28 126 43 8,1,10,,775287,3,0,28 126 43 8,1,50,,775343,3,0,28 126 43 8,1,10,,649427,3,0,28 126 43 8,1,508,,664444,3,0,28 126 43 8,1,10,,775294,3,0,28 126 43 8,1,10,,775356,3,0,28 126 43 8,1,10,,775243,3,0,28 126 43 8,1,10,,775308,3,0,28 126 43 8,1,50,,775266,3,0,28 126 43 8,1,10,,559330,3,0,28 126 43 8,1,10,,775331,3,0,28 126 43 8,1,10,,775268,3,0,28 126 43 8,1,10,,775304,3,0,28 126 43 8,1,10,,641456,3,0,28 126 43 8,1,50,,684864,3,0,28 126 43 8,1,10,,775345,3,0,28 126 43 8,1,10,,775244,3,0,28 126 43 8,1,10,,775367,3,0,28 126 43 8,1,10,,775365,3,0,28 126 43 8,1,10,,623502,3,0,28 126 43 8,1,50,,563434,3,0,28 126 43 8,1,10,,775241,3,0,28 126 43 8,1,10,,542828,3,0,28 126 43 8,1,10,,640598,3,0,28 126 43 8,1,8,,775313,3,0,28 126 43 8,1,10,,775307,3,0,28 126 43 8,1,50,,775319,3,0,28 126 43 8,1,10,,618760,3,0,28 126 43 8,1,10,,775245,3,0,28 126 43 8,1,10,,775363,3,0,28 126 43 8,1,10,,669357,3,0,28 126 43 8,1,10,,775283,3,0,28 126 43 8,1,50,,603283,3,0,28 126 43 8,1,10,,775340,3,0,28 126 43 8,1
95202,'1',638,,667013,15,0,132 133,1,12,,541767,15,0,132 133,1,51,,778320,15,0,132 133,1,11,,778316,15,0,132 133,1,12,,645644,18,0,132 133,1,12,,778329,18,0,132 133,1,12,,778308,18,0,132 133,1,52,,778306,18,0,132 133,1,12,,778310,18,0,132 133,1,12,,778319,18,0,132 133,1,12,,778330,18,0,132 133,1,12,,778324,18,0,132 133,1,52,,631889,18,0,132 133,1,12,,778311,18,0,132 133,1,12,,605780,18,0,132 133,1,12,,550786,18,0,132 133,1,11,,778301,18,0,132 133,1,12,,778317,18,0,132 133,1,641,,778312,18,0,132 133,1,12,,778327,18,0,132 133,1,12,,778328,18,0,132 133,1,12,,778315,18,0,132 133,1,12,,778302,18,0,132 133,1,52,,778326,18,0,132 133,1,12,,778300,18,0,132 133,1,12,,778307,18,0,132 133,1,12,,778323,18,0,132 133,1,12,,778313,18,0,132 133,1,52,,778305,18,0,132 133,1,12,,778314,18,0,132 133,1,10,,778322,18,0,132 133,1,9,,778309,18,0,132 133,1,9,,582669,18,0,132 133,1,12,,778325,18,0,132 133,1,50,,778303,18,0,132 133,1,16,,637132,18,0,132 133,1,15,,778321,18,0,132 133,1,10,,778318,18,0,132 133,1,10,,778304,18,0,132 133,1
