3901,'1',555,,764786,5,0,34 61 16 3 144,1,50,,796959,40,0,34 61 16 3 144,1,10,,796899,40,0,5 57,1,10,,729538,40,0,34 61 16 3 144,1,10,,718817,40,0,5 57,1,9,,796922,40,0,34 61 16 3 144,1,9,,796907,40,0,5 57,1,47,,796849,40,0,34 61 16 3 144,1,9,,682373,40,0,5 57,1,9,,796888,40,0,34 61 16 3 144,1,9,,796858,40,0,5 57,1,9,,796956,40,0,34 61 16 3 144,1,9,,796870,40,0,5 57,1,9,,640307,40,0,34 61 16 3 144,1,49,,739224,40,0,5 57,1,9,,757305,40,0,34 61 16 3 144,1,9,,775715,40,0,5 57,1,9,,796908,40,0,34 61 16 3 144,1,9,,796897,40,0,5 57,1,9,,796911,40,0,34 61 16 3 144,1,9,,796877,40,0,5 57,1,49,,796832,40,0,34 61 16 3 144,1,8,,796953,40,0,5 57,1,9,,796949,40,0,34 61 16 3 144,1,9,,777245,40,0,5 57,1,9,,796884,40,0,34 61 16 3 144,1,9,,796850,40,0,5 57,1,9,,772079,40,0,34 61 16 3 144,1,49,,796881,40,0,5 57,1,9,,774970,40,0,34 61 16 3 144,1,9,,796916,40,0,5 57,1,9,,796879,40,0,34 61 16 3 144,1,9,,796891,40,0,5 57,1,9,,796862,40,0,34 61 16 3 144,1,49,,796929,40,0,5 57,1,9,,746258,40,0,34 61 16 3 144,1,9,,765674,40,0,5 57,1,9,,796921,40,0,34 61 16 3 144,1,9,,796885,40,0,5 57,1,9,,796938,40,0,34 61 16 3 144,1,9,,796844,40,0,5 57,1,49,,671695,40,0,34 61 16 3 144,1,9,,743011,40,0,5 57,1,9,,796935,40,0,34 61 16 3 144,1,9,,796903,40,0,5 57,1,9,,796851,40,0,34 61 16 3 144,1,9,,796847,40,0,5 57,1,9,,796923,40,0,34 61 16 3 144,1,49,,796831,40,0,5 57,1,9,,796829,40,0,34 61 16 3 144,1,9,,619462,40,0,5 57,1,9,,731478,40,0,34 61 16 3 144,1,9,,796955,40,0,5 57,1,9,,796951,40,0,34 61 16 3 144,1,48,,773773,40,0,5 57,1,9,,796856,40,0,34 61 16 3 144,1,9,,796900,40,0,5 57,1,9,,796834,40,0,34 61 16 3 144,1,9,,796934,40,0,5 57,1,9,,724377,40,0,34 61 16 3 144,1,9,,684500,40,0,5 57,1,49,,796947,40,0,34 61 16 3 144,1,9,,796910,40,0,5 57,1,9,,796865,40,0,34 61 16 3 144,1,9,,796864,40,0,5 57,1,9,,796964,40,0,34 61 16 3 144,1,9,,796880,40,0,5 57,1,9,,712700,40,0,34 61 16 3 144,1,49,,796943,40,0,5 57,1,9,,796871,40,0,34 61 16 3 144,1,9,,796926,40,0,5 57,1,9,,796889,40,0,34 61 16 3 144,1,9,,796933,40,0,5 57,1,9,,796944,40,0,34 61 16 3 144,1,49,,796902,40,0,5 57,1,9,,796839,40,0,34 61 16 3 144,1,9,,796918,40,0,5 57,1,9,,796939,40,0,34 61 16 3 144,1,9,,796915,40,0,5 57,1,9,,796909,40,0,34 61 16 3 144,1,9,,796841,40,0,5 57,1,49,,796920,40,0,34 61 16 3 144,1,9,,796940,40,0,5 57,1,9,,796846,40,0,34 61 16 3 144,1,9,,796833,40,0,5 57,1,6,,796875,40,0,34 61 16 3 144,1,6,,745311,40,0,5 57,1,7,,796852,40,0,34 61 16 3 144,1,7,,796927,40,0,5 57,1,47,,796952,40,0,34 61 16 3 144,1,9,,778098,40,0,5 57,1,9,,796842,40,0,34 61 16 3 144,1,9,,796960,40,0,5 57,1,9,,796895,40,0,34 61 16 3 144,1,9,,796873,40,0,5 57,1,9,,796901,40,0,34 61 16 3 144,1,49,,796874,40,0,5 57,1,9,,796912,40,0,34 61 16 3 144,1,9,,796945,40,0,5 57,1,9,,796961,40,0,34 61 16 3 144,1,9,,733420,40,0,5 57,1,9,,796914,40,0,34 61 16 3 144,1,7,,796931,40,0,5 57,1,47,,796928,40,0,34 61 16 3 144,1,9,,796963,40,0,5 57,1,9,,796968,40,0,34 61 16 3 144,1,9,,796872,40,0,5 57,1,9,,760486,40,0,34 61 16 3 144,1,9,,796919,40,0,5 57,1,49,,796835,40,0,34 61 16 3 144,1,9,,796954,40,0,5 57,1,9,,796957,40,0,34 61 16 3 144,1,9,,796950,40,0,5 57,1,9,,796838,40,0,34 61 16 3 144,1,9,,796894,40,0,5 57,1,9,,672159,40,0,34 61 16 3 144,1,48,,796854,40,0,5 57,1,9,,796930,40,0,34 61 16 3 144,1,8,,735511,40,0,5 57,1,5,,796893,40,0,34 61 16 3 144,1,8,,704815,40,0,5 57,1,9,,691988,40,0,34 61 16 3 144,1,9,,796876,40,0,5 57,1,9,,620501,40,0,34 61 16 3 144,1,49,,750422,40,0,5 57,1,9,,645663,40,0,34 61 16 3 144,1,9,,796917,40,0,5 57,1,9,,796860,40,0,34 61 16 3 144,1,9,,796962,40,0,5 57,1,9,,701538,40,0,34 61 16 3 144,1,49,,746720,40,0,5 57,1,9,,796925,40,0,34 61 16 3 144,1,9,,704581,40,0,5 57,1,9,,796836,40,0,34 61 16 3 144,1,9,,796887,40,0,5 57,1,15,,796937,40,0,34 61 16 3 144,1,54,,713868,40,0,5 57,1,15,,796855,40,0,34 61 16 3 144,1,15,,796840,40,0,5 57,1,15,,796853,40,0,34 61 16 3 144,1
3901,'2',603,,744209,5,0,34 61 16 3 144,1,9,,796998,40,0,5 57,1,7,,748946,40,0,34 61 16 3 144,1,6,,797015,40,0,5 57,1,7,,797008,40,0,34 61 16 3 144,1,8,,797068,40,0,5 57,1,7,,797024,40,0,34 61 16 3 144,1,8,,797017,40,0,5 57,1,47,,797086,40,0,34 61 16 3 144,1,8,,797079,40,0,5 57,1,7,,797066,40,0,34 61 16 3 144,1,8,,797012,40,0,5 57,1,8,,752409,40,0,34 61 16 3 144,1,10,,763974,40,0,5 57,1,9,,796977,40,0,34 61 16 3 144,1,50,,797083,40,0,5 57,1,9,,797076,40,0,34 61 16 3 144,1,10,,778631,40,0,5 57,1,9,,797033,40,0,34 61 16 3 144,1,10,,797028,40,0,5 57,1,9,,797011,40,0,34 61 16 3 144,1,10,,797000,40,0,5 57,1,49,,797034,40,0,34 61 16 3 144,1,10,,796976,40,0,5 57,1,9,,797060,40,0,34 61 16 3 144,1,10,,797014,40,0,5 57,1,9,,797010,40,0,34 61 16 3 144,1,10,,797036,40,0,5 57,1,49,,797070,40,0,34 61 16 3 144,1,10,,797027,40,0,5 57,1,9,,797061,40,0,34 61 16 3 144,1,10,,797003,40,0,5 57,1,9,,797041,40,0,34 61 16 3 144,1,10,,797025,40,0,5 57,1,49,,797038,40,0,34 61 16 3 144,1,8,,796988,40,0,5 57,1,9,,796981,40,0,34 61 16 3 144,1,8,,797088,40,0,5 57,1,9,,797016,40,0,34 61 16 3 144,1,8,,732584,40,0,5 57,1,9,,796993,40,0,34 61 16 3 144,1,48,,716005,40,0,5 57,1,9,,797023,40,0,34 61 16 3 144,1,8,,711394,40,0,5 57,1,9,,541139,40,0,34 61 16 3 144,1,8,,797084,40,0,5 57,1,9,,796969,40,0,34 61 16 3 144,1,8,,767670,40,0,5 57,1,49,,797082,40,0,34 61 16 3 144,1,8,,797073,40,0,5 57,1,9,,797030,40,0,34 61 16 3 144,1,8,,797072,40,0,5 57,1,9,,797056,40,0,34 61 16 3 144,1,8,,797007,40,0,5 57,1,9,,796970,40,0,34 61 16 3 144,1,48,,796978,40,0,5 57,1,9,,797075,40,0,34 61 16 3 144,1,8,,797044,40,0,5 57,1,9,,797002,40,0,34 61 16 3 144,1,8,,797031,40,0,5 57,1,9,,797047,40,0,34 61 16 3 144,1,8,,797055,40,0,5 57,1,49,,797063,40,0,34 61 16 3 144,1,8,,797020,40,0,5 57,1,9,,797029,40,0,34 61 16 3 144,1,8,,797087,40,0,5 57,1,9,,692796,40,0,34 61 16 3 144,1,8,,797004,40,0,5 57,1,9,,797074,40,0,34 61 16 3 144,1,8,,653913,40,0,5 57,1,49,,797046,40,0,34 61 16 3 144,1,8,,797040,40,0,5 57,1,9,,797062,40,0,34 61 16 3 144,1,8,,753197,40,0,5 57,1,8,,797013,40,0,34 61 16 3 144,1,8,,756499,40,0,5 57,1,9,,796972,40,0,34 61 16 3 144,1,48,,797001,40,0,5 57,1,8,,744198,40,0,34 61 16 3 144,1,8,,797077,40,0,5 57,1,9,,796971,40,0,34 61 16 3 144,1,8,,736224,40,0,5 57,1,9,,797026,40,0,34 61 16 3 144,1,8,,728283,40,0,5 57,1,49,,796975,40,0,34 61 16 3 144,1,8,,797078,40,0,5 57,1,9,,797032,40,0,34 61 16 3 144,1,8,,796992,40,0,5 57,1,9,,797080,40,0,34 61 16 3 144,1,8,,740645,40,0,5 57,1,9,,797064,40,0,34 61 16 3 144,1,48,,756120,40,0,5 57,1,9,,797089,40,0,34 61 16 3 144,1,8,,796997,40,0,5 57,1,9,,796989,40,0,34 61 16 3 144,1,8,,797049,40,0,5 57,1,9,,797009,40,0,34 61 16 3 144,1,8,,796973,40,0,5 57,1,49,,778626,40,0,34 61 16 3 144,1,8,,796984,40,0,5 57,1,8,,607849,40,0,34 61 16 3 144,1,8,,797071,40,0,5 57,1,8,,745053,40,0,34 61 16 3 144,1,10,,796996,40,0,5 57,1,10,,797005,40,0,34 61 16 3 144,1,50,,797085,40,0,5 57,1,10,,797052,40,0,34 61 16 3 144,1,10,,758432,40,0,5 57,1,10,,797054,40,0,34 61 16 3 144,1,10,,796983,40,0,5 57,1,10,,796979,40,0,34 61 16 3 144,1,50,,752660,40,0,5 57,1,10,,655323,40,0,34 61 16 3 144,1,10,,797067,40,0,5 57,1,10,,796974,40,0,34 61 16 3 144,1,7,,710004,40,0,5 57,1,8,,797069,40,0,34 61 16 3 144,1,7,,796980,40,0,5 57,1,47,,727048,40,0,34 61 16 3 144,1,6,,797081,40,0,5 57,1,7,,797045,40,0,34 61 16 3 144,1,6,,796985,40,0,5 57,1,7,,797021,40,0,34 61 16 3 144,1,7,,797018,40,0,5 57,1,8,,720288,40,0,34 61 16 3 144,1,7,,674241,40,0,5 57,1,48,,797039,40,0,34 61 16 3 144,1,7,,754820,40,0,5 57,1,8,,730075,40,0,34 61 16 3 144,1,7,,796987,40,0,5 57,1,8,,797057,40,0,34 61 16 3 144,1,7,,797059,40,0,5 57,1,8,,740634,40,0,34 61 16 3 144,1,7,,797006,40,0,5 57,1,48,,797037,40,0,34 61 16 3 144,1,7,,765931,40,0,5 57,1,8,,796986,40,0,34 61 16 3 144,1,7,,797019,40,0,5 57,1,8,,796990,40,0,34 61 16 3 144,1,9,,641481,40,0,5 57,1,13,,797043,40,0,34 61 16 3 144,1,54,,797050,40,0,5 57,1,15,,797035,40,0,34 61 16 3 144,1,15,,796991,40,0,5 57,1,15,,747718,40,0,34 61 16 3 144,1
3901,'3',601,,797152,5,0,34 61 16 3 144,1,13,,797093,40,0,5 57,1,7,,797162,5,0,34 61 16 3 144,1,8,,797101,40,0,34 61 16 3 144,1,10,,797185,40,0,5 57,1,10,,797208,40,0,34 61 16 3 144,1,10,,797142,40,0,5 57,1,50,,797115,40,0,34 61 16 3 144,1,10,,797220,40,0,5 57,1,10,,797174,40,0,34 61 16 3 144,1,10,,797136,40,0,5 57,1,10,,797166,40,0,34 61 16 3 144,1,10,,797118,40,0,5 57,1,51,,797140,40,0,34 61 16 3 144,1,10,,797127,40,0,5 57,1,10,,797096,40,0,34 61 16 3 144,1,9,,797153,40,0,5 57,1,8,,797148,40,0,34 61 16 3 144,1,8,,797193,40,0,5 57,1,48,,588118,40,0,34 61 16 3 144,1,8,,797202,40,0,5 57,1,8,,797131,40,0,34 61 16 3 144,1,8,,797172,40,0,5 57,1,8,,797181,40,0,34 61 16 3 144,1,8,,767271,40,0,5 57,1,8,,797217,40,0,34 61 16 3 144,1,8,,797119,40,0,5 57,1,48,,797215,40,0,34 61 16 3 144,1,8,,797189,40,0,5 57,1,8,,797207,40,0,34 61 16 3 144,1,8,,797167,40,0,5 57,1,8,,797154,40,0,34 61 16 3 144,1,8,,797168,40,0,5 57,1,8,,797132,40,0,34 61 16 3 144,1,48,,797178,40,0,5 57,1,8,,797090,40,0,34 61 16 3 144,1,8,,797134,40,0,5 57,1,8,,797111,40,0,34 61 16 3 144,1,8,,774881,40,0,5 57,1,8,,740483,40,0,34 61 16 3 144,1,8,,797105,40,0,5 57,1,6,,797116,40,0,34 61 16 3 144,1,48,,797190,40,0,5 57,1,8,,734353,40,0,34 61 16 3 144,1,8,,797103,40,0,5 57,1,8,,797157,40,0,34 61 16 3 144,1,8,,797137,40,0,5 57,1,8,,797126,40,0,34 61 16 3 144,1,8,,797133,40,0,5 57,1,48,,797175,40,0,34 61 16 3 144,1,8,,797219,40,0,5 57,1,8,,695633,40,0,34 61 16 3 144,1,8,,769522,40,0,5 57,1,8,,797206,40,0,34 61 16 3 144,1,8,,797120,40,0,5 57,1,8,,797158,40,0,34 61 16 3 144,1,8,,797160,40,0,5 57,1,48,,797192,40,0,34 61 16 3 144,1,8,,797135,40,0,5 57,1,8,,797171,40,0,34 61 16 3 144,1,8,,797091,40,0,5 57,1,8,,797169,40,0,34 61 16 3 144,1,8,,797112,40,0,5 57,1,8,,711552,40,0,34 61 16 3 144,1,48,,747285,40,0,5 57,1,8,,797122,40,0,34 61 16 3 144,1,8,,797107,40,0,5 57,1,8,,797203,40,0,34 61 16 3 144,1,8,,797216,40,0,5 57,1,8,,797195,40,0,34 61 16 3 144,1,8,,797210,40,0,5 57,1,8,,797149,40,0,34 61 16 3 144,1,48,,797113,40,0,5 57,1,8,,797211,40,0,34 61 16 3 144,1,8,,774331,40,0,5 57,1,8,,797204,40,0,34 61 16 3 144,1,8,,797110,40,0,5 57,1,8,,797143,40,0,34 61 16 3 144,1,8,,797198,40,0,5 57,1,48,,797094,40,0,34 61 16 3 144,1,8,,797092,40,0,5 57,1,8,,797197,40,0,34 61 16 3 144,1,8,,797146,40,0,5 57,1,8,,731158,40,0,34 61 16 3 144,1,8,,738220,40,0,5 57,1,8,,797200,40,0,34 61 16 3 144,1,8,,797165,40,0,5 57,1,48,,797173,40,0,34 61 16 3 144,1,8,,734025,40,0,5 57,1,8,,683587,40,0,34 61 16 3 144,1,8,,797187,40,0,5 57,1,8,,797151,40,0,34 61 16 3 144,1,8,,701969,40,0,5 57,1,8,,797164,40,0,34 61 16 3 144,1,48,,797163,40,0,5 57,1,7,,797156,40,0,34 61 16 3 144,1,7,,797213,40,0,5 57,1,8,,797214,40,0,34 61 16 3 144,1,8,,797095,40,0,5 57,1,8,,797114,40,0,34 61 16 3 144,1,9,,693468,40,0,5 57,1,8,,797194,40,0,34 61 16 3 144,1,49,,797108,40,0,5 57,1,8,,797100,40,0,34 61 16 3 144,1,9,,776766,40,0,5 57,1,8,,797117,40,0,34 61 16 3 144,1,9,,797123,40,0,5 57,1,8,,720796,40,0,34 61 16 3 144,1,9,,797138,40,0,5 57,1,48,,797150,40,0,34 61 16 3 144,1,9,,655484,40,0,5 57,1,8,,797097,40,0,34 61 16 3 144,1,9,,797102,40,0,5 57,1,8,,797106,40,0,34 61 16 3 144,1,9,,797147,40,0,5 57,1,8,,797130,40,0,34 61 16 3 144,1,48,,694669,40,0,5 57,1,7,,672684,40,0,34 61 16 3 144,1,8,,797183,40,0,5 57,1,7,,797212,40,0,34 61 16 3 144,1,8,,775168,40,0,5 57,1,8,,765564,40,0,34 61 16 3 144,1,9,,797104,40,0,5 57,1,8,,797139,40,0,34 61 16 3 144,1,49,,797170,40,0,5 57,1,8,,713255,40,0,34 61 16 3 144,1,9,,797221,40,0,5 57,1,8,,797145,40,0,34 61 16 3 144,1,9,,797179,40,0,5 57,1,8,,748799,40,0,34 61 16 3 144,1,9,,797155,40,0,5 57,1,48,,797201,40,0,34 61 16 3 144,1,9,,797218,40,0,5 57,1,8,,739366,40,0,34 61 16 3 144,1,9,,634830,40,0,5 57,1,8,,768842,40,0,34 61 16 3 144,1,9,,797141,40,0,5 57,1,8,,797196,40,0,34 61 16 3 144,1,49,,724049,40,0,5 57,1,8,,655476,40,0,34 61 16 3 144,1,9,,797121,40,0,5 57,1,8,,797159,40,0,34 61 16 3 144,1,9,,797186,40,0,5 57,1,13,,797191,40,0,34 61 16 3 144,1,54,,797125,40,0,5 57,1,15,,797205,40,0,34 61 16 3 144,1,15,,765051,40,0,5 57,1,15,,797209,40,0,34 61 16 3 144,1
3901,'5',601,,797338,5,0,34 61 16 3 144,1,13,,692709,40,0,5 57,1,7,,797308,5,0,34 61 16 3 144,1,8,,797228,40,0,34 61 16 3 144,1,10,,699505,40,0,5 57,1,10,,797341,40,0,34 61 16 3 144,1,10,,797333,40,0,5 57,1,50,,719051,40,0,34 61 16 3 144,1,10,,797332,40,0,5 57,1,10,,797225,40,0,34 61 16 3 144,1,10,,797266,40,0,5 57,1,10,,797268,40,0,34 61 16 3 144,1,10,,715479,40,0,5 57,1,51,,797344,40,0,34 61 16 3 144,1,10,,797227,40,0,5 57,1,10,,797235,40,0,34 61 16 3 144,1,9,,797286,40,0,5 57,1,8,,797285,40,0,34 61 16 3 144,1,8,,797312,40,0,5 57,1,48,,797234,40,0,34 61 16 3 144,1,8,,797323,40,0,5 57,1,8,,797304,40,0,34 61 16 3 144,1,8,,634950,40,0,5 57,1,8,,797345,40,0,34 61 16 3 144,1,8,,692958,40,0,5 57,1,8,,797319,40,0,34 61 16 3 144,1,8,,797257,40,0,5 57,1,48,,797240,40,0,34 61 16 3 144,1,8,,746789,40,0,5 57,1,8,,797270,40,0,34 61 16 3 144,1,8,,797258,40,0,5 57,1,8,,797224,40,0,34 61 16 3 144,1,8,,797226,40,0,5 57,1,8,,797241,40,0,34 61 16 3 144,1,48,,797343,40,0,5 57,1,8,,728369,40,0,34 61 16 3 144,1,8,,797340,40,0,5 57,1,8,,697638,40,0,34 61 16 3 144,1,8,,725463,40,0,5 57,1,8,,797315,40,0,34 61 16 3 144,1,8,,797256,40,0,5 57,1,6,,733267,40,0,34 61 16 3 144,1,48,,797233,40,0,5 57,1,8,,638003,40,0,34 61 16 3 144,1,8,,797288,40,0,5 57,1,8,,797295,40,0,34 61 16 3 144,1,8,,797298,40,0,5 57,1,8,,797269,40,0,34 61 16 3 144,1,8,,729081,40,0,5 57,1,48,,797243,40,0,34 61 16 3 144,1,8,,797284,40,0,5 57,1,8,,797322,40,0,34 61 16 3 144,1,8,,754584,40,0,5 57,1,8,,797335,40,0,34 61 16 3 144,1,8,,797305,40,0,5 57,1,8,,768681,40,0,34 61 16 3 144,1,8,,541615,40,0,5 57,1,48,,797229,40,0,34 61 16 3 144,1,8,,797334,40,0,5 57,1,8,,797277,40,0,34 61 16 3 144,1,8,,797301,40,0,5 57,1,8,,797261,40,0,34 61 16 3 144,1,8,,797239,40,0,5 57,1,8,,797245,40,0,34 61 16 3 144,1,48,,797303,40,0,5 57,1,8,,797306,40,0,34 61 16 3 144,1,8,,797283,40,0,5 57,1,8,,797321,40,0,34 61 16 3 144,1,8,,797300,40,0,5 57,1,8,,650670,40,0,34 61 16 3 144,1,8,,797280,40,0,5 57,1,8,,797246,40,0,34 61 16 3 144,1,48,,797293,40,0,5 57,1,8,,797242,40,0,34 61 16 3 144,1,8,,797290,40,0,5 57,1,8,,797267,40,0,34 61 16 3 144,1,8,,797247,40,0,5 57,1,8,,797324,40,0,34 61 16 3 144,1,8,,797317,40,0,5 57,1,48,,797279,40,0,34 61 16 3 144,1,8,,759883,40,0,5 57,1,8,,797250,40,0,34 61 16 3 144,1,8,,797325,40,0,5 57,1,8,,797287,40,0,34 61 16 3 144,1,8,,797302,40,0,5 57,1,8,,797276,40,0,34 61 16 3 144,1,8,,797346,40,0,5 57,1,48,,797272,40,0,34 61 16 3 144,1,8,,797339,40,0,5 57,1,8,,797336,40,0,34 61 16 3 144,1,8,,544012,40,0,5 57,1,8,,797329,40,0,34 61 16 3 144,1,8,,663136,40,0,5 57,1,8,,797236,40,0,34 61 16 3 144,1,48,,797252,40,0,5 57,1,7,,797347,40,0,34 61 16 3 144,1,7,,797238,40,0,5 57,1,8,,774391,40,0,34 61 16 3 144,1,8,,797244,40,0,5 57,1,8,,797248,40,0,34 61 16 3 144,1,9,,797253,40,0,5 57,1,8,,797254,40,0,34 61 16 3 144,1,49,,736454,40,0,5 57,1,8,,797251,40,0,34 61 16 3 144,1,9,,797309,40,0,5 57,1,8,,797328,40,0,34 61 16 3 144,1,9,,797232,40,0,5 57,1,8,,797231,40,0,34 61 16 3 144,1,9,,797264,40,0,5 57,1,48,,797275,40,0,34 61 16 3 144,1,9,,694388,40,0,5 57,1,8,,693349,40,0,34 61 16 3 144,1,9,,797349,40,0,5 57,1,8,,797316,40,0,34 61 16 3 144,1,9,,797263,40,0,5 57,1,8,,797299,40,0,34 61 16 3 144,1,48,,797326,40,0,5 57,1,7,,797265,40,0,34 61 16 3 144,1,8,,797296,40,0,5 57,1,7,,778744,40,0,34 61 16 3 144,1,8,,797348,40,0,5 57,1,8,,797260,40,0,34 61 16 3 144,1,9,,797278,40,0,5 57,1,8,,797281,40,0,34 61 16 3 144,1,49,,797223,40,0,5 57,1,8,,797273,40,0,34 61 16 3 144,1,9,,797297,40,0,5 57,1,8,,797330,40,0,34 61 16 3 144,1,9,,797311,40,0,5 57,1,8,,797294,40,0,34 61 16 3 144,1,9,,797318,40,0,5 57,1,48,,749239,40,0,34 61 16 3 144,1,9,,797289,40,0,5 57,1,8,,797327,40,0,34 61 16 3 144,1,9,,797320,40,0,5 57,1,8,,797230,40,0,34 61 16 3 144,1,9,,797282,40,0,5 57,1,8,,797291,40,0,34 61 16 3 144,1,49,,797292,40,0,5 57,1,8,,797310,40,0,34 61 16 3 144,1,9,,755614,40,0,5 57,1,8,,797255,40,0,34 61 16 3 144,1,9,,797271,40,0,5 57,1,13,,797262,40,0,34 61 16 3 144,1,54,,797337,40,0,5 57,1,15,,705087,40,0,34 61 16 3 144,1,15,,797314,40,0,5 57,1,15,,651013,40,0,34 61 16 3 144,1
33901,'1',552,,858848,40,0,11 12 175 63,1,2160,,858855,40,0,11 12 175 63,1,20,,731240,40,0,11 12 175 63,1,20,,858852,40,0,11 12 175 63,1,60,,858850,40,0,11 12 175 63,1,20,,749093,40,0,11 12 175 63,1,20,,858849,40,0,11 12 175 63,1,60,,695707,40,0,11 12 175 63,1,20,,858853,40,0,11 12 175 63,1
33901,'2',555,,858861,40,0,11 12 175 63,1,2157,,858856,40,0,11 12 175 63,1,20,,858867,40,0,11 12 175 63,1,20,,858858,40,0,11 12 175 63,1,60,,726793,40,0,11 12 175 63,1,20,,858859,40,0,11 12 175 63,1,20,,858865,40,0,11 12 175 63,1,60,,858864,40,0,11 12 175 63,1,20,,858862,40,0,11 12 175 63,1
33901,'3',600,,858879,40,0,11 12 175 63,1,2112,,858872,40,0,11 12 175 63,1,20,,858873,40,0,11 12 175 63,1,20,,858870,40,0,11 12 175 63,1,60,,858869,40,0,11 12 175 63,1,20,,858877,40,0,11 12 175 63,1,20,,648675,40,0,11 12 175 63,1,60,,858875,40,0,11 12 175 63,1,20,,743290,40,0,11 12 175 63,1
33901,'5',551,,858883,40,0,11 12 175 63,1,2161,,763265,40,0,11 12 175 63,1,20,,858882,40,0,11 12 175 63,1,20,,858880,40,0,11 12 175 63,1,60,,858884,40,0,11 12 175 63,1,20,,705145,40,0,11 12 175 63,1,20,,858888,40,0,11 12 175 63,1,60,,747905,40,0,11 12 175 63,1,20,,858886,40,0,11 12 175 63,1
93901,'1',523,,727025,3,0,5 55 8,1,10,,757519,3,0,5 55 8,1,2,,758366,3,0,28 59 176,1,8,,865962,3,0,5 55 8,1,1,,865885,3,0,28 59 176,1,9,,865963,3,0,5 55 8,1,1,,865901,3,0,28 59 176,1,49,,865845,3,0,5 55 8,1,1,,724541,3,0,28 59 176,1,1,,865964,3,0,5 55 8,1,9,,578985,3,0,28 59 176,1,1,,865860,3,0,5 55 8,1,6,,865949,3,0,28 59 176,1,4,,865859,3,0,5 55 8,1,3,,865834,3,0,28 59 176,1,7,,865857,3,0,5 55 8,1,3,,865878,3,0,28 59 176,1,7,,773960,3,0,5 55 8,1,8,,865836,19,0,34 55 8,1,5,,865898,14,0,28 59 176,1,45,,612357,19,0,34 55 8,1,5,,865952,14,0,28 59 176,1,5,,865851,19,0,34 55 8,1,5,,865848,14,0,28 59 176,1,5,,609702,19,0,34 55 8,1,5,,865850,14,0,28 59 176,1,4,,865833,19,0,34 55 8,1,6,,745877,14,0,28 59 176,1,5,,865846,19,0,34 55 8,1,5,,865856,14,0,28 59 176,1,5,,865882,19,0,34 55 8,1,5,,865847,3,0,5 55 8,1,45,,865831,19,0,34 55 8,1,5,,763864,14,0,28 59 176,1,5,,865908,19,0,34 55 8,1,5,,865842,14,0,28 59 176,1,4,,865852,3,0,5 55 8,1,1,,865867,19,0,34 55 8,1,5,,467582,14,0,28 59 176,1,5,,865875,19,0,34 55 8,1,5,,696196,14,0,28 59 176,1,5,,865940,19,0,34 55 8,1,5,,865844,3,0,5 55 8,1,5,,865889,19,0,34 55 8,1,5,,865905,14,0,28 59 176,1,45,,865879,19,0,34 55 8,1,5,,865903,14,0,28 59 176,1,5,,865881,19,0,34 55 8,1,5,,865942,3,0,5 55 8,1,5,,865873,19,0,34 55 8,1,5,,622612,14,0,28 59 176,1,5,,865861,3,0,5 55 8,1,10,,865891,19,0,34 55 8,1,7,,865876,14,0,5 55 8,1,8,,865921,19,0,34 55 8,1,47,,865953,14,0,5 55 8,1,8,,691008,19,0,34 55 8,1,7,,865956,14,0,5 55 8,1,8,,643785,19,0,34 55 8,1,7,,865954,14,0,5 55 8,1,8,,865862,19,0,34 55 8,1,7,,865916,14,0,5 55 8,1,8,,865900,19,0,34 55 8,1,47,,865927,14,0,5 55 8,1,8,,649927,19,0,34 55 8,1,7,,865926,14,0,5 55 8,1,8,,693415,19,0,34 55 8,1,7,,865922,14,0,5 55 8,1,8,,865830,19,0,34 55 8,1,7,,865938,14,0,5 55 8,1,8,,865870,19,0,34 55 8,1,47,,865899,14,0,5 55 8,1,8,,779333,19,0,34 55 8,1,7,,865832,14,0,5 55 8,1,8,,865950,19,0,34 55 8,1,7,,599845,14,0,5 55 8,1,8,,865827,19,0,34 55 8,1,7,,865904,14,0,5 55 8,1,8,,865884,19,0,34 55 8,1,47,,708958,14,0,5 55 8,1,8,,865865,19,0,34 55 8,1,6,,865894,3,0,28 59 176,1,1,,865924,14,0,5 55 8,1,8,,720900,19,0,34 55 8,1,7,,865914,3,0,28 59 176,1,8,,761474,19,0,34 55 8,1,7,,865911,3,0,28 59 176,1,8,,865841,19,0,34 55 8,1,47,,714034,3,0,28 59 176,1,8,,865919,19,0,34 55 8,1,7,,865915,3,0,28 59 176,1,10,,865863,19,0,34 55 8,1,4,,865961,3,0,28 59 176,1,8,,865910,14,0,28 59 176,1,6,,865837,19,0,34 55 8,1,9,,865886,14,0,28 59 176,1,48,,865874,19,0,34 55 8,1,7,,865855,14,0,28 59 176,1,8,,632298,19,0,34 55 8,1,7,,765414,14,0,28 59 176,1,8,,865896,19,0,34 55 8,1,7,,865957,14,0,28 59 176,1,8,,727269,19,0,34 55 8,1,7,,865929,14,0,28 59 176,1,48,,752200,19,0,34 55 8,1,7,,698924,14,0,28 59 176,1,8,,865917,19,0,34 55 8,1,7,,865931,14,0,28 59 176,1,8,,865941,19,0,34 55 8,1,7,,742553,14,0,28 59 176,1,8,,865868,19,0,34 55 8,1,7,,865945,14,0,28 59 176,1,48,,865909,19,0,34 55 8,1,7,,865951,14,0,28 59 176,1,8,,865877,19,0,34 55 8,1,7,,865866,14,0,28 59 176,1,8,,865880,19,0,34 55 8,1,7,,865828,14,0,28 59 176,1,8,,865872,19,0,34 55 8,1,7,,776345,14,0,28 59 176,1,48,,520971,19,0,34 55 8,1,7,,865835,14,0,28 59 176,1,8,,865839,19,0,34 55 8,1,7,,753412,14,0,28 59 176,1,8,,865939,19,0,34 55 8,1,7,,865897,14,0,28 59 176,1,8,,865930,19,0,34 55 8,1,5,,865887,3,0,5 55 8,1,2,,865943,14,0,28 59 176,1,48,,771959,19,0,34 55 8,1,7,,865890,14,0,28 59 176,1,8,,865932,19,0,34 55 8,1,7,,865936,14,0,28 59 176,1,6,,865937,19,0,34 55 8,1,4,,460002,19,0,34 55 8,1,1,,865934,14,0,5 55 8,1,15,,865907,19,0,34 55 8,1,4,,865871,14,0,5 55 8,1,50,,865928,19,0,34 55 8,1,10,,865853,14,0,5 55 8,1,10,,865958,19,0,34 55 8,1,10,,865946,14,0,5 55 8,1,10,,865869,19,0,34 55 8,1,10,,865883,14,0,5 55 8,1,50,,865843,19,0,34 55 8,1,10,,732388,14,0,5 55 8,1,10,,865923,19,0,34 55 8,1,10,,865902,14,0,5 55 8,1,10,,865948,19,0,34 55 8,1,10,,865829,14,0,5 55 8,1,50,,865955,19,0,34 55 8,1,8,,865925,14,0,5 55 8,1,12,,865888,19,0,34 55 8,1,10,,757285,14,0,5 55 8,1,12,,865892,14,0,5 55 8,1,55,,865858,14,0,5 55 8,1,15,,865960,14,0,5 55 8,1,15,,865944,14,0,5 55 8,1,15,,703505,14,0,5 55 8,1,55,,865935,14,0,5 55 8,1,15,,865947,14,0,5 55 8,1,15,,865912,14,0,5 55 8,1,15,,865920,14,0,5 55 8,1,55,,719663,14,0,5 55 8,1,20,,865840,14,0,5 55 8,1
93901,'2',848,,738149,14,0,5 55 8,1,8,,645026,19,0,34 55 8,1,50,,704454,14,0,5 55 8,1,10,,866007,19,0,34 55 8,1,10,,866032,14,0,5 55 8,1,10,,866037,19,0,34 55 8,1,10,,866013,14,0,5 55 8,1,10,,866036,19,0,34 55 8,1,50,,866043,14,0,5 55 8,1,10,,866004,19,0,34 55 8,1,10,,713652,14,0,5 55 8,1,10,,865982,19,0,34 55 8,1,10,,865985,14,0,5 55 8,1,10,,865996,19,0,34 55 8,1,50,,749920,14,0,5 55 8,1,10,,866041,19,0,34 55 8,1,10,,865995,14,0,5 55 8,1,10,,865976,19,0,34 55 8,1,8,,866014,14,0,5 55 8,1,7,,737663,19,0,34 55 8,1,8,,866027,14,0,5 55 8,1,47,,866024,19,0,34 55 8,1,8,,865988,14,0,5 55 8,1,7,,865975,19,0,34 55 8,1,8,,865987,14,0,5 55 8,1,7,,865966,19,0,34 55 8,1,8,,866010,14,0,5 55 8,1,7,,866006,19,0,34 55 8,1,8,,716003,14,0,5 55 8,1,47,,777749,19,0,34 55 8,1,8,,866019,14,0,5 55 8,1,7,,866009,19,0,34 55 8,1,8,,865981,14,0,5 55 8,1,7,,866029,19,0,34 55 8,1,8,,865968,14,0,5 55 8,1,7,,865978,19,0,34 55 8,1,8,,488428,14,0,5 55 8,1,47,,866026,19,0,34 55 8,1,8,,866025,14,0,5 55 8,1,7,,726178,19,0,34 55 8,1,8,,750619,14,0,5 55 8,1,7,,748277,19,0,34 55 8,1,8,,865977,14,0,5 55 8,1,7,,865979,19,0,34 55 8,1,8,,866028,14,0,5 55 8,1,47,,866002,19,0,34 55 8,1,8,,866038,14,0,5 55 8,1,7,,865993,19,0,34 55 8,1,8,,865989,14,0,5 55 8,1,7,,866044,19,0,34 55 8,1,8,,866045,14,0,5 55 8,1,7,,866005,19,0,34 55 8,1,8,,704917,14,0,5 55 8,1,47,,865992,19,0,34 55 8,1,8,,866030,14,0,5 55 8,1,7,,866017,19,0,34 55 8,1,8,,866042,14,0,5 55 8,1,7,,865994,19,0,34 55 8,1,8,,866000,14,0,5 55 8,1,7,,866034,19,0,34 55 8,1,8,,866035,14,0,5 55 8,1,47,,866020,19,0,34 55 8,1,8,,865986,14,0,5 55 8,1,7,,865984,19,0,34 55 8,1,8,,748401,14,0,5 55 8,1,7,,709020,19,0,34 55 8,1,8,,866001,14,0,5 55 8,1,7,,866016,19,0,34 55 8,1,8,,865974,14,0,5 55 8,1,47,,865972,19,0,34 55 8,1,8,,701130,14,0,5 55 8,1,7,,865983,19,0,34 55 8,1,8,,866031,14,0,5 55 8,1,7,,866046,19,0,34 55 8,1,8,,865991,14,0,5 55 8,1,7,,760555,19,0,34 55 8,1,8,,865997,14,0,5 55 8,1,47,,865990,19,0,34 55 8,1,8,,865980,14,0,5 55 8,1,7,,866022,19,0,34 55 8,1,8,,865998,14,0,5 55 8,1,11,,866047,14,0,5 55 8,1,13,,866021,14,0,5 55 8,1,53,,866040,14,0,5 55 8,1,13,,866008,14,0,5 55 8,1,13,,866003,14,0,5 55 8,1,13,,865973,14,0,5 55 8,1,13,,866048,14,0,5 55 8,1,53,,866011,14,0,5 55 8,1,13,,865971,14,0,5 55 8,1,13,,865970,14,0,5 55 8,1,13,,866039,14,0,5 55 8,1,53,,721489,14,0,5 55 8,1,13,,865967,14,0,5 55 8,1,13,,866012,14,0,5 55 8,1
93901,'3',823,,866101,14,0,5 55 8,1,8,,866102,19,0,34 55 8,1,10,,866070,14,0,5 55 8,1,10,,866071,19,0,34 55 8,1,50,,866096,14,0,5 55 8,1,10,,866056,19,0,34 55 8,1,10,,866106,14,0,5 55 8,1,10,,730250,19,0,34 55 8,1,10,,866084,14,0,5 55 8,1,10,,866076,19,0,34 55 8,1,50,,866055,14,0,5 55 8,1,10,,669989,19,0,34 55 8,1,10,,866078,14,0,5 55 8,1,10,,866114,19,0,34 55 8,1,10,,866060,14,0,5 55 8,1,10,,866093,19,0,34 55 8,1,50,,866088,14,0,5 55 8,1,10,,866094,19,0,34 55 8,1,10,,746648,14,0,5 55 8,1,14,,866066,19,0,34 55 8,1,10,,866059,14,0,5 55 8,1,10,,866111,19,0,34 55 8,1,50,,866108,14,0,5 55 8,1,10,,866090,19,0,34 55 8,1,10,,866104,14,0,5 55 8,1,10,,866089,19,0,34 55 8,1,10,,866068,14,0,5 55 8,1,10,,732154,19,0,34 55 8,1,50,,866098,14,0,5 55 8,1,10,,866052,19,0,34 55 8,1,10,,866082,14,0,5 55 8,1,10,,866064,19,0,34 55 8,1,10,,752091,14,0,5 55 8,1,10,,754689,19,0,34 55 8,1,50,,866110,14,0,5 55 8,1,10,,492120,19,0,34 55 8,1,10,,728477,14,0,5 55 8,1,10,,866075,19,0,34 55 8,1,10,,866080,14,0,5 55 8,1,10,,866077,19,0,34 55 8,1,50,,866072,14,0,5 55 8,1,10,,729444,19,0,34 55 8,1,10,,866065,14,0,5 55 8,1,10,,866054,19,0,34 55 8,1,10,,866073,14,0,5 55 8,1,10,,866112,19,0,34 55 8,1,50,,866079,14,0,5 55 8,1,10,,866099,19,0,34 55 8,1,10,,866113,14,0,5 55 8,1,10,,866086,19,0,34 55 8,1,10,,866085,14,0,5 55 8,1,10,,684979,19,0,34 55 8,1,50,,866050,14,0,5 55 8,1,10,,866053,19,0,34 55 8,1,10,,866095,14,0,5 55 8,1,10,,866092,19,0,34 55 8,1,10,,866107,14,0,5 55 8,1,10,,866051,19,0,34 55 8,1,50,,866115,14,0,5 55 8,1,10,,866062,19,0,34 55 8,1,10,,866100,14,0,5 55 8,1,10,,866067,19,0,34 55 8,1,10,,866091,14,0,5 55 8,1,10,,610725,19,0,34 55 8,1,50,,866074,14,0,5 55 8,1,10,,866103,19,0,34 55 8,1,10,,619155,14,0,5 55 8,1,10,,741325,19,0,34 55 8,1,12,,866105,14,0,5 55 8,1,57,,866058,19,0,34 55 8,1,9,,866081,14,0,5 55 8,1,13,,866069,14,0,5 55 8,1,13,,866083,14,0,5 55 8,1,13,,866061,14,0,5 55 8,1,53,,702804,14,0,5 55 8,1,13,,866063,14,0,5 55 8,1,13,,866087,14,0,5 55 8,1,13,,866109,14,0,5 55 8,1,13,,866049,14,0,5 55 8,1,53,,732169,14,0,5 55 8,1,14,,866097,14,0,5 55 8,1
93901,'5',841,,866125,14,0,5 55 8,1,10,,712978,19,0,34 55 8,1,50,,866133,14,0,5 55 8,1,10,,732976,19,0,34 55 8,1,10,,866136,14,0,5 55 8,1,10,,866177,19,0,34 55 8,1,10,,866161,14,0,5 55 8,1,10,,866144,19,0,34 55 8,1,50,,866146,14,0,5 55 8,1,10,,866141,19,0,34 55 8,1,10,,866132,14,0,5 55 8,1,10,,866130,19,0,34 55 8,1,10,,866138,14,0,5 55 8,1,10,,866178,19,0,34 55 8,1,50,,866164,14,0,5 55 8,1,10,,866151,19,0,34 55 8,1,10,,866157,14,0,5 55 8,1,14,,866160,19,0,34 55 8,1,10,,739896,14,0,5 55 8,1,10,,866169,19,0,34 55 8,1,50,,866120,14,0,5 55 8,1,10,,732738,19,0,34 55 8,1,10,,866134,14,0,5 55 8,1,10,,866140,19,0,34 55 8,1,10,,866119,14,0,5 55 8,1,10,,866166,19,0,34 55 8,1,50,,866124,14,0,5 55 8,1,10,,866170,19,0,34 55 8,1,10,,866155,14,0,5 55 8,1,10,,866171,19,0,34 55 8,1,10,,866122,14,0,5 55 8,1,10,,866123,19,0,34 55 8,1,50,,866162,14,0,5 55 8,1,10,,866173,19,0,34 55 8,1,10,,866158,14,0,5 55 8,1,10,,866145,19,0,34 55 8,1,10,,866153,14,0,5 55 8,1,10,,866128,19,0,34 55 8,1,50,,866174,14,0,5 55 8,1,10,,626894,19,0,34 55 8,1,10,,748327,14,0,5 55 8,1,10,,866117,19,0,34 55 8,1,10,,866150,14,0,5 55 8,1,10,,866154,19,0,34 55 8,1,50,,866143,14,0,5 55 8,1,10,,738248,19,0,34 55 8,1,10,,866180,14,0,5 55 8,1,10,,866142,19,0,34 55 8,1,10,,866149,14,0,5 55 8,1,10,,866156,19,0,34 55 8,1,50,,866176,14,0,5 55 8,1,10,,775600,19,0,34 55 8,1,10,,540070,14,0,5 55 8,1,10,,866182,19,0,34 55 8,1,10,,866167,14,0,5 55 8,1,10,,714565,19,0,34 55 8,1,50,,866172,14,0,5 55 8,1,10,,720444,19,0,34 55 8,1,10,,683276,14,0,5 55 8,1,10,,866131,19,0,34 55 8,1,10,,866129,14,0,5 55 8,1,10,,866179,19,0,34 55 8,1,50,,866152,14,0,5 55 8,1,10,,866165,19,0,34 55 8,1,10,,866147,14,0,5 55 8,1,10,,866181,19,0,34 55 8,1,12,,866148,14,0,5 55 8,1,57,,743469,19,0,34 55 8,1,7,,866127,14,0,5 55 8,1,15,,866175,14,0,5 55 8,1,13,,866183,14,0,5 55 8,1,13,,866137,14,0,5 55 8,1,53,,866135,14,0,5 55 8,1,13,,866163,14,0,5 55 8,1,13,,866116,14,0,5 55 8,1,13,,866121,14,0,5 55 8,1,13,,866168,14,0,5 55 8,1,53,,716916,14,0,5 55 8,1,14,,866126,14,0,5 55 8,1
