8501,'1',607,,530095,27,0,5 99 100 101 15,1,17,,648492,51,0,5 99 100 101 15,1,12,,516712,51,0,5 99 100 101 15,1,20,,648463,51,0,5 99 100 101 15,1,60,,648441,51,0,5 99 100 101 15,1,22,,538289,51,0,5 99 100 101 15,1,19,,648491,51,0,5 99 100 101 15,1,58,,648460,51,0,5 99 100 101 15,1,18,,648527,51,0,5 99 100 101 15,1,18,,648520,51,0,5 99 100 101 15,1,58,,648484,51,0,5 99 100 101 15,1,18,,648493,51,0,5 99 100 101 15,1,18,,648502,51,0,5 99 100 101 15,1,58,,376986,51,0,5 99 100 101 15,1,18,,520623,51,0,5 99 100 101 15,1,18,,648533,51,0,5 99 100 101 15,1,18,,648467,51,0,5 99 100 101 15,1,58,,648531,51,0,5 99 100 101 15,1,18,,648517,51,0,5 99 100 101 15,1,18,,648445,51,0,5 99 100 101 15,1,58,,648497,51,0,5 99 100 101 15,1,18,,422218,51,0,5 99 100 101 15,1,18,,539238,51,0,5 99 100 101 15,1,58,,648508,51,0,5 99 100 101 15,1,18,,648507,51,0,5 99 100 101 15,1,18,,648512,51,0,5 99 100 101 15,1,18,,648495,51,0,5 99 100 101 15,1,58,,407126,51,0,5 99 100 101 15,1,18,,648449,51,0,5 99 100 101 15,1,18,,520943,51,0,5 99 100 101 15,1,58,,603440,51,0,5 99 100 101 15,1,20,,648435,51,0,5 99 100 101 15,1,24,,648480,51,0,5 99 100 101 15,1,58,,648518,51,0,5 99 100 101 15,1,18,,648489,51,0,5 99 100 101 15,1,18,,648483,51,0,5 99 100 101 15,1,58,,648486,51,0,5 99 100 101 15,1,18,,648458,51,0,5 99 100 101 15,1,18,,648540,51,0,5 99 100 101 15,1,18,,648523,51,0,5 99 100 101 15,1,58,,648447,51,0,5 99 100 101 15,1,18,,648442,51,0,5 99 100 101 15,1,18,,648450,51,0,5 99 100 101 15,1,58,,648451,51,0,5 99 100 101 15,1,16,,648437,51,0,5 99 100 101 15,1,22,,648478,51,0,5 99 100 101 15,1,60,,648511,51,0,5 99 100 101 15,1,20,,648474,51,0,5 99 100 101 15,1,20,,513367,51,0,5 99 100 101 15,1,60,,648438,51,0,5 99 100 101 15,1,20,,648468,51,0,5 99 100 101 15,1,20,,648456,51,0,5 99 100 101 15,1,60,,393145,51,0,5 99 100 101 15,1,20,,648499,51,0,5 99 100 101 15,1,20,,648470,51,0,5 99 100 101 15,1,51,,648448,51,0,5 99 100 101 15,1,12,,531003,51,0,5 99 100 101 15,1,20,,648477,51,0,5 99 100 101 15,1,20,,648510,51,0,5 99 100 101 15,1,60,,648536,51,0,5 99 100 101 15,1,20,,648515,51,0,5 99 100 101 15,1,20,,648453,51,0,5 99 100 101 15,1,60,,648496,51,0,5 99 100 101 15,1,17,,648485,51,0,5 99 100 101 15,1,20,,648487,51,0,5 99 100 101 15,1,66,,648469,51,0,5 99 100 101 15,1,30,,648436,51,0,5 99 100 101 15,1
8501,'2',642,,648585,51,0,5 99 100 101 15,1,64,,648643,51,0,5 99 100 101 15,1,20,,648620,51,0,5 99 100 101 15,1,20,,648563,51,0,5 99 100 101 15,1,56,,648554,51,0,5 99 100 101 15,1,24,,648602,51,0,5 99 100 101 15,1,20,,648552,51,0,5 99 100 101 15,1,60,,648637,51,0,5 99 100 101 15,1,20,,648617,51,0,5 99 100 101 15,1,20,,545670,51,0,5 99 100 101 15,1,60,,648601,51,0,5 99 100 101 15,1,20,,458798,51,0,5 99 100 101 15,1,20,,648642,51,0,5 99 100 101 15,1,60,,648645,51,0,5 99 100 101 15,1,20,,648586,51,0,5 99 100 101 15,1,20,,593009,51,0,5 99 100 101 15,1,60,,648559,51,0,5 99 100 101 15,1,20,,582954,51,0,5 99 100 101 15,1,20,,648606,51,0,5 99 100 101 15,1,62,,648638,51,0,5 99 100 101 15,1,15,,648619,51,0,5 99 100 101 15,1,15,,584750,51,0,5 99 100 101 15,1,15,,648649,51,0,5 99 100 101 15,1,55,,648625,51,0,5 99 100 101 15,1,15,,648581,51,0,5 99 100 101 15,1,15,,479003,51,0,5 99 100 101 15,1,15,,648616,51,0,5 99 100 101 15,1,55,,648588,51,0,5 99 100 101 15,1,15,,648569,51,0,5 99 100 101 15,1,15,,542881,51,0,5 99 100 101 15,1,15,,549623,51,0,5 99 100 101 15,1,55,,648558,51,0,5 99 100 101 15,1,15,,582920,51,0,5 99 100 101 15,1,15,,648627,51,0,5 99 100 101 15,1,15,,648576,51,0,5 99 100 101 15,1,55,,565492,51,0,5 99 100 101 15,1,15,,648626,51,0,5 99 100 101 15,1,15,,648578,51,0,5 99 100 101 15,1,15,,648599,51,0,5 99 100 101 15,1,55,,648572,51,0,5 99 100 101 15,1,15,,648584,51,0,5 99 100 101 15,1,15,,648575,51,0,5 99 100 101 15,1,15,,648640,51,0,5 99 100 101 15,1,55,,648613,51,0,5 99 100 101 15,1,15,,648597,51,0,5 99 100 101 15,1,15,,541157,51,0,5 99 100 101 15,1,15,,512838,51,0,5 99 100 101 15,1,57,,648630,51,0,5 99 100 101 15,1,20,,648548,51,0,5 99 100 101 15,1,20,,648612,51,0,5 99 100 101 15,1,60,,648570,51,0,5 99 100 101 15,1,20,,648618,51,0,5 99 100 101 15,1,20,,648545,51,0,5 99 100 101 15,1,60,,469314,51,0,5 99 100 101 15,1,20,,648541,51,0,5 99 100 101 15,1,18,,648647,51,0,5 99 100 101 15,1,9,,648598,51,0,5 99 100 101 15,1,55,,582270,51,0,5 99 100 101 15,1,20,,648564,51,0,5 99 100 101 15,1,20,,549637,51,0,5 99 100 101 15,1,60,,648608,51,0,5 99 100 101 15,1,20,,648565,51,0,5 99 100 101 15,1,20,,648550,51,0,5 99 100 101 15,1,60,,648621,51,0,5 99 100 101 15,1,20,,648600,51,0,5 99 100 101 15,1,17,,405884,51,0,5 99 100 101 15,1,66,,648604,51,0,5 99 100 101 15,1,30,,648648,51,0,5 99 100 101 15,1
8501,'3',856,,648747,51,0,5 99 100 101 15,1,55,,648669,51,0,5 99 100 101 15,1,20,,503263,51,0,5 99 100 101 15,1,20,,648673,51,0,5 99 100 101 15,1,60,,648722,51,0,5 99 100 101 15,1,20,,533070,51,0,5 99 100 101 15,1,20,,648735,51,0,5 99 100 101 15,1,60,,648734,51,0,5 99 100 101 15,1,20,,553758,51,0,5 99 100 101 15,1,20,,648727,51,0,5 99 100 101 15,1,61,,648676,51,0,5 99 100 101 15,1,21,,435531,51,0,5 99 100 101 15,1,21,,648674,51,0,5 99 100 101 15,1,57,,648657,51,0,5 99 100 101 15,1,15,,648739,51,0,5 99 100 101 15,1,15,,648728,51,0,5 99 100 101 15,1,15,,648697,51,0,5 99 100 101 15,1,55,,584232,51,0,5 99 100 101 15,1,15,,564976,51,0,5 99 100 101 15,1,15,,648684,51,0,5 99 100 101 15,1,15,,531550,51,0,5 99 100 101 15,1,55,,648652,51,0,5 99 100 101 15,1,15,,648667,51,0,5 99 100 101 15,1,15,,648689,51,0,5 99 100 101 15,1,15,,648655,51,0,5 99 100 101 15,1,55,,648737,51,0,5 99 100 101 15,1,15,,517040,51,0,5 99 100 101 15,1,15,,547406,51,0,5 99 100 101 15,1,15,,648707,51,0,5 99 100 101 15,1,55,,648745,51,0,5 99 100 101 15,1,15,,648736,51,0,5 99 100 101 15,1,15,,648724,51,0,5 99 100 101 15,1,15,,648685,51,0,5 99 100 101 15,1,55,,648715,51,0,5 99 100 101 15,1,15,,648705,51,0,5 99 100 101 15,1,15,,593846,51,0,5 99 100 101 15,1,15,,648690,51,0,5 99 100 101 15,1,52,,648746,51,0,5 99 100 101 15,1,13,,648695,51,0,5 99 100 101 15,1,15,,648696,51,0,5 99 100 101 15,1,16,,648678,51,0,5 99 100 101 15,1,60,,648702,51,0,5 99 100 101 15,1,20,,648704,51,0,5 99 100 101 15,1,20,,648719,51,0,5 99 100 101 15,1,60,,467793,51,0,5 99 100 101 15,1,20,,541969,51,0,5 99 100 101 15,1,20,,648665,51,0,5 99 100 101 15,1,60,,648653,51,0,5 99 100 101 15,1,21,,648744,51,0,5 99 100 101 15,1,20,,434236,51,0,5 99 100 101 15,1,60,,648687,51,0,5 99 100 101 15,1,20,,648668,51,0,5 99 100 101 15,1,20,,648699,51,0,5 99 100 101 15,1,60,,648711,51,0,5 99 100 101 15,1,20,,648713,51,0,5 99 100 101 15,1,20,,648672,51,0,5 99 100 101 15,1,60,,648661,51,0,5 99 100 101 15,1,20,,648651,51,0,5 99 100 101 15,1,19,,648733,51,0,5 99 100 101 15,1,63,,648710,51,0,5 99 100 101 15,1,30,,648706,51,0,5 99 100 101 15,1
8501,'5',644,,648775,51,0,5 99 100 101 15,1,66,,599094,51,0,5 99 100 101 15,1,20,,648812,51,0,5 99 100 101 15,1,20,,648761,51,0,5 99 100 101 15,1,60,,648810,51,0,5 99 100 101 15,1,20,,648792,51,0,5 99 100 101 15,1,20,,648829,51,0,5 99 100 101 15,1,60,,648788,51,0,5 99 100 101 15,1,21,,648805,51,0,5 99 100 101 15,1,20,,648828,51,0,5 99 100 101 15,1,60,,582142,51,0,5 99 100 101 15,1,20,,648797,51,0,5 99 100 101 15,1,20,,648816,51,0,5 99 100 101 15,1,60,,648781,51,0,5 99 100 101 15,1,20,,648796,51,0,5 99 100 101 15,1,20,,555042,51,0,5 99 100 101 15,1,61,,584083,51,0,5 99 100 101 15,1,21,,648843,51,0,5 99 100 101 15,1,21,,519099,51,0,5 99 100 101 15,1,57,,648755,51,0,5 99 100 101 15,1,15,,648779,51,0,5 99 100 101 15,1,15,,648765,51,0,5 99 100 101 15,1,15,,648837,51,0,5 99 100 101 15,1,55,,563674,51,0,5 99 100 101 15,1,15,,648811,51,0,5 99 100 101 15,1,15,,648831,51,0,5 99 100 101 15,1,15,,518710,51,0,5 99 100 101 15,1,55,,648802,51,0,5 99 100 101 15,1,15,,525534,51,0,5 99 100 101 15,1,15,,648806,51,0,5 99 100 101 15,1,15,,559735,51,0,5 99 100 101 15,1,55,,648789,51,0,5 99 100 101 15,1,15,,648798,51,0,5 99 100 101 15,1,15,,648776,51,0,5 99 100 101 15,1,15,,648760,51,0,5 99 100 101 15,1,55,,648819,51,0,5 99 100 101 15,1,15,,582179,51,0,5 99 100 101 15,1,15,,648787,51,0,5 99 100 101 15,1,15,,648815,51,0,5 99 100 101 15,1,55,,648793,51,0,5 99 100 101 15,1,15,,648804,51,0,5 99 100 101 15,1,15,,648852,51,0,5 99 100 101 15,1,15,,648773,51,0,5 99 100 101 15,1,52,,648759,51,0,5 99 100 101 15,1,13,,589884,51,0,5 99 100 101 15,1,15,,648752,51,0,5 99 100 101 15,1,16,,648823,51,0,5 99 100 101 15,1,60,,648833,51,0,5 99 100 101 15,1,20,,648832,51,0,5 99 100 101 15,1,20,,574578,51,0,5 99 100 101 15,1,60,,648851,51,0,5 99 100 101 15,1,20,,648844,51,0,5 99 100 101 15,1,20,,569475,51,0,5 99 100 101 15,1,60,,648763,51,0,5 99 100 101 15,1,21,,648807,51,0,5 99 100 101 15,1,20,,648754,51,0,5 99 100 101 15,1,60,,648853,51,0,5 99 100 101 15,1,20,,648824,51,0,5 99 100 101 15,1,20,,577811,51,0,5 99 100 101 15,1,60,,648855,51,0,5 99 100 101 15,1,20,,648794,51,0,5 99 100 101 15,1,20,,648791,51,0,5 99 100 101 15,1,60,,648800,51,0,5 99 100 101 15,1,20,,648846,51,0,5 99 100 101 15,1,19,,648813,51,0,5 99 100 101 15,1,63,,648795,51,0,5 99 100 101 15,1,30,,648753,51,0,5 99 100 101 15,1
20004,'1',833,,679783,8,0,99 265 101,1,20,,679766,8,0,99 265 101,1,59,,679778,8,0,99 265 101,1,20,,520955,8,0,99 265 101,1,20,,679786,8,0,99 265 101,1,60,,533167,8,0,99 265 101,1,20,,679769,8,0,99 265 101,1,20,,679760,8,0,99 265 101,1,60,,679777,8,0,99 265 101,1,20,,679762,8,0,99 265 101,1,20,,679770,8,0,99 265 101,1,60,,679773,8,0,99 265 101,1,20,,599491,8,0,99 265 101,1,20,,679763,8,0,99 265 101,1,60,,679784,8,0,99 265 101,1,20,,679761,8,0,99 265 101,1,20,,522399,8,0,99 265 101,1,60,,679765,8,0,99 265 101,1,20,,537267,8,0,99 265 101,1,20,,679774,8,0,99 265 101,1,60,,679772,8,0,99 265 101,1,20,,679779,8,0,99 265 101,1,20,,679782,8,0,99 265 101,1,60,,679768,8,0,99 265 101,1,20,,679775,8,0,99 265 101,1,20,,523563,8,0,99 265 101,1,60,,679781,8,0,99 265 101,1,20,,545230,8,0,99 265 101,1,20,,585002,8,0,99 265 101,1,60,,679776,8,0,99 265 101,1,20,,679785,8,0,99 265 101,1,20,,580097,8,0,99 265 101,1,60,,679764,8,0,99 265 101,1,20,,679771,8,0,99 265 101,1,20,,679780,8,0,99 265 101,1,60,,679767,8,0,99 265 101,1
20004,'2',830,,679806,8,0,99 265 101,1,20,,679801,8,0,99 265 101,1,60,,525790,8,0,99 265 101,1,20,,679792,8,0,99 265 101,1,20,,521952,8,0,99 265 101,1,60,,563508,8,0,99 265 101,1,20,,525612,8,0,99 265 101,1,20,,679790,8,0,99 265 101,1,60,,679805,8,0,99 265 101,1,20,,679787,8,0,99 265 101,1,20,,679802,8,0,99 265 101,1,60,,600095,8,0,99 265 101,1,20,,679794,8,0,99 265 101,1,20,,679807,8,0,99 265 101,1,60,,517261,8,0,99 265 101,1,20,,679811,8,0,99 265 101,1,20,,679799,8,0,99 265 101,1,60,,679803,8,0,99 265 101,1,20,,679809,8,0,99 265 101,1,20,,555720,8,0,99 265 101,1,60,,523635,8,0,99 265 101,1,20,,679810,8,0,99 265 101,1,20,,679788,8,0,99 265 101,1,60,,679804,8,0,99 265 101,1,20,,492089,8,0,99 265 101,1,20,,679798,8,0,99 265 101,1,60,,679808,8,0,99 265 101,1,20,,679812,8,0,99 265 101,1,20,,679789,8,0,99 265 101,1,60,,679800,8,0,99 265 101,1,20,,679796,8,0,99 265 101,1,20,,679791,8,0,99 265 101,1,60,,679797,8,0,99 265 101,1,20,,545662,8,0,99 265 101,1,20,,533806,8,0,99 265 101,1,60,,679795,8,0,99 265 101,1,20,,523208,8,0,99 265 101,1,20,,679793,8,0,99 265 101,1,60,,576007,8,0,99 265 101,1
20004,'3',829,,679815,8,0,99 265 101,1,20,,679813,8,0,99 265 101,1,60,,679816,8,0,99 265 101,1,20,,679844,8,0,99 265 101,1,20,,679845,8,0,99 265 101,1,60,,679822,8,0,99 265 101,1,20,,679835,8,0,99 265 101,1,20,,594836,8,0,99 265 101,1,60,,679841,8,0,99 265 101,1,20,,679837,8,0,99 265 101,1,20,,679830,8,0,99 265 101,1,60,,679842,8,0,99 265 101,1,20,,679836,8,0,99 265 101,1,20,,679829,8,0,99 265 101,1,60,,538776,8,0,99 265 101,1,20,,679823,8,0,99 265 101,1,20,,679819,8,0,99 265 101,1,60,,679814,8,0,99 265 101,1,20,,679840,8,0,99 265 101,1,20,,679838,8,0,99 265 101,1,60,,679826,8,0,99 265 101,1,20,,570123,8,0,99 265 101,1,20,,544162,8,0,99 265 101,1,60,,679833,8,0,99 265 101,1,20,,679825,8,0,99 265 101,1,20,,679832,8,0,99 265 101,1,60,,679821,8,0,99 265 101,1,20,,679817,8,0,99 265 101,1,20,,679824,8,0,99 265 101,1,60,,679827,8,0,99 265 101,1,20,,679839,8,0,99 265 101,1,20,,679820,8,0,99 265 101,1,60,,561001,8,0,99 265 101,1,20,,679834,8,0,99 265 101,1,20,,679818,8,0,99 265 101,1,60,,679831,8,0,99 265 101,1,20,,679846,8,0,99 265 101,1,20,,679843,8,0,99 265 101,1,60,,679828,8,0,99 265 101,1
20004,'5',829,,679848,8,0,99 265 101,1,20,,574606,8,0,99 265 101,1,60,,679857,8,0,99 265 101,1,20,,679871,8,0,99 265 101,1,20,,566405,8,0,99 265 101,1,60,,679858,8,0,99 265 101,1,20,,679872,8,0,99 265 101,1,20,,679864,8,0,99 265 101,1,60,,679868,8,0,99 265 101,1,20,,679851,8,0,99 265 101,1,20,,679859,8,0,99 265 101,1,60,,679876,8,0,99 265 101,1,20,,679866,8,0,99 265 101,1,20,,519587,8,0,99 265 101,1,60,,679855,8,0,99 265 101,1,20,,679853,8,0,99 265 101,1,20,,679861,8,0,99 265 101,1,60,,679874,8,0,99 265 101,1,20,,679869,8,0,99 265 101,1,20,,536714,8,0,99 265 101,1,60,,679875,8,0,99 265 101,1,20,,679873,8,0,99 265 101,1,20,,574648,8,0,99 265 101,1,60,,679867,8,0,99 265 101,1,20,,679862,8,0,99 265 101,1,20,,544024,8,0,99 265 101,1,60,,679849,8,0,99 265 101,1,20,,560115,8,0,99 265 101,1,20,,679865,8,0,99 265 101,1,60,,535396,8,0,99 265 101,1,20,,679847,8,0,99 265 101,1,20,,569464,8,0,99 265 101,1,60,,679850,8,0,99 265 101,1,20,,679860,8,0,99 265 101,1,20,,679854,8,0,99 265 101,1,60,,679856,8,0,99 265 101,1,20,,679863,8,0,99 265 101,1,20,,679852,8,0,99 265 101,1,60,,679870,8,0,99 265 101,1
38501,'1',511,,683020,69,0,11 12 99 100 101 8,1,30,,683023,69,0,11 12 99 100 101 8,1,2174,,683024,70,0,11 12 99 100 101 8,1,30,,537228,69,0,11 12 99 100 101 8,1,70,,683021,69,0,11 12 99 100 101 8,1,30,,683022,69,0,11 12 99 100 101 8,1
38501,'2',515,,683028,69,0,11 12 99 100 101 8,1,30,,683030,69,0,11 12 99 100 101 8,1,55,,573948,26,0,11 12 99 100 101 8,1,15,,683027,69,0,11 12 99 100 101 8,1,2100,,683029,70,0,11 12 99 100 101 8,1,30,,510798,69,0,11 12 99 100 101 8,1,70,,683025,69,0,11 12 99 100 101 8,1,30,,683026,69,0,11 12 99 100 101 8,1
38501,'3',515,,683039,69,0,11 12 99 100 101 8,1,29,,683034,69,0,11 12 99 100 101 8,1,67,,683036,69,0,11 12 99 100 101 8,1,19,,683031,69,0,11 12 99 100 101 8,1,20,,683041,69,0,11 12 99 100 101 8,1,60,,683032,69,0,11 12 99 100 101 8,1,20,,683038,69,0,11 12 99 100 101 8,1,20,,683037,69,0,11 12 99 100 101 8,1,63,,683043,69,0,11 12 99 100 101 8,1,24,,683035,69,0,11 12 99 100 101 8,1,1878,,683044,70,0,11 12 99 100 101 8,1,30,,683033,69,0,11 12 99 100 101 8,1,70,,683042,69,0,11 12 99 100 101 8,1,30,,683040,69,0,11 12 99 100 101 8,1
38501,'5',515,,683046,69,0,11 12 99 100 101 8,1,29,,683048,69,0,11 12 99 100 101 8,1,13,,683045,26,0,11 12 99 100 101 8,1,53,,683051,69,0,11 12 99 100 101 8,1,2105,,683050,70,0,11 12 99 100 101 8,1,30,,683047,69,0,11 12 99 100 101 8,1,70,,683049,69,0,11 12 99 100 101 8,1,30,,516528,69,0,11 12 99 100 101 8,1
