4103,'1',510,,798513,15,0,47 48 15,1,8,,740327,15,0,47 48 15,1,7,,798484,15,0,47 48 15,1,10,,798502,15,0,47 48 15,1,8,,798576,15,0,47 48 15,1,10,,798528,15,0,47 48 15,1,49,,798495,14,0,47 48 15,1,10,,731260,14,0,47 48 15,1,10,,718790,14,0,47 48 15,1,9,,798561,14,0,47 48 15,1,10,,798527,14,0,47 48 15,1,9,,798521,14,0,47 48 15,1,9,,798489,14,0,47 48 15,1,50,,798536,14,0,47 48 15,1,10,,798549,14,0,47 48 15,1,10,,798494,14,0,47 48 15,1,10,,798532,14,0,47 48 15,1,10,,798487,14,0,47 48 15,1,10,,798514,14,0,47 48 15,1,50,,798574,14,0,47 48 15,1,10,,798546,14,0,47 48 15,1,10,,798571,14,0,47 48 15,1,10,,798565,14,0,47 48 15,1,10,,710464,14,0,47 48 15,1,10,,658254,14,0,47 48 15,1,51,,798550,14,0,47 48 15,1,10,,798569,14,0,47 48 15,1,10,,798504,14,0,47 48 15,1,10,,798499,14,0,47 48 15,1,10,,798553,14,0,47 48 15,1,50,,798535,14,0,47 48 15,1,10,,798544,14,0,47 48 15,1,10,,798492,14,0,47 48 15,1,10,,774981,14,0,47 48 15,1,10,,798557,14,0,47 48 15,1,10,,798517,14,0,47 48 15,1,50,,798530,14,0,47 48 15,1,10,,798552,14,0,47 48 15,1,10,,798526,14,0,47 48 15,1,10,,798533,14,0,47 48 15,1,10,,798542,14,0,47 48 15,1,10,,744022,14,0,47 48 15,1,50,,798543,14,0,47 48 15,1,10,,798540,14,0,47 48 15,1,10,,798537,14,0,47 48 15,1,10,,798507,14,0,47 48 15,1,10,,798493,14,0,47 48 15,1,10,,798551,14,0,47 48 15,1,50,,798515,14,0,47 48 15,1,10,,798578,14,0,47 48 15,1,10,,731085,14,0,47 48 15,1,10,,798573,14,0,47 48 15,1,10,,798562,14,0,47 48 15,1,10,,798570,14,0,47 48 15,1,5,,798556,14,0,47 48 15,1,48,,798577,14,0,47 48 15,1,10,,798519,14,0,47 48 15,1,10,,721272,14,0,47 48 15,1,10,,798522,14,0,47 48 15,1,10,,798500,14,0,47 48 15,1,10,,798554,14,0,47 48 15,1,50,,602985,14,0,47 48 15,1,10,,798516,14,0,47 48 15,1,10,,798568,14,0,47 48 15,1,10,,743520,14,0,47 48 15,1,10,,798547,14,0,47 48 15,1,10,,798575,14,0,47 48 15,1,50,,798506,14,0,47 48 15,1,10,,618310,14,0,47 48 15,1,10,,760734,14,0,47 48 15,1,10,,798559,14,0,47 48 15,1,10,,798531,14,0,47 48 15,1,10,,798558,14,0,47 48 15,1,50,,798511,14,0,47 48 15,1,10,,798523,14,0,47 48 15,1,10,,798529,14,0,47 48 15,1,10,,798524,14,0,47 48 15,1,10,,798498,14,0,47 48 15,1,10,,798483,14,0,47 48 15,1,50,,798534,14,0,47 48 15,1,10,,798496,14,0,47 48 15,1,10,,798490,14,0,47 48 15,1,10,,798520,14,0,47 48 15,1,10,,798512,14,0,47 48 15,1,10,,716096,14,0,47 48 15,1,50,,798560,14,0,47 48 15,1,7,,798485,14,0,47 48 15,1,9,,734293,14,0,47 48 15,1,10,,798505,14,0,47 48 15,1,10,,798538,14,0,47 48 15,1,10,,798491,14,0,47 48 15,1,10,,798497,14,0,47 48 15,1,50,,798503,14,0,47 48 15,1,10,,798555,14,0,47 48 15,1,10,,798541,14,0,47 48 15,1,10,,798508,14,0,47 48 15,1,10,,798486,14,0,47 48 15,1,10,,677727,14,0,47 48 15,1,50,,798548,14,0,47 48 15,1,10,,733177,14,0,47 48 15,1,10,,798563,14,0,47 48 15,1,10,,798488,14,0,47 48 15,1,10,,626575,14,0,47 48 15,1,10,,798501,14,0,47 48 15,1,50,,798539,14,0,47 48 15,1,7,,798567,14,0,47 48 15,1,20,,798510,14,0,47 48 15,1,20,,798509,14,0,47 48 15,1,60,,736521,14,0,47 48 15,1,20,,798566,14,0,47 48 15,1,20,,798518,14,0,47 48 15,1,60,,798525,14,0,47 48 15,1,20,,798572,14,0,47 48 15,1,20,,798545,14,0,47 48 15,1,65,,798564,14,0,47 48 15,1,30,,775358,14,0,47 48 15,1
4103,'2',524,,798659,15,0,47 48 15,1,16,,798587,15,0,47 48 15,1,18,,727774,14,0,47 48 15,1,58,,798649,14,0,47 48 15,1,18,,678035,14,0,47 48 15,1,18,,798589,14,0,47 48 15,1,58,,798586,14,0,47 48 15,1,18,,739744,14,0,47 48 15,1,17,,798613,14,0,47 48 15,1,56,,798632,14,0,47 48 15,1,21,,798628,14,0,47 48 15,1,12,,706315,14,0,47 48 15,1,12,,798627,14,0,47 48 15,1,12,,798629,14,0,47 48 15,1,52,,798630,14,0,47 48 15,1,12,,745932,14,0,47 48 15,1,12,,798601,14,0,47 48 15,1,12,,798615,14,0,47 48 15,1,12,,798641,14,0,47 48 15,1,52,,798643,14,0,47 48 15,1,12,,798583,14,0,47 48 15,1,11,,798651,14,0,47 48 15,1,11,,798653,14,0,47 48 15,1,10,,798595,14,0,47 48 15,1,51,,721787,14,0,47 48 15,1,13,,708115,14,0,47 48 15,1,8,,719339,14,0,47 48 15,1,8,,562809,14,0,47 48 15,1,8,,761900,14,0,47 48 15,1,8,,798623,14,0,47 48 15,1,8,,798652,14,0,47 48 15,1,48,,798609,14,0,47 48 15,1,8,,656860,14,0,47 48 15,1,8,,798594,14,0,47 48 15,1,8,,798592,14,0,47 48 15,1,8,,676829,14,0,47 48 15,1,8,,798621,14,0,47 48 15,1,8,,798620,14,0,47 48 15,1,48,,798607,14,0,47 48 15,1,8,,697502,14,0,47 48 15,1,8,,731806,14,0,47 48 15,1,8,,798639,14,0,47 48 15,1,8,,775393,14,0,47 48 15,1,8,,798618,14,0,47 48 15,1,8,,798650,14,0,47 48 15,1,8,,798660,14,0,47 48 15,1,48,,798614,14,0,47 48 15,1,8,,798603,14,0,47 48 15,1,8,,798617,14,0,47 48 15,1,8,,798644,14,0,47 48 15,1,8,,717596,14,0,47 48 15,1,8,,798611,14,0,47 48 15,1,8,,753204,14,0,47 48 15,1,48,,798657,14,0,47 48 15,1,8,,798626,14,0,47 48 15,1,8,,798619,14,0,47 48 15,1,8,,721723,14,0,47 48 15,1,8,,722892,14,0,47 48 15,1,8,,798604,14,0,47 48 15,1,8,,798588,14,0,47 48 15,1,8,,798635,14,0,47 48 15,1,48,,723617,14,0,47 48 15,1,8,,798633,14,0,47 48 15,1,8,,552463,14,0,47 48 15,1,8,,798661,14,0,47 48 15,1,8,,798580,14,0,47 48 15,1,8,,798585,14,0,47 48 15,1,8,,798631,14,0,47 48 15,1,48,,798662,14,0,47 48 15,1,8,,728924,14,0,47 48 15,1,8,,700715,14,0,47 48 15,1,8,,798584,14,0,47 48 15,1,8,,798612,14,0,47 48 15,1,8,,798596,14,0,47 48 15,1,8,,798655,14,0,47 48 15,1,8,,798637,14,0,47 48 15,1,48,,798616,14,0,47 48 15,1,8,,798622,14,0,47 48 15,1,8,,798656,14,0,47 48 15,1,8,,798598,14,0,47 48 15,1,8,,717098,14,0,47 48 15,1,8,,798602,14,0,47 48 15,1,8,,798634,14,0,47 48 15,1,48,,798647,14,0,47 48 15,1,6,,798610,14,0,47 48 15,1,8,,798646,14,0,47 48 15,1,12,,798640,14,0,47 48 15,1,12,,798599,14,0,47 48 15,1,12,,798582,14,0,47 48 15,1,52,,798591,14,0,47 48 15,1,12,,798624,14,0,47 48 15,1,12,,798625,14,0,47 48 15,1,12,,798605,14,0,47 48 15,1,12,,798593,14,0,47 48 15,1,52,,798590,14,0,47 48 15,1,12,,798581,14,0,47 48 15,1,12,,798608,14,0,47 48 15,1,12,,798606,14,0,47 48 15,1,12,,798645,14,0,47 48 15,1,50,,733195,14,0,47 48 15,1,12,,798579,14,0,47 48 15,1,22,,613629,14,0,47 48 15,1,22,,798636,14,0,47 48 15,1,62,,719740,14,0,47 48 15,1,22,,798648,14,0,47 48 15,1,62,,711498,14,0,47 48 15,1,22,,798600,14,0,47 48 15,1,25,,798654,14,0,47 48 15,1,70,,798597,14,0,47 48 15,1,30,,798638,14,0,47 48 15,1
4103,'3',704,,748141,15,0,47 48 15,1,20,,798737,15,0,47 48 15,1,18,,798700,15,0,47 48 15,1,62,,798678,15,0,47 48 15,1,17,,716548,14,0,47 48 15,1,12,,798723,14,0,47 48 15,1,13,,798712,14,0,47 48 15,1,12,,721190,14,0,47 48 15,1,53,,798718,14,0,47 48 15,1,12,,798704,14,0,47 48 15,1,13,,798663,14,0,47 48 15,1,13,,798703,14,0,47 48 15,1,52,,798707,14,0,47 48 15,1,13,,798685,14,0,47 48 15,1,12,,798688,14,0,47 48 15,1,12,,798665,14,0,47 48 15,1,13,,798690,14,0,47 48 15,1,52,,798695,14,0,47 48 15,1,12,,798732,14,0,47 48 15,1,12,,587104,14,0,47 48 15,1,14,,798672,14,0,47 48 15,1,13,,798670,14,0,47 48 15,1,52,,798686,14,0,47 48 15,1,14,,709412,14,0,47 48 15,1,10,,798671,14,0,47 48 15,1,10,,798725,14,0,47 48 15,1,10,,798674,14,0,47 48 15,1,50,,798664,14,0,47 48 15,1,10,,798697,14,0,47 48 15,1,10,,798713,14,0,47 48 15,1,10,,798711,14,0,47 48 15,1,10,,798717,14,0,47 48 15,1,10,,798698,14,0,47 48 15,1,50,,798709,14,0,47 48 15,1,10,,798668,14,0,47 48 15,1,10,,798706,14,0,47 48 15,1,10,,798681,14,0,47 48 15,1,10,,798715,14,0,47 48 15,1,10,,798667,14,0,47 48 15,1,50,,798689,14,0,47 48 15,1,10,,798721,14,0,47 48 15,1,10,,798710,14,0,47 48 15,1,10,,798693,14,0,47 48 15,1,10,,798692,14,0,47 48 15,1,10,,798736,14,0,47 48 15,1,50,,798722,14,0,47 48 15,1,10,,798669,14,0,47 48 15,1,10,,798694,14,0,47 48 15,1,10,,798683,14,0,47 48 15,1,10,,798666,14,0,47 48 15,1,10,,798735,14,0,47 48 15,1,50,,770087,14,0,47 48 15,1,10,,798684,14,0,47 48 15,1,10,,759285,14,0,47 48 15,1,10,,697245,14,0,47 48 15,1,10,,739802,14,0,47 48 15,1,10,,798679,14,0,47 48 15,1,50,,798727,14,0,47 48 15,1,10,,798731,14,0,47 48 15,1,10,,798714,14,0,47 48 15,1,10,,798696,14,0,47 48 15,1,10,,798729,14,0,47 48 15,1,10,,727832,14,0,47 48 15,1,50,,798699,14,0,47 48 15,1,8,,798724,14,0,47 48 15,1,9,,798720,14,0,47 48 15,1,13,,798734,14,0,47 48 15,1,15,,798673,14,0,47 48 15,1,55,,623317,14,0,47 48 15,1,15,,798726,14,0,47 48 15,1,15,,798701,14,0,47 48 15,1,15,,798702,14,0,47 48 15,1,55,,798682,14,0,47 48 15,1,15,,798716,14,0,47 48 15,1,15,,798708,14,0,47 48 15,1,15,,798733,14,0,47 48 15,1,55,,712863,14,0,47 48 15,1,13,,798719,14,0,47 48 15,1,20,,798691,14,0,47 48 15,1,20,,798705,14,0,47 48 15,1,60,,798677,14,0,47 48 15,1,20,,706841,14,0,47 48 15,1,20,,798680,14,0,47 48 15,1,60,,798676,14,0,47 48 15,1,20,,798730,14,0,47 48 15,1,20,,798687,14,0,47 48 15,1,67,,798675,14,0,47 48 15,1,30,,767927,14,0,47 48 15,1
4103,'5',525,,756959,15,0,47 48 15,1,19,,798764,15,0,47 48 15,1,60,,765135,14,0,47 48 15,1,20,,798795,14,0,47 48 15,1,20,,798782,14,0,47 48 15,1,60,,798786,14,0,47 48 15,1,20,,798787,14,0,47 48 15,1,18,,708380,14,0,47 48 15,1,62,,798807,14,0,47 48 15,1,17,,798798,14,0,47 48 15,1,12,,798743,14,0,47 48 15,1,13,,798760,14,0,47 48 15,1,12,,798770,14,0,47 48 15,1,53,,798810,14,0,47 48 15,1,12,,798776,14,0,47 48 15,1,13,,735433,14,0,47 48 15,1,13,,798753,14,0,47 48 15,1,52,,706503,14,0,47 48 15,1,13,,798804,14,0,47 48 15,1,12,,698907,14,0,47 48 15,1,12,,771034,14,0,47 48 15,1,13,,798792,14,0,47 48 15,1,52,,798779,14,0,47 48 15,1,12,,798794,14,0,47 48 15,1,12,,798767,14,0,47 48 15,1,14,,798785,14,0,47 48 15,1,13,,798772,14,0,47 48 15,1,52,,798805,14,0,47 48 15,1,14,,798746,14,0,47 48 15,1,10,,798752,14,0,47 48 15,1,10,,798739,14,0,47 48 15,1,10,,777575,14,0,47 48 15,1,50,,798809,14,0,47 48 15,1,10,,798750,14,0,47 48 15,1,10,,798759,14,0,47 48 15,1,10,,740895,14,0,47 48 15,1,10,,798740,14,0,47 48 15,1,10,,798755,14,0,47 48 15,1,50,,798775,14,0,47 48 15,1,10,,798781,14,0,47 48 15,1,10,,798773,14,0,47 48 15,1,10,,798757,14,0,47 48 15,1,10,,798758,14,0,47 48 15,1,10,,798778,14,0,47 48 15,1,50,,798801,14,0,47 48 15,1,10,,798800,14,0,47 48 15,1,10,,798771,14,0,47 48 15,1,10,,798756,14,0,47 48 15,1,10,,798751,14,0,47 48 15,1,10,,765594,14,0,47 48 15,1,50,,798762,14,0,47 48 15,1,10,,798802,14,0,47 48 15,1,10,,798749,14,0,47 48 15,1,10,,747961,14,0,47 48 15,1,10,,675853,14,0,47 48 15,1,10,,798748,14,0,47 48 15,1,50,,798763,14,0,47 48 15,1,10,,798768,14,0,47 48 15,1,10,,798766,14,0,47 48 15,1,10,,798789,14,0,47 48 15,1,10,,798769,14,0,47 48 15,1,10,,736416,14,0,47 48 15,1,50,,798806,14,0,47 48 15,1,10,,798765,14,0,47 48 15,1,10,,771303,14,0,47 48 15,1,10,,798803,14,0,47 48 15,1,10,,712942,14,0,47 48 15,1,10,,798742,14,0,47 48 15,1,50,,798808,14,0,47 48 15,1,8,,761074,14,0,47 48 15,1,9,,798754,14,0,47 48 15,1,13,,798799,14,0,47 48 15,1,15,,777909,14,0,47 48 15,1,55,,646825,14,0,47 48 15,1,15,,798738,14,0,47 48 15,1,15,,733283,14,0,47 48 15,1,15,,798790,14,0,47 48 15,1,55,,798793,14,0,47 48 15,1,15,,798774,14,0,47 48 15,1,15,,798747,14,0,47 48 15,1,15,,798780,14,0,47 48 15,1,55,,619327,14,0,47 48 15,1,13,,798796,14,0,47 48 15,1,20,,719987,14,0,47 48 15,1,20,,774584,14,0,47 48 15,1,60,,798741,14,0,47 48 15,1,20,,798788,14,0,47 48 15,1,20,,798791,14,0,47 48 15,1,60,,798784,14,0,47 48 15,1,20,,798745,14,0,47 48 15,1,20,,798777,14,0,47 48 15,1,67,,798761,14,0,47 48 15,1,30,,720432,14,0,47 48 15,1
16102,'1',535,,852168,14,0,52 53 8,1,20,,756008,14,0,52 53 8,1,59,,852127,26,0,52 53 8,1,15,,852175,26,0,52 53 8,1,15,,852178,26,0,52 53 8,1,15,,663212,26,0,52 53 8,1,55,,852133,26,0,52 53 8,1,15,,852128,26,0,52 53 8,1,18,,852142,26,0,52 53 8,1,58,,852161,26,0,52 53 8,1,15,,852148,26,0,52 53 8,1,15,,852174,26,0,52 53 8,1,15,,852136,26,0,52 53 8,1,55,,852149,26,0,52 53 8,1,15,,852176,26,0,52 53 8,1,15,,852165,26,0,52 53 8,1,13,,706695,26,0,52 53 8,1,9,,852129,26,0,52 53 8,1,50,,852155,26,0,52 53 8,1,20,,852152,26,0,52 53 8,1,20,,711836,26,0,52 53 8,1,60,,852150,26,0,52 53 8,1,20,,852166,26,0,52 53 8,1,20,,852159,26,0,52 53 8,1,60,,852138,26,0,52 53 8,1,20,,852164,26,0,52 53 8,1,20,,756787,26,0,52 53 8,1,60,,852139,26,0,52 53 8,1,20,,852173,26,0,52 53 8,1,20,,852140,26,0,52 53 8,1,64,,852126,26,0,52 53 8,1,26,,852131,26,0,52 53 8,1,15,,852141,26,0,52 53 8,1,55,,852157,26,0,52 53 8,1,15,,852158,26,0,52 53 8,1,15,,852167,26,0,52 53 8,1,15,,852160,26,0,52 53 8,1,55,,852132,26,0,52 53 8,1,15,,748681,26,0,52 53 8,1,15,,852154,26,0,52 53 8,1,15,,852162,26,0,52 53 8,1,55,,852163,26,0,52 53 8,1,15,,852146,26,0,52 53 8,1,15,,439531,26,0,52 53 8,1,15,,720558,26,0,52 53 8,1,55,,852147,26,0,52 53 8,1,15,,852156,26,0,52 53 8,1,15,,852170,26,0,52 53 8,1,15,,852144,26,0,52 53 8,1,53,,736029,26,0,52 53 8,1,11,,852177,26,0,52 53 8,1,10,,764842,26,0,52 53 8,1,12,,852134,26,0,52 53 8,1,8,,852145,26,0,52 53 8,1,12,,750581,26,0,52 53 8,1,60,,749792,26,0,52 53 8,1,20,,852169,26,0,52 53 8,1,20,,731069,26,0,52 53 8,1,60,,852123,26,0,52 53 8,1,20,,852122,26,0,52 53 8,1,20,,662351,26,0,52 53 8,1,57,,852130,26,0,52 53 8,1,21,,852135,26,0,52 53 8,1,20,,852172,26,0,52 53 8,1,60,,852137,26,0,52 53 8,1,20,,852125,26,0,52 53 8,1,20,,852143,26,0,52 53 8,1,60,,852153,26,0,52 53 8,1,20,,852124,26,0,52 53 8,1,20,,852151,26,0,52 53 8,1,62,,852171,26,0,52 53 8,1
16102,'2',551,,736674,14,0,52 53 8,1,70,,738824,26,0,52 53 8,1,20,,774828,26,0,52 53 8,1,60,,852210,26,0,52 53 8,1,20,,706829,26,0,52 53 8,1,20,,852201,26,0,52 53 8,1,60,,852212,26,0,52 53 8,1,28,,852197,26,0,52 53 8,1,20,,745055,26,0,52 53 8,1,60,,852184,26,0,52 53 8,1,20,,852191,26,0,52 53 8,1,20,,852200,26,0,52 53 8,1,60,,745568,26,0,52 53 8,1,20,,852219,26,0,52 53 8,1,20,,768299,26,0,52 53 8,1,60,,721141,26,0,52 53 8,1,20,,852182,26,0,52 53 8,1,20,,701896,26,0,52 53 8,1,63,,630242,26,0,52 53 8,1,19,,852204,26,0,52 53 8,1,18,,852213,26,0,52 53 8,1,58,,730853,26,0,52 53 8,1,18,,654958,26,0,52 53 8,1,18,,707749,26,0,52 53 8,1,58,,852179,26,0,52 53 8,1,18,,852196,26,0,52 53 8,1,18,,852215,26,0,52 53 8,1,18,,852187,26,0,52 53 8,1,58,,852185,26,0,52 53 8,1,18,,852180,26,0,52 53 8,1,18,,852218,26,0,52 53 8,1,58,,852223,26,0,52 53 8,1,18,,852221,26,0,52 53 8,1,18,,852195,26,0,52 53 8,1,58,,852220,26,0,52 53 8,1,18,,852183,26,0,52 53 8,1,18,,852192,26,0,52 53 8,1,18,,852203,26,0,52 53 8,1,58,,852205,26,0,52 53 8,1,18,,852181,26,0,52 53 8,1,18,,852222,26,0,52 53 8,1,56,,852206,26,0,52 53 8,1,14,,852199,26,0,52 53 8,1,12,,852208,26,0,52 53 8,1,11,,704617,26,0,52 53 8,1,11,,852186,26,0,52 53 8,1,58,,852216,26,0,52 53 8,1,18,,852217,26,0,52 53 8,1,18,,852202,26,0,52 53 8,1,58,,852207,26,0,52 53 8,1,18,,852189,26,0,52 53 8,1,18,,713197,26,0,52 53 8,1,18,,752639,26,0,52 53 8,1,57,,852214,26,0,52 53 8,1,20,,852194,26,0,52 53 8,1,20,,852211,26,0,52 53 8,1,60,,852190,26,0,52 53 8,1,20,,852188,26,0,52 53 8,1,20,,852193,26,0,52 53 8,1,60,,757135,26,0,52 53 8,1,20,,852209,26,0,52 53 8,1,20,,852224,26,0,52 53 8,1,63,,852198,26,0,52 53 8,1
16102,'3',551,,852243,14,0,52 53 8,1,70,,852258,25,0,52 53 8,1,20,,852240,25,0,52 53 8,1,60,,852250,25,0,52 53 8,1,20,,852260,25,0,52 53 8,1,20,,852247,25,0,52 53 8,1,60,,852235,25,0,52 53 8,1,13,,639401,14,0,52 53 8,1,11,,748309,26,0,52 53 8,1,20,,761620,26,0,52 53 8,1,60,,852270,26,0,52 53 8,1,20,,852234,26,0,52 53 8,1,20,,751435,26,0,52 53 8,1,60,,633334,26,0,52 53 8,1,20,,852239,26,0,52 53 8,1,20,,852259,26,0,52 53 8,1,60,,852228,26,0,52 53 8,1,20,,852252,26,0,52 53 8,1,20,,852237,26,0,52 53 8,1,61,,852245,26,0,52 53 8,1,23,,666545,26,0,52 53 8,1,20,,852242,26,0,52 53 8,1,60,,852225,26,0,52 53 8,1,20,,852262,26,0,52 53 8,1,20,,852241,26,0,52 53 8,1,60,,852257,26,0,52 53 8,1,20,,708170,26,0,52 53 8,1,20,,852230,26,0,52 53 8,1,60,,852238,26,0,52 53 8,1,20,,707206,26,0,52 53 8,1,20,,852255,26,0,52 53 8,1,60,,770977,26,0,52 53 8,1,20,,717799,26,0,52 53 8,1,20,,852269,26,0,52 53 8,1,58,,852261,26,0,52 53 8,1,16,,657574,26,0,52 53 8,1,16,,852229,26,0,52 53 8,1,18,,852266,26,0,52 53 8,1,60,,852236,26,0,52 53 8,1,20,,643152,26,0,52 53 8,1,20,,852251,26,0,52 53 8,1,60,,690865,26,0,52 53 8,1,20,,852254,26,0,52 53 8,1,20,,852246,26,0,52 53 8,1,60,,852244,26,0,52 53 8,1,20,,852256,26,0,52 53 8,1,20,,852249,26,0,52 53 8,1,60,,852226,26,0,52 53 8,1,20,,852248,26,0,52 53 8,1,20,,852264,26,0,52 53 8,1,58,,852227,26,0,52 53 8,1,19,,852231,26,0,52 53 8,1,20,,852232,26,0,52 53 8,1,60,,721887,26,0,52 53 8,1,20,,852268,26,0,52 53 8,1,20,,852263,26,0,52 53 8,1,60,,852267,26,0,52 53 8,1,20,,852253,26,0,52 53 8,1,20,,852265,26,0,52 53 8,1,63,,852233,26,0,52 53 8,1
16102,'5',551,,852278,14,0,52 53 8,1,70,,852307,26,0,52 53 8,1,20,,852300,26,0,52 53 8,1,60,,852288,26,0,52 53 8,1,20,,852272,26,0,52 53 8,1,20,,852298,26,0,52 53 8,1,60,,852310,26,0,52 53 8,1,24,,852279,26,0,52 53 8,1,20,,852292,26,0,52 53 8,1,60,,852299,26,0,52 53 8,1,20,,852309,26,0,52 53 8,1,20,,852281,26,0,52 53 8,1,60,,774371,26,0,52 53 8,1,20,,852286,26,0,52 53 8,1,20,,852273,26,0,52 53 8,1,60,,852289,26,0,52 53 8,1,20,,705566,26,0,52 53 8,1,20,,852297,26,0,52 53 8,1,61,,852308,26,0,52 53 8,1,23,,852283,26,0,52 53 8,1,20,,852304,26,0,52 53 8,1,60,,852302,26,0,52 53 8,1,20,,852284,26,0,52 53 8,1,20,,709178,26,0,52 53 8,1,60,,852294,26,0,52 53 8,1,20,,701282,26,0,52 53 8,1,20,,852282,26,0,52 53 8,1,60,,852306,26,0,52 53 8,1,20,,852277,26,0,52 53 8,1,20,,852287,26,0,52 53 8,1,60,,732749,26,0,52 53 8,1,20,,852296,26,0,52 53 8,1,20,,677501,26,0,52 53 8,1,58,,852305,26,0,52 53 8,1,16,,852301,26,0,52 53 8,1,16,,765963,26,0,52 53 8,1,18,,852291,26,0,52 53 8,1,60,,852285,26,0,52 53 8,1,20,,852303,26,0,52 53 8,1,20,,852290,26,0,52 53 8,1,60,,852280,26,0,52 53 8,1,20,,852311,26,0,52 53 8,1,20,,852293,26,0,52 53 8,1,60,,607973,26,0,52 53 8,1,20,,852316,26,0,52 53 8,1,20,,631221,26,0,52 53 8,1,60,,852271,26,0,52 53 8,1,20,,852295,26,0,52 53 8,1,20,,616183,26,0,52 53 8,1,58,,852314,26,0,52 53 8,1,19,,852313,26,0,52 53 8,1,20,,565264,26,0,52 53 8,1,60,,767291,26,0,52 53 8,1,20,,852315,26,0,52 53 8,1,20,,681560,26,0,52 53 8,1,60,,852276,26,0,52 53 8,1,20,,852275,26,0,52 53 8,1,20,,852274,26,0,52 53 8,1,63,,852312,26,0,52 53 8,1
16803,'1',452,,853996,17,0,52 53 8,1,70,,854005,17,0,52 53 8,1,20,,765993,17,0,52 53 8,1,15,,730031,17,0,52 53 8,1,55,,853972,17,0,52 53 8,1,15,,853980,17,0,52 53 8,1,15,,854026,17,0,52 53 8,1,12,,853986,17,0,52 53 8,1,54,,853979,17,0,52 53 8,1,15,,854003,17,0,52 53 8,1,12,,853982,17,0,52 53 8,1,12,,854027,17,0,52 53 8,1,12,,717529,17,0,52 53 8,1,52,,726696,17,0,52 53 8,1,12,,853999,17,0,52 53 8,1,12,,778467,17,0,52 53 8,1,12,,853975,17,0,52 53 8,1,12,,715810,17,0,52 53 8,1,51,,854020,17,0,52 53 8,1,9,,779581,17,0,52 53 8,1,8,,853988,17,0,52 53 8,1,10,,854010,17,0,52 53 8,1,15,,854018,17,0,52 53 8,1,55,,853991,17,0,52 53 8,1,15,,750796,17,0,52 53 8,1,15,,853969,17,0,52 53 8,1,15,,716972,17,0,52 53 8,1,55,,759943,17,0,52 53 8,1,15,,854008,17,0,52 53 8,1,15,,853983,17,0,52 53 8,1,15,,738357,17,0,52 53 8,1,55,,853967,17,0,52 53 8,1,15,,710470,17,0,52 53 8,1,15,,699734,17,0,52 53 8,1,15,,854030,17,0,52 53 8,1,55,,853992,17,0,52 53 8,1,15,,853990,17,0,52 53 8,1,15,,703527,17,0,52 53 8,1,15,,853985,17,0,52 53 8,1,55,,853998,17,0,52 53 8,1,15,,853974,17,0,52 53 8,1,17,,854023,17,0,52 53 8,1,18,,854012,17,0,52 53 8,1,52,,854009,17,0,52 53 8,1,12,,853987,17,0,52 53 8,1,12,,748701,17,0,52 53 8,1,12,,854019,17,0,52 53 8,1,12,,853994,17,0,52 53 8,1,52,,854004,17,0,52 53 8,1,12,,730772,17,0,52 53 8,1,12,,696616,17,0,52 53 8,1,12,,546966,17,0,52 53 8,1,12,,854024,17,0,52 53 8,1,52,,707408,17,0,52 53 8,1,12,,853971,17,0,52 53 8,1,12,,854016,17,0,52 53 8,1,12,,853981,17,0,52 53 8,1,12,,854021,17,0,52 53 8,1,51,,612340,17,0,52 53 8,1,9,,854015,17,0,52 53 8,1,6,,853973,17,0,52 53 8,1,10,,853997,17,0,52 53 8,1,14,,853970,17,0,52 53 8,1,55,,854022,17,0,52 53 8,1,15,,853968,17,0,52 53 8,1,15,,854013,17,0,52 53 8,1,15,,853978,17,0,52 53 8,1,55,,854028,17,0,52 53 8,1,10,,853989,17,0,52 53 8,1,8,,854014,17,0,52 53 8,1,10,,853977,17,0,52 53 8,1,16,,854017,17,0,52 53 8,1,58,,853993,17,0,52 53 8,1,18,,854000,17,0,52 53 8,1,18,,769288,17,0,52 53 8,1,18,,854007,17,0,52 53 8,1,55,,854002,17,0,52 53 8,1,13,,853995,17,0,52 53 8,1,16,,742986,17,0,52 53 8,1,60,,597263,17,0,52 53 8,1,22,,854011,17,0,52 53 8,1,22,,854025,17,0,52 53 8,1,62,,854001,17,0,52 53 8,1,22,,854029,17,0,52 53 8,1,22,,854006,17,0,52 53 8,1,62,,853984,17,0,52 53 8,1,21,,707419,17,0,52 53 8,1,23,,853976,17,0,52 53 8,1,64,,776371,17,0,52 53 8,1
16803,'2',551,,768296,17,0,52 53 8,1,62,,626642,17,0,52 53 8,1,21,,854050,17,0,52 53 8,1,22,,854085,17,0,52 53 8,1,62,,854074,17,0,52 53 8,1,22,,854045,17,0,52 53 8,1,62,,854064,17,0,52 53 8,1,24,,766557,17,0,52 53 8,1,20,,749380,17,0,52 53 8,1,60,,854047,17,0,52 53 8,1,20,,854076,17,0,52 53 8,1,20,,854031,17,0,52 53 8,1,60,,854051,17,0,52 53 8,1,20,,854061,17,0,52 53 8,1,20,,854067,17,0,52 53 8,1,60,,757767,17,0,52 53 8,1,20,,854071,17,0,52 53 8,1,20,,854083,17,0,52 53 8,1,60,,717562,17,0,52 53 8,1,23,,854036,17,0,52 53 8,1,12,,854068,17,0,52 53 8,1,12,,854069,17,0,52 53 8,1,52,,739274,17,0,52 53 8,1,12,,854049,17,0,52 53 8,1,12,,854042,17,0,52 53 8,1,12,,854041,17,0,52 53 8,1,12,,854035,17,0,52 53 8,1,52,,854059,17,0,52 53 8,1,12,,854032,17,0,52 53 8,1,12,,854046,17,0,52 53 8,1,12,,854065,17,0,52 53 8,1,12,,747130,17,0,52 53 8,1,52,,718871,17,0,52 53 8,1,12,,643661,17,0,52 53 8,1,12,,854062,17,0,52 53 8,1,12,,854082,17,0,52 53 8,1,12,,854078,17,0,52 53 8,1,52,,778587,17,0,52 53 8,1,12,,660214,17,0,52 53 8,1,12,,854044,17,0,52 53 8,1,12,,691109,17,0,52 53 8,1,12,,854079,17,0,52 53 8,1,52,,757768,17,0,52 53 8,1,12,,854081,17,0,52 53 8,1,12,,757369,17,0,52 53 8,1,12,,854056,17,0,52 53 8,1,12,,854084,17,0,52 53 8,1,52,,854048,17,0,52 53 8,1,12,,854060,17,0,52 53 8,1,12,,854052,17,0,52 53 8,1,12,,854053,17,0,52 53 8,1,12,,854038,17,0,52 53 8,1,52,,854073,17,0,52 53 8,1,10,,854077,17,0,52 53 8,1,8,,854037,17,0,52 53 8,1,10,,854054,17,0,52 53 8,1,13,,854034,17,0,52 53 8,1,57,,766543,17,0,52 53 8,1,20,,854070,17,0,52 53 8,1,20,,854055,17,0,52 53 8,1,60,,854057,17,0,52 53 8,1,20,,854039,17,0,52 53 8,1,20,,719759,17,0,52 53 8,1,60,,854033,17,0,52 53 8,1,17,,854058,17,0,52 53 8,1,21,,744559,17,0,52 53 8,1,61,,854063,17,0,52 53 8,1,22,,854072,17,0,52 53 8,1,22,,754686,17,0,52 53 8,1,62,,854080,17,0,52 53 8,1,22,,854040,17,0,52 53 8,1,22,,854066,17,0,52 53 8,1,62,,854075,17,0,52 53 8,1,21,,854043,17,0,52 53 8,1,23,,854086,17,0,52 53 8,1,64,,767506,17,0,52 53 8,1
16803,'3',551,,854117,17,0,52 53 8,1,64,,854127,17,0,52 53 8,1,22,,854108,17,0,52 53 8,1,22,,854133,17,0,52 53 8,1,62,,854114,17,0,52 53 8,1,22,,854144,17,0,52 53 8,1,63,,854130,17,0,52 53 8,1,24,,854128,17,0,52 53 8,1,23,,854110,17,0,52 53 8,1,58,,854107,17,0,52 53 8,1,18,,854132,17,0,52 53 8,1,18,,630281,17,0,52 53 8,1,58,,854104,17,0,52 53 8,1,18,,854139,17,0,52 53 8,1,18,,854134,17,0,52 53 8,1,18,,854121,17,0,52 53 8,1,58,,854136,17,0,52 53 8,1,18,,854092,17,0,52 53 8,1,18,,854095,17,0,52 53 8,1,59,,657601,17,0,52 53 8,1,17,,854093,17,0,52 53 8,1,12,,767574,17,0,52 53 8,1,12,,769231,17,0,52 53 8,1,52,,854131,17,0,52 53 8,1,12,,854122,17,0,52 53 8,1,12,,741353,17,0,52 53 8,1,12,,738205,17,0,52 53 8,1,12,,854098,17,0,52 53 8,1,52,,854103,17,0,52 53 8,1,12,,608955,17,0,52 53 8,1,12,,854116,17,0,52 53 8,1,12,,854090,17,0,52 53 8,1,12,,854102,17,0,52 53 8,1,52,,854089,17,0,52 53 8,1,12,,854124,17,0,52 53 8,1,12,,854096,17,0,52 53 8,1,12,,854118,17,0,52 53 8,1,12,,854135,17,0,52 53 8,1,52,,725114,17,0,52 53 8,1,12,,854105,17,0,52 53 8,1,12,,854099,17,0,52 53 8,1,12,,745401,17,0,52 53 8,1,12,,715874,17,0,52 53 8,1,51,,854149,17,0,52 53 8,1,11,,854113,17,0,52 53 8,1,9,,854141,17,0,52 53 8,1,12,,854147,17,0,52 53 8,1,12,,854088,17,0,52 53 8,1,52,,854137,17,0,52 53 8,1,12,,854143,17,0,52 53 8,1,12,,854087,17,0,52 53 8,1,12,,854109,17,0,52 53 8,1,12,,854138,17,0,52 53 8,1,52,,854129,17,0,52 53 8,1,12,,854142,17,0,52 53 8,1,12,,854115,17,0,52 53 8,1,11,,854101,17,0,52 53 8,1,10,,854126,17,0,52 53 8,1,13,,854111,17,0,52 53 8,1,60,,640442,17,0,52 53 8,1,20,,854123,17,0,52 53 8,1,20,,854140,17,0,52 53 8,1,60,,854112,17,0,52 53 8,1,20,,854125,17,0,52 53 8,1,20,,628593,17,0,52 53 8,1,59,,854097,17,0,52 53 8,1,21,,854100,17,0,52 53 8,1,21,,854119,17,0,52 53 8,1,62,,757141,17,0,52 53 8,1,22,,854148,17,0,52 53 8,1,62,,854094,17,0,52 53 8,1,22,,854120,17,0,52 53 8,1,22,,854106,17,0,52 53 8,1,62,,854091,17,0,52 53 8,1,22,,854146,17,0,52 53 8,1,25,,720789,17,0,52 53 8,1,64,,854145,17,0,52 53 8,1
16803,'5',551,,746117,17,0,52 53 8,1,63,,854209,17,0,52 53 8,1,22,,854195,17,0,52 53 8,1,22,,854175,17,0,52 53 8,1,62,,694430,17,0,52 53 8,1,22,,770288,17,0,52 53 8,1,65,,854193,17,0,52 53 8,1,23,,854205,17,0,52 53 8,1,23,,854164,17,0,52 53 8,1,58,,854211,17,0,52 53 8,1,18,,760875,17,0,52 53 8,1,18,,854190,17,0,52 53 8,1,58,,727403,17,0,52 53 8,1,18,,854158,17,0,52 53 8,1,18,,854206,17,0,52 53 8,1,18,,854177,17,0,52 53 8,1,58,,854159,17,0,52 53 8,1,18,,854208,17,0,52 53 8,1,18,,743358,17,0,52 53 8,1,59,,854194,17,0,52 53 8,1,17,,854168,17,0,52 53 8,1,12,,854197,17,0,52 53 8,1,12,,854157,17,0,52 53 8,1,52,,854182,17,0,52 53 8,1,12,,854167,17,0,52 53 8,1,12,,854166,17,0,52 53 8,1,12,,854171,17,0,52 53 8,1,12,,854160,17,0,52 53 8,1,52,,854200,17,0,52 53 8,1,12,,854174,17,0,52 53 8,1,12,,854183,17,0,52 53 8,1,12,,757820,17,0,52 53 8,1,12,,854155,17,0,52 53 8,1,52,,854207,17,0,52 53 8,1,12,,854153,17,0,52 53 8,1,12,,854161,17,0,52 53 8,1,12,,854203,17,0,52 53 8,1,12,,854172,17,0,52 53 8,1,52,,854210,17,0,52 53 8,1,12,,854176,17,0,52 53 8,1,12,,854165,17,0,52 53 8,1,12,,854181,17,0,52 53 8,1,12,,854179,17,0,52 53 8,1,51,,854154,17,0,52 53 8,1,11,,854162,17,0,52 53 8,1,9,,854152,17,0,52 53 8,1,12,,854156,17,0,52 53 8,1,12,,854178,17,0,52 53 8,1,52,,750054,17,0,52 53 8,1,12,,854151,17,0,52 53 8,1,12,,854150,17,0,52 53 8,1,12,,854192,17,0,52 53 8,1,12,,854204,17,0,52 53 8,1,52,,854187,17,0,52 53 8,1,12,,695498,17,0,52 53 8,1,12,,854186,17,0,52 53 8,1,11,,854189,17,0,52 53 8,1,10,,854201,17,0,52 53 8,1,13,,854188,17,0,52 53 8,1,60,,854202,17,0,52 53 8,1,20,,854199,17,0,52 53 8,1,20,,854180,17,0,52 53 8,1,60,,854184,17,0,52 53 8,1,20,,732350,17,0,52 53 8,1,20,,854173,17,0,52 53 8,1,59,,854169,17,0,52 53 8,1,21,,575845,17,0,52 53 8,1,21,,854163,17,0,52 53 8,1,62,,854191,17,0,52 53 8,1,22,,854198,17,0,52 53 8,1,62,,692971,17,0,52 53 8,1,22,,757983,17,0,52 53 8,1,22,,854196,17,0,52 53 8,1,62,,720034,17,0,52 53 8,1,22,,775959,17,0,52 53 8,1,25,,854170,17,0,52 53 8,1,64,,854185,17,0,52 53 8,1
34103,'1',421,,859020,15,0,14 78,1,30,,859017,15,0,14 78,1,50,,859015,15,0,14 78,1,2120,,859016,14,0,14 78,1,30,,859019,15,0,14 78,1,70,,859018,15,0,14 78,1,30,,755118,15,0,14 78,1
34103,'2',421,,859022,15,0,14 78,1,30,,734334,15,0,14 78,1,58,,859025,15,0,14 78,1,2112,,859024,14,0,14 78,1,30,,859021,15,0,14 78,1,70,,859023,15,0,14 78,1,30,,859026,15,0,14 78,1
34103,'3',421,,859030,15,0,14 78,1,30,,723890,15,0,14 78,1,58,,859027,15,0,14 78,1,16,,859029,15,0,14 78,1,19,,859031,15,0,14 78,1,60,,859035,15,0,14 78,1,20,,859037,15,0,14 78,1,20,,859034,15,0,14 78,1,1977,,859028,14,0,14 78,1,30,,859033,15,0,14 78,1,70,,859036,15,0,14 78,1,30,,859032,15,0,14 78,1
34103,'5',421,,859040,15,0,14 78,1,30,,662859,15,0,14 78,1,58,,859041,15,0,14 78,1,2112,,859043,14,0,14 78,1,30,,859038,15,0,14 78,1,70,,859039,15,0,14 78,1,30,,859042,15,0,14 78,1
