2904,'1',550,,688971,29,0,28 94 207 208,1,51,,702218,29,0,5 94 186 187,1,10,,702257,28,0,28 94 207 208,1,10,,702282,28,0,5 94 186 187,1,10,,702229,28,0,28 94 207 208,1,10,,702198,28,0,5 94 186 187,1,10,,702240,28,0,28 94 207 208,1,6,,702274,28,0,5 94 186 187,1,48,,702246,28,0,28 94 207 208,1,8,,702206,28,0,5 94 186 187,1,8,,702216,28,0,28 94 207 208,1,8,,702290,28,0,5 94 186 187,1,8,,702245,28,0,28 94 207 208,1,8,,702298,28,0,5 94 186 187,1,8,,702223,28,0,28 94 207 208,1,48,,702187,28,0,5 94 186 187,1,8,,702212,28,0,28 94 207 208,1,8,,702260,28,0,5 94 186 187,1,8,,702220,28,0,28 94 207 208,1,8,,585738,28,0,5 94 186 187,1,8,,702226,28,0,28 94 207 208,1,7,,702217,28,0,5 94 186 187,1,7,,702277,28,0,28 94 207 208,1,47,,702265,28,0,5 94 186 187,1,8,,702214,28,0,28 94 207 208,1,8,,702231,28,0,5 94 186 187,1,8,,702241,28,0,28 94 207 208,1,8,,702283,28,0,5 94 186 187,1,8,,702237,28,0,28 94 207 208,1,8,,702271,28,0,5 94 186 187,1,8,,702205,28,0,28 94 207 208,1,48,,677842,28,0,5 94 186 187,1,8,,702207,28,0,28 94 207 208,1,8,,658509,28,0,5 94 186 187,1,8,,702209,28,0,28 94 207 208,1,8,,702239,28,0,5 94 186 187,1,8,,683441,28,0,28 94 207 208,1,8,,702235,28,0,5 94 186 187,1,48,,702275,28,0,28 94 207 208,1,8,,702196,28,0,5 94 186 187,1,8,,702289,28,0,28 94 207 208,1,8,,657165,28,0,5 94 186 187,1,8,,702203,28,0,28 94 207 208,1,8,,399968,28,0,5 94 186 187,1,8,,567995,28,0,28 94 207 208,1,8,,702208,28,0,5 94 186 187,1,48,,702225,28,0,28 94 207 208,1,8,,702292,28,0,5 94 186 187,1,8,,702251,28,0,28 94 207 208,1,8,,702285,28,0,5 94 186 187,1,8,,702258,28,0,28 94 207 208,1,8,,702270,28,0,5 94 186 187,1,8,,702192,28,0,28 94 207 208,1,48,,702242,28,0,5 94 186 187,1,8,,702261,28,0,28 94 207 208,1,8,,702247,28,0,5 94 186 187,1,8,,702296,28,0,28 94 207 208,1,8,,702234,28,0,5 94 186 187,1,8,,624968,28,0,28 94 207 208,1,8,,608017,28,0,5 94 186 187,1,8,,702256,28,0,28 94 207 208,1,48,,702286,28,0,5 94 186 187,1,8,,702191,28,0,28 94 207 208,1,8,,702255,28,0,5 94 186 187,1,8,,702294,28,0,28 94 207 208,1,8,,702238,28,0,5 94 186 187,1,7,,656240,28,0,28 94 207 208,1,7,,702193,28,0,5 94 186 187,1,48,,702233,28,0,28 94 207 208,1,7,,702189,28,0,5 94 186 187,1,8,,702244,28,0,28 94 207 208,1,8,,702293,28,0,5 94 186 187,1,8,,702219,28,0,28 94 207 208,1,8,,702222,28,0,5 94 186 187,1,7,,702230,28,0,28 94 207 208,1,8,,689501,28,0,5 94 186 187,1,48,,702232,28,0,28 94 207 208,1,8,,702201,28,0,5 94 186 187,1,8,,702264,28,0,28 94 207 208,1,8,,702200,28,0,5 94 186 187,1,8,,702263,28,0,28 94 207 208,1,8,,702297,28,0,5 94 186 187,1,8,,702254,28,0,28 94 207 208,1,8,,582388,28,0,5 94 186 187,1,48,,702272,28,0,28 94 207 208,1,8,,702268,28,0,5 94 186 187,1,8,,636239,28,0,28 94 207 208,1,8,,702262,28,0,5 94 186 187,1,8,,683461,28,0,28 94 207 208,1,8,,656697,28,0,5 94 186 187,1,8,,702267,28,0,28 94 207 208,1,48,,702194,28,0,5 94 186 187,1,8,,611975,28,0,28 94 207 208,1,8,,702248,28,0,5 94 186 187,1,8,,702287,28,0,28 94 207 208,1,8,,702276,28,0,5 94 186 187,1,8,,702291,28,0,28 94 207 208,1,8,,653071,28,0,5 94 186 187,1,8,,702288,28,0,28 94 207 208,1,49,,702236,28,0,5 94 186 187,1,8,,688920,28,0,28 94 207 208,1,4,,493088,28,0,5 94 186 187,1,8,,681727,28,0,28 94 207 208,1,6,,702243,28,0,5 94 186 187,1,8,,702224,28,0,28 94 207 208,1,8,,665856,28,0,5 94 186 187,1,8,,688933,28,0,28 94 207 208,1,48,,702199,28,0,5 94 186 187,1,8,,702228,28,0,28 94 207 208,1,8,,702278,28,0,5 94 186 187,1,8,,702279,28,0,28 94 207 208,1,8,,702269,28,0,5 94 186 187,1,8,,702202,28,0,28 94 207 208,1,8,,702211,28,0,5 94 186 187,1,48,,702266,28,0,28 94 207 208,1,8,,702259,28,0,5 94 186 187,1,8,,587259,28,0,28 94 207 208,1,8,,702195,28,0,5 94 186 187,1,8,,702188,28,0,28 94 207 208,1,8,,683877,28,0,5 94 186 187,1,8,,628098,28,0,28 94 207 208,1,8,,702190,28,0,5 94 186 187,1,47,,702250,28,0,28 94 207 208,1,7,,702252,28,0,5 94 186 187,1,8,,610451,28,0,28 94 207 208,1,8,,702280,28,0,5 94 186 187,1,10,,702197,28,0,28 94 207 208,1,10,,537286,28,0,5 94 186 187,1,10,,702273,28,0,28 94 207 208,1,50,,702284,28,0,5 94 186 187,1,10,,702221,28,0,28 94 207 208,1,10,,702249,28,0,5 94 186 187,1,10,,495536,28,0,28 94 207 208,1,10,,702281,28,0,5 94 186 187,1,10,,702210,28,0,28 94 207 208,1,50,,702215,28,0,5 94 186 187,1,10,,702204,28,0,28 94 207 208,1,10,,702295,28,0,5 94 186 187,1,10,,560722,28,0,28 94 207 208,1,10,,570726,28,0,5 94 186 187,1,10,,628025,28,0,28 94 207 208,1,50,,638118,28,0,5 94 186 187,1,10,,702213,28,0,5 94 186 187,1,15,,702253,28,0,28 94 207 208,1,13,,702227,28,0,5 94 186 187,1
2904,'2',552,,702338,29,0,28 94 207 208,1,51,,702329,29,0,5 94 186 187,1,10,,702363,29,0,28 94 207 208,1,10,,702396,28,0,5 94 186 187,1,10,,702387,28,0,28 94 207 208,1,10,,702457,28,0,5 94 186 187,1,10,,702397,28,0,28 94 207 208,1,50,,473789,28,0,5 94 186 187,1,10,,702429,28,0,28 94 207 208,1,10,,702452,28,0,5 94 186 187,1,10,,702302,28,0,28 94 207 208,1,10,,624551,28,0,5 94 186 187,1,8,,702303,28,0,28 94 207 208,1,49,,702315,28,0,5 94 186 187,1,8,,702392,28,0,28 94 207 208,1,10,,702358,28,0,5 94 186 187,1,10,,702316,28,0,28 94 207 208,1,10,,702325,28,0,5 94 186 187,1,9,,673551,28,0,28 94 207 208,1,8,,702383,28,0,5 94 186 187,1,48,,702444,28,0,28 94 207 208,1,8,,702356,28,0,5 94 186 187,1,8,,632876,28,0,28 94 207 208,1,8,,702389,28,0,5 94 186 187,1,8,,702331,28,0,28 94 207 208,1,8,,702345,28,0,5 94 186 187,1,8,,702312,28,0,28 94 207 208,1,8,,644641,28,0,5 94 186 187,1,48,,702372,28,0,28 94 207 208,1,8,,702399,28,0,5 94 186 187,1,8,,702432,28,0,28 94 207 208,1,8,,702420,28,0,5 94 186 187,1,8,,702321,28,0,28 94 207 208,1,8,,702380,28,0,5 94 186 187,1,8,,702408,28,0,28 94 207 208,1,48,,702373,28,0,5 94 186 187,1,8,,702417,28,0,28 94 207 208,1,8,,702439,28,0,5 94 186 187,1,8,,702377,28,0,28 94 207 208,1,8,,702424,28,0,5 94 186 187,1,8,,702299,28,0,28 94 207 208,1,8,,702425,28,0,5 94 186 187,1,7,,632069,28,0,28 94 207 208,1,48,,702322,28,0,5 94 186 187,1,5,,702342,28,0,28 94 207 208,1,8,,702368,28,0,5 94 186 187,1,4,,702378,19,0,5 94 186 187,1,3,,702395,28,0,28 94 207 208,1,8,,702324,28,0,5 94 186 187,1,5,,702360,28,0,5 94 186 187,1,5,,702371,28,0,28 94 207 208,1,5,,702426,28,0,5 94 186 187,1,5,,702379,28,0,5 94 186 187,1,5,,702364,28,0,28 94 207 208,1,45,,686376,28,0,5 94 186 187,1,5,,702344,28,0,5 94 186 187,1,5,,702456,28,0,28 94 207 208,1,5,,702388,28,0,5 94 186 187,1,5,,677381,28,0,5 94 186 187,1,5,,651142,28,0,28 94 207 208,1,5,,617272,28,0,5 94 186 187,1,5,,702327,28,0,5 94 186 187,1,5,,658596,28,0,28 94 207 208,1,5,,539719,28,0,5 94 186 187,1,5,,702375,28,0,5 94 186 187,1,5,,702353,28,0,28 94 207 208,1,45,,702445,28,0,5 94 186 187,1,5,,702398,28,0,5 94 186 187,1,5,,702357,28,0,28 94 207 208,1,5,,702347,28,0,5 94 186 187,1,5,,702404,28,0,5 94 186 187,1,5,,633884,28,0,28 94 207 208,1,5,,702352,28,0,5 94 186 187,1,5,,702443,28,0,5 94 186 187,1,5,,610990,28,0,28 94 207 208,1,5,,654270,28,0,5 94 186 187,1,5,,702369,28,0,5 94 186 187,1,5,,702391,28,0,28 94 207 208,1,45,,702354,28,0,5 94 186 187,1,5,,702418,28,0,5 94 186 187,1,5,,702366,28,0,28 94 207 208,1,5,,702362,28,0,5 94 186 187,1,5,,702401,28,0,5 94 186 187,1,5,,702409,28,0,28 94 207 208,1,5,,702384,28,0,5 94 186 187,1,5,,702350,28,0,5 94 186 187,1,5,,702317,28,0,28 94 207 208,1,5,,702447,28,0,5 94 186 187,1,5,,702419,28,0,5 94 186 187,1,5,,702314,28,0,28 94 207 208,1,45,,702449,28,0,5 94 186 187,1,5,,702453,28,0,5 94 186 187,1,5,,702403,28,0,28 94 207 208,1,5,,702455,28,0,5 94 186 187,1,5,,702367,28,0,5 94 186 187,1,5,,702310,28,0,28 94 207 208,1,5,,702423,28,0,5 94 186 187,1,5,,702374,28,0,5 94 186 187,1,5,,702451,28,0,28 94 207 208,1,5,,625066,28,0,5 94 186 187,1,5,,702381,28,0,5 94 186 187,1,5,,702359,28,0,28 94 207 208,1,45,,702390,28,0,5 94 186 187,1,5,,627280,28,0,5 94 186 187,1,5,,702436,28,0,28 94 207 208,1,5,,528932,28,0,5 94 186 187,1,5,,702376,28,0,5 94 186 187,1,5,,702326,28,0,28 94 207 208,1,5,,702435,28,0,5 94 186 187,1,5,,702318,28,0,5 94 186 187,1,5,,702304,28,0,28 94 207 208,1,5,,702430,28,0,5 94 186 187,1,5,,702351,28,0,5 94 186 187,1,5,,702300,28,0,28 94 207 208,1,45,,702446,28,0,5 94 186 187,1,5,,702308,28,0,5 94 186 187,1,5,,702386,28,0,28 94 207 208,1,5,,702410,28,0,5 94 186 187,1,5,,702427,28,0,5 94 186 187,1,5,,702448,28,0,28 94 207 208,1,5,,702433,28,0,5 94 186 187,1,5,,702415,28,0,5 94 186 187,1,6,,702459,28,0,28 94 207 208,1,5,,658593,28,0,5 94 186 187,1,5,,702400,28,0,5 94 186 187,1,45,,702454,28,0,28 94 207 208,1,5,,674789,28,0,5 94 186 187,1,8,,702361,28,0,5 94 186 187,1,5,,702343,28,0,28 94 207 208,1,5,,702306,28,0,5 94 186 187,1,5,,702442,28,0,5 94 186 187,1,5,,685433,28,0,28 94 207 208,1,5,,702355,28,0,5 94 186 187,1,5,,702437,28,0,5 94 186 187,1,5,,702413,28,0,28 94 207 208,1,5,,702332,28,0,5 94 186 187,1,5,,702328,28,0,5 94 186 187,1,45,,702320,28,0,28 94 207 208,1,5,,702406,28,0,5 94 186 187,1,5,,659703,28,0,5 94 186 187,1,5,,702450,28,0,28 94 207 208,1,5,,702305,28,0,5 94 186 187,1,5,,702411,28,0,5 94 186 187,1,5,,702333,28,0,28 94 207 208,1,5,,685456,28,0,5 94 186 187,1,5,,702440,28,0,5 94 186 187,1,5,,702441,28,0,28 94 207 208,1,5,,702412,28,0,5 94 186 187,1,5,,702311,28,0,5 94 186 187,1,45,,702458,28,0,28 94 207 208,1,5,,702414,28,0,5 94 186 187,1,5,,702348,28,0,5 94 186 187,1,5,,619710,28,0,28 94 207 208,1,5,,702349,28,0,5 94 186 187,1,5,,702405,28,0,5 94 186 187,1,5,,702334,28,0,28 94 207 208,1,5,,702365,28,0,5 94 186 187,1,5,,619036,28,0,5 94 186 187,1,5,,702422,28,0,28 94 207 208,1,5,,702421,28,0,5 94 186 187,1,5,,702313,28,0,5 94 186 187,1,46,,702339,28,0,28 94 207 208,1,5,,702330,28,0,5 94 186 187,1,6,,702309,28,0,5 94 186 187,1,7,,702319,28,0,28 94 207 208,1,8,,702416,28,0,5 94 186 187,1,7,,657497,28,0,28 94 207 208,1,8,,702385,28,0,5 94 186 187,1,8,,702438,28,0,28 94 207 208,1,48,,702323,28,0,5 94 186 187,1,8,,702336,28,0,28 94 207 208,1,8,,702407,28,0,5 94 186 187,1,8,,702370,28,0,28 94 207 208,1,8,,702341,28,0,5 94 186 187,1,8,,702301,28,0,28 94 207 208,1,8,,702340,28,0,5 94 186 187,1,8,,702335,28,0,28 94 207 208,1,48,,702402,28,0,5 94 186 187,1,8,,702393,28,0,28 94 207 208,1,8,,702346,28,0,5 94 186 187,1,8,,702382,28,0,28 94 207 208,1,8,,702434,28,0,5 94 186 187,1,8,,702307,28,0,28 94 207 208,1,8,,656879,28,0,5 94 186 187,1,48,,702337,28,0,28 94 207 208,1,8,,651368,28,0,5 94 186 187,1,8,,702428,28,0,28 94 207 208,1,10,,702394,28,0,5 94 186 187,1,13,,702431,28,0,28 94 207 208,1,6,,688198,28,0,5 94 186 187,1
2904,'3',805,,702527,28,0,5 94 186 187,1,10,,702580,28,0,28 94 207 208,1,10,,679717,28,0,5 94 186 187,1,10,,702526,28,0,28 94 207 208,1,8,,702549,28,0,5 94 186 187,1,8,,702558,28,0,28 94 207 208,1,8,,646450,28,0,5 94 186 187,1,48,,702477,28,0,28 94 207 208,1,8,,702534,28,0,5 94 186 187,1,8,,702563,28,0,28 94 207 208,1,8,,702487,28,0,5 94 186 187,1,8,,702583,28,0,28 94 207 208,1,8,,702565,28,0,5 94 186 187,1,8,,646779,28,0,28 94 207 208,1,48,,702465,28,0,5 94 186 187,1,8,,702535,28,0,28 94 207 208,1,8,,634165,28,0,5 94 186 187,1,8,,702498,28,0,28 94 207 208,1,8,,610243,28,0,5 94 186 187,1,8,,702499,28,0,28 94 207 208,1,8,,702559,28,0,5 94 186 187,1,8,,702545,28,0,28 94 207 208,1,48,,702484,28,0,5 94 186 187,1,8,,702505,28,0,28 94 207 208,1,8,,622160,28,0,5 94 186 187,1,8,,702569,28,0,28 94 207 208,1,8,,680846,28,0,5 94 186 187,1,7,,702518,28,0,28 94 207 208,1,8,,702501,28,0,5 94 186 187,1,46,,702515,28,0,28 94 207 208,1,9,,702533,28,0,5 94 186 187,1,5,,702586,19,0,5 94 186 187,1,5,,702468,28,0,28 94 207 208,1,7,,702567,28,0,5 94 186 187,1,10,,702536,28,0,5 94 186 187,1,5,,702542,28,0,28 94 207 208,1,5,,702475,28,0,5 94 186 187,1,5,,680887,28,0,5 94 186 187,1,5,,702510,28,0,28 94 207 208,1,45,,702464,28,0,5 94 186 187,1,5,,702481,28,0,5 94 186 187,1,5,,702480,28,0,28 94 207 208,1,5,,620344,28,0,5 94 186 187,1,5,,702467,28,0,5 94 186 187,1,5,,702460,28,0,28 94 207 208,1,5,,702562,28,0,5 94 186 187,1,5,,702520,28,0,5 94 186 187,1,5,,702485,28,0,28 94 207 208,1,5,,681095,28,0,5 94 186 187,1,5,,702538,28,0,5 94 186 187,1,5,,702574,28,0,28 94 207 208,1,45,,702540,28,0,5 94 186 187,1,5,,702578,28,0,5 94 186 187,1,5,,702530,28,0,28 94 207 208,1,5,,702509,28,0,5 94 186 187,1,5,,702568,28,0,5 94 186 187,1,5,,662782,28,0,28 94 207 208,1,5,,702470,28,0,5 94 186 187,1,5,,702511,28,0,5 94 186 187,1,5,,702554,28,0,28 94 207 208,1,5,,671791,28,0,5 94 186 187,1,5,,702516,28,0,5 94 186 187,1,5,,688281,28,0,28 94 207 208,1,45,,577597,28,0,5 94 186 187,1,5,,702482,28,0,5 94 186 187,1,5,,702560,28,0,28 94 207 208,1,5,,702561,28,0,5 94 186 187,1,5,,702575,28,0,5 94 186 187,1,5,,702576,28,0,28 94 207 208,1,5,,702521,28,0,5 94 186 187,1,5,,702502,28,0,5 94 186 187,1,5,,702490,28,0,28 94 207 208,1,5,,702483,28,0,5 94 186 187,1,5,,702551,28,0,5 94 186 187,1,5,,702479,28,0,28 94 207 208,1,45,,702529,28,0,5 94 186 187,1,5,,702461,28,0,5 94 186 187,1,5,,702546,28,0,28 94 207 208,1,5,,702466,28,0,5 94 186 187,1,5,,702491,28,0,5 94 186 187,1,5,,702525,28,0,28 94 207 208,1,5,,702550,28,0,5 94 186 187,1,5,,702500,28,0,5 94 186 187,1,5,,657018,28,0,28 94 207 208,1,5,,702544,28,0,5 94 186 187,1,5,,659797,28,0,5 94 186 187,1,5,,702488,28,0,28 94 207 208,1,45,,676085,28,0,5 94 186 187,1,5,,702572,28,0,5 94 186 187,1,5,,702541,28,0,28 94 207 208,1,5,,605007,28,0,5 94 186 187,1,5,,702473,28,0,5 94 186 187,1,5,,702552,28,0,28 94 207 208,1,5,,702506,28,0,5 94 186 187,1,5,,702463,28,0,5 94 186 187,1,5,,702537,28,0,28 94 207 208,1,5,,702492,28,0,5 94 186 187,1,5,,633325,28,0,5 94 186 187,1,5,,702462,28,0,28 94 207 208,1,45,,702532,28,0,5 94 186 187,1,5,,702570,28,0,5 94 186 187,1,5,,702548,28,0,28 94 207 208,1,5,,702486,28,0,5 94 186 187,1,5,,702504,28,0,5 94 186 187,1,5,,702517,28,0,28 94 207 208,1,5,,702584,28,0,5 94 186 187,1,5,,702556,28,0,5 94 186 187,1,5,,702564,28,0,28 94 207 208,1,5,,680592,28,0,5 94 186 187,1,5,,702512,28,0,5 94 186 187,1,5,,566682,28,0,28 94 207 208,1,45,,702474,28,0,5 94 186 187,1,5,,702476,28,0,5 94 186 187,1,8,,702539,28,0,28 94 207 208,1,5,,702519,28,0,5 94 186 187,1,6,,702493,28,0,5 94 186 187,1,5,,687998,28,0,28 94 207 208,1,6,,702581,28,0,5 94 186 187,1,8,,702579,28,0,28 94 207 208,1,8,,673767,28,0,5 94 186 187,1,48,,702495,28,0,28 94 207 208,1,8,,702587,28,0,5 94 186 187,1,8,,702531,28,0,28 94 207 208,1,8,,702508,28,0,5 94 186 187,1,8,,702528,28,0,28 94 207 208,1,8,,702571,28,0,5 94 186 187,1,8,,702555,28,0,28 94 207 208,1,8,,702494,28,0,5 94 186 187,1,48,,702585,28,0,28 94 207 208,1,8,,632106,28,0,5 94 186 187,1,8,,702582,28,0,28 94 207 208,1,8,,702507,28,0,5 94 186 187,1,8,,702497,28,0,28 94 207 208,1,8,,649611,28,0,5 94 186 187,1,8,,702496,28,0,28 94 207 208,1,48,,688006,28,0,5 94 186 187,1,8,,702566,28,0,28 94 207 208,1,6,,702573,28,0,5 94 186 187,1,6,,702469,28,0,5 94 186 187,1,8,,702522,28,0,28 94 207 208,1,10,,702489,28,0,5 94 186 187,1,10,,702503,28,0,28 94 207 208,1,10,,702553,28,0,5 94 186 187,1,50,,702472,28,0,28 94 207 208,1,10,,689814,28,0,5 94 186 187,1,10,,702513,28,0,28 94 207 208,1,10,,702471,28,0,5 94 186 187,1,10,,702478,28,0,28 94 207 208,1,10,,702557,28,0,5 94 186 187,1,50,,702514,28,0,28 94 207 208,1,10,,702577,28,0,5 94 186 187,1,10,,702547,28,0,28 94 207 208,1,10,,648239,28,0,5 94 186 187,1,10,,632117,28,0,28 94 207 208,1,10,,665434,28,0,5 94 186 187,1,50,,702523,28,0,28 94 207 208,1,10,,607898,28,0,5 94 186 187,1,14,,702524,28,0,28 94 207 208,1,10,,702543,28,0,5 94 186 187,1
2904,'5',549,,702641,29,0,5 94 186 187,1,10,,702605,29,0,28 94 207 208,1,50,,702719,29,0,5 94 186 187,1,10,,702630,28,0,28 94 207 208,1,10,,702639,28,0,5 94 186 187,1,10,,702625,28,0,28 94 207 208,1,10,,627667,28,0,5 94 186 187,1,10,,702594,28,0,28 94 207 208,1,50,,702720,28,0,5 94 186 187,1,10,,702687,28,0,28 94 207 208,1,10,,702593,28,0,5 94 186 187,1,10,,702686,28,0,28 94 207 208,1,8,,702674,28,0,5 94 186 187,1,8,,702635,28,0,28 94 207 208,1,51,,702651,28,0,5 94 186 187,1,9,,702646,28,0,28 94 207 208,1,10,,702633,28,0,5 94 186 187,1,10,,563719,28,0,28 94 207 208,1,8,,702673,28,0,5 94 186 187,1,8,,702692,28,0,28 94 207 208,1,8,,702627,28,0,5 94 186 187,1,48,,702705,28,0,28 94 207 208,1,8,,702598,28,0,5 94 186 187,1,8,,702690,28,0,28 94 207 208,1,8,,702604,28,0,5 94 186 187,1,8,,702626,28,0,28 94 207 208,1,8,,702680,28,0,5 94 186 187,1,8,,702696,28,0,28 94 207 208,1,48,,702654,28,0,5 94 186 187,1,8,,702613,28,0,28 94 207 208,1,8,,702631,28,0,5 94 186 187,1,8,,702644,28,0,28 94 207 208,1,8,,702652,28,0,5 94 186 187,1,8,,702632,28,0,28 94 207 208,1,8,,702725,28,0,5 94 186 187,1,8,,680498,28,0,28 94 207 208,1,48,,702636,28,0,5 94 186 187,1,8,,514467,28,0,28 94 207 208,1,8,,702656,28,0,5 94 186 187,1,8,,702703,28,0,28 94 207 208,1,8,,702612,28,0,5 94 186 187,1,7,,702634,28,0,28 94 207 208,1,8,,702709,28,0,5 94 186 187,1,46,,702619,28,0,28 94 207 208,1,9,,702666,28,0,5 94 186 187,1,5,,660551,19,0,5 94 186 187,1,5,,702707,28,0,28 94 207 208,1,7,,702589,28,0,5 94 186 187,1,10,,613881,28,0,5 94 186 187,1,5,,630411,28,0,28 94 207 208,1,5,,702721,28,0,5 94 186 187,1,5,,702591,28,0,5 94 186 187,1,5,,702693,28,0,28 94 207 208,1,45,,702640,28,0,5 94 186 187,1,5,,702647,28,0,5 94 186 187,1,5,,630095,28,0,28 94 207 208,1,5,,637923,28,0,5 94 186 187,1,5,,684323,28,0,5 94 186 187,1,5,,702685,28,0,28 94 207 208,1,5,,680644,28,0,5 94 186 187,1,5,,702708,28,0,5 94 186 187,1,5,,702602,28,0,28 94 207 208,1,5,,611089,28,0,5 94 186 187,1,5,,702671,28,0,5 94 186 187,1,5,,702600,28,0,28 94 207 208,1,45,,702714,28,0,5 94 186 187,1,5,,702655,28,0,5 94 186 187,1,5,,702669,28,0,28 94 207 208,1,5,,702688,28,0,5 94 186 187,1,5,,702723,28,0,5 94 186 187,1,5,,702726,28,0,28 94 207 208,1,5,,702616,28,0,5 94 186 187,1,5,,702672,28,0,5 94 186 187,1,5,,591649,28,0,28 94 207 208,1,5,,675760,28,0,5 94 186 187,1,5,,702659,28,0,5 94 186 187,1,5,,702645,28,0,28 94 207 208,1,45,,702615,28,0,5 94 186 187,1,5,,702599,28,0,5 94 186 187,1,5,,702596,28,0,28 94 207 208,1,5,,654780,28,0,5 94 186 187,1,5,,702724,28,0,5 94 186 187,1,5,,702702,28,0,28 94 207 208,1,5,,702660,28,0,5 94 186 187,1,5,,702699,28,0,5 94 186 187,1,5,,657055,28,0,28 94 207 208,1,5,,702665,28,0,5 94 186 187,1,5,,702642,28,0,5 94 186 187,1,5,,702718,28,0,28 94 207 208,1,45,,702664,28,0,5 94 186 187,1,5,,702679,28,0,5 94 186 187,1,5,,702730,28,0,28 94 207 208,1,5,,702697,28,0,5 94 186 187,1,5,,635278,28,0,5 94 186 187,1,5,,702676,28,0,28 94 207 208,1,5,,702722,28,0,5 94 186 187,1,5,,702614,28,0,5 94 186 187,1,5,,702682,28,0,28 94 207 208,1,5,,702643,28,0,5 94 186 187,1,5,,702728,28,0,5 94 186 187,1,5,,702689,28,0,28 94 207 208,1,45,,702667,28,0,5 94 186 187,1,5,,702618,28,0,5 94 186 187,1,5,,702638,28,0,28 94 207 208,1,5,,702595,28,0,5 94 186 187,1,5,,702662,28,0,5 94 186 187,1,5,,702620,28,0,28 94 207 208,1,5,,702597,28,0,5 94 186 187,1,5,,633044,28,0,5 94 186 187,1,5,,702698,28,0,28 94 207 208,1,5,,702694,28,0,5 94 186 187,1,5,,702608,28,0,5 94 186 187,1,5,,702683,28,0,28 94 207 208,1,45,,702657,28,0,5 94 186 187,1,5,,702695,28,0,5 94 186 187,1,5,,702617,28,0,28 94 207 208,1,5,,702701,28,0,5 94 186 187,1,5,,702611,28,0,5 94 186 187,1,5,,702649,28,0,28 94 207 208,1,5,,702729,28,0,5 94 186 187,1,5,,621043,28,0,5 94 186 187,1,5,,702710,28,0,28 94 207 208,1,5,,702661,28,0,5 94 186 187,1,5,,702629,28,0,5 94 186 187,1,5,,702670,28,0,28 94 207 208,1,45,,702601,28,0,5 94 186 187,1,5,,702622,28,0,5 94 186 187,1,8,,702610,28,0,28 94 207 208,1,5,,702609,28,0,5 94 186 187,1,6,,702588,28,0,5 94 186 187,1,5,,702668,28,0,28 94 207 208,1,6,,702606,28,0,5 94 186 187,1,8,,619387,28,0,28 94 207 208,1,8,,702648,28,0,5 94 186 187,1,48,,702650,28,0,28 94 207 208,1,8,,702715,28,0,5 94 186 187,1,8,,702623,28,0,28 94 207 208,1,8,,702727,28,0,5 94 186 187,1,8,,702658,28,0,28 94 207 208,1,8,,662578,28,0,5 94 186 187,1,8,,555546,28,0,28 94 207 208,1,8,,702603,28,0,5 94 186 187,1,48,,702700,28,0,28 94 207 208,1,8,,601382,28,0,5 94 186 187,1,8,,702712,28,0,28 94 207 208,1,8,,702678,28,0,5 94 186 187,1,8,,702706,28,0,28 94 207 208,1,8,,702716,28,0,5 94 186 187,1,8,,664148,28,0,28 94 207 208,1,48,,702624,28,0,5 94 186 187,1,8,,653612,28,0,28 94 207 208,1,6,,626925,28,0,5 94 186 187,1,6,,702628,28,0,5 94 186 187,1,8,,630371,28,0,28 94 207 208,1,10,,702684,28,0,5 94 186 187,1,10,,702711,28,0,28 94 207 208,1,10,,702621,28,0,5 94 186 187,1,50,,702691,28,0,28 94 207 208,1,10,,702713,28,0,5 94 186 187,1,10,,702637,28,0,28 94 207 208,1,10,,548614,28,0,5 94 186 187,1,10,,702663,28,0,28 94 207 208,1,10,,702677,28,0,5 94 186 187,1,50,,702681,28,0,28 94 207 208,1,10,,702653,28,0,5 94 186 187,1,10,,702590,28,0,28 94 207 208,1,10,,619343,28,0,5 94 186 187,1,10,,671829,28,0,28 94 207 208,1,10,,702704,28,0,5 94 186 187,1,50,,702717,28,0,28 94 207 208,1,10,,702607,28,0,5 94 186 187,1,14,,702675,28,0,28 94 207 208,1,10,,702592,28,0,5 94 186 187,1
32904,'1',441,,769791,42,0,94,1,70,,630102,42,0,94,1,15,,648461,29,0,94,1,11,,769792,29,0,94,1,2019,,769797,31,0,94,1,55,,689558,31,0,94,1,30,,769798,31,0,94,1,70,,769793,42,0,94,1,30,,769794,42,0,94,1,70,,769790,42,0,94,1
32904,'2',441,,769801,42,0,94,1,70,,625918,42,0,94,1,15,,769806,29,0,94,1,11,,769803,29,0,94,1,2019,,769799,31,0,94,1,55,,769809,31,0,94,1,30,,769805,31,0,94,1,70,,769800,42,0,94,1,30,,769802,42,0,94,1,70,,769804,42,0,94,1
32904,'3',441,,683171,42,0,94,1,70,,655513,42,0,94,1,15,,769827,29,0,94,1,18,,769821,42,0,94,1,10,,769814,29,0,94 186 187,1,51,,769816,42,0,94,1,10,,769823,29,0,94 186 187,1,10,,769819,29,0,94,1,10,,769826,42,0,94 186 187,1,10,,769811,29,0,94,1,10,,769812,29,0,94 186 187,1,50,,769825,42,0,94,1,10,,769818,29,0,94 186 187,1,10,,769822,29,0,94,1,10,,769815,42,0,94 186 187,1,10,,637656,29,0,94,1,10,,769824,29,0,94,1,1801,,769817,31,0,94,1,55,,769820,31,0,94,1,30,,529748,31,0,94,1,70,,769813,42,0,94,1,30,,769810,42,0,94,1,70,,568236,42,0,94,1
32904,'5',441,,769838,42,0,94,1,70,,642461,42,0,94,1,15,,769835,29,0,94,1,10,,769830,29,0,94,1,2020,,769833,31,0,94,1,55,,769832,31,0,94,1,30,,769829,31,0,94,1,70,,616446,42,0,94,1,30,,769831,42,0,94,1,70,,769836,42,0,94,1
92904,'1',626,,776360,11,0,94 186 187,1,10,,661252,11,0,94 186 187,1,10,,776394,11,0,94 186 187,1,9,,776341,11,0,94 186 187,1,49,,776313,11,0,94 186 187,1,10,,776388,11,0,94 186 187,1,10,,776321,11,0,94 186 187,1,8,,776317,11,0,94 186 187,1,8,,633830,11,0,94 186 187,1,8,,776345,11,0,94 186 187,1,8,,651537,11,0,94 186 187,1,48,,776370,11,0,94 186 187,1,8,,776309,11,0,94 186 187,1,8,,776347,11,0,94 186 187,1,8,,776368,11,0,94 186 187,1,8,,776339,11,0,94 186 187,1,7,,776384,11,0,94 186 187,1,7,,647988,11,0,94 186 187,1,7,,635548,11,0,94 186 187,1,48,,776307,11,0,94 186 187,1,8,,776352,11,0,94 186 187,1,8,,776362,11,0,94 186 187,1,5,,776391,11,0,94 186 187,1,11,,776356,11,0,94 186 187,1,8,,776319,11,0,94 186 187,1,8,,776324,11,0,94 186 187,1,48,,776364,11,0,94 186 187,1,8,,776338,11,0,94 186 187,1,8,,659488,11,0,94 186 187,1,8,,552115,11,0,94 186 187,1,8,,776346,11,0,94 186 187,1,8,,776373,11,0,94 186 187,1,8,,776350,11,0,94 186 187,1,8,,776383,11,0,94 186 187,1,48,,776328,11,0,94 186 187,1,8,,776333,11,0,94 186 187,1,8,,776344,11,0,94 186 187,1,8,,776358,11,0,94 186 187,1,8,,776318,11,0,94 186 187,1,8,,776366,11,0,94 186 187,1,8,,776353,11,0,94 186 187,1,48,,533714,11,0,94 186 187,1,8,,662349,11,0,94 186 187,1,8,,776349,11,0,94 186 187,1,8,,776357,11,0,94 186 187,1,8,,776378,11,0,94 186 187,1,8,,776302,11,0,94 186 187,1,8,,625395,11,0,94 186 187,1,8,,776310,11,0,94 186 187,1,48,,776305,11,0,94 186 187,1,8,,553543,11,0,94 186 187,1,8,,776355,11,0,94 186 187,1,8,,776329,11,0,94 186 187,1,8,,676726,11,0,94 186 187,1,8,,776351,11,0,94 186 187,1,8,,776312,11,0,94 186 187,1,48,,776379,11,0,94 186 187,1,8,,776354,11,0,94 186 187,1,8,,776390,11,0,94 186 187,1,8,,621365,11,0,94 186 187,1,8,,776365,11,0,94 186 187,1,7,,632750,11,0,94 186 187,1,7,,776343,11,0,94 186 187,1,8,,776332,11,0,94 186 187,1,47,,776389,11,0,94 186 187,1,9,,776372,11,0,94 186 187,1,4,,776367,11,0,94 186 187,1,11,,668619,11,0,94 186 187,1,6,,776322,11,0,94 186 187,1,9,,776393,11,0,94 186 187,1,8,,776320,11,0,94 186 187,1,8,,609189,11,0,94 186 187,1,48,,638968,11,0,94 186 187,1,8,,776303,11,0,94 186 187,1,8,,776359,11,0,94 186 187,1,8,,776325,11,0,94 186 187,1,8,,673852,11,0,94 186 187,1,8,,689705,11,0,94 186 187,1,8,,776340,11,0,94 186 187,1,48,,776371,11,0,94 186 187,1,8,,395781,11,0,94 186 187,1,8,,776377,11,0,94 186 187,1,8,,776376,11,0,94 186 187,1,8,,549882,11,0,94 186 187,1,8,,776375,11,0,94 186 187,1,8,,776327,11,0,94 186 187,1,8,,666345,11,0,94 186 187,1,48,,630523,11,0,94 186 187,1,8,,776331,11,0,94 186 187,1,8,,776304,11,0,94 186 187,1,8,,776306,11,0,94 186 187,1,8,,776369,11,0,94 186 187,1,8,,623997,11,0,94 186 187,1,8,,776335,11,0,94 186 187,1,49,,776342,11,0,94 186 187,1,8,,776386,11,0,94 186 187,1,9,,776363,11,0,94 186 187,1,2,,776314,11,0,94 186 187,1,6,,776361,11,0,94 186 187,1,8,,776334,11,0,94 186 187,1,8,,652887,11,0,94 186 187,1,8,,776326,11,0,94 186 187,1,8,,776308,11,0,94 186 187,1,48,,776392,11,0,94 186 187,1,8,,776337,11,0,94 186 187,1,8,,776382,11,0,94 186 187,1,8,,776315,11,0,94 186 187,1,8,,776316,11,0,94 186 187,1,8,,621312,11,0,94 186 187,1,8,,776385,11,0,94 186 187,1,48,,776336,11,0,94 186 187,1,8,,776330,11,0,94 186 187,1,8,,776380,11,0,94 186 187,1,8,,776348,11,0,94 186 187,1,8,,656754,11,0,94 186 187,1,8,,776387,11,0,94 186 187,1,8,,776374,11,0,94 186 187,1,8,,776323,11,0,94 186 187,1,47,,776311,11,0,94 186 187,1,10,,664257,11,0,94 186 187,1,9,,776381,11,0,94 186 187,1
92904,'2',821,,776445,11,0,94 186 187,1,13,,776430,11,0,94 186 187,1,9,,776402,11,0,94 186 187,1,8,,776408,11,0,94 186 187,1,8,,776454,11,0,94 186 187,1,48,,776448,11,0,94 186 187,1,8,,659026,11,0,94 186 187,1,8,,776414,11,0,94 186 187,1,8,,776453,11,0,94 186 187,1,8,,776400,11,0,94 186 187,1,8,,776411,11,0,94 186 187,1,8,,633567,11,0,94 186 187,1,48,,776450,11,0,94 186 187,1,8,,776406,11,0,94 186 187,1,8,,660288,11,0,94 186 187,1,8,,776396,11,0,94 186 187,1,8,,600859,11,0,94 186 187,1,8,,776444,11,0,94 186 187,1,8,,514519,11,0,94 186 187,1,8,,776432,11,0,94 186 187,1,48,,776410,11,0,94 186 187,1,8,,776419,11,0,94 186 187,1,8,,776407,11,0,94 186 187,1,8,,776395,11,0,94 186 187,1,8,,776401,11,0,94 186 187,1,8,,673715,11,0,94 186 187,1,7,,776412,11,0,94 186 187,1,48,,776418,11,0,94 186 187,1,8,,776399,11,0,94 186 187,1,7,,776447,11,0,94 186 187,1,11,,665939,11,0,94 186 187,1,10,,776404,11,0,94 186 187,1,10,,776413,11,0,94 186 187,1,10,,776420,11,0,94 186 187,1,50,,776442,11,0,94 186 187,1,10,,776436,11,0,94 186 187,1,10,,776438,11,0,94 186 187,1,10,,674980,11,0,94 186 187,1,10,,672252,11,0,94 186 187,1,10,,776424,11,0,94 186 187,1,50,,776397,11,0,94 186 187,1,10,,776437,11,0,94 186 187,1,10,,776439,11,0,94 186 187,1,10,,776425,11,0,94 186 187,1,10,,776452,11,0,94 186 187,1,10,,776446,11,0,94 186 187,1,50,,776451,11,0,94 186 187,1,10,,776416,11,0,94 186 187,1,10,,776431,11,0,94 186 187,1,10,,671739,11,0,94 186 187,1,10,,674543,11,0,94 186 187,1,10,,776434,11,0,94 186 187,1,50,,776403,11,0,94 186 187,1,10,,776449,11,0,94 186 187,1,10,,776398,11,0,94 186 187,1,10,,776429,11,0,94 186 187,1,10,,776422,11,0,94 186 187,1,10,,776433,11,0,94 186 187,1,50,,776428,11,0,94 186 187,1,10,,776426,11,0,94 186 187,1,10,,776423,11,0,94 186 187,1,10,,776441,11,0,94 186 187,1,10,,627421,11,0,94 186 187,1,10,,776415,11,0,94 186 187,1,50,,776409,11,0,94 186 187,1,10,,632058,11,0,94 186 187,1,10,,776405,11,0,94 186 187,1,11,,776440,11,0,94 186 187,1,10,,776443,11,0,94 186 187,1,10,,776421,11,0,94 186 187,1,50,,776435,11,0,94 186 187,1,10,,776427,11,0,94 186 187,1,10,,776417,11,0,94 186 187,1
92904,'3',821,,776486,11,0,94 186 187,1,9,,776519,11,0,94 186 187,1,8,,776496,11,0,94 186 187,1,8,,776515,11,0,94 186 187,1,8,,638265,11,0,94 186 187,1,48,,776462,11,0,94 186 187,1,8,,776514,11,0,94 186 187,1,8,,776455,11,0,94 186 187,1,8,,776510,11,0,94 186 187,1,8,,610720,11,0,94 186 187,1,8,,776478,11,0,94 186 187,1,8,,776474,11,0,94 186 187,1,8,,776499,11,0,94 186 187,1,48,,776477,11,0,94 186 187,1,8,,776456,11,0,94 186 187,1,8,,776459,11,0,94 186 187,1,8,,776502,11,0,94 186 187,1,8,,776509,11,0,94 186 187,1,8,,776498,11,0,94 186 187,1,8,,673108,11,0,94 186 187,1,48,,776497,11,0,94 186 187,1,8,,776467,11,0,94 186 187,1,8,,776503,11,0,94 186 187,1,8,,776517,11,0,94 186 187,1,8,,776485,11,0,94 186 187,1,8,,776480,11,0,94 186 187,1,7,,776508,11,0,94 186 187,1,8,,776516,11,0,94 186 187,1,49,,776511,11,0,94 186 187,1,8,,776479,11,0,94 186 187,1,8,,776466,11,0,94 186 187,1,9,,776481,11,0,94 186 187,1,10,,776483,11,0,94 186 187,1,10,,776461,11,0,94 186 187,1,50,,776475,11,0,94 186 187,1,10,,776484,11,0,94 186 187,1,10,,776482,11,0,94 186 187,1,10,,776493,11,0,94 186 187,1,10,,776470,11,0,94 186 187,1,10,,776457,11,0,94 186 187,1,50,,776465,11,0,94 186 187,1,10,,776490,11,0,94 186 187,1,10,,776468,11,0,94 186 187,1,10,,776458,11,0,94 186 187,1,10,,776512,11,0,94 186 187,1,10,,776501,11,0,94 186 187,1,50,,776513,11,0,94 186 187,1,10,,776489,11,0,94 186 187,1,10,,776471,11,0,94 186 187,1,10,,666526,11,0,94 186 187,1,10,,776494,11,0,94 186 187,1,10,,776488,11,0,94 186 187,1,50,,776492,11,0,94 186 187,1,10,,776469,11,0,94 186 187,1,10,,776500,11,0,94 186 187,1,10,,776473,11,0,94 186 187,1,10,,776460,11,0,94 186 187,1,10,,776507,11,0,94 186 187,1,50,,776487,11,0,94 186 187,1,10,,776463,11,0,94 186 187,1,10,,681987,11,0,94 186 187,1,10,,776491,11,0,94 186 187,1,10,,776504,11,0,94 186 187,1,10,,646458,11,0,94 186 187,1,50,,776495,11,0,94 186 187,1,10,,776476,11,0,94 186 187,1,10,,776506,11,0,94 186 187,1,10,,608980,11,0,94 186 187,1,10,,776505,11,0,94 186 187,1,10,,666073,11,0,94 186 187,1,50,,776518,11,0,94 186 187,1,10,,776464,11,0,94 186 187,1,15,,776472,11,0,94 186 187,1
92904,'5',821,,531646,11,0,94 186 187,1,9,,776574,11,0,94 186 187,1,8,,776543,11,0,94 186 187,1,8,,776569,11,0,94 186 187,1,8,,776565,11,0,94 186 187,1,48,,776566,11,0,94 186 187,1,8,,686214,11,0,94 186 187,1,8,,776545,11,0,94 186 187,1,8,,776527,11,0,94 186 187,1,8,,776571,11,0,94 186 187,1,8,,776531,11,0,94 186 187,1,8,,776577,11,0,94 186 187,1,8,,776549,11,0,94 186 187,1,48,,776553,11,0,94 186 187,1,8,,776557,11,0,94 186 187,1,8,,776520,11,0,94 186 187,1,8,,776537,11,0,94 186 187,1,8,,776564,11,0,94 186 187,1,8,,776556,11,0,94 186 187,1,8,,776562,11,0,94 186 187,1,48,,527317,11,0,94 186 187,1,8,,776567,11,0,94 186 187,1,8,,616728,11,0,94 186 187,1,8,,776576,11,0,94 186 187,1,8,,776561,11,0,94 186 187,1,8,,776540,11,0,94 186 187,1,7,,776524,11,0,94 186 187,1,8,,776541,11,0,94 186 187,1,49,,776522,11,0,94 186 187,1,8,,776551,11,0,94 186 187,1,8,,776536,11,0,94 186 187,1,9,,776532,11,0,94 186 187,1,10,,776572,11,0,94 186 187,1,10,,776578,11,0,94 186 187,1,50,,776528,11,0,94 186 187,1,10,,776568,11,0,94 186 187,1,10,,776526,11,0,94 186 187,1,10,,776552,11,0,94 186 187,1,10,,776547,11,0,94 186 187,1,10,,776559,11,0,94 186 187,1,50,,776554,11,0,94 186 187,1,10,,776546,11,0,94 186 187,1,10,,623819,11,0,94 186 187,1,10,,776538,11,0,94 186 187,1,10,,776581,11,0,94 186 187,1,10,,609185,11,0,94 186 187,1,50,,776570,11,0,94 186 187,1,10,,776525,11,0,94 186 187,1,10,,776555,11,0,94 186 187,1,10,,776530,11,0,94 186 187,1,10,,776579,11,0,94 186 187,1,10,,776550,11,0,94 186 187,1,50,,776533,11,0,94 186 187,1,10,,776529,11,0,94 186 187,1,10,,629753,11,0,94 186 187,1,10,,776535,11,0,94 186 187,1,10,,776548,11,0,94 186 187,1,10,,776580,11,0,94 186 187,1,50,,776534,11,0,94 186 187,1,10,,640034,11,0,94 186 187,1,10,,776560,11,0,94 186 187,1,10,,776523,11,0,94 186 187,1,10,,776542,11,0,94 186 187,1,10,,776573,11,0,94 186 187,1,50,,776544,11,0,94 186 187,1,10,,641619,11,0,94 186 187,1,10,,776563,11,0,94 186 187,1,10,,776558,11,0,94 186 187,1,10,,776521,11,0,94 186 187,1,10,,633422,11,0,94 186 187,1,50,,776539,11,0,94 186 187,1,10,,654784,11,0,94 186 187,1,15,,776575,11,0,94 186 187,1
