90501,'1',545,,574245,1,0,34 78 105 106 39,1,10,,685592,1,0,34 78 105 106 39,1,55,,685621,1,0,34 78 105 106 39,1,15,,685631,1,0,34 78 105 106 39,1,15,,685594,1,0,34 78 105 106 39,1,15,,685593,1,0,34 78 105 106 39,1,55,,495948,1,0,34 78 105 106 39,1,15,,559310,1,0,34 78 105 106 39,1,15,,685624,1,0,34 78 105 106 39,1,15,,685585,1,0,34 78 105 106 39,1,55,,579833,1,0,34 78 105 106 39,1,15,,685580,1,0,34 78 105 106 39,1,15,,595966,1,0,34 78 105 106 39,1,15,,554871,1,0,34 78 105 106 39,1,50,,524278,1,0,34 78 105 106 39,1,10,,685582,1,0,34 78 105 106 39,1,10,,685599,1,0,34 78 105 106 39,1,10,,574388,1,0,34 78 105 106 39,1,10,,685584,1,0,34 78 105 106 39,1,10,,685579,1,0,34 78 105 106 39,1,50,,685633,1,0,34 78 105 106 39,1,10,,685577,1,0,34 78 105 106 39,1,10,,685607,1,0,34 78 105 106 39,1,10,,685628,1,0,34 78 105 106 39,1,10,,685587,1,0,34 78 105 106 39,1,10,,501420,1,0,34 78 105 106 39,1,50,,685606,1,0,34 78 105 106 39,1,10,,685609,1,0,34 78 105 106 39,1,10,,685590,1,0,34 78 105 106 39,1,10,,685595,1,0,34 78 105 106 39,1,10,,685601,1,0,34 78 105 106 39,1,10,,685608,1,0,34 78 105 106 39,1,50,,685602,1,0,34 78 105 106 39,1,10,,685630,1,0,34 78 105 106 39,1,10,,538239,1,0,34 78 105 106 39,1,10,,685603,1,0,34 78 105 106 39,1,10,,685605,1,0,34 78 105 106 39,1,10,,685615,1,0,34 78 105 106 39,1,50,,685578,1,0,34 78 105 106 39,1,10,,685583,1,0,34 78 105 106 39,1,10,,685581,1,0,34 78 105 106 39,1,10,,569649,1,0,34 78 105 106 39,1,10,,685622,1,0,34 78 105 106 39,1,10,,685616,1,0,34 78 105 106 39,1,50,,685600,1,0,34 78 105 106 39,1,10,,513756,1,0,34 78 105 106 39,1,10,,685620,1,0,34 78 105 106 39,1,10,,685619,1,0,34 78 105 106 39,1,15,,583273,1,0,34 78 105 106 39,1,55,,685610,1,0,34 78 105 106 39,1,15,,538302,1,0,34 78 105 106 39,1,15,,685625,1,0,34 78 105 106 39,1,15,,685617,1,0,34 78 105 106 39,1,55,,685589,1,0,34 78 105 106 39,1,15,,685591,1,0,34 78 105 106 39,1,15,,575906,1,0,34 78 105 106 39,1,15,,685612,1,0,34 78 105 106 39,1,55,,685613,1,0,34 78 105 106 39,1,15,,685604,1,0,34 78 105 106 39,1,15,,685598,1,0,34 78 105 106 39,1,15,,685611,1,0,34 78 105 106 39,1,55,,685588,1,0,34 78 105 106 39,1,15,,685586,1,0,34 78 105 106 39,1,15,,685614,1,0,34 78 105 106 39,1,15,,685576,1,0,34 78 105 106 39,1,55,,685618,1,0,34 78 105 106 39,1,15,,566489,1,0,34 78 105 106 39,1,15,,685596,1,0,34 78 105 106 39,1,15,,685632,1,0,34 78 105 106 39,1,55,,472478,1,0,34 78 105 106 39,1,15,,685629,1,0,34 78 105 106 39,1,15,,685627,1,0,34 78 105 106 39,1,15,,579610,1,0,34 78 105 106 39,1,55,,685623,1,0,34 78 105 106 39,1,15,,685626,1,0,34 78 105 106 39,1,15,,471790,1,0,34 78 105 106 39,1,15,,483388,1,0,34 78 105 106 39,1,50,,685597,1,0,34 78 105 106 39,1
90501,'2',630,,685662,1,0,34 78 105 106 39,1,15,,541930,1,0,34 78 105 106 39,1,55,,685656,1,0,34 78 105 106 39,1,15,,685646,1,0,34 78 105 106 39,1,15,,562216,1,0,34 78 105 106 39,1,15,,685670,1,0,34 78 105 106 39,1,55,,578142,1,0,34 78 105 106 39,1,15,,458752,1,0,34 78 105 106 39,1,15,,485515,1,0,34 78 105 106 39,1,15,,685648,1,0,34 78 105 106 39,1,55,,685667,1,0,34 78 105 106 39,1,15,,685641,1,0,34 78 105 106 39,1,15,,685649,1,0,34 78 105 106 39,1,15,,685643,1,0,34 78 105 106 39,1,55,,685640,1,0,34 78 105 106 39,1,15,,685657,1,0,34 78 105 106 39,1,15,,685642,1,0,34 78 105 106 39,1,15,,465258,1,0,34 78 105 106 39,1,55,,685654,1,0,34 78 105 106 39,1,15,,685650,1,0,34 78 105 106 39,1,15,,685661,1,0,34 78 105 106 39,1,15,,685634,1,0,34 78 105 106 39,1,55,,556783,1,0,34 78 105 106 39,1,15,,685647,1,0,34 78 105 106 39,1,15,,685637,1,0,34 78 105 106 39,1,15,,685644,1,0,34 78 105 106 39,1,55,,685666,1,0,34 78 105 106 39,1,15,,685639,1,0,34 78 105 106 39,1,15,,685635,1,0,34 78 105 106 39,1,15,,685653,1,0,34 78 105 106 39,1,55,,685645,1,0,34 78 105 106 39,1,15,,685660,1,0,34 78 105 106 39,1,15,,553257,1,0,34 78 105 106 39,1,15,,685671,1,0,34 78 105 106 39,1,55,,685636,1,0,34 78 105 106 39,1,15,,502813,1,0,34 78 105 106 39,1,15,,586669,1,0,34 78 105 106 39,1,15,,685669,1,0,34 78 105 106 39,1,55,,580493,1,0,34 78 105 106 39,1,15,,685668,1,0,34 78 105 106 39,1,15,,685638,1,0,34 78 105 106 39,1,15,,685663,1,0,34 78 105 106 39,1,55,,529527,1,0,34 78 105 106 39,1,15,,531405,1,0,34 78 105 106 39,1,15,,685665,1,0,34 78 105 106 39,1,15,,685655,1,0,34 78 105 106 39,1,55,,685652,1,0,34 78 105 106 39,1,15,,685658,1,0,34 78 105 106 39,1,15,,685659,1,0,34 78 105 106 39,1,15,,685664,1,0,34 78 105 106 39,1,55,,685651,1,0,34 78 105 106 39,1
90501,'3',800,,523278,1,0,34 78 105 106 39,1,15,,685672,1,0,34 78 105 106 39,1,15,,685675,1,0,34 78 105 106 39,1,15,,685697,1,0,34 78 105 106 39,1,55,,685704,1,0,34 78 105 106 39,1,15,,402191,1,0,34 78 105 106 39,1,15,,685696,1,0,34 78 105 106 39,1,15,,685683,1,0,34 78 105 106 39,1,55,,685706,1,0,34 78 105 106 39,1,15,,685693,1,0,34 78 105 106 39,1,15,,685698,1,0,34 78 105 106 39,1,15,,565066,1,0,34 78 105 106 39,1,55,,685689,1,0,34 78 105 106 39,1,15,,685687,1,0,34 78 105 106 39,1,15,,685680,1,0,34 78 105 106 39,1,15,,685703,1,0,34 78 105 106 39,1,55,,685684,1,0,34 78 105 106 39,1,15,,541285,1,0,34 78 105 106 39,1,15,,685695,1,0,34 78 105 106 39,1,15,,543410,1,0,34 78 105 106 39,1,55,,685691,1,0,34 78 105 106 39,1,15,,685686,1,0,34 78 105 106 39,1,15,,685694,1,0,34 78 105 106 39,1,15,,685685,1,0,34 78 105 106 39,1,55,,555238,1,0,34 78 105 106 39,1,15,,685690,1,0,34 78 105 106 39,1,15,,685705,1,0,34 78 105 106 39,1,15,,685682,1,0,34 78 105 106 39,1,55,,685674,1,0,34 78 105 106 39,1,15,,685708,1,0,34 78 105 106 39,1,15,,685699,1,0,34 78 105 106 39,1,15,,685700,1,0,34 78 105 106 39,1,55,,685673,1,0,34 78 105 106 39,1,15,,685707,1,0,34 78 105 106 39,1,15,,685678,1,0,34 78 105 106 39,1,15,,685702,1,0,34 78 105 106 39,1,55,,685676,1,0,34 78 105 106 39,1,15,,685701,1,0,34 78 105 106 39,1,15,,542005,1,0,34 78 105 106 39,1,15,,685679,1,0,34 78 105 106 39,1,55,,685709,1,0,34 78 105 106 39,1,15,,685688,1,0,34 78 105 106 39,1,15,,685677,1,0,34 78 105 106 39,1,15,,685692,1,0,34 78 105 106 39,1,55,,685681,1,0,34 78 105 106 39,1
90501,'5',700,,685748,1,0,34 78 105 106 39,1,15,,685711,1,0,34 78 105 106 39,1,15,,566838,1,0,34 78 105 106 39,1,15,,595183,1,0,34 78 105 106 39,1,55,,685710,1,0,34 78 105 106 39,1,15,,685715,1,0,34 78 105 106 39,1,15,,685745,1,0,34 78 105 106 39,1,15,,685723,1,0,34 78 105 106 39,1,55,,685747,1,0,34 78 105 106 39,1,15,,685736,1,0,34 78 105 106 39,1,15,,685727,1,0,34 78 105 106 39,1,15,,685746,1,0,34 78 105 106 39,1,55,,685713,1,0,34 78 105 106 39,1,15,,685734,1,0,34 78 105 106 39,1,15,,685739,1,0,34 78 105 106 39,1,15,,685714,1,0,34 78 105 106 39,1,55,,685726,1,0,34 78 105 106 39,1,15,,543136,1,0,34 78 105 106 39,1,15,,562408,1,0,34 78 105 106 39,1,15,,601437,1,0,34 78 105 106 39,1,55,,685718,1,0,34 78 105 106 39,1,15,,685725,1,0,34 78 105 106 39,1,15,,685719,1,0,34 78 105 106 39,1,15,,685732,1,0,34 78 105 106 39,1,55,,598840,1,0,34 78 105 106 39,1,15,,685731,1,0,34 78 105 106 39,1,15,,685722,1,0,34 78 105 106 39,1,15,,685743,1,0,34 78 105 106 39,1,55,,557731,1,0,34 78 105 106 39,1,15,,579108,1,0,34 78 105 106 39,1,15,,548707,1,0,34 78 105 106 39,1,15,,582174,1,0,34 78 105 106 39,1,55,,685721,1,0,34 78 105 106 39,1,15,,685733,1,0,34 78 105 106 39,1,15,,685728,1,0,34 78 105 106 39,1,15,,685716,1,0,34 78 105 106 39,1,55,,685744,1,0,34 78 105 106 39,1,15,,685742,1,0,34 78 105 106 39,1,15,,685720,1,0,34 78 105 106 39,1,15,,685737,1,0,34 78 105 106 39,1,55,,685712,1,0,34 78 105 106 39,1,15,,685738,1,0,34 78 105 106 39,1,15,,685741,1,0,34 78 105 106 39,1,15,,685730,1,0,34 78 105 106 39,1,55,,685740,1,0,34 78 105 106 39,1,15,,685729,1,0,34 78 105 106 39,1,15,,685724,1,0,34 78 105 106 39,1,15,,685717,1,0,34 78 105 106 39,1,55,,685735,1,0,34 78 105 106 39,1
90502,'1',651,,685787,14,4,,1,49,,685775,14,4,,1,15,,685761,14,4,,1,15,,531770,14,4,,1,15,,685754,14,4,,1,55,,463363,14,4,,1,15,,685756,14,4,,1,15,,685763,14,4,,1,15,,685766,14,4,,1,55,,524852,14,4,,1,15,,575324,14,4,,1,14,,685751,14,4,,1,10,,685759,14,4,,1,10,,685782,14,4,,1,10,,685757,14,4,,1,50,,685794,14,4,,1,10,,536764,14,4,,1,10,,685758,14,4,,1,10,,685768,14,4,,1,10,,545639,14,4,,1,10,,685803,14,4,,1,50,,403244,14,4,,1,10,,520997,14,4,,1,10,,498977,14,4,,1,10,,579672,14,4,,1,10,,685786,14,4,,1,10,,685791,14,4,,1,50,,685793,14,4,,1,10,,685752,14,4,,1,10,,685779,14,4,,1,10,,685762,14,4,,1,10,,685767,14,4,,1,10,,685765,14,4,,1,50,,685755,14,4,,1,10,,685790,14,4,,1,10,,685769,14,4,,1,10,,596831,14,4,,1,10,,685772,14,4,,1,10,,685764,14,4,,1,50,,542249,14,4,,1,10,,685800,14,4,,1,10,,685788,14,4,,1,10,,685749,14,4,,1,10,,685781,14,4,,1,10,,685798,14,4,,1,56,,685784,14,4,,1,15,,685792,14,4,,1,15,,685797,14,4,,1,55,,685776,14,4,,1,15,,561226,14,4,,1,15,,515688,14,4,,1,15,,685753,14,4,,1,55,,685760,14,4,,1,15,,467929,14,4,,1,15,,574247,14,4,,1,15,,685750,14,4,,1,55,,685774,14,4,,1,15,,685770,14,4,,1,15,,685778,14,4,,1,15,,489660,14,4,,1,55,,685789,14,4,,1,11,,685796,14,4,,1,14,,603382,14,4,,1,15,,685771,14,4,,1,15,,685773,14,4,,1,55,,685777,14,4,,1,15,,685795,14,4,,1,15,,685799,14,4,,1,15,,591711,14,4,,1,55,,685780,14,4,,1,15,,685785,14,4,,1,15,,509297,14,4,,1,15,,685783,14,4,,1,55,,685801,14,4,,1,15,,439202,14,4,,1,15,,534053,14,4,,1,15,,685802,14,4,,1,58,,563380,14,4,,1
90502,'2',739,,685816,14,4,,1,15,,685836,14,4,,1,55,,528913,14,4,,1,15,,685833,14,4,,1,15,,538593,14,4,,1,15,,541874,14,4,,1,55,,685831,14,4,,1,15,,685825,14,4,,1,15,,569027,14,4,,1,15,,685824,14,4,,1,55,,560358,14,4,,1,15,,685839,14,4,,1,15,,685827,14,4,,1,15,,685814,14,4,,1,55,,685804,14,4,,1,17,,685817,14,4,,1,17,,685821,14,4,,1,57,,685829,14,4,,1,17,,685835,14,4,,1,16,,685832,14,4,,1,15,,685838,14,4,,1,55,,685823,14,4,,1,15,,685837,14,4,,1,15,,518970,14,4,,1,15,,581826,14,4,,1,55,,685826,14,4,,1,15,,601585,14,4,,1,15,,685815,14,4,,1,15,,685811,14,4,,1,55,,685810,14,4,,1,15,,685808,14,4,,1,15,,685807,14,4,,1,15,,385481,14,4,,1,55,,685834,14,4,,1,15,,685818,14,4,,1,15,,685809,14,4,,1,15,,685805,14,4,,1,55,,548303,14,4,,1,15,,685840,14,4,,1,15,,685819,14,4,,1,15,,685812,14,4,,1,55,,685806,14,4,,1,16,,685822,14,4,,1,16,,685820,14,4,,1,16,,685813,14,4,,1,56,,560836,14,4,,1,16,,685828,14,4,,1,16,,685830,14,4,,1
90502,'3',804,,685866,14,4,,1,15,,685872,14,4,,1,15,,685868,14,4,,1,15,,685841,14,4,,1,55,,685862,14,4,,1,15,,685871,14,4,,1,15,,685867,14,4,,1,15,,685874,14,4,,1,55,,500460,14,4,,1,15,,685857,14,4,,1,15,,685848,14,4,,1,15,,685875,14,4,,1,55,,558208,14,4,,1,15,,685849,14,4,,1,15,,685873,14,4,,1,15,,685844,14,4,,1,55,,685855,14,4,,1,16,,685854,14,4,,1,16,,685863,14,4,,1,16,,685870,14,4,,1,55,,544153,14,4,,1,15,,685843,14,4,,1,15,,685852,14,4,,1,15,,564657,14,4,,1,55,,685853,14,4,,1,15,,685864,14,4,,1,15,,685856,14,4,,1,15,,538682,14,4,,1,55,,685858,14,4,,1,15,,543842,14,4,,1,15,,685842,14,4,,1,15,,569086,14,4,,1,55,,685846,14,4,,1,15,,551056,14,4,,1,15,,685865,14,4,,1,15,,685860,14,4,,1,55,,685847,14,4,,1,15,,685861,14,4,,1,15,,524010,14,4,,1,15,,685850,14,4,,1,55,,530236,14,4,,1,15,,492849,14,4,,1,15,,685845,14,4,,1,15,,685869,14,4,,1,55,,579373,14,4,,1,15,,685851,14,4,,1,15,,685859,14,4,,1
90502,'5',804,,685902,14,4,,1,15,,685876,14,4,,1,15,,685879,14,4,,1,15,,584471,14,4,,1,55,,685901,14,4,,1,15,,554845,14,4,,1,15,,685893,14,4,,1,15,,685905,14,4,,1,55,,529141,14,4,,1,15,,685894,14,4,,1,15,,685911,14,4,,1,15,,685877,14,4,,1,55,,685907,14,4,,1,15,,685899,14,4,,1,15,,685882,14,4,,1,15,,685910,14,4,,1,55,,523001,14,4,,1,16,,685889,14,4,,1,16,,685885,14,4,,1,16,,685884,14,4,,1,55,,685881,14,4,,1,15,,520494,14,4,,1,15,,602520,14,4,,1,15,,685897,14,4,,1,55,,570581,14,4,,1,15,,685908,14,4,,1,15,,685891,14,4,,1,15,,685903,14,4,,1,55,,685896,14,4,,1,15,,685898,14,4,,1,15,,685890,14,4,,1,15,,685906,14,4,,1,55,,685878,14,4,,1,15,,535313,14,4,,1,15,,685887,14,4,,1,15,,685880,14,4,,1,55,,520492,14,4,,1,15,,524698,14,4,,1,15,,536625,14,4,,1,15,,685900,14,4,,1,55,,685883,14,4,,1,15,,685888,14,4,,1,15,,685895,14,4,,1,15,,685909,14,4,,1,55,,685892,14,4,,1,15,,685886,14,4,,1,15,,685904,14,4,,1
98601,'1',602,,690320,1,0,44,1,6,,517822,1,0,44,1,6,,690325,1,0,44,1,6,,555631,1,0,44,1,6,,690300,1,0,44,1,6,,690308,1,0,44,1,6,,690305,1,0,44,1,6,,690298,1,0,44,1,6,,690332,1,0,44,1,6,,690328,1,0,44,1,46,,690303,1,0,44,1,6,,580582,1,0,44,1,6,,540509,1,0,44,1,6,,690329,1,0,44,1,6,,690316,1,0,44,1,6,,690296,1,0,44,1,6,,690318,1,0,44,1,6,,690304,1,0,44,1,6,,457453,1,0,44,1,6,,690307,1,0,44,1,46,,690306,1,0,44,1,6,,690313,1,0,44,1,6,,690299,1,0,44,1,6,,690321,1,0,44,1,6,,690319,1,0,44,1,6,,539250,1,0,44,1,6,,690302,1,0,44,1,6,,690295,1,0,44,1,6,,690301,1,0,44,1,6,,528613,1,0,44,1,46,,690297,1,0,44,1,630,,690330,1,0,44,1,12,,690323,1,0,44,1,12,,538115,1,0,44,1,52,,690315,1,0,44,1,12,,540955,1,0,44,1,12,,690326,1,0,44,1,12,,690312,1,0,44,1,12,,690310,1,0,44,1,52,,690331,1,0,44,1,12,,690309,1,0,44,1,12,,690294,1,0,44,1,12,,690327,1,0,44,1,12,,690324,1,0,44,1,52,,690311,1,0,44,1,12,,690314,1,0,44,1,12,,690317,1,0,44,1,12,,690322,1,0,44,1,12,,561749,1,0,44,1
98602,'1',638,,546822,20,4,,1,6,,690355,20,4,,1,6,,690339,20,4,,1,6,,690357,20,4,,1,46,,690347,20,4,,1,6,,690333,20,4,,1,6,,690359,20,4,,1,6,,690354,20,4,,1,6,,690358,20,4,,1,6,,690344,20,4,,1,6,,690342,20,4,,1,6,,690348,20,4,,1,6,,690343,20,4,,1,6,,587997,20,4,,1,46,,690334,20,4,,1,6,,560817,20,4,,1,6,,690345,20,4,,1,6,,690353,20,4,,1,6,,690351,20,4,,1,6,,690337,20,4,,1,6,,690338,20,4,,1,6,,603237,20,4,,1,6,,488376,20,4,,1,6,,690341,20,4,,1,684,,540871,20,4,,1,12,,690352,20,4,,1,52,,690360,20,4,,1,12,,590100,20,4,,1,12,,690346,20,4,,1,12,,581098,20,4,,1,12,,690356,20,4,,1,52,,535032,20,4,,1,12,,571403,20,4,,1,12,,690340,20,4,,1,12,,690350,20,4,,1,12,,559301,20,4,,1,52,,690349,20,4,,1,12,,690336,20,4,,1,12,,557160,20,4,,1,12,,690335,20,4,,1,12,,594326,20,4,,1
