1104,'1',626,,461492,35,0,79 15,1,20,,692496,35,0,79 15,1,60,,692482,35,0,79 15,1,26,,692517,35,0,79 15,1,19,,692481,35,0,79 15,1,60,,517620,35,0,79 15,1,20,,644480,35,0,79 15,1,20,,621802,35,0,79 15,1,6,,692519,35,0,79 15,1,65,,654551,35,0,79 15,1,16,,692470,35,0,79 15,1,18,,692469,35,0,79 15,1,62,,620841,35,0,79 15,1,22,,692477,35,0,79 15,1,62,,692513,35,0,79 15,1,22,,692480,35,0,79 15,1,22,,692502,35,0,79 15,1,62,,692444,35,0,79 15,1,22,,608856,35,0,79 15,1,22,,692479,35,0,79 15,1,62,,692499,35,0,79 15,1,22,,692475,35,0,79 15,1,22,,692456,35,0,79 15,1,65,,621911,35,0,79 15,1,21,,650302,35,0,79 15,1,58,,606400,35,0,79 15,1,18,,692484,35,0,79 15,1,6,,418322,35,0,79 15,1,12,,648533,35,0,79 15,1,18,,692461,35,0,79 15,1,58,,692478,35,0,79 15,1,18,,692443,35,0,79 15,1,18,,692524,35,0,79 15,1,58,,692487,35,0,79 15,1,18,,692473,35,0,79 15,1,18,,654867,35,0,79 15,1,58,,692442,35,0,79 15,1,14,,619468,35,0,79 15,1,25,,692492,35,0,79 15,1,68,,672161,35,0,79 15,1,28,,689734,35,0,79 15,1,69,,692503,35,0,79 15,1,28,,692514,35,0,79 15,1,68,,692472,35,0,79 15,1,28,,692466,35,0,79 15,1,21,,607317,35,0,79 15,1,64,,573672,35,0,79 15,1,20,,692452,35,0,79 15,1,20,,692489,35,0,79 15,1,60,,692504,35,0,79 15,1,20,,692505,35,0,79 15,1,20,,692508,35,0,79 15,1,60,,549843,35,0,79 15,1,20,,692467,35,0,79 15,1,20,,692498,35,0,79 15,1,57,,692522,35,0,79 15,1,21,,692459,35,0,79 15,1
1104,'2',656,,692529,35,0,79 15,1,68,,692578,35,0,79 15,1,24,,692526,35,0,79 15,1,64,,692550,35,0,79 15,1,29,,549004,35,0,79 15,1,68,,692536,35,0,79 15,1,28,,692576,35,0,79 15,1,68,,692572,35,0,79 15,1,28,,651625,35,0,79 15,1,68,,692587,35,0,79 15,1,28,,636416,35,0,79 15,1,28,,692584,35,0,79 15,1,63,,692527,35,0,79 15,1,24,,692559,35,0,79 15,1,65,,626304,35,0,79 15,1,25,,692552,35,0,79 15,1,25,,676274,35,0,79 15,1,65,,692570,35,0,79 15,1,25,,692543,35,0,79 15,1,65,,692582,35,0,79 15,1,25,,692539,35,0,79 15,1,65,,692540,35,0,79 15,1,25,,692556,35,0,79 15,1,25,,692585,35,0,79 15,1,65,,692567,35,0,79 15,1,25,,692538,35,0,79 15,1,65,,571645,35,0,79 15,1,25,,692553,35,0,79 15,1,25,,692537,35,0,79 15,1,65,,692545,35,0,79 15,1,25,,692583,35,0,79 15,1,67,,692542,35,0,79 15,1,25,,561817,35,0,79 15,1,65,,532638,35,0,79 15,1,25,,692551,35,0,79 15,1,25,,692591,35,0,79 15,1,62,,692586,35,0,79 15,1,22,,692554,35,0,79 15,1,62,,692562,35,0,79 15,1,25,,692589,35,0,79 15,1,25,,692579,35,0,79 15,1,65,,692530,35,0,79 15,1,25,,692547,35,0,79 15,1,66,,610582,35,0,79 15,1
1104,'3',725,,692619,35,0,79 15,1,30,,692656,35,0,79 15,1,65,,549064,35,0,79 15,1,25,,637743,35,0,79 15,1,65,,692629,35,0,79 15,1,25,,692643,35,0,79 15,1,65,,692603,35,0,79 15,1,25,,692616,35,0,79 15,1,25,,692620,35,0,79 15,1,65,,692606,35,0,79 15,1,25,,692612,35,0,79 15,1,69,,692602,35,0,79 15,1,31,,692595,35,0,79 15,1,70,,692627,35,0,79 15,1,30,,692597,35,0,79 15,1,70,,692633,35,0,79 15,1,30,,692630,35,0,79 15,1,70,,692650,35,0,79 15,1,30,,692639,35,0,79 15,1,70,,692607,35,0,79 15,1,30,,657764,35,0,79 15,1,70,,692613,35,0,79 15,1,30,,692621,35,0,79 15,1,70,,692653,35,0,79 15,1,28,,692655,35,0,79 15,1,67,,692601,35,0,79 15,1,22,,692641,35,0,79 15,1,25,,692624,35,0,79 15,1,65,,692598,35,0,79 15,1,25,,682276,35,0,79 15,1,65,,692605,35,0,79 15,1,25,,664126,35,0,79 15,1,25,,692600,35,0,79 15,1,64,,619865,35,0,79 15,1,26,,692640,35,0,79 15,1,65,,692604,35,0,79 15,1,25,,692647,35,0,79 15,1,65,,692628,35,0,79 15,1,25,,692609,35,0,79 15,1,25,,692649,35,0,79 15,1,60,,692626,35,0,79 15,1,20,,662115,35,0,79 15,1
1104,'5',725,,692662,35,0,79 15,1,30,,578864,35,0,79 15,1,65,,692661,35,0,79 15,1,25,,686653,35,0,79 15,1,65,,692672,35,0,79 15,1,25,,692706,35,0,79 15,1,65,,692710,35,0,79 15,1,25,,692697,35,0,79 15,1,25,,671373,35,0,79 15,1,65,,692700,35,0,79 15,1,25,,652252,35,0,79 15,1,69,,692714,35,0,79 15,1,31,,692657,35,0,79 15,1,70,,692663,35,0,79 15,1,30,,692688,35,0,79 15,1,70,,653590,35,0,79 15,1,30,,692686,35,0,79 15,1,70,,692679,35,0,79 15,1,30,,692675,35,0,79 15,1,70,,692699,35,0,79 15,1,30,,633639,35,0,79 15,1,70,,692704,35,0,79 15,1,30,,692666,35,0,79 15,1,70,,692707,35,0,79 15,1,28,,692715,35,0,79 15,1,67,,692682,35,0,79 15,1,22,,692680,35,0,79 15,1,25,,692711,35,0,79 15,1,65,,692713,35,0,79 15,1,25,,659941,35,0,79 15,1,65,,692665,35,0,79 15,1,25,,662830,35,0,79 15,1,25,,692683,35,0,79 15,1,64,,692676,35,0,79 15,1,26,,692684,35,0,79 15,1,65,,692698,35,0,79 15,1,25,,692670,35,0,79 15,1,65,,605285,35,0,79 15,1,25,,681775,35,0,79 15,1,25,,692692,35,0,79 15,1,60,,635303,35,0,79 15,1,20,,662841,35,0,79 15,1
12401,'1',549,,756781,11,0,24 25,1,55,,756840,11,0,24 25,1,16,,756835,11,0,24 25,1,11,,756783,11,0,24 25,1,11,,756828,11,0,24 25,1,11,,515425,11,0,24 25,1,48,,756801,11,0,24 25,1,10,,756793,11,0,24 25,1,9,,624402,11,0,24 25,1,9,,756779,11,0,24 25,1,9,,601167,11,0,24 25,1,9,,756794,11,0,24 25,1,9,,756847,11,0,24 25,1,49,,756787,11,0,24 25,1,9,,756790,11,0,24 25,1,9,,756819,11,0,24 25,1,9,,756797,11,0,24 25,1,9,,756832,11,0,24 25,1,9,,756830,11,0,24 25,1,9,,756792,11,0,24 25,1,49,,756839,11,0,24 25,1,9,,756818,11,0,24 25,1,15,,756829,11,0,24 25,1,16,,575650,11,0,24 25,1,56,,756824,11,0,24 25,1,18,,756814,11,0,24 25,1,18,,756833,11,0,24 25,1,18,,756806,11,0,24 25,1,58,,559310,11,0,24 25,1,18,,756815,11,0,24 25,1,18,,689945,11,0,24 25,1,58,,756838,11,0,24 25,1,18,,756812,11,0,24 25,1,18,,756817,11,0,24 25,1,58,,613560,11,0,24 25,1,18,,756789,11,0,24 25,1,18,,756804,11,0,24 25,1,18,,756841,11,0,24 25,1,58,,756811,11,0,24 25,1,18,,756810,11,0,24 25,1,18,,649373,11,0,24 25,1,58,,756823,11,0,24 25,1,18,,756788,11,0,24 25,1,12,,756848,11,0,24 25,1,10,,756796,11,0,24 25,1,9,,756834,11,0,24 25,1,49,,756778,11,0,24 25,1,9,,756813,11,0,24 25,1,9,,652338,11,0,24 25,1,9,,756784,11,0,24 25,1,9,,658015,11,0,24 25,1,9,,756836,11,0,24 25,1,49,,756837,11,0,24 25,1,9,,756809,11,0,24 25,1,9,,756816,11,0,24 25,1,9,,756844,11,0,24 25,1,9,,756842,11,0,24 25,1,9,,657471,11,0,24 25,1,9,,756786,11,0,24 25,1,49,,756827,11,0,24 25,1,9,,756782,11,0,24 25,1,9,,600335,11,0,24 25,1,9,,756795,11,0,24 25,1,9,,623872,11,0,24 25,1,8,,756780,11,0,24 25,1,9,,756805,11,0,24 25,1,49,,668623,11,0,24 25,1,14,,519113,11,0,24 25,1,15,,756799,11,0,24 25,1,15,,756820,11,0,24 25,1,55,,756821,11,0,24 25,1,15,,756822,11,0,24 25,1,15,,756843,11,0,24 25,1,15,,756800,11,0,24 25,1,55,,756825,11,0,24 25,1,15,,756803,11,0,24 25,1,15,,756791,11,0,24 25,1,15,,756808,11,0,24 25,1,55,,756845,11,0,24 25,1,15,,756785,11,0,24 25,1,30,,756798,11,0,24 25,1,70,,756831,11,0,24 25,1,30,,668059,11,0,24 25,1,70,,608651,11,0,24 25,1,30,,756846,11,0,24 25,1,70,,756826,11,0,24 25,1,33,,756807,11,0,24 25,1,70,,756802,11,0,24 25,1
12401,'2',601,,630713,11,0,24 25,1,15,,622681,11,0,24 25,1,15,,636606,11,0,24 25,1,15,,756860,11,0,24 25,1,55,,756892,11,0,24 25,1,15,,756856,11,0,24 25,1,15,,756876,11,0,24 25,1,15,,634739,11,0,24 25,1,55,,756877,11,0,24 25,1,15,,756869,11,0,24 25,1,15,,756864,11,0,24 25,1,15,,756872,11,0,24 25,1,55,,756851,11,0,24 25,1,15,,649959,11,0,24 25,1,15,,756849,11,0,24 25,1,15,,756875,11,0,24 25,1,55,,756882,11,0,24 25,1,15,,756862,11,0,24 25,1,15,,756888,11,0,24 25,1,15,,756855,11,0,24 25,1,55,,756885,11,0,24 25,1,15,,756896,11,0,24 25,1,15,,756893,11,0,24 25,1,15,,756858,11,0,24 25,1,55,,756874,11,0,24 25,1,16,,756871,11,0,24 25,1,15,,756854,11,0,24 25,1,15,,611264,11,0,24 25,1,55,,680239,11,0,24 25,1,15,,680588,11,0,24 25,1,15,,756900,11,0,24 25,1,15,,756891,11,0,24 25,1,55,,756899,11,0,24 25,1,15,,756897,11,0,24 25,1,15,,756850,11,0,24 25,1,15,,756879,11,0,24 25,1,55,,756859,11,0,24 25,1,15,,756873,11,0,24 25,1,15,,756857,11,0,24 25,1,15,,756887,11,0,24 25,1,55,,756898,11,0,24 25,1,15,,660294,11,0,24 25,1,15,,756881,11,0,24 25,1,15,,756895,11,0,24 25,1,55,,756870,11,0,24 25,1,15,,680394,11,0,24 25,1,15,,756866,11,0,24 25,1,15,,756863,11,0,24 25,1,55,,756886,11,0,24 25,1,15,,756894,11,0,24 25,1,15,,680676,11,0,24 25,1,15,,639646,11,0,24 25,1,55,,756861,11,0,24 25,1,20,,619080,11,0,24 25,1,30,,654388,11,0,24 25,1,70,,756853,11,0,24 25,1,30,,756878,11,0,24 25,1,70,,756865,11,0,24 25,1,30,,756883,11,0,24 25,1,68,,756890,11,0,24 25,1,30,,656888,11,0,24 25,1,70,,756852,11,0,24 25,1,30,,756884,11,0,24 25,1,70,,756889,11,0,24 25,1,30,,756868,11,0,24 25,1,70,,756867,11,0,24 25,1,34,,756901,11,0,24 25,1,70,,756880,11,0,24 25,1
12401,'3',601,,618077,11,0,24 25,1,15,,554214,11,0,24 25,1,15,,756927,11,0,24 25,1,15,,685261,11,0,24 25,1,55,,756916,11,0,24 25,1,15,,756946,11,0,24 25,1,15,,756905,11,0,24 25,1,15,,756955,11,0,24 25,1,55,,657325,11,0,24 25,1,15,,756921,11,0,24 25,1,15,,756930,11,0,24 25,1,15,,756923,11,0,24 25,1,55,,756920,11,0,24 25,1,15,,756919,11,0,24 25,1,15,,756948,11,0,24 25,1,15,,756951,11,0,24 25,1,55,,756934,11,0,24 25,1,15,,756954,11,0,24 25,1,15,,756907,11,0,24 25,1,15,,756942,11,0,24 25,1,55,,689844,11,0,24 25,1,15,,756918,11,0,24 25,1,15,,756932,11,0,24 25,1,15,,756911,11,0,24 25,1,55,,756944,11,0,24 25,1,16,,756931,11,0,24 25,1,15,,756935,11,0,24 25,1,15,,756945,11,0,24 25,1,55,,756953,11,0,24 25,1,15,,756904,11,0,24 25,1,15,,595339,11,0,24 25,1,15,,756903,11,0,24 25,1,55,,756915,11,0,24 25,1,15,,756939,11,0,24 25,1,15,,756924,11,0,24 25,1,15,,756917,11,0,24 25,1,55,,756952,11,0,24 25,1,15,,756908,11,0,24 25,1,15,,756936,11,0,24 25,1,15,,756909,11,0,24 25,1,55,,756949,11,0,24 25,1,15,,756910,11,0,24 25,1,15,,756947,11,0,24 25,1,15,,756941,11,0,24 25,1,55,,756913,11,0,24 25,1,15,,756912,11,0,24 25,1,15,,756925,11,0,24 25,1,15,,662475,11,0,24 25,1,55,,756940,11,0,24 25,1,15,,756943,11,0,24 25,1,15,,756914,11,0,24 25,1,15,,629992,11,0,24 25,1,55,,756906,11,0,24 25,1,19,,756938,11,0,24 25,1,30,,756937,11,0,24 25,1,70,,756926,11,0,24 25,1,30,,649637,11,0,24 25,1,70,,756950,11,0,24 25,1,30,,756929,11,0,24 25,1,69,,756902,11,0,24 25,1,30,,756933,11,0,24 25,1,70,,624228,11,0,24 25,1,30,,756922,11,0,24 25,1,70,,756928,11,0,24 25,1,30,,756956,11,0,24 25,1,70,,522626,11,0,24 25,1,34,,687752,11,0,24 25,1,70,,684746,11,0,24 25,1
12401,'5',601,,647846,11,0,24 25,1,15,,658751,11,0,24 25,1,15,,756961,11,0,24 25,1,15,,756994,11,0,24 25,1,55,,757002,11,0,24 25,1,15,,756983,11,0,24 25,1,15,,756969,11,0,24 25,1,15,,620454,11,0,24 25,1,55,,756975,11,0,24 25,1,15,,756984,11,0,24 25,1,15,,756996,11,0,24 25,1,15,,619396,11,0,24 25,1,55,,756978,11,0,24 25,1,15,,756974,11,0,24 25,1,15,,587153,11,0,24 25,1,15,,757010,11,0,24 25,1,55,,658750,11,0,24 25,1,15,,756987,11,0,24 25,1,15,,756966,11,0,24 25,1,15,,756973,11,0,24 25,1,55,,756959,11,0,24 25,1,15,,756979,11,0,24 25,1,15,,756993,11,0,24 25,1,15,,756967,11,0,24 25,1,55,,756968,11,0,24 25,1,16,,757003,11,0,24 25,1,15,,756972,11,0,24 25,1,15,,757004,11,0,24 25,1,55,,756995,11,0,24 25,1,15,,756990,11,0,24 25,1,15,,757006,11,0,24 25,1,15,,757012,11,0,24 25,1,55,,756964,11,0,24 25,1,15,,757001,11,0,24 25,1,15,,756980,11,0,24 25,1,15,,757007,11,0,24 25,1,55,,756985,11,0,24 25,1,15,,756998,11,0,24 25,1,15,,756988,11,0,24 25,1,15,,756992,11,0,24 25,1,55,,756989,11,0,24 25,1,15,,757008,11,0,24 25,1,15,,624864,11,0,24 25,1,15,,756976,11,0,24 25,1,55,,677454,11,0,24 25,1,15,,756960,11,0,24 25,1,15,,756982,11,0,24 25,1,15,,757013,11,0,24 25,1,55,,756971,11,0,24 25,1,15,,756970,11,0,24 25,1,15,,756965,11,0,24 25,1,15,,757005,11,0,24 25,1,55,,756963,11,0,24 25,1,19,,757011,11,0,24 25,1,30,,756962,11,0,24 25,1,70,,756957,11,0,24 25,1,30,,756981,11,0,24 25,1,70,,756977,11,0,24 25,1,30,,756999,11,0,24 25,1,69,,756986,11,0,24 25,1,30,,756958,11,0,24 25,1,70,,650953,11,0,24 25,1,30,,757009,11,0,24 25,1,70,,608259,11,0,24 25,1,30,,757014,11,0,24 25,1,70,,757000,11,0,24 25,1,34,,756991,11,0,24 25,1,70,,756997,11,0,24 25,1
35201,'1',545,,770634,69,0,11 12 24 25,1,2097,,770638,69,0,11 12 24 25,1,70,,770635,69,0,11 12 24 25,1,30,,678823,69,0,11 12 24 25,1,70,,770633,69,0,11 12 24 25,1,30,,770636,69,0,11 12 24 25,1,70,,770642,69,0,11 12 24 25,1
35201,'2',544,,770646,69,0,11 12 24 25,1,2098,,770652,69,0,11 12 24 25,1,70,,770650,69,0,11 12 24 25,1,30,,770649,69,0,11 12 24 25,1,70,,770655,69,0,11 12 24 25,1,30,,770653,69,0,11 12 24 25,1,70,,770648,69,0,11 12 24 25,1
35201,'3',544,,662994,69,0,11 12 24 25,1,2098,,770664,69,0,11 12 24 25,1,70,,770657,69,0,11 12 24 25,1,30,,609458,69,0,11 12 24 25,1,70,,770656,69,0,11 12 24 25,1,30,,770665,69,0,11 12 24 25,1,70,,668830,69,0,11 12 24 25,1
35201,'5',544,,770668,69,0,11 12 24 25,1,2098,,770672,69,0,11 12 24 25,1,70,,619314,69,0,11 12 24 25,1,30,,770675,69,0,11 12 24 25,1,70,,770673,69,0,11 12 24 25,1,30,,770670,69,0,11 12 24 25,1,70,,559108,69,0,11 12 24 25,1
