3902,'1',452,,708451,7,0,16 15,1,60,,708507,7,0,16 15,1,17,,708501,7,0,16 15,1,20,,638384,7,0,16 15,1,58,,690323,7,0,16 15,1,18,,708537,7,0,16 15,1,18,,708453,7,0,16 15,1,15,,655716,7,0,16 15,1,57,,708458,7,0,16 15,1,18,,667180,7,0,16 15,1,18,,708487,7,0,16 15,1,58,,708521,7,0,16 15,1,18,,708550,7,0,16 15,1,18,,708499,7,0,16 15,1,58,,708438,7,0,16 15,1,18,,708498,7,0,16 15,1,18,,708549,7,0,16 15,1,18,,708524,7,0,16 15,1,58,,708489,7,0,16 15,1,18,,659581,7,0,16 15,1,18,,708546,7,0,16 15,1,58,,708518,7,0,16 15,1,18,,639546,7,0,16 15,1,18,,708457,7,0,16 15,1,58,,642119,7,0,16 15,1,18,,708480,7,0,16 15,1,18,,708439,7,0,16 15,1,18,,708484,7,0,16 15,1,58,,708543,7,0,16 15,1,18,,708540,7,0,16 15,1,18,,647950,7,0,16 15,1,59,,708509,7,0,16 15,1,18,,708526,7,0,16 15,1,18,,671402,7,0,16 15,1,58,,708474,7,0,16 15,1,18,,708460,7,0,16 15,1,18,,708432,7,0,16 15,1,18,,708459,7,0,16 15,1,58,,708464,7,0,16 15,1,18,,708468,7,0,16 15,1,18,,708470,7,0,16 15,1,58,,708481,7,0,16 15,1,18,,678674,7,0,16 15,1,18,,708500,7,0,16 15,1,58,,708517,7,0,16 15,1,19,,708488,7,0,16 15,1,20,,708545,7,0,16 15,1,58,,708531,7,0,16 15,1,18,,708519,7,0,16 15,1,18,,675315,7,0,16 15,1,18,,642911,7,0,16 15,1,58,,690283,7,0,16 15,1,16,,708529,7,0,16 15,1,16,,685374,7,0,16 15,1,56,,708466,7,0,16 15,1,18,,708536,7,0,16 15,1,18,,708465,7,0,16 15,1,18,,653253,7,0,16 15,1,59,,708496,7,0,16 15,1,20,,708472,7,0,16 15,1,18,,708456,7,0,16 15,1,58,,708435,7,0,16 15,1,18,,708467,7,0,16 15,1,18,,599840,7,0,16 15,1,58,,708513,7,0,16 15,1,18,,624389,7,0,16 15,1,18,,487343,7,0,16 15,1,18,,689960,7,0,16 15,1,65,,649871,7,0,16 15,1,30,,708469,7,0,16 15,1
3902,'2',502,,708633,7,0,16 15,1,27,,708610,7,0,16 15,1,19,,708569,7,0,16 15,1,55,,708604,7,0,16 15,1,15,,648096,7,0,16 15,1,15,,708666,7,0,16 15,1,15,,708683,7,0,16 15,1,54,,708626,7,0,16 15,1,11,,708624,7,0,16 15,1,15,,624026,7,0,16 15,1,19,,708668,7,0,16 15,1,59,,708566,7,0,16 15,1,19,,708605,7,0,16 15,1,19,,708627,7,0,16 15,1,59,,657878,7,0,16 15,1,19,,708639,7,0,16 15,1,19,,708657,7,0,16 15,1,18,,708634,7,0,16 15,1,57,,708663,7,0,16 15,1,16,,708587,7,0,16 15,1,16,,708684,7,0,16 15,1,57,,708651,7,0,16 15,1,17,,708588,7,0,16 15,1,17,,556225,7,0,16 15,1,17,,708613,7,0,16 15,1,57,,708655,7,0,16 15,1,17,,708630,7,0,16 15,1,17,,631972,7,0,16 15,1,57,,642244,7,0,16 15,1,17,,708643,7,0,16 15,1,17,,708632,7,0,16 15,1,17,,708644,7,0,16 15,1,57,,708636,7,0,16 15,1,17,,708641,7,0,16 15,1,17,,708598,7,0,16 15,1,57,,708607,7,0,16 15,1,15,,667808,7,0,16 15,1,15,,708579,7,0,16 15,1,15,,708662,7,0,16 15,1,56,,642646,7,0,16 15,1,17,,708654,7,0,16 15,1,17,,708570,7,0,16 15,1,17,,708589,7,0,16 15,1,57,,708631,7,0,16 15,1,17,,708606,7,0,16 15,1,17,,708646,7,0,16 15,1,57,,708640,7,0,16 15,1,17,,708592,7,0,16 15,1,17,,585381,7,0,16 15,1,17,,708612,7,0,16 15,1,57,,708595,7,0,16 15,1,19,,708582,7,0,16 15,1,20,,708664,7,0,16 15,1,61,,708617,7,0,16 15,1,20,,708650,7,0,16 15,1,20,,708580,7,0,16 15,1,60,,708600,7,0,16 15,1,20,,708652,7,0,16 15,1,8,,708642,7,0,16 15,1,12,,624028,7,0,16 15,1,60,,622402,7,0,16 15,1,19,,708564,7,0,16 15,1,15,,708659,7,0,16 15,1,55,,708658,7,0,16 15,1,14,,708581,7,0,16 15,1,15,,708578,7,0,16 15,1,15,,611275,7,0,16 15,1,15,,463480,7,0,16 15,1,55,,708572,7,0,16 15,1,15,,708675,7,0,16 15,1,15,,708573,7,0,16 15,1,9,,708574,7,0,16 15,1,70,,471245,7,0,16 15,1,30,,708673,7,0,16 15,1
3902,'3',502,,684756,7,0,19 6,1,25,,708712,7,0,19 6,1,22,,708709,7,0,19 6,1,60,,708695,7,0,19 6,1,20,,708773,7,0,19 6,1,20,,678421,7,0,19 6,1,60,,708765,7,0,16 15,1,16,,708716,7,0,16 15,1,16,,708726,7,0,16 15,1,15,,708804,7,0,16 15,1,55,,708713,7,0,16 15,1,16,,681360,7,0,16 15,1,16,,708784,7,0,16 15,1,16,,708789,7,0,16 15,1,56,,708774,7,0,16 15,1,16,,708710,7,0,16 15,1,16,,636735,7,0,16 15,1,56,,666055,7,0,16 15,1,16,,708715,7,0,16 15,1,16,,708703,7,0,16 15,1,16,,708739,7,0,16 15,1,56,,708746,7,0,16 15,1,16,,708775,7,0,16 15,1,16,,708803,7,0,16 15,1,16,,708717,7,0,16 15,1,57,,708796,7,0,16 15,1,16,,708687,7,0,16 15,1,16,,708728,7,0,16 15,1,56,,582291,7,0,16 15,1,16,,708767,7,0,16 15,1,16,,708754,7,0,16 15,1,16,,708734,7,0,16 15,1,56,,380767,7,0,16 15,1,16,,708702,7,0,16 15,1,16,,687436,7,0,16 15,1,16,,708699,7,0,16 15,1,56,,660868,7,0,16 15,1,16,,708799,7,0,16 15,1,16,,708776,7,0,16 15,1,16,,708744,7,0,16 15,1,56,,708786,7,0,16 15,1,16,,708686,7,0,16 15,1,16,,708694,7,0,16 15,1,56,,654426,7,0,16 15,1,16,,581295,7,0,16 15,1,16,,708731,7,0,16 15,1,16,,708794,7,0,16 15,1,56,,708737,7,0,16 15,1,18,,708757,7,0,16 15,1,20,,708727,7,0,16 15,1,58,,708701,7,0,16 15,1,17,,708689,7,0,16 15,1,17,,708780,7,0,16 15,1,17,,708685,7,0,16 15,1,57,,658737,7,0,16 15,1,17,,708698,7,0,16 15,1,17,,708741,7,0,16 15,1,17,,708688,7,0,16 15,1,57,,575767,7,0,16 15,1,17,,629942,7,0,16 15,1,14,,590457,7,0,16 15,1,57,,708805,7,0,16 15,1,17,,708730,7,0,16 15,1,17,,708760,7,0,16 15,1,17,,708778,7,0,16 15,1,57,,708788,7,0,16 15,1,17,,708692,7,0,16 15,1,17,,708696,7,0,16 15,1,57,,708721,7,0,16 15,1,17,,665587,7,0,16 15,1,17,,708725,7,0,16 15,1,17,,708797,7,0,16 15,1,70,,708753,7,0,16 15,1,29,,708706,7,0,16 15,1
3902,'5',502,,708884,7,0,16 15,1,25,,708919,7,0,16 15,1,22,,622182,7,0,16 15,1,60,,686242,7,0,16 15,1,20,,664731,7,0,16 15,1,20,,708862,7,0,16 15,1,60,,708806,7,0,16 15,1,16,,708855,7,0,16 15,1,16,,708877,7,0,16 15,1,15,,708872,7,0,16 15,1,55,,708815,7,0,16 15,1,16,,617026,7,0,16 15,1,16,,708807,7,0,16 15,1,16,,665508,7,0,16 15,1,56,,661577,7,0,16 15,1,16,,708908,7,0,16 15,1,16,,543096,7,0,16 15,1,56,,708834,7,0,16 15,1,16,,708839,7,0,16 15,1,16,,708875,7,0,16 15,1,16,,708858,7,0,16 15,1,56,,708913,7,0,16 15,1,16,,708831,7,0,16 15,1,16,,708848,7,0,16 15,1,16,,708889,7,0,16 15,1,57,,708866,7,0,16 15,1,16,,708886,7,0,16 15,1,16,,708894,7,0,16 15,1,56,,708871,7,0,16 15,1,16,,676009,7,0,16 15,1,16,,708926,7,0,16 15,1,16,,708811,7,0,16 15,1,56,,708885,7,0,16 15,1,16,,708861,7,0,16 15,1,16,,708814,7,0,16 15,1,16,,708899,7,0,16 15,1,56,,708845,7,0,16 15,1,16,,708822,7,0,16 15,1,16,,708812,7,0,16 15,1,16,,708860,7,0,16 15,1,56,,613853,7,0,16 15,1,16,,708911,7,0,16 15,1,16,,708927,7,0,16 15,1,56,,708910,7,0,16 15,1,16,,708901,7,0,16 15,1,16,,667857,7,0,16 15,1,16,,708916,7,0,16 15,1,56,,708900,7,0,16 15,1,18,,649793,7,0,16 15,1,20,,522145,7,0,16 15,1,58,,708869,7,0,16 15,1,17,,708907,7,0,16 15,1,17,,708912,7,0,16 15,1,17,,708915,7,0,16 15,1,57,,708840,7,0,16 15,1,17,,708852,7,0,16 15,1,17,,708854,7,0,16 15,1,17,,708827,7,0,16 15,1,57,,708850,7,0,16 15,1,17,,708819,7,0,16 15,1,14,,708853,7,0,16 15,1,57,,708846,7,0,16 15,1,17,,708816,7,0,16 15,1,17,,708813,7,0,16 15,1,17,,708823,7,0,16 15,1,57,,708883,7,0,16 15,1,17,,708931,7,0,16 15,1,17,,708902,7,0,16 15,1,57,,708876,7,0,16 15,1,17,,708905,7,0,16 15,1,17,,708829,7,0,16 15,1,17,,708932,7,0,16 15,1,70,,642451,7,0,16 15,1,29,,708865,7,0,16 15,1
13304,'1',500,,760498,2,0,55 8,1,14,,760438,2,0,55 8,1,11,,760493,2,0,55 8,1,12,,760456,2,0,55 8,1,14,,760481,2,0,55 8,1,50,,604374,2,0,55 8,1,12,,760446,2,0,55 8,1,12,,760436,2,0,55 8,1,12,,610129,2,0,55 8,1,12,,611557,2,0,55 8,1,52,,760479,2,0,55 8,1,12,,760455,2,0,55 8,1,12,,760470,2,0,55 8,1,12,,760461,2,0,55 8,1,12,,760465,2,0,55 8,1,52,,760449,2,0,55 8,1,12,,760467,2,0,55 8,1,12,,760442,2,0,55 8,1,12,,394708,2,0,55 8,1,12,,760459,2,0,55 8,1,52,,760469,2,0,55 8,1,12,,760433,2,0,55 8,1,12,,760484,2,0,55 8,1,12,,760441,2,0,55 8,1,12,,760458,2,0,55 8,1,52,,528687,2,0,55 8,1,12,,760443,2,0,55 8,1,12,,760483,2,0,55 8,1,12,,760447,2,0,55 8,1,12,,760490,2,0,55 8,1,52,,760499,2,0,55 8,1,12,,760477,2,0,55 8,1,12,,760444,2,0,55 8,1,12,,760452,2,0,55 8,1,12,,550986,2,0,55 8,1,52,,760489,2,0,55 8,1,12,,760494,2,0,55 8,1,12,,760453,2,0,55 8,1,12,,760485,2,0,55 8,1,12,,760460,2,0,55 8,1,52,,760471,2,0,55 8,1,12,,760502,2,0,55 8,1,12,,760440,2,0,55 8,1,11,,647472,2,0,55 8,1,12,,760451,2,0,55 8,1,10,,613961,2,0,55 8,1,50,,760466,2,0,55 8,1,10,,681849,2,0,55 8,1,10,,685097,2,0,55 8,1,10,,760439,2,0,55 8,1,10,,664236,2,0,55 8,1,10,,651518,2,0,55 8,1,50,,646138,2,0,55 8,1,10,,640081,2,0,55 8,1,10,,609728,2,0,55 8,1,10,,760432,2,0,55 8,1,10,,760430,2,0,55 8,1,10,,760495,2,0,55 8,1,50,,760480,2,0,55 8,1,10,,760492,2,0,55 8,1,10,,760434,2,0,55 8,1,10,,673005,2,0,55 8,1,10,,630515,2,0,55 8,1,10,,663200,2,0,55 8,1,50,,760472,2,0,55 8,1,10,,760445,2,0,55 8,1,10,,760488,2,0,55 8,1,10,,760487,2,0,55 8,1,10,,760500,2,0,55 8,1,10,,760462,2,0,55 8,1,50,,760475,2,0,55 8,1,10,,760501,2,0,55 8,1,10,,760497,2,0,55 8,1,10,,665005,2,0,55 8,1,10,,760503,2,0,55 8,1,10,,760468,2,0,55 8,1,52,,593342,2,0,55 8,1,12,,657723,2,0,55 8,1,12,,760454,2,0,55 8,1,12,,760457,2,0,55 8,1,12,,760450,2,0,55 8,1,52,,760464,2,0,55 8,1,12,,760486,2,0,55 8,1,12,,619436,2,0,55 8,1,12,,760448,2,0,55 8,1,12,,760474,2,0,55 8,1,52,,760491,2,0,55 8,1,12,,620140,2,0,55 8,1,12,,760435,2,0,55 8,1,12,,760496,2,0,55 8,1,60,,760478,2,0,55 8,1,25,,760437,2,0,55 8,1,25,,760476,2,0,55 8,1,65,,644254,2,0,55 8,1,25,,760473,2,0,55 8,1,65,,760431,2,0,55 8,1,25,,760463,2,0,55 8,1,65,,532234,2,0,55 8,1,30,,760482,2,0,55 8,1
13304,'2',500,,760567,2,0,55 8,1,24,,760519,2,0,55 8,1,18,,760542,2,0,55 8,1,58,,760543,2,0,55 8,1,18,,681457,2,0,55 8,1,18,,760525,2,0,55 8,1,18,,760516,2,0,55 8,1,58,,760505,2,0,55 8,1,18,,622693,2,0,55 8,1,15,,760529,2,0,55 8,1,57,,760528,2,0,55 8,1,15,,760533,2,0,55 8,1,15,,760515,2,0,55 8,1,15,,760539,2,0,55 8,1,55,,760524,2,0,55 8,1,15,,760536,2,0,55 8,1,15,,760561,2,0,55 8,1,15,,760527,2,0,55 8,1,55,,760523,2,0,55 8,1,15,,617884,2,0,55 8,1,15,,760526,2,0,55 8,1,14,,760553,2,0,55 8,1,54,,760534,2,0,55 8,1,13,,581500,2,0,55 8,1,12,,760560,2,0,55 8,1,12,,567026,2,0,55 8,1,12,,760511,2,0,55 8,1,52,,760549,2,0,55 8,1,12,,662381,2,0,55 8,1,12,,630873,2,0,55 8,1,12,,760517,2,0,55 8,1,12,,760535,2,0,55 8,1,52,,683483,2,0,55 8,1,12,,760537,2,0,55 8,1,12,,760557,2,0,55 8,1,12,,760507,2,0,55 8,1,12,,760541,2,0,55 8,1,52,,610205,2,0,55 8,1,12,,760504,2,0,55 8,1,12,,760514,2,0,55 8,1,12,,615338,2,0,55 8,1,12,,584186,2,0,55 8,1,52,,760565,2,0,55 8,1,12,,760547,2,0,55 8,1,12,,760518,2,0,55 8,1,12,,760555,2,0,55 8,1,12,,760552,2,0,55 8,1,52,,760551,2,0,55 8,1,12,,760513,2,0,55 8,1,12,,760563,2,0,55 8,1,12,,760562,2,0,55 8,1,12,,760566,2,0,55 8,1,52,,683973,2,0,55 8,1,12,,760530,2,0,55 8,1,12,,760550,2,0,55 8,1,12,,760556,2,0,55 8,1,12,,760512,2,0,55 8,1,55,,655906,2,0,55 8,1,15,,760538,2,0,55 8,1,15,,760546,2,0,55 8,1,12,,760558,2,0,55 8,1,12,,652055,2,0,55 8,1,52,,760510,2,0,55 8,1,12,,665302,2,0,55 8,1,12,,760544,2,0,55 8,1,12,,760545,2,0,55 8,1,12,,760508,2,0,55 8,1,52,,760521,2,0,55 8,1,12,,760520,2,0,55 8,1,12,,760509,2,0,55 8,1,12,,760548,2,0,55 8,1,12,,679187,2,0,55 8,1,52,,760564,2,0,55 8,1,12,,760554,2,0,55 8,1,12,,760559,2,0,55 8,1,12,,760522,2,0,55 8,1,60,,760506,2,0,55 8,1,25,,670096,2,0,55 8,1,25,,760540,2,0,55 8,1,65,,619082,2,0,55 8,1,25,,684071,2,0,55 8,1,65,,760531,2,0,55 8,1,25,,760532,2,0,55 8,1,65,,616856,2,0,55 8,1,30,,525612,2,0,55 8,1
13304,'3',646,,681243,2,0,55 8,1,55,,760585,2,0,55 8,1,15,,760594,2,0,55 8,1,15,,760590,2,0,55 8,1,16,,760568,2,0,55 8,1,55,,760609,2,0,55 8,1,15,,760595,2,0,55 8,1,15,,760631,2,0,55 8,1,15,,760637,2,0,55 8,1,55,,760610,2,0,55 8,1,15,,760604,2,0,55 8,1,15,,760602,2,0,55 8,1,15,,760583,2,0,55 8,1,55,,672916,2,0,55 8,1,15,,760597,2,0,55 8,1,15,,559513,2,0,55 8,1,15,,760612,2,0,55 8,1,54,,760599,2,0,55 8,1,12,,760622,2,0,55 8,1,12,,760589,2,0,55 8,1,12,,760575,2,0,55 8,1,12,,760580,2,0,55 8,1,52,,760619,2,0,55 8,1,12,,760621,2,0,55 8,1,12,,760607,2,0,55 8,1,12,,760572,2,0,55 8,1,12,,760620,2,0,55 8,1,52,,623336,2,0,55 8,1,12,,760618,2,0,55 8,1,12,,760606,2,0,55 8,1,12,,760623,2,0,55 8,1,12,,760574,2,0,55 8,1,52,,760626,2,0,55 8,1,12,,760571,2,0,55 8,1,12,,760629,2,0,55 8,1,12,,760630,2,0,55 8,1,12,,760617,2,0,55 8,1,52,,760591,2,0,55 8,1,12,,760636,2,0,55 8,1,12,,760573,2,0,55 8,1,12,,760596,2,0,55 8,1,12,,760611,2,0,55 8,1,52,,760628,2,0,55 8,1,12,,760581,2,0,55 8,1,12,,760635,2,0,55 8,1,12,,678586,2,0,55 8,1,12,,760569,2,0,55 8,1,52,,760616,2,0,55 8,1,12,,760634,2,0,55 8,1,12,,760598,2,0,55 8,1,12,,613787,2,0,55 8,1,12,,760600,2,0,55 8,1,55,,760633,2,0,55 8,1,15,,760587,2,0,55 8,1,15,,760593,2,0,55 8,1,12,,760624,2,0,55 8,1,12,,760579,2,0,55 8,1,52,,760605,2,0,55 8,1,12,,760603,2,0,55 8,1,12,,760584,2,0,55 8,1,12,,760614,2,0,55 8,1,12,,760627,2,0,55 8,1,52,,760586,2,0,55 8,1,12,,760588,2,0,55 8,1,12,,669441,2,0,55 8,1,12,,760601,2,0,55 8,1,12,,760625,2,0,55 8,1,52,,760632,2,0,55 8,1,12,,760582,2,0,55 8,1,12,,760613,2,0,55 8,1,12,,760592,2,0,55 8,1,60,,760570,2,0,55 8,1,25,,760577,2,0,55 8,1,25,,760608,2,0,55 8,1,65,,671010,2,0,55 8,1,25,,760578,2,0,55 8,1,65,,760615,2,0,55 8,1,25,,760639,2,0,55 8,1,65,,760576,2,0,55 8,1,30,,760638,2,0,55 8,1
13304,'5',500,,760655,2,0,55 8,1,18,,682252,2,0,55 8,1,18,,686232,2,0,55 8,1,20,,760694,2,0,55 8,1,60,,760661,2,0,55 8,1,20,,760692,2,0,55 8,1,20,,760688,2,0,55 8,1,60,,760667,2,0,55 8,1,15,,760677,2,0,55 8,1,16,,658402,2,0,55 8,1,55,,760678,2,0,55 8,1,15,,760690,2,0,55 8,1,15,,760682,2,0,55 8,1,15,,760642,2,0,55 8,1,55,,760669,2,0,55 8,1,15,,674493,2,0,55 8,1,15,,760660,2,0,55 8,1,15,,760681,2,0,55 8,1,55,,675443,2,0,55 8,1,15,,760646,2,0,55 8,1,15,,760657,2,0,55 8,1,15,,760673,2,0,55 8,1,54,,538871,2,0,55 8,1,12,,760675,2,0,55 8,1,12,,760700,2,0,55 8,1,12,,678627,2,0,55 8,1,12,,760687,2,0,55 8,1,52,,760685,2,0,55 8,1,12,,556687,2,0,55 8,1,12,,760680,2,0,55 8,1,12,,760668,2,0,55 8,1,12,,760656,2,0,55 8,1,52,,633062,2,0,55 8,1,12,,572865,2,0,55 8,1,12,,664163,2,0,55 8,1,12,,689163,2,0,55 8,1,12,,760653,2,0,55 8,1,52,,573608,2,0,55 8,1,12,,760676,2,0,55 8,1,12,,760696,2,0,55 8,1,12,,760662,2,0,55 8,1,12,,760684,2,0,55 8,1,52,,677045,2,0,55 8,1,12,,760705,2,0,55 8,1,12,,760651,2,0,55 8,1,12,,760670,2,0,55 8,1,12,,760650,2,0,55 8,1,52,,760703,2,0,55 8,1,12,,760683,2,0,55 8,1,12,,760672,2,0,55 8,1,12,,760698,2,0,55 8,1,12,,760686,2,0,55 8,1,52,,760689,2,0,55 8,1,12,,760697,2,0,55 8,1,12,,760640,2,0,55 8,1,12,,667461,2,0,55 8,1,12,,760701,2,0,55 8,1,55,,760663,2,0,55 8,1,15,,760666,2,0,55 8,1,15,,628696,2,0,55 8,1,12,,760649,2,0,55 8,1,12,,674872,2,0,55 8,1,52,,760659,2,0,55 8,1,12,,760665,2,0,55 8,1,12,,760664,2,0,55 8,1,12,,760702,2,0,55 8,1,12,,760704,2,0,55 8,1,52,,760645,2,0,55 8,1,12,,655575,2,0,55 8,1,12,,760643,2,0,55 8,1,12,,654166,2,0,55 8,1,12,,760658,2,0,55 8,1,52,,760679,2,0,55 8,1,12,,760641,2,0,55 8,1,12,,760647,2,0,55 8,1,12,,760644,2,0,55 8,1,60,,760654,2,0,55 8,1,25,,760691,2,0,55 8,1,25,,760671,2,0,55 8,1,65,,760695,2,0,55 8,1,25,,760699,2,0,55 8,1,65,,760693,2,0,55 8,1,25,,760652,2,0,55 8,1,65,,760674,2,0,55 8,1,30,,760648,2,0,55 8,1
35301,'1',550,,770699,102,0,11 12 142,1,70,,770702,102,0,11 12 142,1,30,,770698,102,0,11 12 142,1,2059,,770707,32,0,11 12 142,1,30,,644953,103,0,11 12 142,1,70,,651073,102,0,11 12 142,1,30,,770709,102,0,11 12 142,1,70,,770704,102,0,11 12 142,1,30,,770701,102,0,11 12 142,1,65,,770703,102,0,11 12 142,1
35301,'2',803,,770721,102,0,11 12 142,1,1907,,770717,32,0,11 12 142,1,30,,770713,102,0,11 12 142,1,70,,770715,102,0,11 12 142,1,30,,770716,102,0,11 12 142,1,70,,770720,102,0,11 12 142,1,30,,770719,102,0,11 12 142,1,65,,622954,102,0,11 12 142,1
35301,'3',630,,770727,102,0,11 12 142,1,70,,770730,102,0,11 12 142,1,30,,657568,102,0,11 12 142,1,70,,607115,102,0,11 12 142,1,1940,,659313,103,0,11 12 142,1,70,,770729,102,0,11 12 142,1,30,,770722,102,0,11 12 142,1,70,,660393,102,0,11 12 142,1,30,,770728,102,0,11 12 142,1,70,,770734,102,0,11 12 142,1
35301,'5',803,,770740,102,0,11 12 142,1,1907,,770741,32,0,11 12 142,1,30,,770747,102,0,11 12 142,1,70,,770743,102,0,11 12 142,1,30,,770746,102,0,11 12 142,1,70,,770739,102,0,11 12 142,1,30,,641826,102,0,11 12 142,1,65,,770745,102,0,11 12 142,1
93902,'1',604,,777606,11,0,28 16 8,1,9,,777629,11,0,28 16 8,1,10,,660159,11,0,28 16 8,1,10,,777707,11,0,28 16 8,1,10,,777628,11,0,28 16 8,1,7,,626264,11,0,28 16 8,1,8,,777612,11,0,28 16 8,1,50,,777617,11,0,28 16 8,1,10,,658486,11,0,28 16 8,1,10,,612448,11,0,28 16 8,1,10,,670047,11,0,28 16 8,1,10,,777619,11,0,28 16 8,1,10,,777599,11,0,28 16 8,1,50,,777669,11,0,28 16 8,1,10,,777696,11,0,28 16 8,1,10,,777630,11,0,28 16 8,1,10,,777614,11,0,28 16 8,1,510,,777626,11,0,28 16 8,1,56,,777608,11,0,28 16 8,1,15,,777657,11,0,28 16 8,1,15,,674720,11,0,28 16 8,1,15,,777706,11,0,28 16 8,1,55,,538205,11,0,28 16 8,1,15,,777597,11,0,28 16 8,1,15,,777624,11,0,28 16 8,1,15,,777654,11,0,28 16 8,1,55,,777613,11,0,28 16 8,1,15,,777670,11,0,28 16 8,1,15,,777663,11,0,28 16 8,1,15,,777690,11,0,28 16 8,1,55,,777659,11,0,28 16 8,1,15,,777623,11,0,28 16 8,1,15,,777664,11,0,28 16 8,1,15,,777600,11,0,28 16 8,1,55,,777693,11,0,28 16 8,1,15,,657485,11,0,28 16 8,1,15,,777710,11,0,28 16 8,1,15,,777660,11,0,28 16 8,1
