4104,'1',2640,,798831,58,4,,1,70,,798846,58,4,,1
4104,'2',2640,,798940,58,4,,1,70,,648981,58,4,,1
4104,'3',2640,,799031,58,4,,1,70,,799051,58,4,,1
4104,'5',2640,,799070,58,4,,1,70,,799128,58,4,,1
8904,'1',511,,751094,44,4,,1,2108,,769943,44,4,,1,15,,828465,44,4,,1
8904,'2',2619,,828578,44,4,,1,15,,828527,44,4,,1
8904,'3',543,,828621,40,4,,1,15,,828670,40,4,,1,54,,675743,44,4,,1,15,,828674,44,4,,1,15,,828623,44,4,,1,15,,828693,44,4,,1,55,,828662,44,4,,1,15,,663332,44,4,,1,15,,828632,44,4,,1,1877,,828641,44,4,,1,15,,828689,44,4,,1
8904,'5',2619,,828728,44,4,,1,15,,828715,44,4,,1
34104,'1',524,,748215,55,4,,1,2216,,859044,55,4,,1,70,,777658,55,4,,1,30,,859046,55,4,,1,70,,859045,55,4,,1
34104,'2',540,,662224,55,4,,1,2200,,859047,55,4,,1,70,,859049,55,4,,1,30,,658616,55,4,,1,70,,859048,55,4,,1
34104,'3',541,,859055,55,4,,1,59,,859052,55,4,,1,20,,755597,55,4,,1,20,,859059,55,4,,1,60,,859051,55,4,,1,20,,859050,55,4,,1,20,,859058,55,4,,1,2000,,859054,55,4,,1,70,,859056,55,4,,1,30,,859057,55,4,,1,70,,859053,55,4,,1
34104,'5',540,,729305,55,4,,1,2200,,859063,55,4,,1,70,,859061,55,4,,1,30,,859060,55,4,,1,70,,859062,55,4,,1
