904,'1',545,,605654,42,0,40 15,1,64,,605642,42,0,40 15,1,21,,605644,42,0,40 15,1,21,,605637,42,0,40 15,1,61,,578595,42,0,40 15,1,21,,605657,42,0,40 15,1,25,,605640,42,0,40 15,1,63,,517456,42,0,40 15,1,22,,605651,42,0,40 15,1,63,,409005,42,0,40 15,1,18,,603278,42,0,40 15,1,23,,605631,42,0,40 15,1,62,,605629,42,0,40 15,1,26,,562771,42,0,40 15,1,68,,464312,42,0,40 15,1,28,,581633,42,0,40 15,1,28,,605656,42,0,40 15,1,68,,605653,42,0,40 15,1,28,,605645,42,0,40 15,1,68,,605633,42,0,40 15,1,28,,596854,42,0,40 15,1,68,,605643,42,0,40 15,1,31,,605650,42,0,40 15,1,68,,605648,42,0,40 15,1,28,,605649,42,0,40 15,1,69,,605647,42,0,40 15,1,26,,605638,42,0,40 15,1,65,,601462,42,0,40 15,1,24,,605627,42,0,40 15,1,23,,498506,42,0,40 15,1,64,,604212,42,0,40 15,1,23,,517831,42,0,40 15,1,64,,511193,42,0,40 15,1,17,,605646,42,0,40 15,1,23,,605634,42,0,40 15,1,63,,605630,42,0,40 15,1,27,,605652,42,0,40 15,1,66,,542309,42,0,40 15,1,24,,605635,42,0,40 15,1,26,,605626,42,0,40 15,1,66,,605658,42,0,40 15,1,26,,597378,42,0,40 15,1,66,,605655,42,0,40 15,1,26,,605632,42,0,40 15,1,66,,605636,42,0,40 15,1,26,,542362,42,0,40 15,1,21,,605641,42,0,40 15,1,66,,605628,42,0,40 15,1,22,,605639,42,0,40 15,1
904,'2',738,,399731,42,0,40 15,1,68,,605700,42,0,40 15,1,29,,598442,42,0,40 15,1,65,,605681,42,0,40 15,1,20,,594182,42,0,40 15,1,20,,594788,42,0,40 15,1,60,,605696,42,0,40 15,1,20,,605670,42,0,40 15,1,20,,605674,42,0,40 15,1,60,,605661,42,0,40 15,1,20,,605675,42,0,40 15,1,20,,605690,42,0,40 15,1,60,,605669,42,0,40 15,1,24,,568143,42,0,40 15,1,20,,605686,42,0,40 15,1,58,,605672,42,0,40 15,1,18,,605680,42,0,40 15,1,18,,605679,42,0,40 15,1,18,,605677,42,0,40 15,1,58,,605684,42,0,40 15,1,18,,605698,42,0,40 15,1,18,,518076,42,0,40 15,1,58,,605664,42,0,40 15,1,18,,605693,42,0,40 15,1,18,,605689,42,0,40 15,1,58,,605688,42,0,40 15,1,18,,605683,42,0,40 15,1,18,,605691,42,0,40 15,1,18,,552691,42,0,40 15,1,58,,537394,42,0,40 15,1,18,,605695,42,0,40 15,1,18,,605694,42,0,40 15,1,58,,605687,42,0,40 15,1,18,,605699,42,0,40 15,1,18,,539429,42,0,40 15,1,58,,605692,42,0,40 15,1,18,,605685,42,0,40 15,1,16,,605659,42,0,40 15,1,18,,605701,42,0,40 15,1,58,,605662,42,0,40 15,1,18,,569323,42,0,40 15,1,18,,605663,42,0,40 15,1,58,,605671,42,0,40 15,1,18,,605697,42,0,40 15,1,18,,605676,42,0,40 15,1,58,,605665,42,0,40 15,1,18,,605678,42,0,40 15,1,18,,605666,42,0,40 15,1,15,,605660,42,0,40 15,1,68,,605673,42,0,40 15,1,30,,605667,42,0,40 15,1,70,,498566,42,0,40 15,1,30,,564845,42,0,40 15,1,70,,605682,42,0,40 15,1,21,,605668,42,0,40 15,1
904,'3',756,,545382,42,0,40 15,1,64,,546311,42,0,40 15,1,26,,605730,42,0,40 15,1,66,,568241,42,0,40 15,1,26,,605714,42,0,40 15,1,66,,605715,42,0,40 15,1,26,,550270,42,0,40 15,1,26,,605735,42,0,40 15,1,66,,605707,42,0,40 15,1,26,,522991,42,0,40 15,1,66,,605710,42,0,40 15,1,15,,605712,42,0,40 15,1,23,,605702,42,0,40 15,1,62,,477838,42,0,40 15,1,23,,605731,42,0,40 15,1,22,,605718,42,0,40 15,1,63,,605717,42,0,40 15,1,22,,605711,42,0,40 15,1,63,,605723,42,0,40 15,1,22,,605716,42,0,40 15,1,23,,605725,42,0,40 15,1,62,,509248,42,0,40 15,1,23,,605729,42,0,40 15,1,22,,527839,42,0,40 15,1,63,,605724,42,0,40 15,1,22,,605720,42,0,40 15,1,63,,605722,42,0,40 15,1,22,,605733,42,0,40 15,1,23,,605708,42,0,40 15,1,62,,605704,42,0,40 15,1,20,,605734,42,0,40 15,1,21,,605703,42,0,40 15,1,63,,605705,42,0,40 15,1,22,,605726,42,0,40 15,1,63,,605713,42,0,40 15,1,22,,573143,42,0,40 15,1,23,,605721,42,0,40 15,1,62,,568164,42,0,40 15,1,20,,605727,42,0,40 15,1,20,,605709,42,0,40 15,1,68,,605728,42,0,40 15,1,30,,605719,42,0,40 15,1,70,,539313,42,0,40 15,1,30,,605732,42,0,40 15,1,70,,605706,42,0,40 15,1,20,,523271,42,0,40 15,1
904,'5',743,,583741,42,0,40 15,1,70,,605736,42,0,40 15,1,30,,605749,42,0,40 15,1,69,,605742,42,0,40 15,1,26,,592773,42,0,40 15,1,66,,605766,42,0,40 15,1,26,,605763,42,0,40 15,1,26,,605767,42,0,40 15,1,66,,605768,42,0,40 15,1,26,,605754,42,0,40 15,1,66,,605758,42,0,40 15,1,15,,605747,42,0,40 15,1,23,,605762,42,0,40 15,1,62,,605744,42,0,40 15,1,23,,605737,42,0,40 15,1,22,,557776,42,0,40 15,1,63,,532815,42,0,40 15,1,22,,536672,42,0,40 15,1,63,,605770,42,0,40 15,1,22,,605756,42,0,40 15,1,23,,523487,42,0,40 15,1,62,,522851,42,0,40 15,1,23,,605740,42,0,40 15,1,22,,605759,42,0,40 15,1,63,,589332,42,0,40 15,1,22,,605769,42,0,40 15,1,63,,605741,42,0,40 15,1,22,,605745,42,0,40 15,1,23,,605764,42,0,40 15,1,62,,605750,42,0,40 15,1,20,,605757,42,0,40 15,1,21,,605743,42,0,40 15,1,63,,605761,42,0,40 15,1,22,,605760,42,0,40 15,1,63,,605739,42,0,40 15,1,22,,605738,42,0,40 15,1,23,,605748,42,0,40 15,1,62,,605746,42,0,40 15,1,20,,605753,42,0,40 15,1,20,,605771,42,0,40 15,1,68,,605755,42,0,40 15,1,30,,605765,42,0,40 15,1,70,,605773,42,0,40 15,1,30,,605751,42,0,40 15,1,70,,605772,42,0,40 15,1,22,,605752,42,0,40 15,1
1604,'1',534,,402660,31,0,40 15,1,23,,608089,31,0,40 15,1,59,,608092,31,0,40 15,1,18,,608021,31,0,40 15,1,15,,608054,31,0,40 15,1,54,,608036,31,0,40 15,1,15,,608049,31,0,40 15,1,13,,608095,31,0,40 15,1,11,,475618,31,0,40 15,1,12,,608043,31,0,40 15,1,51,,608030,31,0,40 15,1,12,,608081,31,0,40 15,1,11,,608066,31,0,40 15,1,12,,608056,31,0,40 15,1,11,,608053,31,0,40 15,1,52,,608088,31,0,40 15,1,11,,608048,31,0,40 15,1,12,,608087,31,0,40 15,1,13,,608078,31,0,40 15,1,12,,608093,31,0,40 15,1,51,,608018,31,0,40 15,1,12,,608029,31,0,40 15,1,11,,452958,31,0,40 15,1,12,,542342,31,0,40 15,1,11,,587634,31,0,40 15,1,52,,608037,31,0,40 15,1,11,,608076,31,0,40 15,1,12,,536747,31,0,40 15,1,11,,567489,31,0,40 15,1,12,,567434,31,0,40 15,1,11,,388627,31,0,40 15,1,52,,608051,31,0,40 15,1,11,,608090,31,0,40 15,1,12,,608046,31,0,40 15,1,11,,608069,31,0,40 15,1,12,,608082,31,0,40 15,1,51,,608091,31,0,40 15,1,12,,608071,31,0,40 15,1,11,,576957,31,0,40 15,1,12,,608035,31,0,40 15,1,11,,608059,31,0,40 15,1,52,,608060,31,0,40 15,1,11,,608039,31,0,40 15,1,12,,608023,31,0,40 15,1,11,,520278,31,0,40 15,1,12,,608047,31,0,40 15,1,51,,608055,31,0,40 15,1,12,,608077,31,0,40 15,1,12,,608017,31,0,40 15,1,14,,602183,31,0,40 15,1,12,,608072,31,0,40 15,1,50,,608024,31,0,40 15,1,10,,608073,31,0,40 15,1,10,,459356,31,0,40 15,1,10,,555091,31,0,40 15,1,10,,608026,31,0,40 15,1,10,,608075,31,0,40 15,1,50,,608045,31,0,40 15,1,10,,608067,31,0,40 15,1,10,,551484,31,0,40 15,1,10,,608041,31,0,40 15,1,10,,608040,31,0,40 15,1,10,,608052,31,0,40 15,1,50,,608025,31,0,40 15,1,10,,582822,31,0,40 15,1,10,,426068,31,0,40 15,1,10,,608070,31,0,40 15,1,10,,608061,31,0,40 15,1,10,,531310,31,0,40 15,1,50,,608058,31,0,40 15,1,10,,608028,31,0,40 15,1,10,,608062,31,0,40 15,1,10,,602650,31,0,40 15,1,9,,608019,31,0,40 15,1,10,,608044,31,0,40 15,1,50,,608057,31,0,40 15,1,10,,585545,31,0,40 15,1,10,,608068,31,0,40 15,1,10,,426655,31,0,40 15,1,10,,608033,31,0,40 15,1,10,,608094,31,0,40 15,1,50,,608086,31,0,40 15,1,10,,608027,31,0,40 15,1,10,,579148,31,0,40 15,1,10,,608032,31,0,40 15,1,10,,608038,31,0,40 15,1,10,,608084,31,0,40 15,1,50,,608020,31,0,40 15,1,10,,608065,31,0,40 15,1,10,,608080,31,0,40 15,1,9,,608034,31,0,40 15,1,20,,608064,31,0,40 15,1,60,,608085,31,0,40 15,1,20,,608079,31,0,40 15,1,20,,608063,31,0,40 15,1,60,,608022,31,0,40 15,1,20,,608083,31,0,40 15,1,17,,608031,31,0,40 15,1,66,,608042,31,0,40 15,1,30,,608074,31,0,40 15,1,70,,608050,31,0,40 15,1
1604,'2',541,,608138,31,0,40 15,1,70,,608110,31,0,40 15,1,20,,548170,31,0,40 15,1,15,,608130,31,0,40 15,1,55,,542397,31,0,40 15,1,15,,608100,31,0,40 15,1,15,,608159,31,0,40 15,1,15,,608142,31,0,40 15,1,55,,608157,31,0,40 15,1,15,,608096,31,0,40 15,1,18,,608161,31,0,40 15,1,15,,560825,31,0,40 15,1,54,,608162,31,0,40 15,1,15,,608132,31,0,40 15,1,14,,608115,31,0,40 15,1,15,,608101,31,0,40 15,1,54,,608124,31,0,40 15,1,15,,608150,31,0,40 15,1,14,,608112,31,0,40 15,1,15,,608160,31,0,40 15,1,14,,608158,31,0,40 15,1,55,,608135,31,0,40 15,1,14,,608120,31,0,40 15,1,15,,608103,31,0,40 15,1,14,,608165,31,0,40 15,1,55,,608143,31,0,40 15,1,13,,608118,31,0,40 15,1,14,,601571,31,0,40 15,1,12,,608117,31,0,40 15,1,52,,597575,31,0,40 15,1,12,,608151,31,0,40 15,1,12,,577232,31,0,40 15,1,12,,608133,31,0,40 15,1,12,,608107,31,0,40 15,1,52,,608145,31,0,40 15,1,12,,608106,31,0,40 15,1,12,,608136,31,0,40 15,1,12,,608166,31,0,40 15,1,12,,608111,31,0,40 15,1,52,,608149,31,0,40 15,1,12,,588647,31,0,40 15,1,12,,608164,31,0,40 15,1,12,,549311,31,0,40 15,1,12,,608163,31,0,40 15,1,52,,608154,31,0,40 15,1,12,,581654,31,0,40 15,1,12,,608097,31,0,40 15,1,12,,608152,31,0,40 15,1,12,,608108,31,0,40 15,1,52,,608134,31,0,40 15,1,12,,516297,31,0,40 15,1,12,,608128,31,0,40 15,1,12,,608119,31,0,40 15,1,12,,608109,31,0,40 15,1,52,,608148,31,0,40 15,1,12,,608153,31,0,40 15,1,12,,608104,31,0,40 15,1,12,,608126,31,0,40 15,1,12,,608155,31,0,40 15,1,52,,601554,31,0,40 15,1,12,,608099,31,0,40 15,1,12,,608102,31,0,40 15,1,11,,608114,31,0,40 15,1,12,,608141,31,0,40 15,1,52,,608122,31,0,40 15,1,12,,553720,31,0,40 15,1,12,,556770,31,0,40 15,1,12,,373004,31,0,40 15,1,12,,608147,31,0,40 15,1,52,,608146,31,0,40 15,1,12,,608131,31,0,40 15,1,12,,608105,31,0,40 15,1,12,,608098,31,0,40 15,1,12,,600859,31,0,40 15,1,52,,608123,31,0,40 15,1,12,,608144,31,0,40 15,1,9,,608140,31,0,40 15,1,15,,535178,31,0,40 15,1,15,,608125,31,0,40 15,1,55,,493536,31,0,40 15,1,15,,608129,31,0,40 15,1,15,,608113,31,0,40 15,1,15,,608116,31,0,40 15,1,55,,602317,31,0,40 15,1,15,,608121,31,0,40 15,1,15,,608156,31,0,40 15,1,15,,608127,31,0,40 15,1,59,,608137,31,0,40 15,1,30,,608139,31,0,40 15,1,70,,497970,31,0,40 15,1
1604,'3',755,,608179,31,0,40 15,1,55,,608170,31,0,40 15,1,17,,608205,31,0,40 15,1,15,,608212,31,0,40 15,1,15,,475564,31,0,40 15,1,55,,545348,31,0,40 15,1,15,,556390,31,0,40 15,1,15,,608207,31,0,40 15,1,15,,608199,31,0,40 15,1,55,,594651,31,0,40 15,1,15,,608220,31,0,40 15,1,15,,608221,31,0,40 15,1,15,,608172,31,0,40 15,1,55,,439730,31,0,40 15,1,15,,608167,31,0,40 15,1,15,,608216,31,0,40 15,1,15,,608168,31,0,40 15,1,55,,608209,31,0,40 15,1,14,,608204,31,0,40 15,1,12,,608186,31,0,40 15,1,12,,608188,31,0,40 15,1,52,,516334,31,0,40 15,1,12,,608183,31,0,40 15,1,12,,608180,31,0,40 15,1,12,,552958,31,0,40 15,1,12,,608191,31,0,40 15,1,52,,608189,31,0,40 15,1,12,,608222,31,0,40 15,1,12,,526680,31,0,40 15,1,12,,608184,31,0,40 15,1,12,,608196,31,0,40 15,1,52,,488782,31,0,40 15,1,12,,608202,31,0,40 15,1,12,,608190,31,0,40 15,1,12,,608185,31,0,40 15,1,12,,608218,31,0,40 15,1,52,,517917,31,0,40 15,1,12,,608200,31,0,40 15,1,12,,608193,31,0,40 15,1,12,,503638,31,0,40 15,1,12,,608181,31,0,40 15,1,52,,527262,31,0,40 15,1,12,,608195,31,0,40 15,1,12,,608206,31,0,40 15,1,12,,608210,31,0,40 15,1,12,,608197,31,0,40 15,1,52,,608203,31,0,40 15,1,12,,608182,31,0,40 15,1,12,,608176,31,0,40 15,1,12,,608217,31,0,40 15,1,12,,608215,31,0,40 15,1,52,,414388,31,0,40 15,1,12,,608174,31,0,40 15,1,12,,608198,31,0,40 15,1,12,,578772,31,0,40 15,1,12,,608208,31,0,40 15,1,54,,608214,31,0,40 15,1,15,,608192,31,0,40 15,1,14,,561531,31,0,40 15,1,15,,542562,31,0,40 15,1,54,,522069,31,0,40 15,1,15,,608194,31,0,40 15,1,14,,608187,31,0,40 15,1,15,,608213,31,0,40 15,1,54,,608175,31,0,40 15,1,15,,608219,31,0,40 15,1,13,,608211,31,0,40 15,1,20,,566298,31,0,40 15,1,60,,563587,31,0,40 15,1,20,,529683,31,0,40 15,1,20,,545797,31,0,40 15,1,60,,608171,31,0,40 15,1,20,,608178,31,0,40 15,1,20,,608169,31,0,40 15,1,64,,608173,31,0,40 15,1,30,,608177,31,0,40 15,1,70,,608201,31,0,40 15,1
1604,'5',541,,608253,31,0,40 15,1,15,,608280,31,0,40 15,1,55,,538932,31,0,40 15,1,15,,608226,31,0,40 15,1,15,,514253,31,0,40 15,1,15,,608236,31,0,40 15,1,55,,516537,31,0,40 15,1,15,,586236,31,0,40 15,1,15,,608243,31,0,40 15,1,14,,556858,31,0,40 15,1,55,,608264,31,0,40 15,1,17,,567339,31,0,40 15,1,15,,608238,31,0,40 15,1,15,,608232,31,0,40 15,1,55,,537982,31,0,40 15,1,15,,608225,31,0,40 15,1,15,,608274,31,0,40 15,1,15,,608268,31,0,40 15,1,55,,608227,31,0,40 15,1,15,,531636,31,0,40 15,1,15,,608245,31,0,40 15,1,15,,608235,31,0,40 15,1,55,,532210,31,0,40 15,1,15,,608257,31,0,40 15,1,15,,608247,31,0,40 15,1,15,,608277,31,0,40 15,1,55,,591869,31,0,40 15,1,14,,608248,31,0,40 15,1,12,,523854,31,0,40 15,1,12,,608241,31,0,40 15,1,52,,591635,31,0,40 15,1,12,,608230,31,0,40 15,1,12,,608229,31,0,40 15,1,12,,540815,31,0,40 15,1,12,,608269,31,0,40 15,1,52,,547530,31,0,40 15,1,12,,608246,31,0,40 15,1,12,,608275,31,0,40 15,1,12,,608266,31,0,40 15,1,12,,517974,31,0,40 15,1,52,,608239,31,0,40 15,1,12,,608262,31,0,40 15,1,12,,608233,31,0,40 15,1,12,,608276,31,0,40 15,1,12,,608228,31,0,40 15,1,52,,608267,31,0,40 15,1,12,,608272,31,0,40 15,1,12,,608261,31,0,40 15,1,12,,608281,31,0,40 15,1,12,,608254,31,0,40 15,1,52,,608259,31,0,40 15,1,12,,608250,31,0,40 15,1,12,,608244,31,0,40 15,1,12,,608282,31,0,40 15,1,12,,560651,31,0,40 15,1,52,,608271,31,0,40 15,1,12,,608256,31,0,40 15,1,12,,563655,31,0,40 15,1,12,,551398,31,0,40 15,1,12,,608249,31,0,40 15,1,52,,608231,31,0,40 15,1,12,,608278,31,0,40 15,1,12,,608234,31,0,40 15,1,12,,597960,31,0,40 15,1,12,,608273,31,0,40 15,1,54,,593735,31,0,40 15,1,15,,544983,31,0,40 15,1,14,,584906,31,0,40 15,1,15,,608258,31,0,40 15,1,54,,608240,31,0,40 15,1,15,,608263,31,0,40 15,1,14,,558100,31,0,40 15,1,15,,608255,31,0,40 15,1,54,,608242,31,0,40 15,1,15,,608251,31,0,40 15,1,13,,608223,31,0,40 15,1,20,,608224,31,0,40 15,1,60,,608265,31,0,40 15,1,20,,608260,31,0,40 15,1,20,,549732,31,0,40 15,1,60,,608252,31,0,40 15,1,20,,608270,31,0,40 15,1,20,,608279,31,0,40 15,1,64,,572872,31,0,40 15,1,30,,560624,31,0,40 15,1,70,,608237,31,0,40 15,1
10204,'1',520,,517839,49,0,40 15,1,12,,660124,49,0,40 15,1,12,,660125,49,0,40 15,1,12,,660142,49,0,40 15,1,52,,660062,49,0,40 15,1,12,,660095,49,0,40 15,1,12,,660163,49,0,40 15,1,12,,660152,49,0,40 15,1,12,,660127,49,0,40 15,1,49,,537170,67,0,40 15,1,3,,660100,49,0,40 15,1,12,,660082,49,0,40 15,1,5,,660131,67,0,40 15,1,1,,660073,49,0,40 15,1,12,,591189,49,0,40 15,1,6,,532596,67,0,40 15,1,6,,660118,49,0,40 15,1,52,,510638,49,0,40 15,1,6,,660065,67,0,40 15,1,6,,660128,49,0,40 15,1,17,,603456,49,0,40 15,1,6,,557409,67,0,40 15,1,6,,555051,49,0,40 15,1,12,,660051,49,0,40 15,1,47,,560226,67,0,40 15,1,6,,660126,49,0,40 15,1,12,,660116,49,0,40 15,1,6,,586991,67,0,40 15,1,6,,660059,49,0,40 15,1,12,,660087,49,0,40 15,1,6,,660050,67,0,40 15,1,3,,660076,49,0,40 15,1,52,,660148,49,0,40 15,1,6,,660138,67,0,40 15,1,4,,660112,49,0,40 15,1,10,,660156,49,0,40 15,1,10,,521828,67,0,40 15,1,10,,660057,49,0,40 15,1,10,,539253,49,0,40 15,1,50,,660078,67,0,40 15,1,10,,660114,49,0,40 15,1,10,,660115,49,0,40 15,1,10,,660122,67,0,40 15,1,10,,585320,49,0,40 15,1,10,,513189,49,0,40 15,1,50,,546810,67,0,40 15,1,11,,660075,49,0,40 15,1,9,,550971,49,0,40 15,1,10,,660143,67,0,40 15,1,10,,660113,49,0,40 15,1,10,,660106,49,0,40 15,1,50,,660161,67,0,40 15,1,10,,660071,49,0,40 15,1,10,,660136,49,0,40 15,1,10,,514313,67,0,40 15,1,10,,660145,49,0,40 15,1,10,,660060,49,0,40 15,1,50,,660166,67,0,40 15,1,10,,660058,49,0,40 15,1,10,,660159,49,0,40 15,1,10,,660155,67,0,40 15,1,10,,660119,49,0,40 15,1,13,,453827,49,0,40 15,1,50,,660067,67,0,40 15,1,10,,525417,49,0,40 15,1,16,,432879,52,0,28 40 15,1,4,,549510,67,0,40 15,1,16,,660153,52,0,28 40 15,1,51,,550490,52,0,28 40 15,1,3,,660083,67,0,40 15,1,16,,582885,52,0,28 40 15,1,10,,660054,52,0,28 40 15,1,6,,660079,67,0,40 15,1,16,,660097,52,0,28 40 15,1,49,,565833,52,0,28 40 15,1,5,,660120,67,0,40 15,1,15,,660111,52,0,28 40 15,1,9,,660098,52,0,28 40 15,1,6,,660139,67,0,40 15,1,14,,660141,52,0,28 40 15,1,51,,660080,52,0,28 40 15,1,5,,660077,67,0,40 15,1,15,,660123,52,0,28 40 15,1,9,,660085,52,0,28 40 15,1,6,,660117,67,0,40 15,1,13,,602643,52,0,28 40 15,1,52,,531761,52,0,28 40 15,1,4,,504968,36,0,40 15,1,1,,660053,67,0,40 15,1,15,,596835,52,0,28 40 15,1,4,,660109,36,0,40 15,1,4,,660068,52,0,28 40 15,1,7,,660121,67,0,40 15,1,12,,660129,36,0,40 15,1,3,,660107,52,0,28 40 15,1,1,,660061,49,0,40 15,1,48,,492984,49,0,40 15,1,2,,660105,67,0,40 15,1,7,,660165,36,0,40 15,1,1,,660104,49,0,40 15,1,7,,660069,49,0,40 15,1,8,,660157,49,0,40 15,1,4,,660084,36,0,40 15,1,3,,660135,67,0,40 15,1,8,,660108,49,0,40 15,1,7,,660074,49,0,40 15,1,2,,533989,36,0,40 15,1,6,,660088,49,0,40 15,1,47,,603692,67,0,40 15,1,7,,534577,36,0,40 15,1,1,,513309,49,0,40 15,1,7,,660134,49,0,40 15,1,8,,594736,49,0,40 15,1,4,,660137,36,0,40 15,1,3,,660160,67,0,40 15,1,8,,514870,49,0,40 15,1,7,,377952,49,0,40 15,1,2,,660063,36,0,40 15,1,6,,660164,49,0,40 15,1,47,,660162,67,0,40 15,1,7,,660144,36,0,40 15,1,1,,660146,49,0,40 15,1,7,,660086,49,0,40 15,1,7,,660055,36,0,40 15,1,1,,660052,49,0,40 15,1,7,,531348,67,0,40 15,1,2,,534482,49,0,40 15,1,9,,660081,49,0,40 15,1,5,,590977,36,0,40 15,1,2,,660070,49,0,40 15,1,55,,660154,36,0,40 15,1,3,,542256,67,0,40 15,1,2,,547947,49,0,40 15,1,10,,660133,49,0,40 15,1,5,,660099,36,0,40 15,1,1,,514481,67,0,40 15,1,4,,660064,49,0,40 15,1,10,,660072,49,0,40 15,1,5,,530023,36,0,40 15,1,5,,660132,49,0,40 15,1,46,,528697,67,0,40 15,1,4,,660158,49,0,40 15,1,5,,660149,36,0,40 15,1,5,,660140,49,0,40 15,1,10,,660103,49,0,40 15,1,5,,660090,36,0,40 15,1,5,,660102,49,0,40 15,1,10,,660150,49,0,40 15,1,5,,660091,36,0,40 15,1,5,,660101,49,0,40 15,1,50,,503423,49,0,40 15,1,5,,660130,36,0,40 15,1,5,,660096,49,0,40 15,1,10,,465305,49,0,40 15,1,5,,660094,36,0,40 15,1,5,,660110,49,0,40 15,1,20,,604294,49,0,40 15,1,55,,660092,49,0,40 15,1,14,,660147,49,0,40 15,1
10204,'2',517,,660262,49,0,40 15,1,20,,585935,49,0,40 15,1,20,,660282,49,0,40 15,1,50,,660220,49,0,40 15,1,10,,660259,49,0,40 15,1,10,,660178,49,0,40 15,1,10,,660186,49,0,40 15,1,10,,660235,49,0,40 15,1,10,,660289,49,0,40 15,1,50,,515992,49,0,40 15,1,5,,660238,36,0,40 15,1,5,,660240,49,0,40 15,1,10,,660202,49,0,40 15,1,10,,660214,49,0,40 15,1,5,,567589,36,0,40 15,1,5,,564830,49,0,40 15,1,10,,660216,49,0,40 15,1,45,,660283,36,0,40 15,1,5,,660271,49,0,40 15,1,10,,516309,49,0,40 15,1,10,,498556,49,0,40 15,1,5,,660179,36,0,40 15,1,7,,660209,49,0,40 15,1,7,,660167,67,0,40 15,1,5,,515232,49,0,40 15,1,5,,601203,36,0,40 15,1,47,,660294,49,0,40 15,1,12,,660173,49,0,40 15,1,12,,660233,49,0,40 15,1,5,,487469,67,0,40 15,1,5,,660198,49,0,40 15,1,10,,660203,49,0,40 15,1,10,,660265,49,0,40 15,1,45,,596549,67,0,40 15,1,5,,660273,49,0,40 15,1,10,,518998,49,0,40 15,1,10,,660268,49,0,40 15,1,5,,660255,67,0,40 15,1,5,,660185,49,0,40 15,1,10,,660218,49,0,40 15,1,10,,537508,49,0,40 15,1,45,,526620,67,0,40 15,1,5,,660278,49,0,40 15,1,10,,566170,49,0,40 15,1,10,,660280,49,0,40 15,1,5,,514355,67,0,40 15,1,5,,583987,49,0,40 15,1,10,,582058,49,0,40 15,1,10,,660246,49,0,40 15,1,45,,660182,67,0,40 15,1,5,,514187,49,0,40 15,1,10,,660231,49,0,40 15,1,10,,660204,49,0,40 15,1,5,,548331,67,0,40 15,1,5,,660197,49,0,40 15,1,12,,660281,49,0,40 15,1,10,,660234,49,0,40 15,1,42,,660172,67,0,40 15,1,5,,577183,36,0,40 15,1,5,,660257,49,0,40 15,1,10,,483575,49,0,40 15,1,5,,660175,67,0,40 15,1,5,,660286,49,0,40 15,1,10,,660247,49,0,40 15,1,10,,660190,49,0,40 15,1,5,,660250,67,0,40 15,1,45,,572617,49,0,40 15,1,10,,660264,49,0,40 15,1,10,,660244,49,0,40 15,1,5,,660201,67,0,40 15,1,5,,660237,49,0,40 15,1,10,,474232,49,0,40 15,1,10,,569003,49,0,40 15,1,5,,660245,67,0,40 15,1,45,,660210,49,0,40 15,1,10,,660180,49,0,40 15,1,10,,660181,49,0,40 15,1,10,,660272,49,0,40 15,1,3,,660222,67,0,40 15,1,7,,660229,49,0,40 15,1,10,,660251,49,0,40 15,1,50,,660224,49,0,40 15,1,2,,660254,67,0,40 15,1,8,,660285,49,0,40 15,1,10,,660284,49,0,40 15,1,10,,660263,49,0,40 15,1,2,,660183,67,0,40 15,1,8,,660170,49,0,40 15,1,10,,660287,49,0,40 15,1,50,,599172,49,0,40 15,1,2,,660174,67,0,40 15,1,8,,540593,49,0,40 15,1,10,,660293,49,0,40 15,1,10,,660275,49,0,40 15,1,2,,547239,67,0,40 15,1,8,,660199,49,0,40 15,1,10,,660253,49,0,40 15,1,50,,660208,49,0,40 15,1,2,,660227,67,0,40 15,1,8,,660196,49,0,40 15,1,10,,660187,49,0,40 15,1,10,,561892,49,0,40 15,1,2,,546068,67,0,40 15,1,8,,660223,49,0,40 15,1,10,,660168,49,0,40 15,1,8,,660221,49,0,40 15,1,43,,591561,67,0,40 15,1,5,,660189,49,0,40 15,1,8,,660279,49,0,40 15,1,8,,546069,49,0,40 15,1,1,,660205,67,0,40 15,1,5,,660242,49,0,40 15,1,8,,660184,49,0,40 15,1,9,,660243,67,0,40 15,1,4,,660194,49,0,40 15,1,8,,660176,49,0,40 15,1,49,,660267,49,0,40 15,1,8,,660248,49,0,40 15,1,4,,660276,67,0,40 15,1,5,,562804,49,0,40 15,1,8,,660230,49,0,40 15,1,9,,660217,49,0,40 15,1,4,,660274,67,0,40 15,1,4,,660212,49,0,40 15,1,9,,660236,49,0,40 15,1,48,,660261,49,0,40 15,1,9,,660195,49,0,40 15,1,4,,515975,67,0,40 15,1,4,,584175,49,0,40 15,1,9,,660177,49,0,40 15,1,8,,538420,49,0,40 15,1,9,,548252,49,0,40 15,1,4,,660260,67,0,40 15,1,4,,660169,49,0,40 15,1,49,,573725,49,0,40 15,1,6,,660200,49,0,40 15,1,7,,660207,49,0,40 15,1,6,,384304,49,0,40 15,1,10,,426797,49,0,40 15,1,5,,660213,67,0,40 15,1,5,,660232,49,0,40 15,1,10,,660249,49,0,40 15,1,50,,660291,49,0,40 15,1,10,,660188,49,0,40 15,1,10,,660191,49,0,40 15,1,5,,660270,67,0,40 15,1,5,,660171,49,0,40 15,1,10,,582919,49,0,40 15,1,10,,555770,49,0,40 15,1,50,,660241,49,0,40 15,1,10,,660192,49,0,40 15,1,10,,660277,49,0,40 15,1,5,,660219,67,0,40 15,1,5,,660228,49,0,40 15,1,10,,660295,49,0,40 15,1,10,,660239,49,0,40 15,1,50,,660296,49,0,40 15,1,10,,487524,49,0,40 15,1,10,,528272,49,0,40 15,1,10,,660269,49,0,40 15,1,10,,568619,49,0,40 15,1,10,,525610,49,0,40 15,1,50,,660258,49,0,40 15,1,10,,660193,49,0,40 15,1
10204,'3',711,,660361,49,0,40 15,1,7,,660384,36,0,40 15,1,6,,478498,36,0,40 15,1,7,,660319,49,0,40 15,1,7,,660313,36,0,40 15,1,6,,660406,36,0,40 15,1,7,,660428,49,0,40 15,1,50,,660381,36,0,40 15,1,10,,660327,49,0,40 15,1,13,,532718,36,0,40 15,1,7,,660298,49,0,40 15,1,10,,527439,49,0,40 15,1,10,,660355,49,0,40 15,1,5,,660354,67,0,40 15,1,45,,580193,49,0,40 15,1,10,,660426,49,0,40 15,1,5,,564236,67,0,40 15,1,5,,660374,49,0,40 15,1,10,,660377,49,0,40 15,1,10,,565887,49,0,40 15,1,5,,660362,67,0,40 15,1,5,,564675,49,0,40 15,1,50,,660358,49,0,40 15,1,10,,660311,49,0,40 15,1,5,,660349,67,0,40 15,1,5,,660348,49,0,40 15,1,10,,475937,49,0,40 15,1,10,,518669,49,0,40 15,1,5,,396310,67,0,40 15,1,5,,660324,49,0,40 15,1,50,,660416,49,0,40 15,1,10,,660375,49,0,40 15,1,5,,560019,67,0,40 15,1,5,,660408,49,0,40 15,1,10,,660315,49,0,40 15,1,10,,660407,49,0,40 15,1,5,,528421,67,0,40 15,1,5,,660350,49,0,40 15,1,50,,660380,49,0,40 15,1,5,,660323,36,0,40 15,1,5,,660414,49,0,40 15,1,5,,660364,67,0,40 15,1,5,,538779,49,0,40 15,1,8,,660347,49,0,40 15,1,8,,660341,49,0,40 15,1,6,,577249,67,0,40 15,1,4,,660415,49,0,40 15,1,9,,660317,49,0,40 15,1,49,,660353,49,0,40 15,1,7,,660396,49,0,40 15,1,4,,660339,67,0,40 15,1,4,,660337,49,0,40 15,1,7,,660312,49,0,40 15,1,8,,660424,49,0,40 15,1,4,,561907,67,0,40 15,1,3,,660303,49,0,40 15,1,8,,527801,49,0,40 15,1,7,,660300,49,0,40 15,1,48,,660423,49,0,40 15,1,4,,531138,67,0,40 15,1,3,,660421,49,0,40 15,1,8,,660392,49,0,40 15,1,7,,660299,49,0,40 15,1,8,,660422,49,0,40 15,1,4,,660405,67,0,40 15,1,3,,660346,49,0,40 15,1,8,,545817,49,0,40 15,1,7,,660333,49,0,40 15,1,48,,660369,49,0,40 15,1,7,,543914,49,0,40 15,1,4,,660331,67,0,40 15,1,4,,484325,49,0,40 15,1,7,,660411,49,0,40 15,1,8,,660321,49,0,40 15,1,7,,660366,49,0,40 15,1,4,,660397,67,0,40 15,1,4,,513523,49,0,40 15,1,7,,660388,49,0,40 15,1,48,,660417,49,0,40 15,1,7,,541387,49,0,40 15,1,4,,660391,67,0,40 15,1,4,,660435,49,0,40 15,1,7,,660340,49,0,40 15,1,8,,517024,49,0,40 15,1,7,,524182,49,0,40 15,1,4,,532724,67,0,40 15,1,4,,512168,49,0,40 15,1,7,,559556,49,0,40 15,1,48,,660372,49,0,40 15,1,7,,660402,49,0,40 15,1,4,,660326,67,0,40 15,1,4,,660403,49,0,40 15,1,7,,660404,49,0,40 15,1,8,,660395,49,0,40 15,1,7,,660398,49,0,40 15,1,4,,660387,67,0,40 15,1,4,,660360,49,0,40 15,1,7,,660305,49,0,40 15,1,48,,660356,49,0,40 15,1,7,,660390,49,0,40 15,1,4,,660345,67,0,40 15,1,4,,660352,49,0,40 15,1,7,,660314,49,0,40 15,1,8,,660401,49,0,40 15,1,7,,660367,49,0,40 15,1,4,,660320,67,0,40 15,1,4,,660432,49,0,40 15,1,7,,660394,49,0,40 15,1,48,,660336,49,0,40 15,1,7,,660389,49,0,40 15,1,4,,660425,67,0,40 15,1,3,,660409,49,0,40 15,1,5,,660351,49,0,40 15,1,6,,660332,49,0,40 15,1,5,,660334,67,0,40 15,1,5,,660430,49,0,40 15,1,10,,660318,49,0,40 15,1,50,,660328,49,0,40 15,1,5,,660378,67,0,40 15,1,5,,660412,49,0,40 15,1,10,,489887,49,0,40 15,1,10,,529079,49,0,40 15,1,5,,420341,67,0,40 15,1,5,,532390,49,0,40 15,1,10,,591093,49,0,40 15,1,50,,660363,49,0,40 15,1,5,,493278,67,0,40 15,1,5,,660329,49,0,40 15,1,10,,660316,49,0,40 15,1,10,,513925,49,0,40 15,1,5,,660386,67,0,40 15,1,5,,660433,49,0,40 15,1,9,,660310,49,0,40 15,1,5,,459729,67,0,40 15,1,3,,660413,49,0,40 15,1,48,,660379,49,0,40 15,1,8,,660410,49,0,40 15,1,9,,660382,49,0,40 15,1,5,,572320,67,0,40 15,1,5,,587724,49,0,40 15,1,10,,551074,49,0,40 15,1,10,,660304,49,0,40 15,1,50,,660376,49,0,40 15,1,10,,660427,49,0,40 15,1,5,,522052,67,0,40 15,1,5,,660357,49,0,40 15,1,10,,660399,49,0,40 15,1,10,,660365,49,0,40 15,1,10,,660343,49,0,40 15,1,6,,660335,67,0,40 15,1,44,,660325,49,0,40 15,1,10,,660309,49,0,40 15,1,10,,660383,49,0,40 15,1,10,,596654,49,0,40 15,1,10,,660342,49,0,40 15,1,10,,660370,49,0,40 15,1,50,,660419,49,0,40 15,1,10,,660302,49,0,40 15,1,10,,660434,49,0,40 15,1,10,,660322,49,0,40 15,1,10,,660418,49,0,40 15,1,10,,660308,49,0,40 15,1,50,,660385,49,0,40 15,1
10204,'5',711,,541467,49,0,40 15,1,7,,660451,36,0,40 15,1,6,,660568,36,0,40 15,1,7,,660455,49,0,40 15,1,7,,660542,36,0,40 15,1,6,,660469,36,0,40 15,1,7,,660446,49,0,40 15,1,50,,660478,36,0,40 15,1,10,,660577,49,0,40 15,1,7,,660573,36,0,40 15,1,6,,660461,36,0,40 15,1,7,,660506,49,0,40 15,1,10,,660590,49,0,40 15,1,10,,660481,49,0,40 15,1,5,,660508,67,0,40 15,1,45,,530649,49,0,40 15,1,10,,660530,49,0,40 15,1,5,,660512,67,0,40 15,1,5,,660574,49,0,40 15,1,10,,660587,49,0,40 15,1,10,,660487,49,0,40 15,1,5,,660499,67,0,40 15,1,5,,660476,49,0,40 15,1,50,,660566,49,0,40 15,1,10,,660564,49,0,40 15,1,5,,660513,67,0,40 15,1,5,,660460,49,0,40 15,1,10,,660557,49,0,40 15,1,10,,660583,49,0,40 15,1,5,,660502,67,0,40 15,1,5,,660436,49,0,40 15,1,50,,660454,49,0,40 15,1,10,,660483,49,0,40 15,1,5,,660443,67,0,40 15,1,5,,660595,49,0,40 15,1,10,,524063,49,0,40 15,1,10,,660548,49,0,40 15,1,5,,660593,67,0,40 15,1,5,,575539,49,0,40 15,1,50,,597912,49,0,40 15,1,5,,599447,36,0,40 15,1,5,,660515,49,0,40 15,1,5,,660569,67,0,40 15,1,5,,660581,49,0,40 15,1,8,,660521,49,0,40 15,1,8,,660544,49,0,40 15,1,6,,660488,67,0,40 15,1,4,,660547,49,0,40 15,1,9,,660449,49,0,40 15,1,49,,523405,49,0,40 15,1,7,,660474,49,0,40 15,1,4,,660491,67,0,40 15,1,4,,568308,49,0,40 15,1,7,,660494,49,0,40 15,1,8,,660524,49,0,40 15,1,4,,660492,67,0,40 15,1,3,,660579,49,0,40 15,1,8,,660510,49,0,40 15,1,7,,554827,49,0,40 15,1,48,,660586,49,0,40 15,1,4,,660549,67,0,40 15,1,3,,660584,49,0,40 15,1,8,,660475,49,0,40 15,1,7,,660539,49,0,40 15,1,8,,660553,49,0,40 15,1,4,,660576,67,0,40 15,1,3,,660457,49,0,40 15,1,8,,660444,49,0,40 15,1,7,,526745,49,0,40 15,1,48,,660511,49,0,40 15,1,7,,660472,49,0,40 15,1,4,,660570,67,0,40 15,1,4,,660527,49,0,40 15,1,7,,660565,49,0,40 15,1,8,,660495,49,0,40 15,1,7,,660490,49,0,40 15,1,4,,660582,67,0,40 15,1,4,,660470,49,0,40 15,1,7,,660507,49,0,40 15,1,48,,660523,49,0,40 15,1,7,,660468,49,0,40 15,1,4,,536902,67,0,40 15,1,4,,660519,49,0,40 15,1,7,,660538,49,0,40 15,1,8,,660532,49,0,40 15,1,7,,660509,49,0,40 15,1,4,,660563,67,0,40 15,1,4,,660442,49,0,40 15,1,7,,660464,49,0,40 15,1,48,,660479,49,0,40 15,1,7,,660518,49,0,40 15,1,4,,660462,67,0,40 15,1,4,,660471,49,0,40 15,1,7,,660592,49,0,40 15,1,8,,660531,49,0,40 15,1,7,,660482,49,0,40 15,1,4,,660560,67,0,40 15,1,4,,660541,49,0,40 15,1,7,,660554,49,0,40 15,1,48,,660529,49,0,40 15,1,7,,561662,49,0,40 15,1,4,,660567,67,0,40 15,1,4,,540064,49,0,40 15,1,7,,660503,49,0,40 15,1,8,,535795,49,0,40 15,1,7,,660440,49,0,40 15,1,4,,529177,67,0,40 15,1,4,,660452,49,0,40 15,1,7,,660438,49,0,40 15,1,48,,660546,49,0,40 15,1,7,,660534,49,0,40 15,1,4,,660447,67,0,40 15,1,3,,660537,49,0,40 15,1,5,,660445,49,0,40 15,1,6,,585687,49,0,40 15,1,5,,660489,67,0,40 15,1,5,,660485,49,0,40 15,1,10,,660498,49,0,40 15,1,50,,660588,49,0,40 15,1,5,,660459,67,0,40 15,1,5,,660477,49,0,40 15,1,10,,660536,49,0,40 15,1,10,,575573,49,0,40 15,1,5,,660514,67,0,40 15,1,5,,660545,49,0,40 15,1,10,,660578,49,0,40 15,1,50,,660543,49,0,40 15,1,5,,660486,67,0,40 15,1,5,,660585,49,0,40 15,1,10,,660517,49,0,40 15,1,10,,660558,49,0,40 15,1,5,,660504,67,0,40 15,1,5,,660456,49,0,40 15,1,9,,660591,49,0,40 15,1,5,,660450,67,0,40 15,1,3,,660439,49,0,40 15,1,48,,660561,49,0,40 15,1,8,,660551,49,0,40 15,1,9,,660463,49,0,40 15,1,5,,660520,67,0,40 15,1,5,,660535,49,0,40 15,1,10,,660556,49,0,40 15,1,10,,548683,49,0,40 15,1,50,,660441,49,0,40 15,1,10,,660552,49,0,40 15,1,5,,660453,67,0,40 15,1,5,,660493,49,0,40 15,1,10,,660497,49,0,40 15,1,10,,660448,49,0,40 15,1,10,,660550,49,0,40 15,1,6,,660505,67,0,40 15,1,44,,660465,49,0,40 15,1,10,,660580,49,0,40 15,1,10,,660526,49,0,40 15,1,10,,542104,49,0,40 15,1,10,,660533,49,0,40 15,1,10,,660572,49,0,40 15,1,50,,660528,49,0,40 15,1,10,,544561,49,0,40 15,1,10,,660559,49,0,40 15,1,10,,660555,49,0,40 15,1,10,,660516,49,0,40 15,1,10,,529809,49,0,40 15,1,50,,660437,49,0,40 15,1
