4802,'1',541,,678356,2,0,117 63,1,69,,715806,2,0,117 63,1,25,,663179,2,0,117 63,1,65,,654921,2,0,117 63,1,25,,630491,2,0,117 63,1,20,,715807,2,0,117 63,1,60,,715825,2,0,117 63,1,20,,715820,2,0,117 63,1,20,,715800,2,0,117 63,1,60,,715808,2,0,117 63,1,20,,715799,2,0,117 63,1,25,,715802,2,0,117 63,1,65,,690260,2,0,117 63,1,25,,715811,2,0,117 63,1,65,,493473,2,0,117 63,1,25,,715801,2,0,117 63,1,25,,715810,2,0,117 63,1,65,,715816,2,0,117 63,1,25,,672159,2,0,117 63,1,65,,634636,2,0,117 63,1,25,,715803,2,0,117 63,1,65,,656267,2,0,117 63,1,30,,715805,2,0,117 63,1,70,,651925,2,0,117 63,1,30,,656254,2,0,117 63,1,70,,616572,2,0,117 63,1,30,,686258,2,0,117 63,1,70,,715824,2,0,117 63,1,30,,715815,2,0,117 63,1,70,,715817,2,0,117 63,1,30,,715813,2,0,117 63,1,70,,715814,2,0,117 63,1,25,,715823,2,0,117 63,1,25,,616271,2,0,117 63,1,65,,485201,2,0,117 63,1,25,,715809,2,0,117 63,1,65,,687878,2,0,117 63,1,25,,715804,2,0,117 63,1,70,,715818,2,0,117 63,1,30,,715812,2,0,117 63,1,70,,655741,2,0,117 63,1,30,,715822,2,0,117 63,1,70,,715821,2,0,117 63,1,30,,474951,2,0,117 63,1,70,,715819,2,0,117 63,1
4802,'2',605,,715837,2,0,117 63,1,30,,585561,2,0,117 63,1,70,,715850,2,0,117 63,1,30,,715836,2,0,117 63,1,70,,715844,2,0,117 63,1,30,,715834,2,0,117 63,1,65,,681155,2,0,117 63,1,25,,715838,2,0,117 63,1,25,,668724,2,0,117 63,1,65,,715846,2,0,117 63,1,25,,715858,2,0,117 63,1,65,,715855,2,0,117 63,1,25,,570399,2,0,117 63,1,25,,715854,2,0,117 63,1,65,,715830,2,0,117 63,1,25,,715848,2,0,117 63,1,65,,715843,2,0,117 63,1,25,,715852,2,0,117 63,1,65,,671898,2,0,117 63,1,25,,715833,2,0,117 63,1,25,,715856,2,0,117 63,1,65,,642193,2,0,117 63,1,25,,715828,2,0,117 63,1,65,,715835,2,0,117 63,1,25,,715839,2,0,117 63,1,25,,652949,2,0,117 63,1,65,,715831,2,0,117 63,1,25,,673235,2,0,117 63,1,65,,715829,2,0,117 63,1,25,,715842,2,0,117 63,1,65,,715851,2,0,117 63,1,25,,684032,2,0,117 63,1,25,,715857,2,0,117 63,1,65,,715826,2,0,117 63,1,25,,715845,2,0,117 63,1,65,,715849,2,0,117 63,1,25,,715827,2,0,117 63,1,70,,715847,2,0,117 63,1,30,,715853,2,0,117 63,1,70,,619749,2,0,117 63,1,30,,715841,2,0,117 63,1,70,,715840,2,0,117 63,1,30,,670103,2,0,117 63,1,70,,657241,2,0,117 63,1
4802,'3',745,,715887,2,0,117 63,1,70,,715885,2,0,117 63,1,30,,715871,2,0,117 63,1,70,,668137,2,0,117 63,1,30,,715889,2,0,117 63,1,70,,645452,2,0,117 63,1,30,,684190,2,0,117 63,1,70,,715869,2,0,117 63,1,30,,633609,2,0,117 63,1,70,,715866,2,0,117 63,1,30,,629053,2,0,117 63,1,65,,715882,2,0,117 63,1,25,,715860,2,0,117 63,1,65,,715870,2,0,117 63,1,25,,715864,2,0,117 63,1,25,,715861,2,0,117 63,1,65,,715876,2,0,117 63,1,25,,715872,2,0,117 63,1,65,,715875,2,0,117 63,1,25,,715883,2,0,117 63,1,25,,715886,2,0,117 63,1,65,,715862,2,0,117 63,1,25,,715863,2,0,117 63,1,65,,715881,2,0,117 63,1,25,,715880,2,0,117 63,1,65,,715874,2,0,117 63,1,25,,715884,2,0,117 63,1,25,,715867,2,0,117 63,1,65,,715873,2,0,117 63,1,25,,715878,2,0,117 63,1,65,,715868,2,0,117 63,1,25,,715865,2,0,117 63,1,70,,715877,2,0,117 63,1,30,,517559,2,0,117 63,1,70,,715879,2,0,117 63,1,30,,715890,2,0,117 63,1,70,,539294,2,0,117 63,1,30,,715888,2,0,117 63,1,70,,715859,2,0,117 63,1
4802,'5',545,,715907,2,0,117 63,1,70,,715913,2,0,117 63,1,30,,715904,2,0,117 63,1,70,,715914,2,0,117 63,1,30,,673975,2,0,117 63,1,70,,715918,2,0,117 63,1,30,,715894,2,0,117 63,1,70,,715909,2,0,117 63,1,30,,664584,2,0,117 63,1,70,,715915,2,0,117 63,1,30,,715905,2,0,117 63,1,70,,513665,2,0,117 63,1,30,,715892,2,0,117 63,1,70,,614301,2,0,117 63,1,30,,715899,2,0,117 63,1,65,,715912,2,0,117 63,1,25,,657695,2,0,117 63,1,65,,715898,2,0,117 63,1,25,,715921,2,0,117 63,1,25,,715895,2,0,117 63,1,65,,715897,2,0,117 63,1,25,,543978,2,0,117 63,1,65,,715906,2,0,117 63,1,25,,715919,2,0,117 63,1,25,,715902,2,0,117 63,1,65,,641620,2,0,117 63,1,25,,645914,2,0,117 63,1,65,,620439,2,0,117 63,1,25,,715891,2,0,117 63,1,65,,715893,2,0,117 63,1,25,,715901,2,0,117 63,1,25,,715922,2,0,117 63,1,65,,715903,2,0,117 63,1,25,,715917,2,0,117 63,1,65,,715916,2,0,117 63,1,25,,715920,2,0,117 63,1,70,,715911,2,0,117 63,1,30,,715908,2,0,117 63,1,70,,715910,2,0,117 63,1,30,,681626,2,0,117 63,1,70,,715900,2,0,117 63,1,30,,715896,2,0,117 63,1,70,,634388,2,0,117 63,1
7303,'1',501,,730379,2,0,28 54,1,12,,636312,2,0,34 52 53 8,1,11,,730465,2,0,28 54,1,11,,683378,2,0,34 52 53 8,1,12,,730401,2,0,28 54,1,10,,730453,2,0,34 52 53 8,1,47,,730407,2,0,28 54,1,10,,730473,2,0,31 95 63,1,5,,524837,2,0,34 52 53 8,1,7,,634253,2,0,28 54,1,10,,730428,2,0,31 95 63,1,5,,730456,2,0,34 52 53 8,1,7,,730430,2,0,28 54,1,10,,645501,2,0,31 95 63,1,46,,730398,2,0,34 52 53 8,1,7,,669600,2,0,28 54,1,11,,658887,2,0,31 95 63,1,6,,730389,2,0,34 52 53 8,1,7,,688506,2,0,28 54,1,11,,730440,2,0,31 95 63,1,6,,730463,2,0,34 52 53 8,1,7,,730386,2,0,28 54,1,51,,730449,2,0,31 95 63,1,6,,730441,2,0,34 52 53 8,1,7,,730404,2,0,28 54,1,11,,730444,2,0,31 95 63,1,6,,730471,2,0,34 52 53 8,1,7,,730396,2,0,28 54,1,11,,730464,2,0,31 95 63,1,45,,730420,2,0,34 52 53 8,1,7,,641689,2,0,28 54,1,12,,517456,2,0,31 95 63,1,2,,730405,2,0,34 52 53 8,1,10,,730399,2,0,28 54,1,12,,730436,2,0,34 52 53 8,1,12,,730384,2,0,28 54,1,52,,730448,2,0,34 52 53 8,1,12,,730415,2,0,28 54,1,12,,730417,2,0,34 52 53 8,1,12,,730397,2,0,28 54,1,12,,730461,2,0,34 52 53 8,1,52,,730469,2,0,28 54,1,12,,623196,2,0,34 52 53 8,1,12,,730382,2,0,28 54,1,12,,730426,2,0,34 52 53 8,1,12,,730419,2,0,28 54,1,52,,642047,2,0,34 52 53 8,1,12,,730429,2,0,28 54,1,12,,678154,2,0,34 52 53 8,1,12,,730434,2,0,28 54,1,12,,730390,2,0,34 52 53 8,1,52,,730467,2,0,28 54,1,12,,730442,2,0,34 52 53 8,1,12,,614518,2,0,28 54,1,12,,730393,2,0,34 52 53 8,1,12,,730402,2,0,28 54,1,45,,730381,2,0,34 52 53 8,1,6,,730394,2,0,28 54,1,11,,730395,2,0,31 95 63,1,5,,730462,2,0,34 52 53 8,1,6,,730452,2,0,28 54,1,11,,730433,2,0,31 95 63,1,8,,730460,2,0,34 52 53 8,1,5,,652284,2,0,28 54,1,51,,730423,2,0,31 95 63,1,6,,730385,2,0,34 52 53 8,1,7,,730450,2,0,28 54,1,11,,730438,2,0,31 95 63,1,6,,730383,2,0,34 52 53 8,1,7,,642947,2,0,28 54,1,11,,730412,2,0,31 95 63,1,46,,689220,2,0,34 52 53 8,1,7,,730445,2,0,28 54,1,11,,554907,2,0,31 95 63,1,6,,669178,2,0,34 52 53 8,1,7,,640610,2,0,28 54,1,11,,730472,2,0,31 95 63,1,6,,730437,2,0,34 52 53 8,1,7,,610459,2,0,28 54,1,51,,730439,2,0,31 95 63,1,6,,730458,2,0,34 52 53 8,1,7,,730468,2,0,28 54,1,11,,730400,2,0,31 95 63,1,6,,540162,2,0,34 52 53 8,1,7,,730466,2,0,28 54,1,11,,730475,2,0,31 95 63,1,46,,690266,2,0,34 52 53 8,1,7,,730431,2,0,28 54,1,11,,730410,2,0,31 95 63,1,6,,730409,2,0,34 52 53 8,1,7,,730422,2,0,28 54,1,11,,730425,2,0,31 95 63,1,6,,730455,2,0,34 52 53 8,1,7,,730413,2,0,28 54,1,51,,730408,2,0,34 52 53 8,1,6,,730427,2,0,28 54,1,12,,730451,2,0,34 52 53 8,1,12,,730470,2,0,28 54,1,12,,622273,2,0,34 52 53 8,1,52,,730459,2,0,28 54,1,12,,532600,2,0,34 52 53 8,1,12,,730424,2,0,28 54,1,12,,730406,2,0,34 52 53 8,1,12,,730391,2,0,28 54,1,52,,730411,2,0,34 52 53 8,1,12,,630604,2,0,28 54,1,12,,537342,2,0,34 52 53 8,1,12,,730421,2,0,28 54,1,12,,613611,2,0,34 52 53 8,1,7,,730387,2,0,28 54,1,52,,730392,2,0,34 52 53 8,1,12,,730432,2,0,28 54,1,12,,730457,2,0,34 52 53 8,1,12,,730380,2,0,28 54,1,12,,730447,2,0,34 52 53 8,1,52,,730403,2,0,28 54,1,12,,730454,2,0,34 52 53 8,1,12,,730388,2,0,28 54,1,12,,730416,2,0,34 52 53 8,1,12,,730443,2,0,28 54,1,52,,730418,2,0,34 52 53 8,1,12,,730474,2,0,28 54,1,12,,730446,2,0,34 52 53 8,1,12,,606632,2,0,28 54,1,12,,730414,2,0,34 52 53 8,1,52,,730435,2,0,28 54,1
7303,'2',453,,730519,2,0,28 54,1,66,,730558,2,0,28 54,1,12,,608155,2,0,34 52 53 8,1,10,,730485,2,0,28 54,1,12,,621549,2,0,34 52 53 8,1,52,,730501,2,0,28 54,1,12,,730490,2,0,34 52 53 8,1,12,,658050,2,0,28 54,1,12,,466402,2,0,34 52 53 8,1,12,,730507,2,0,28 54,1,52,,730533,2,0,34 52 53 8,1,12,,730502,2,0,28 54,1,12,,730491,2,0,34 52 53 8,1,12,,616890,2,0,28 54,1,12,,730510,2,0,34 52 53 8,1,47,,730498,2,0,28 54,1,11,,730504,2,0,34 52 53 8,1,12,,730518,2,0,28 54,1,12,,730481,2,0,34 52 53 8,1,12,,679900,2,0,28 54,1,12,,573958,2,0,34 52 53 8,1,52,,730508,2,0,28 54,1,12,,529541,2,0,34 52 53 8,1,12,,730493,2,0,28 54,1,12,,730476,2,0,34 52 53 8,1,12,,730545,2,0,28 54,1,52,,730478,2,0,34 52 53 8,1,9,,730503,2,0,28 54,1,11,,730532,2,0,34 52 53 8,1,13,,730486,2,0,28 54,1,11,,730530,2,0,34 52 53 8,1,53,,730553,2,0,28 54,1,11,,730492,2,0,34 52 53 8,1,12,,730484,2,0,28 54,1,10,,730559,2,0,34 52 53 8,1,12,,730550,2,0,28 54,1,50,,730521,2,0,34 52 53 8,1,12,,730512,2,0,28 54,1,10,,730528,2,0,34 52 53 8,1,12,,730536,2,0,28 54,1,10,,730541,2,0,34 52 53 8,1,12,,730544,2,0,28 54,1,50,,730529,2,0,34 52 53 8,1,12,,730514,2,0,28 54,1,10,,730495,2,0,34 52 53 8,1,12,,730523,2,0,28 54,1,10,,730516,2,0,34 52 53 8,1,52,,730556,2,0,28 54,1,10,,730538,2,0,34 52 53 8,1,12,,730547,2,0,28 54,1,10,,730505,2,0,34 52 53 8,1,12,,730562,2,0,28 54,1,10,,730549,2,0,34 52 53 8,1,52,,730555,2,0,28 54,1,10,,680817,2,0,34 52 53 8,1,12,,730552,2,0,28 54,1,10,,730480,2,0,34 52 53 8,1,12,,730520,2,0,28 54,1,50,,674235,2,0,34 52 53 8,1,12,,537409,2,0,28 54,1,10,,730534,2,0,34 52 53 8,1,12,,730515,2,0,28 54,1,10,,730522,2,0,34 52 53 8,1,52,,730477,2,0,28 54,1,10,,730526,2,0,34 52 53 8,1,12,,678681,2,0,28 54,1,10,,730511,2,0,34 52 53 8,1,12,,730539,2,0,28 54,1,10,,730537,2,0,34 52 53 8,1,52,,730551,2,0,28 54,1,10,,650440,2,0,34 52 53 8,1,12,,604869,2,0,28 54,1,10,,730543,2,0,34 52 53 8,1,12,,730500,2,0,28 54,1,55,,730525,2,0,34 52 53 8,1,6,,730487,2,0,28 54,1,12,,730561,2,0,34 52 53 8,1,12,,730483,2,0,28 54,1,12,,730494,2,0,34 52 53 8,1,52,,585369,2,0,28 54,1,12,,730531,2,0,34 52 53 8,1,12,,730513,2,0,28 54,1,12,,730479,2,0,34 52 53 8,1,12,,730557,2,0,28 54,1,52,,730499,2,0,34 52 53 8,1,12,,730506,2,0,28 54,1,12,,619061,2,0,34 52 53 8,1,12,,730540,2,0,28 54,1,12,,730509,2,0,34 52 53 8,1,7,,517868,2,0,28 54,1,52,,730554,2,0,34 52 53 8,1,12,,730488,2,0,28 54,1,12,,645064,2,0,34 52 53 8,1,12,,730546,2,0,28 54,1,12,,730527,2,0,34 52 53 8,1,52,,730517,2,0,28 54,1,12,,648619,2,0,34 52 53 8,1,12,,730542,2,0,28 54,1,12,,730497,2,0,34 52 53 8,1,12,,730496,2,0,28 54,1,52,,730535,2,0,34 52 53 8,1,12,,538518,2,0,28 54,1,12,,730560,2,0,34 52 53 8,1,12,,730548,2,0,28 54,1,12,,730482,2,0,34 52 53 8,1,52,,730524,2,0,28 54,1
7303,'3',708,,730595,2,0,34 52 53 8,1,14,,730623,2,0,28 54,1,10,,730582,2,0,34 52 53 8,1,12,,730605,2,0,28 54,1,12,,610709,2,0,34 52 53 8,1,50,,730576,2,0,28 54,1,11,,730575,2,0,34 52 53 8,1,11,,730583,2,0,28 54,1,11,,730585,2,0,34 52 53 8,1,11,,730609,2,0,28 54,1,51,,730626,2,0,34 52 53 8,1,11,,627521,2,0,28 54,1,11,,730617,2,0,34 52 53 8,1,11,,730586,2,0,28 54,1,11,,730567,2,0,34 52 53 8,1,9,,730618,2,0,28 54,1,50,,730593,2,0,34 52 53 8,1,4,,624726,2,0,28 54,1,8,,730589,2,0,34 52 53 8,1,13,,730604,2,0,28 54,1,11,,730627,2,0,34 52 53 8,1,13,,730580,2,0,28 54,1,51,,730616,2,0,34 52 53 8,1,13,,730612,2,0,28 54,1,11,,730563,2,0,34 52 53 8,1,13,,730613,2,0,28 54,1,11,,675076,2,0,34 52 53 8,1,53,,608604,2,0,28 54,1,11,,730599,2,0,34 52 53 8,1,13,,617163,2,0,28 54,1,11,,730610,2,0,34 52 53 8,1,13,,730578,2,0,28 54,1,51,,658114,2,0,34 52 53 8,1,13,,730603,2,0,28 54,1,11,,730606,2,0,34 52 53 8,1,13,,730569,2,0,28 54,1,11,,730565,2,0,34 52 53 8,1,53,,730629,2,0,28 54,1,11,,730602,2,0,34 52 53 8,1,13,,730594,2,0,28 54,1,11,,730619,2,0,34 52 53 8,1,13,,619851,2,0,28 54,1,51,,730628,2,0,34 52 53 8,1,13,,730588,2,0,28 54,1,11,,622069,2,0,34 52 53 8,1,13,,646249,2,0,28 54,1,11,,629483,2,0,34 52 53 8,1,53,,730573,2,0,28 54,1,11,,730571,2,0,34 52 53 8,1,13,,730621,2,0,28 54,1,11,,730608,2,0,34 52 53 8,1,13,,613106,2,0,28 54,1,51,,730630,2,0,34 52 53 8,1,13,,636661,2,0,28 54,1,11,,730584,2,0,34 52 53 8,1,13,,730614,2,0,28 54,1,11,,730597,2,0,34 52 53 8,1,53,,730572,2,0,28 54,1,11,,730581,2,0,34 52 53 8,1,13,,539467,2,0,28 54,1,11,,730611,2,0,34 52 53 8,1,13,,517540,2,0,28 54,1,53,,730624,2,0,34 52 53 8,1,6,,730568,2,0,28 54,1,12,,730579,2,0,34 52 53 8,1,12,,730622,2,0,28 54,1,12,,730564,2,0,34 52 53 8,1,52,,682808,2,0,28 54,1,12,,730570,2,0,34 52 53 8,1,12,,730615,2,0,28 54,1,12,,616150,2,0,34 52 53 8,1,12,,730596,2,0,28 54,1,52,,618076,2,0,34 52 53 8,1,12,,730566,2,0,28 54,1,12,,632095,2,0,34 52 53 8,1,12,,730631,2,0,28 54,1,12,,730574,2,0,34 52 53 8,1,7,,730590,2,0,28 54,1,52,,730598,2,0,34 52 53 8,1,12,,730600,2,0,28 54,1,12,,730620,2,0,34 52 53 8,1,12,,730607,2,0,28 54,1,12,,730591,2,0,34 52 53 8,1,52,,677017,2,0,28 54,1,12,,626032,2,0,34 52 53 8,1,12,,730632,2,0,28 54,1,12,,730577,2,0,34 52 53 8,1,12,,565498,2,0,28 54,1,52,,730592,2,0,34 52 53 8,1,12,,647128,2,0,28 54,1,12,,644075,2,0,34 52 53 8,1,12,,730625,2,0,28 54,1,57,,628412,2,0,34 52 53 8,1,7,,730587,2,0,28 54,1
7303,'5',456,,730660,2,0,28 54,1,63,,644149,2,0,28 54,1,30,,730637,2,0,28 54,1,52,,563281,2,0,34 52 53 8,1,12,,730648,2,0,28 54,1,12,,730710,2,0,34 52 53 8,1,12,,730640,2,0,28 54,1,12,,730650,2,0,34 52 53 8,1,52,,730658,2,0,28 54,1,12,,730672,2,0,34 52 53 8,1,12,,730676,2,0,28 54,1,12,,730679,2,0,34 52 53 8,1,10,,730633,2,0,28 54,1,10,,730636,2,0,34 52 53 8,1,49,,730692,2,0,28 54,1,11,,730700,2,0,34 52 53 8,1,11,,730647,2,0,28 54,1,11,,624837,2,0,34 52 53 8,1,11,,650580,2,0,28 54,1,51,,730655,2,0,34 52 53 8,1,11,,730673,2,0,28 54,1,11,,587567,2,0,34 52 53 8,1,11,,730701,2,0,28 54,1,11,,686078,2,0,34 52 53 8,1,9,,730696,2,0,28 54,1,50,,730656,2,0,34 52 53 8,1,4,,730666,2,0,28 54,1,8,,730665,2,0,34 52 53 8,1,13,,730645,2,0,28 54,1,11,,730654,2,0,34 52 53 8,1,13,,730634,2,0,28 54,1,51,,540422,2,0,34 52 53 8,1,13,,652235,2,0,28 54,1,11,,653167,2,0,34 52 53 8,1,13,,730712,2,0,28 54,1,11,,730675,2,0,34 52 53 8,1,53,,730705,2,0,28 54,1,11,,730661,2,0,34 52 53 8,1,13,,730678,2,0,28 54,1,11,,730706,2,0,34 52 53 8,1,13,,730670,2,0,28 54,1,51,,730688,2,0,34 52 53 8,1,13,,730677,2,0,28 54,1,11,,730649,2,0,34 52 53 8,1,13,,730662,2,0,28 54,1,11,,730699,2,0,34 52 53 8,1,53,,730685,2,0,28 54,1,11,,730698,2,0,34 52 53 8,1,13,,730714,2,0,28 54,1,11,,730682,2,0,34 52 53 8,1,13,,730671,2,0,28 54,1,51,,730643,2,0,34 52 53 8,1,13,,730659,2,0,28 54,1,11,,730690,2,0,34 52 53 8,1,13,,730635,2,0,28 54,1,11,,730684,2,0,34 52 53 8,1,53,,730707,2,0,28 54,1,11,,730668,2,0,34 52 53 8,1,13,,730695,2,0,28 54,1,11,,730693,2,0,34 52 53 8,1,13,,730674,2,0,28 54,1,51,,730697,2,0,34 52 53 8,1,13,,730681,2,0,28 54,1,11,,730669,2,0,34 52 53 8,1,13,,730664,2,0,28 54,1,11,,730709,2,0,34 52 53 8,1,53,,730711,2,0,28 54,1,11,,523909,2,0,34 52 53 8,1,13,,608234,2,0,28 54,1,11,,730652,2,0,34 52 53 8,1,13,,730686,2,0,28 54,1,53,,730667,2,0,34 52 53 8,1,6,,730689,2,0,28 54,1,12,,598595,2,0,34 52 53 8,1,12,,730703,2,0,28 54,1,12,,730691,2,0,34 52 53 8,1,52,,730702,2,0,28 54,1,12,,730639,2,0,34 52 53 8,1,12,,730653,2,0,28 54,1,12,,730641,2,0,34 52 53 8,1,12,,730683,2,0,28 54,1,52,,647147,2,0,34 52 53 8,1,12,,730646,2,0,28 54,1,12,,666817,2,0,34 52 53 8,1,12,,730638,2,0,28 54,1,12,,730644,2,0,34 52 53 8,1,7,,662826,2,0,28 54,1,52,,730704,2,0,34 52 53 8,1,12,,730694,2,0,28 54,1,12,,730687,2,0,34 52 53 8,1,12,,730651,2,0,28 54,1,12,,730713,2,0,34 52 53 8,1,52,,730708,2,0,28 54,1,12,,681407,2,0,34 52 53 8,1,12,,730663,2,0,28 54,1,12,,613855,2,0,34 52 53 8,1,12,,730680,2,0,28 54,1,52,,629354,2,0,34 52 53 8,1,12,,622191,2,0,28 54,1,12,,685057,2,0,34 52 53 8,1,12,,730657,2,0,28 54,1,12,,605260,2,0,34 52 53 8,1,52,,616729,2,0,28 54,1
37303,'1',2528,,771016,2,0,11 12 9 3 73,1,25,,771015,2,0,11 12 9 3 73,1,70,,771018,2,0,11 12 9 3 73,1,30,,599658,2,0,11 12 9 3 73,1,70,,771020,2,0,11 12 9 3 73,1,30,,771017,2,0,11 12 9 3 73,1,70,,771019,2,0,11 12 9 3 73,1
37303,'2',2523,,771022,2,0,11 12 9 3 73,1,30,,632401,2,0,11 12 9 3 73,1,70,,684698,2,0,11 12 9 3 73,1,30,,650459,2,0,11 12 9 3 73,1,70,,397297,2,0,11 12 9 3 73,1,30,,771021,2,0,11 12 9 3 73,1,70,,771023,2,0,11 12 9 3 73,1
37303,'3',453,,771029,2,0,11 12 9 3 73,1,70,,771025,2,0,11 12 9 3 73,1,30,,771033,2,0,11 12 9 3 73,1,70,,771028,2,0,11 12 9 3 73,1,30,,683010,2,0,11 12 9 3 73,1,1885,,688023,2,0,11 12 9 3 73,1,65,,771032,2,0,11 12 9 3 73,1,30,,771024,2,0,11 12 9 3 73,1,70,,771027,2,0,11 12 9 3 73,1,30,,771026,2,0,11 12 9 3 73,1,70,,771030,2,0,11 12 9 3 73,1,30,,771031,2,0,11 12 9 3 73,1
37303,'5',2523,,771039,2,0,11 12 9 3 73,1,30,,771036,2,0,11 12 9 3 73,1,70,,771038,2,0,11 12 9 3 73,1,30,,771037,2,0,11 12 9 3 73,1,70,,771035,2,0,11 12 9 3 73,1,30,,606036,2,0,11 12 9 3 73,1,70,,771034,2,0,11 12 9 3 73,1
