2504,'1',521,,612905,5,0,34 141 8,1,9,,612768,19,0,5 141 8,1,7,,612753,6,0,34 141 8,1,7,,612833,19,0,5 141 8,1,6,,598391,6,0,34 141 8,1,5,,612796,19,0,5 141 8,1,47,,537355,6,0,34 141 8,1,6,,612756,19,0,5 141 8,1,8,,612784,6,0,34 141 8,1,9,,612807,6,0,34 141 8,1,7,,612798,6,0,34 141 8,1,7,,612866,6,0,34 141 8,1,7,,612755,6,0,34 141 8,1,7,,612851,6,0,34 141 8,1,47,,612897,6,0,34 141 8,1,7,,612802,6,0,34 141 8,1,9,,533507,6,0,34 141 8,1,9,,612890,6,0,34 141 8,1,9,,612869,6,0,34 141 8,1,9,,612911,6,0,34 141 8,1,9,,612834,6,0,34 141 8,1,49,,612775,6,0,34 141 8,1,9,,612779,6,0,34 141 8,1,9,,612791,6,0,34 141 8,1,9,,481383,6,0,34 141 8,1,9,,612896,6,0,34 141 8,1,9,,612852,6,0,34 141 8,1,9,,612752,6,0,34 141 8,1,49,,612790,6,0,34 141 8,1,10,,612836,6,0,34 141 8,1,10,,612907,6,0,34 141 8,1,10,,512969,6,0,34 141 8,1,10,,612893,6,0,34 141 8,1,10,,612914,6,0,34 141 8,1,50,,612883,6,0,34 141 8,1,10,,612795,6,0,34 141 8,1,10,,612918,6,0,34 141 8,1,10,,612781,6,0,34 141 8,1,10,,612782,6,0,34 141 8,1,10,,600771,6,0,34 141 8,1,50,,612928,6,0,34 141 8,1,10,,612930,6,0,34 141 8,1,10,,612801,6,0,34 141 8,1,10,,612751,6,0,34 141 8,1,10,,612904,6,0,34 141 8,1,10,,598012,6,0,34 141 8,1,50,,612767,6,0,34 141 8,1,10,,612824,6,0,34 141 8,1,10,,612916,6,0,34 141 8,1,10,,612792,6,0,34 141 8,1,10,,570280,6,0,34 141 8,1,10,,612794,6,0,34 141 8,1,50,,612747,6,0,34 141 8,1,10,,612832,6,0,34 141 8,1,10,,612846,6,0,34 141 8,1,10,,612783,6,0,34 141 8,1,10,,612830,6,0,34 141 8,1,10,,612774,6,0,34 141 8,1,50,,612759,6,0,34 141 8,1,10,,612787,6,0,34 141 8,1,10,,612803,6,0,34 141 8,1,10,,612760,6,0,34 141 8,1,10,,612926,6,0,34 141 8,1,8,,612809,6,0,34 141 8,1,48,,612922,6,0,34 141 8,1,10,,612761,6,0,34 141 8,1,8,,612822,6,0,34 141 8,1,8,,552680,6,0,34 141 8,1,8,,612850,6,0,34 141 8,1,8,,603266,6,0,34 141 8,1,8,,612912,6,0,34 141 8,1,8,,612763,6,0,34 141 8,1,48,,595480,6,0,34 141 8,1,8,,591195,6,0,34 141 8,1,8,,612746,6,0,34 141 8,1,8,,522427,6,0,34 141 8,1,8,,612867,6,0,34 141 8,1,8,,612917,6,0,34 141 8,1,8,,612878,6,0,34 141 8,1,48,,566557,6,0,34 141 8,1,8,,513277,6,0,34 141 8,1,8,,612828,6,0,34 141 8,1,8,,612894,6,0,34 141 8,1,8,,612847,6,0,34 141 8,1,8,,612780,6,0,34 141 8,1,8,,612920,6,0,34 141 8,1,8,,612933,6,0,34 141 8,1,48,,612840,6,0,34 141 8,1,8,,582823,6,0,34 141 8,1,8,,549849,6,0,34 141 8,1,8,,612889,6,0,34 141 8,1,8,,612903,6,0,34 141 8,1,10,,612898,6,0,34 141 8,1,10,,612835,6,0,34 141 8,1,50,,612919,6,0,34 141 8,1,10,,612819,6,0,34 141 8,1,10,,612880,6,0,34 141 8,1,10,,612804,6,0,34 141 8,1,10,,612818,6,0,34 141 8,1,10,,559850,6,0,34 141 8,1,50,,612773,6,0,34 141 8,1,10,,568930,6,0,34 141 8,1,10,,612838,6,0,34 141 8,1,10,,612849,6,0,34 141 8,1,10,,612923,6,0,34 141 8,1,10,,612868,6,0,34 141 8,1,50,,572729,6,0,34 141 8,1,10,,612793,6,0,34 141 8,1,10,,612816,6,0,34 141 8,1,10,,612908,6,0,34 141 8,1,10,,612769,6,0,34 141 8,1,10,,612865,6,0,34 141 8,1,50,,456878,6,0,34 141 8,1,11,,612906,19,0,5 141 8,1,10,,552399,19,0,5 141 8,1,10,,612785,19,0,5 141 8,1,10,,612823,19,0,5 141 8,1,10,,612758,19,0,5 141 8,1,50,,612872,19,0,5 141 8,1,10,,612854,19,0,5 141 8,1,10,,612879,19,0,5 141 8,1,10,,481377,19,0,5 141 8,1,10,,494679,19,0,5 141 8,1,10,,612766,19,0,5 141 8,1,50,,612825,19,0,5 141 8,1,10,,563812,19,0,5 141 8,1,10,,612853,19,0,5 141 8,1,10,,534547,19,0,5 141 8,1,10,,612902,19,0,5 141 8,1,10,,612762,19,0,5 141 8,1,50,,612772,19,0,5 141 8,1,10,,547898,19,0,5 141 8,1,14,,612915,19,0,5 141 8,1,10,,612924,19,0,17 26 27 8,1
2504,'2',529,,613005,5,0,34 141 8,1,17,,612977,19,0,5 141 8,1,10,,613019,19,0,5 141 8,1,53,,613025,19,0,5 141 8,1,10,,612978,19,0,5 141 8,1,10,,613004,19,0,5 141 8,1,10,,613033,19,0,5 141 8,1,10,,612964,19,0,5 141 8,1,10,,612994,19,0,5 141 8,1,50,,612959,19,0,5 141 8,1,10,,612963,19,0,5 141 8,1,10,,613003,19,0,5 141 8,1,10,,612968,19,0,5 141 8,1,8,,612938,19,0,5 141 8,1,10,,613014,19,0,5 141 8,1,49,,612965,19,0,5 141 8,1,10,,612951,19,0,5 141 8,1,10,,589546,19,0,5 141 8,1,10,,612958,19,0,5 141 8,1,10,,612953,19,0,5 141 8,1,10,,579860,19,0,5 141 8,1,50,,498167,19,0,5 141 8,1,10,,612976,19,0,5 141 8,1,10,,613021,19,0,5 141 8,1,10,,612980,19,0,5 141 8,1,10,,612996,19,0,5 141 8,1,10,,612992,19,0,5 141 8,1,50,,562836,19,0,5 141 8,1,10,,612989,19,0,5 141 8,1,10,,612993,19,0,5 141 8,1,10,,598200,19,0,5 141 8,1,10,,613029,19,0,5 141 8,1,10,,550539,19,0,5 141 8,1,50,,598718,19,0,5 141 8,1,10,,612969,19,0,5 141 8,1,10,,574804,19,0,5 141 8,1,7,,446165,19,0,5 141 8,1,10,,612983,19,0,5 141 8,1,10,,571305,19,0,5 141 8,1,50,,570835,19,0,5 141 8,1,10,,613013,19,0,5 141 8,1,11,,613028,19,0,5 141 8,1,10,,613010,19,0,5 141 8,1,10,,612986,19,0,5 141 8,1,10,,612979,19,0,5 141 8,1,50,,612956,19,0,5 141 8,1,10,,613032,19,0,5 141 8,1,10,,613031,19,0,5 141 8,1,10,,596951,19,0,5 141 8,1,10,,612988,19,0,5 141 8,1,10,,612967,19,0,5 141 8,1,50,,612970,19,0,5 141 8,1,10,,612973,19,0,5 141 8,1,10,,613023,19,0,5 141 8,1,10,,613034,19,0,5 141 8,1,10,,613001,19,0,5 141 8,1,10,,612944,19,0,5 141 8,1,50,,612948,19,0,5 141 8,1,10,,613027,19,0,5 141 8,1,10,,613035,19,0,5 141 8,1,10,,613017,19,0,5 141 8,1,10,,612942,19,0,5 141 8,1,10,,612966,19,0,5 141 8,1,50,,613030,19,0,5 141 8,1,10,,613009,19,0,5 141 8,1,10,,612936,19,0,5 141 8,1,10,,612975,19,0,5 141 8,1,10,,613037,19,0,5 141 8,1,10,,612995,19,0,5 141 8,1,50,,613008,19,0,5 141 8,1,10,,612982,19,0,5 141 8,1,10,,613006,19,0,5 141 8,1,10,,612937,19,0,5 141 8,1,10,,613016,19,0,5 141 8,1,10,,612974,19,0,5 141 8,1,50,,613012,19,0,5 141 8,1,10,,612947,19,0,5 141 8,1,10,,612961,19,0,5 141 8,1,10,,612950,19,0,5 141 8,1,10,,613002,19,0,5 141 8,1,10,,612971,19,0,5 141 8,1,50,,562593,19,0,5 141 8,1,9,,612941,19,0,5 141 8,1,10,,612991,19,0,5 141 8,1,10,,587674,19,0,5 141 8,1,10,,613024,19,0,5 141 8,1,10,,575742,19,0,5 141 8,1,50,,612957,19,0,5 141 8,1,10,,612954,19,0,5 141 8,1,10,,613036,19,0,5 141 8,1,10,,612962,19,0,5 141 8,1,10,,612985,19,0,5 141 8,1,10,,612952,19,0,5 141 8,1,50,,612960,19,0,5 141 8,1,10,,613000,19,0,5 141 8,1,10,,612940,19,0,5 141 8,1,10,,571605,19,0,5 141 8,1,10,,612943,19,0,5 141 8,1,10,,543288,19,0,5 141 8,1,50,,428960,19,0,5 141 8,1,10,,406095,19,0,5 141 8,1,7,,613026,19,0,5 141 8,1,8,,613015,19,0,5 141 8,1,8,,612981,19,0,5 141 8,1,10,,505002,19,0,5 141 8,1,10,,612984,19,0,5 141 8,1,50,,612997,19,0,5 141 8,1,10,,613007,19,0,5 141 8,1,10,,612990,19,0,5 141 8,1,10,,612955,19,0,5 141 8,1,10,,612972,19,0,5 141 8,1,10,,613011,19,0,5 141 8,1,50,,447259,19,0,5 141 8,1,10,,612998,19,0,5 141 8,1,10,,613020,19,0,5 141 8,1,10,,612999,19,0,5 141 8,1,10,,514943,19,0,5 141 8,1,10,,613022,19,0,5 141 8,1,50,,612949,19,0,5 141 8,1,15,,612945,19,0,5 141 8,1,14,,552014,19,0,5 141 8,1,8,,613018,19,0,17 26 27 8,1
2504,'3',559,,613083,19,0,5 141 8,1,70,,515292,19,0,5 141 8,1,30,,613091,19,0,5 141 8,1,70,,613103,19,0,5 141 8,1,17,,578209,19,0,5 141 8,1,61,,613122,19,0,5 141 8,1,10,,613048,19,0,5 141 8,1,10,,613123,19,0,5 141 8,1,10,,613084,19,0,5 141 8,1,10,,613057,19,0,5 141 8,1,10,,613124,19,0,5 141 8,1,50,,613110,19,0,5 141 8,1,10,,613064,19,0,5 141 8,1,10,,613111,19,0,5 141 8,1,10,,613078,19,0,5 141 8,1,10,,485448,19,0,5 141 8,1,10,,613067,19,0,5 141 8,1,50,,613070,19,0,5 141 8,1,10,,613043,19,0,5 141 8,1,10,,456396,19,0,5 141 8,1,10,,547511,19,0,5 141 8,1,10,,613063,19,0,5 141 8,1,10,,613044,19,0,5 141 8,1,50,,613050,19,0,5 141 8,1,10,,613059,19,0,5 141 8,1,10,,521187,19,0,5 141 8,1,10,,613069,19,0,5 141 8,1,9,,613039,19,0,5 141 8,1,8,,613073,19,0,5 141 8,1,50,,613114,19,0,5 141 8,1,10,,613068,19,0,5 141 8,1,10,,613066,19,0,5 141 8,1,10,,613081,19,0,5 141 8,1,10,,613118,19,0,5 141 8,1,10,,613092,19,0,5 141 8,1,50,,613088,19,0,5 141 8,1,10,,467783,19,0,5 141 8,1,10,,613077,19,0,5 141 8,1,10,,500899,19,0,5 141 8,1,10,,613116,19,0,5 141 8,1,10,,613046,19,0,5 141 8,1,50,,613090,19,0,5 141 8,1,10,,613098,19,0,5 141 8,1,10,,613105,19,0,5 141 8,1,10,,561501,19,0,5 141 8,1,10,,613097,19,0,5 141 8,1,10,,613071,19,0,5 141 8,1,50,,613120,19,0,5 141 8,1,10,,613109,19,0,5 141 8,1,10,,516765,19,0,5 141 8,1,10,,613086,19,0,5 141 8,1,10,,613051,19,0,5 141 8,1,10,,613112,19,0,5 141 8,1,50,,613065,19,0,5 141 8,1,10,,613045,19,0,5 141 8,1,10,,570473,19,0,5 141 8,1,10,,613126,19,0,5 141 8,1,10,,613099,19,0,5 141 8,1,10,,613096,19,0,5 141 8,1,50,,613076,19,0,5 141 8,1,10,,546691,19,0,5 141 8,1,10,,613125,19,0,5 141 8,1,10,,613047,19,0,5 141 8,1,10,,589223,19,0,5 141 8,1,10,,613117,19,0,5 141 8,1,50,,613053,19,0,5 141 8,1,10,,529719,19,0,5 141 8,1,10,,613061,19,0,5 141 8,1,10,,613058,19,0,5 141 8,1,12,,574569,19,0,5 141 8,1,11,,613042,19,0,5 141 8,1,50,,613104,19,0,5 141 8,1,10,,613085,19,0,5 141 8,1,10,,528366,19,0,5 141 8,1,10,,382683,19,0,5 141 8,1,10,,613101,19,0,5 141 8,1,10,,613062,19,0,5 141 8,1,50,,613072,19,0,5 141 8,1,10,,613054,19,0,5 141 8,1,10,,613127,19,0,5 141 8,1,10,,613115,19,0,5 141 8,1,10,,382418,19,0,5 141 8,1,10,,613052,19,0,5 141 8,1,50,,613094,19,0,5 141 8,1,10,,613074,19,0,5 141 8,1,10,,613079,19,0,5 141 8,1,11,,613093,19,0,5 141 8,1,11,,613080,19,0,5 141 8,1,51,,613095,19,0,5 141 8,1,10,,567756,19,0,5 141 8,1,10,,613082,19,0,5 141 8,1,10,,613108,19,0,5 141 8,1,10,,613102,19,0,5 141 8,1,10,,613119,19,0,5 141 8,1,50,,613055,19,0,5 141 8,1,10,,613100,19,0,5 141 8,1,10,,613113,19,0,5 141 8,1,10,,513558,19,0,5 141 8,1,10,,613107,19,0,5 141 8,1,10,,613106,19,0,5 141 8,1,50,,552031,19,0,5 141 8,1,10,,613075,19,0,5 141 8,1,10,,613038,19,0,5 141 8,1,10,,613060,19,0,5 141 8,1,10,,532412,19,0,5 141 8,1,10,,613089,19,0,5 141 8,1,50,,613040,19,0,5 141 8,1,10,,613049,19,0,5 141 8,1,10,,613056,19,0,5 141 8,1,14,,613121,19,0,5 141 8,1,9,,613041,19,0,17 26 27 8,1
2504,'5',529,,613222,5,0,34 141 8,1,18,,581939,19,0,5 141 8,1,10,,613166,19,0,5 141 8,1,50,,600592,19,0,5 141 8,1,10,,613204,19,0,5 141 8,1,10,,613164,19,0,5 141 8,1,10,,613138,19,0,5 141 8,1,10,,593893,19,0,5 141 8,1,10,,613142,19,0,5 141 8,1,50,,613202,19,0,5 141 8,1,10,,613220,19,0,5 141 8,1,10,,613188,19,0,5 141 8,1,10,,540785,19,0,5 141 8,1,10,,613161,19,0,5 141 8,1,10,,518196,19,0,5 141 8,1,50,,613146,19,0,5 141 8,1,10,,554667,19,0,5 141 8,1,10,,517610,19,0,5 141 8,1,10,,613141,19,0,5 141 8,1,10,,613148,19,0,5 141 8,1,10,,613181,19,0,5 141 8,1,50,,613137,19,0,5 141 8,1,10,,613153,19,0,5 141 8,1,10,,613224,19,0,5 141 8,1,10,,613158,19,0,5 141 8,1,10,,613171,19,0,5 141 8,1,10,,613184,19,0,5 141 8,1,50,,599417,19,0,5 141 8,1,10,,539067,19,0,5 141 8,1,10,,613176,19,0,5 141 8,1,10,,613209,19,0,5 141 8,1,10,,613179,19,0,5 141 8,1,10,,613216,19,0,5 141 8,1,50,,613133,19,0,5 141 8,1,10,,587526,19,0,5 141 8,1,10,,613221,19,0,5 141 8,1,10,,613214,19,0,5 141 8,1,9,,613140,19,0,5 141 8,1,8,,613210,19,0,5 141 8,1,50,,613223,19,0,5 141 8,1,10,,613143,19,0,5 141 8,1,10,,613187,19,0,5 141 8,1,10,,613139,19,0,5 141 8,1,10,,613152,19,0,5 141 8,1,10,,613182,19,0,5 141 8,1,50,,613183,19,0,5 141 8,1,10,,613175,19,0,5 141 8,1,10,,555971,19,0,5 141 8,1,10,,613190,19,0,5 141 8,1,10,,613219,19,0,5 141 8,1,10,,613169,19,0,5 141 8,1,50,,613208,19,0,5 141 8,1,10,,613132,19,0,5 141 8,1,10,,560645,19,0,5 141 8,1,10,,613186,19,0,5 141 8,1,10,,603232,19,0,5 141 8,1,10,,613149,19,0,5 141 8,1,50,,613211,19,0,5 141 8,1,10,,613191,19,0,5 141 8,1,10,,613150,19,0,5 141 8,1,10,,613217,19,0,5 141 8,1,10,,613212,19,0,5 141 8,1,10,,527316,19,0,5 141 8,1,50,,613205,19,0,5 141 8,1,10,,613145,19,0,5 141 8,1,10,,613167,19,0,5 141 8,1,10,,613128,19,0,5 141 8,1,10,,613192,19,0,5 141 8,1,10,,535809,19,0,5 141 8,1,50,,613172,19,0,5 141 8,1,10,,613144,19,0,5 141 8,1,10,,546741,19,0,5 141 8,1,10,,520054,19,0,5 141 8,1,10,,613196,19,0,5 141 8,1,10,,613155,19,0,5 141 8,1,50,,613129,19,0,5 141 8,1,10,,613213,19,0,5 141 8,1,10,,613199,19,0,5 141 8,1,10,,613157,19,0,5 141 8,1,12,,613135,19,0,5 141 8,1,11,,613136,19,0,5 141 8,1,50,,591117,19,0,5 141 8,1,10,,564376,19,0,5 141 8,1,10,,613130,19,0,5 141 8,1,10,,613159,19,0,5 141 8,1,10,,613170,19,0,5 141 8,1,10,,532464,19,0,5 141 8,1,50,,613185,19,0,5 141 8,1,10,,613173,19,0,5 141 8,1,10,,613162,19,0,5 141 8,1,10,,613207,19,0,5 141 8,1,10,,613203,19,0,5 141 8,1,10,,613163,19,0,5 141 8,1,50,,613160,19,0,5 141 8,1,10,,613178,19,0,5 141 8,1,10,,613189,19,0,5 141 8,1,11,,613197,19,0,5 141 8,1,11,,613156,19,0,5 141 8,1,51,,613180,19,0,5 141 8,1,10,,593130,19,0,5 141 8,1,10,,613198,19,0,5 141 8,1,10,,613195,19,0,5 141 8,1,10,,613154,19,0,5 141 8,1,10,,613215,19,0,5 141 8,1,50,,580925,19,0,5 141 8,1,10,,613165,19,0,5 141 8,1,10,,521744,19,0,5 141 8,1,10,,613151,19,0,5 141 8,1,10,,613206,19,0,5 141 8,1,10,,583209,19,0,5 141 8,1,50,,613218,19,0,5 141 8,1,10,,613134,19,0,5 141 8,1,10,,613200,19,0,5 141 8,1,10,,563730,19,0,5 141 8,1,10,,613131,19,0,5 141 8,1,10,,613194,19,0,5 141 8,1,50,,581405,19,0,5 141 8,1,10,,613193,19,0,5 141 8,1,10,,613168,19,0,5 141 8,1,14,,613177,19,0,5 141 8,1,9,,613147,19,0,17 26 27 8,1
32504,'1',456,,681703,19,0,11 12 147,1,56,,681701,19,0,11 12 147,1,2088,,681704,7,0,11 12 147,1,15,,681700,7,0,17 74,1,15,,681706,7,0,11 12 147,1,26,,681702,19,0,11 12 147,1,70,,681705,19,0,11 12 147,1,30,,681699,19,0,11 12 147,1,70,,571128,19,0,11 12 147,1
32504,'2',456,,681711,19,0,11 12 147,1,58,,583795,19,0,11 12 147,1,2086,,681707,7,0,11 12 147,1,15,,681709,7,0,17 74,1,15,,681708,7,0,11 12 147,1,26,,681712,19,0,11 12 147,1,70,,681710,19,0,11 12 147,1,30,,467168,19,0,11 12 147,1,70,,493188,19,0,11 12 147,1
32504,'3',456,,681715,19,0,11 12 147,1,68,,567212,19,0,11 12 147,1,2076,,566263,7,0,11 12 147,1,15,,570495,7,0,17 74,1,15,,681713,7,0,11 12 147,1,26,,681717,19,0,11 12 147,1,70,,539778,19,0,11 12 147,1,30,,681714,19,0,11 12 147,1,70,,681716,19,0,11 12 147,1
32504,'5',500,,589787,19,0,11 12 147,1,16,,681722,19,0,11 12 147,1,2084,,681720,7,0,11 12 147,1,15,,681724,7,0,17 74,1,15,,681719,7,0,11 12 147,1,26,,597849,19,0,11 12 147,1,70,,681723,19,0,11 12 147,1,30,,681721,19,0,11 12 147,1,70,,681718,19,0,11 12 147,1
92504,'1',620,,587986,8,0,141 8,1,15,,686499,8,0,141 8,1,12,,521366,8,0,141 8,1,12,,686517,8,0,141 8,1,52,,686519,8,0,141 8,1,12,,588751,8,0,141 8,1,12,,597372,8,0,141 8,1,12,,686531,8,0,141 8,1,12,,686495,8,0,141 8,1,52,,686529,8,0,141 8,1,12,,603276,8,0,141 8,1,12,,686505,8,0,141 8,1,12,,416579,8,0,141 8,1,12,,686501,8,0,141 8,1,52,,517165,8,0,141 8,1,12,,686544,8,0,141 8,1,15,,437448,8,0,141 8,1,15,,686492,8,0,141 8,1,55,,686496,8,0,141 8,1,15,,686497,8,0,141 8,1,15,,603380,8,0,141 8,1,15,,686500,8,0,141 8,1,55,,686520,8,0,141 8,1,15,,515734,8,0,141 8,1,15,,686522,8,0,141 8,1,15,,686536,8,0,141 8,1,55,,686530,8,0,141 8,1,15,,686507,8,0,141 8,1,15,,686503,8,0,141 8,1,15,,686516,8,0,141 8,1,55,,686525,8,0,141 8,1,15,,686498,8,0,141 8,1,15,,686515,8,0,141 8,1,15,,686528,8,0,141 8,1,55,,686488,8,0,141 8,1,15,,686513,8,0,141 8,1,15,,598631,8,0,141 8,1,15,,686537,8,0,141 8,1,55,,600720,8,0,141 8,1,16,,686518,8,0,141 8,1,11,,595434,8,0,141 8,1,11,,686489,8,0,141 8,1,11,,686527,8,0,141 8,1,51,,686509,8,0,141 8,1,11,,570778,8,0,141 8,1,11,,686526,8,0,141 8,1,11,,686504,8,0,141 8,1,11,,686540,8,0,141 8,1,51,,686493,8,0,141 8,1,11,,686545,8,0,141 8,1,11,,686487,8,0,141 8,1,11,,686486,8,0,141 8,1,11,,686535,8,0,141 8,1,11,,686490,8,0,141 8,1,51,,686524,8,0,141 8,1,11,,686511,8,0,141 8,1,11,,686514,8,0,141 8,1,11,,686533,8,0,141 8,1,11,,686532,8,0,141 8,1,51,,686521,8,0,141 8,1,11,,589439,8,0,141 8,1,8,,686534,8,0,141 8,1,15,,686502,8,0,141 8,1,15,,686508,8,0,141 8,1,55,,686538,8,0,141 8,1,15,,686510,8,0,141 8,1,15,,686542,8,0,141 8,1,15,,585724,8,0,141 8,1,55,,686523,8,0,141 8,1,15,,686512,8,0,141 8,1,15,,686494,8,0,141 8,1,15,,686541,8,0,141 8,1,55,,686491,8,0,141 8,1,16,,686506,8,0,141 8,1
92504,'2',728,,548968,8,0,141 8,1,15,,379062,8,0,141 8,1,15,,686550,8,0,141 8,1,55,,592077,8,0,141 8,1,15,,686554,8,0,141 8,1,15,,686582,8,0,141 8,1,15,,686553,8,0,141 8,1,55,,686574,8,0,141 8,1,15,,487549,8,0,141 8,1,15,,686546,8,0,141 8,1,15,,460026,8,0,141 8,1,55,,686565,8,0,141 8,1,15,,686560,8,0,141 8,1,15,,686559,8,0,141 8,1,15,,686576,8,0,141 8,1,55,,686579,8,0,141 8,1,15,,686581,8,0,141 8,1,15,,686548,8,0,141 8,1,15,,686578,8,0,141 8,1,55,,686569,8,0,141 8,1,16,,530485,8,0,141 8,1,15,,686564,8,0,141 8,1,56,,686567,8,0,141 8,1,15,,686552,8,0,141 8,1,15,,686568,8,0,141 8,1,15,,686572,8,0,141 8,1,55,,686573,8,0,141 8,1,15,,686562,8,0,141 8,1,15,,686555,8,0,141 8,1,15,,686570,8,0,141 8,1,55,,686561,8,0,141 8,1,15,,587664,8,0,141 8,1,15,,686566,8,0,141 8,1,15,,686563,8,0,141 8,1,55,,686558,8,0,141 8,1,15,,576408,8,0,141 8,1,15,,686580,8,0,141 8,1,15,,686556,8,0,141 8,1,55,,686551,8,0,141 8,1,15,,686577,8,0,141 8,1,15,,686557,8,0,141 8,1,15,,591929,8,0,141 8,1,55,,686575,8,0,141 8,1,15,,554064,8,0,141 8,1,15,,686547,8,0,141 8,1,15,,407754,8,0,141 8,1,55,,686549,8,0,141 8,1,15,,686571,8,0,141 8,1
92504,'3',731,,475513,8,0,141 8,1,15,,686605,8,0,141 8,1,56,,686615,8,0,141 8,1,13,,686616,8,0,141 8,1,13,,686591,8,0,141 8,1,13,,686611,8,0,141 8,1,13,,686583,8,0,141 8,1,53,,686592,8,0,141 8,1,13,,595239,8,0,141 8,1,13,,686609,8,0,141 8,1,13,,686610,8,0,141 8,1,13,,686595,8,0,141 8,1,53,,568772,8,0,141 8,1,13,,686585,8,0,141 8,1,13,,686620,8,0,141 8,1,13,,440410,8,0,141 8,1,53,,686604,8,0,141 8,1,13,,686584,8,0,141 8,1,13,,372748,8,0,141 8,1,13,,686599,8,0,141 8,1,13,,527797,8,0,141 8,1,53,,686601,8,0,141 8,1,14,,686617,8,0,141 8,1,14,,686587,8,0,141 8,1,14,,686602,8,0,141 8,1,54,,686593,8,0,141 8,1,14,,686624,8,0,141 8,1,14,,686619,8,0,141 8,1,14,,686588,8,0,141 8,1,54,,686614,8,0,141 8,1,14,,686590,8,0,141 8,1,14,,686594,8,0,141 8,1,14,,686596,8,0,141 8,1,14,,686621,8,0,141 8,1,54,,551348,8,0,141 8,1,14,,686625,8,0,141 8,1,14,,686603,8,0,141 8,1,14,,686613,8,0,141 8,1,54,,686622,8,0,141 8,1,14,,686608,8,0,141 8,1,14,,686589,8,0,141 8,1,14,,686618,8,0,141 8,1,54,,686606,8,0,141 8,1,14,,686586,8,0,141 8,1,14,,686623,8,0,141 8,1,14,,686598,8,0,141 8,1,14,,686597,8,0,141 8,1,54,,686607,8,0,141 8,1,14,,553324,8,0,141 8,1,14,,558628,8,0,141 8,1,14,,686600,8,0,141 8,1,57,,686612,8,0,141 8,1
92504,'5',732,,686628,8,0,141 8,1,15,,686651,8,0,141 8,1,55,,546179,8,0,141 8,1,13,,686644,8,0,141 8,1,13,,686655,8,0,141 8,1,13,,576339,8,0,141 8,1,13,,686626,8,0,141 8,1,53,,686669,8,0,141 8,1,13,,686637,8,0,141 8,1,13,,686631,8,0,141 8,1,13,,686656,8,0,141 8,1,13,,686662,8,0,141 8,1,53,,686653,8,0,141 8,1,13,,686627,8,0,141 8,1,13,,686659,8,0,141 8,1,13,,686639,8,0,141 8,1,53,,559718,8,0,141 8,1,13,,686660,8,0,141 8,1,13,,602499,8,0,141 8,1,13,,686634,8,0,141 8,1,13,,686664,8,0,141 8,1,53,,686661,8,0,141 8,1,14,,686657,8,0,141 8,1,14,,686646,8,0,141 8,1,14,,686649,8,0,141 8,1,54,,686647,8,0,141 8,1,14,,686652,8,0,141 8,1,14,,534315,8,0,141 8,1,14,,686630,8,0,141 8,1,54,,572854,8,0,141 8,1,14,,686654,8,0,141 8,1,14,,686641,8,0,141 8,1,14,,686636,8,0,141 8,1,14,,686658,8,0,141 8,1,54,,686650,8,0,141 8,1,14,,686642,8,0,141 8,1,14,,686643,8,0,141 8,1,14,,686667,8,0,141 8,1,54,,686645,8,0,141 8,1,14,,686665,8,0,141 8,1,14,,686648,8,0,141 8,1,14,,686666,8,0,141 8,1,54,,686632,8,0,141 8,1,14,,686633,8,0,141 8,1,14,,686635,8,0,141 8,1,14,,686668,8,0,141 8,1,14,,686638,8,0,141 8,1,54,,555044,8,0,141 8,1,14,,686629,8,0,141 8,1,14,,686640,8,0,141 8,1,14,,686663,8,0,141 8,1,57,,530932,8,0,141 8,1
