9502,'1',525,,743051,59,0,14 38 15,1,12,,743028,59,0,14 38 15,1,16,,743068,59,0,14 38 15,1,55,,743030,59,0,14 38 15,1,12,,743062,59,0,14 38 15,1,9,,743012,59,0,14 38 15,1,10,,742975,59,0,14 38 15,1,10,,743087,59,0,14 38 15,1,10,,743011,59,0,14 38 15,1,50,,742979,59,0,14 38 15,1,10,,562969,59,0,14 38 15,1,9,,667337,59,0,14 38 15,1,9,,743076,59,0,14 38 15,1,10,,743031,59,0,14 38 15,1,9,,743006,59,0,14 38 15,1,51,,743008,59,0,14 38 15,1,10,,742981,59,0,14 38 15,1,10,,572019,59,0,14 38 15,1,10,,742994,59,0,14 38 15,1,10,,743053,59,0,14 38 15,1,10,,743055,59,0,14 38 15,1,50,,743067,59,0,14 38 15,1,8,,742997,59,0,14 38 15,1,10,,523532,59,0,14 38 15,1,7,,672015,59,0,14 38 15,1,11,,743048,59,0,14 38 15,1,9,,743017,59,0,14 38 15,1,49,,623217,59,0,14 38 15,1,10,,743025,59,0,14 38 15,1,10,,743020,59,0,14 38 15,1,10,,742985,59,0,14 38 15,1,10,,641670,59,0,14 38 15,1,8,,743043,59,0,14 38 15,1,10,,743000,59,0,14 38 15,1,50,,668598,59,0,14 38 15,1,9,,742977,59,0,14 38 15,1,10,,743009,59,0,14 38 15,1,10,,743038,59,0,14 38 15,1,10,,743063,59,0,14 38 15,1,10,,743061,59,0,14 38 15,1,50,,743058,59,0,14 38 15,1,10,,489414,59,0,14 38 15,1,10,,743039,59,0,14 38 15,1,10,,743022,59,0,14 38 15,1,10,,743090,59,0,14 38 15,1,10,,743046,59,0,14 38 15,1,50,,623160,59,0,14 38 15,1,10,,743060,59,0,14 38 15,1,10,,743013,59,0,14 38 15,1,10,,743024,59,0,14 38 15,1,10,,471994,59,0,14 38 15,1,10,,743089,59,0,14 38 15,1,50,,633123,59,0,14 38 15,1,10,,743079,59,0,14 38 15,1,10,,743016,59,0,14 38 15,1,10,,743033,59,0,14 38 15,1,10,,743005,59,0,14 38 15,1,10,,743014,59,0,14 38 15,1,49,,743069,59,0,14 38 15,1,11,,742996,59,0,14 38 15,1,11,,743081,59,0,14 38 15,1,5,,743082,47,0,14 38 15,1,7,,743085,59,0,14 38 15,1,12,,743045,59,0,14 38 15,1,50,,743074,59,0,14 38 15,1,10,,742993,59,0,14 38 15,1,10,,608492,59,0,14 38 15,1,10,,743041,59,0,14 38 15,1,10,,742987,59,0,14 38 15,1,10,,742999,59,0,14 38 15,1,50,,742980,59,0,14 38 15,1,10,,743050,59,0,14 38 15,1,10,,743052,59,0,14 38 15,1,10,,743047,59,0,14 38 15,1,10,,743084,59,0,14 38 15,1,10,,742972,59,0,14 38 15,1,50,,743015,59,0,14 38 15,1,10,,742991,59,0,14 38 15,1,10,,743003,59,0,14 38 15,1,10,,743007,59,0,14 38 15,1,10,,743065,59,0,14 38 15,1,10,,743026,59,0,14 38 15,1,49,,743088,59,0,14 38 15,1,9,,742978,59,0,14 38 15,1,9,,743056,59,0,14 38 15,1,8,,743091,59,0,14 38 15,1,7,,743001,59,0,14 38 15,1,8,,645635,59,0,14 38 15,1,9,,742976,59,0,14 38 15,1,6,,743054,49,0,14 38 15,1,46,,742974,59,0,14 38 15,1,6,,743019,49,0,14 38 15,1,6,,394876,59,0,14 38 15,1,6,,743027,49,0,14 38 15,1,6,,743023,59,0,14 38 15,1,6,,743004,49,0,14 38 15,1,6,,743032,59,0,14 38 15,1,6,,743071,49,0,14 38 15,1,6,,743066,59,0,14 38 15,1,6,,743021,49,0,14 38 15,1,46,,743035,59,0,14 38 15,1,6,,632769,49,0,14 38 15,1,6,,742998,59,0,14 38 15,1,6,,743037,49,0,14 38 15,1,6,,743059,59,0,14 38 15,1,6,,743010,49,0,14 38 15,1,6,,743040,59,0,14 38 15,1,6,,743018,49,0,14 38 15,1,6,,743049,59,0,14 38 15,1,48,,743057,49,0,14 38 15,1,7,,743042,59,0,14 38 15,1,6,,743083,49,0,14 38 15,1,7,,743073,59,0,14 38 15,1,6,,743077,49,0,14 38 15,1,8,,743044,59,0,14 38 15,1,6,,639005,49,0,14 38 15,1,8,,743080,59,0,14 38 15,1,8,,742988,49,0,14 38 15,1,48,,743002,59,0,14 38 15,1,8,,743034,49,0,14 38 15,1,8,,742989,59,0,14 38 15,1,8,,742990,49,0,14 38 15,1,8,,742982,59,0,14 38 15,1,8,,742983,49,0,14 38 15,1,8,,742995,59,0,14 38 15,1,48,,743086,49,0,14 38 15,1,8,,635925,59,0,14 38 15,1,8,,743078,49,0,14 38 15,1,8,,625430,59,0,14 38 15,1,8,,742973,49,0,14 38 15,1,8,,743036,59,0,14 38 15,1,8,,743072,49,0,14 38 15,1,8,,578037,59,0,14 38 15,1,48,,742984,49,0,14 38 15,1,8,,743064,59,0,14 38 15,1,8,,742986,49,0,14 38 15,1,15,,743075,59,0,14 38 15,1,13,,743070,49,0,14 38 15,1,11,,743029,59,0,14 38 15,1
9502,'2',536,,743154,59,0,14 38 15,1,17,,635409,59,0,14 38 15,1,57,,743206,59,0,14 38 15,1,9,,743101,49,0,14 38 15,1,8,,743228,59,0,14 38 15,1,8,,743106,49,0,14 38 15,1,8,,743183,59,0,14 38 15,1,8,,678382,49,0,14 38 15,1,8,,686904,59,0,14 38 15,1,48,,743191,49,0,14 38 15,1,8,,743223,59,0,14 38 15,1,8,,743092,49,0,14 38 15,1,8,,743122,59,0,14 38 15,1,8,,636603,49,0,14 38 15,1,8,,743135,59,0,14 38 15,1,8,,678229,49,0,14 38 15,1,48,,629427,59,0,14 38 15,1,8,,743168,49,0,14 38 15,1,8,,743153,59,0,14 38 15,1,8,,743233,49,0,14 38 15,1,8,,743094,59,0,14 38 15,1,8,,743105,49,0,14 38 15,1,6,,743132,59,0,14 38 15,1,6,,636448,49,0,14 38 15,1,46,,743199,59,0,14 38 15,1,6,,743093,49,0,14 38 15,1,6,,589515,59,0,14 38 15,1,6,,743161,49,0,14 38 15,1,6,,743159,59,0,14 38 15,1,6,,743166,49,0,14 38 15,1,6,,743137,59,0,14 38 15,1,6,,501188,49,0,14 38 15,1,6,,623535,59,0,14 38 15,1,6,,628850,49,0,14 38 15,1,46,,743125,59,0,14 38 15,1,6,,743112,49,0,14 38 15,1,6,,743177,59,0,14 38 15,1,6,,743192,49,0,14 38 15,1,6,,653335,59,0,14 38 15,1,6,,686575,49,0,14 38 15,1,6,,743108,59,0,14 38 15,1,6,,743182,49,0,14 38 15,1,6,,743193,59,0,14 38 15,1,6,,743186,49,0,14 38 15,1,46,,743144,59,0,14 38 15,1,6,,743209,49,0,14 38 15,1,6,,743215,59,0,14 38 15,1,6,,743110,49,0,14 38 15,1,6,,743200,59,0,14 38 15,1,6,,743190,49,0,14 38 15,1,6,,743196,59,0,14 38 15,1,6,,743173,49,0,14 38 15,1,6,,743104,59,0,14 38 15,1,6,,743157,49,0,14 38 15,1,46,,743148,59,0,14 38 15,1,6,,743099,49,0,14 38 15,1,6,,743226,59,0,14 38 15,1,6,,743214,49,0,14 38 15,1,6,,743109,59,0,14 38 15,1,6,,683522,49,0,14 38 15,1,6,,743172,59,0,14 38 15,1,6,,743142,49,0,14 38 15,1,6,,743230,59,0,14 38 15,1,6,,743139,49,0,14 38 15,1,46,,743162,59,0,14 38 15,1,6,,743179,49,0,14 38 15,1,6,,743213,59,0,14 38 15,1,6,,743119,49,0,14 38 15,1,6,,743155,59,0,14 38 15,1,6,,743156,49,0,14 38 15,1,6,,743208,59,0,14 38 15,1,6,,743167,49,0,14 38 15,1,6,,743123,59,0,14 38 15,1,6,,743160,49,0,14 38 15,1,46,,743107,59,0,14 38 15,1,6,,636384,49,0,14 38 15,1,6,,743175,59,0,14 38 15,1,6,,743212,49,0,14 38 15,1,6,,743147,59,0,14 38 15,1,6,,743169,49,0,14 38 15,1,6,,743227,59,0,14 38 15,1,6,,743127,49,0,14 38 15,1,6,,743229,59,0,14 38 15,1,6,,743202,49,0,14 38 15,1,46,,743158,59,0,14 38 15,1,6,,743171,49,0,14 38 15,1,6,,743100,59,0,14 38 15,1,6,,743102,49,0,14 38 15,1,6,,573120,59,0,14 38 15,1,6,,663293,49,0,14 38 15,1,6,,743181,59,0,14 38 15,1,6,,667672,49,0,14 38 15,1,6,,743224,59,0,14 38 15,1,6,,743115,49,0,14 38 15,1,46,,743095,59,0,14 38 15,1,6,,743203,49,0,14 38 15,1,6,,743201,59,0,14 38 15,1,6,,743131,49,0,14 38 15,1,6,,743198,59,0,14 38 15,1,6,,618412,49,0,14 38 15,1,6,,743111,59,0,14 38 15,1,6,,743225,49,0,14 38 15,1,6,,743184,59,0,14 38 15,1,6,,516946,49,0,14 38 15,1,46,,743197,59,0,14 38 15,1,6,,743141,49,0,14 38 15,1,6,,612516,59,0,14 38 15,1,6,,743136,49,0,14 38 15,1,6,,743210,59,0,14 38 15,1,6,,743150,49,0,14 38 15,1,6,,743195,59,0,14 38 15,1,6,,682737,49,0,14 38 15,1,6,,566602,59,0,14 38 15,1,6,,743165,49,0,14 38 15,1,46,,743174,59,0,14 38 15,1,6,,743189,49,0,14 38 15,1,6,,743188,59,0,14 38 15,1,6,,597562,49,0,14 38 15,1,6,,743117,59,0,14 38 15,1,6,,619647,49,0,14 38 15,1,6,,443690,59,0,14 38 15,1,6,,743207,49,0,14 38 15,1,6,,743180,59,0,14 38 15,1,7,,743216,49,0,14 38 15,1,48,,743222,59,0,14 38 15,1,8,,743098,49,0,14 38 15,1,8,,743097,59,0,14 38 15,1,8,,743149,49,0,14 38 15,1,8,,743096,59,0,14 38 15,1,8,,743120,49,0,14 38 15,1,8,,743178,59,0,14 38 15,1,48,,683490,49,0,14 38 15,1,8,,743211,59,0,14 38 15,1,8,,743219,49,0,14 38 15,1,8,,743116,59,0,14 38 15,1,8,,598475,49,0,14 38 15,1,8,,743221,59,0,14 38 15,1,8,,622365,49,0,14 38 15,1,8,,743140,59,0,14 38 15,1,48,,743130,49,0,14 38 15,1,8,,743176,59,0,14 38 15,1,8,,743163,49,0,14 38 15,1,8,,743204,59,0,14 38 15,1,8,,743231,49,0,14 38 15,1,8,,743220,59,0,14 38 15,1,8,,743124,49,0,14 38 15,1,48,,665023,59,0,14 38 15,1,9,,603047,49,0,14 38 15,1,8,,743185,59,0,14 38 15,1,9,,743232,49,0,14 38 15,1,8,,743152,59,0,14 38 15,1,8,,743133,49,0,14 38 15,1,8,,743187,59,0,14 38 15,1,8,,743205,49,0,14 38 15,1,48,,743129,59,0,14 38 15,1,8,,743164,49,0,14 38 15,1,8,,743170,59,0,14 38 15,1,8,,743143,49,0,14 38 15,1,8,,743118,59,0,14 38 15,1,8,,743194,49,0,14 38 15,1,8,,743218,59,0,14 38 15,1,48,,743134,49,0,14 38 15,1,8,,743138,59,0,14 38 15,1,8,,630741,49,0,14 38 15,1,8,,743126,59,0,14 38 15,1,8,,531097,49,0,14 38 15,1,8,,743128,59,0,14 38 15,1,8,,743121,49,0,14 38 15,1,8,,743145,59,0,14 38 15,1,48,,743103,49,0,14 38 15,1,8,,743217,59,0,14 38 15,1,8,,743146,49,0,14 38 15,1,13,,743151,59,0,14 38 15,1,12,,743114,49,0,14 38 15,1,12,,743113,59,0,14 38 15,1
9502,'3',747,,743315,59,0,14 38 15,1,55,,675951,59,0,14 38 15,1,11,,674101,49,0,14 38 15,1,10,,743293,59,0,14 38 15,1,10,,743269,49,0,14 38 15,1,8,,743333,59,0,14 38 15,1,8,,743308,49,0,14 38 15,1,8,,743297,59,0,14 38 15,1,48,,743254,49,0,14 38 15,1,8,,743306,59,0,14 38 15,1,8,,743249,49,0,14 38 15,1,8,,743282,59,0,14 38 15,1,8,,743348,49,0,14 38 15,1,8,,743304,59,0,14 38 15,1,8,,743296,49,0,14 38 15,1,48,,743289,59,0,14 38 15,1,8,,743322,49,0,14 38 15,1,8,,605378,59,0,14 38 15,1,8,,743274,49,0,14 38 15,1,8,,743285,59,0,14 38 15,1,8,,743334,49,0,14 38 15,1,8,,743303,59,0,14 38 15,1,8,,686174,49,0,14 38 15,1,48,,743317,59,0,14 38 15,1,8,,743343,49,0,14 38 15,1,8,,743256,59,0,14 38 15,1,8,,743283,49,0,14 38 15,1,8,,743314,59,0,14 38 15,1,8,,743337,49,0,14 38 15,1,8,,743288,59,0,14 38 15,1,48,,743237,49,0,14 38 15,1,6,,743267,59,0,14 38 15,1,6,,611731,49,0,14 38 15,1,6,,660865,59,0,14 38 15,1,6,,743295,49,0,14 38 15,1,6,,743252,59,0,14 38 15,1,6,,679555,49,0,14 38 15,1,6,,743318,59,0,14 38 15,1,6,,743260,49,0,14 38 15,1,6,,743284,59,0,14 38 15,1,46,,743281,49,0,14 38 15,1,6,,743234,59,0,14 38 15,1,6,,743236,49,0,14 38 15,1,6,,743342,59,0,14 38 15,1,6,,743268,49,0,14 38 15,1,6,,743312,59,0,14 38 15,1,6,,743243,49,0,14 38 15,1,6,,743258,59,0,14 38 15,1,6,,743341,49,0,14 38 15,1,6,,743335,59,0,14 38 15,1,46,,743264,49,0,14 38 15,1,6,,743345,59,0,14 38 15,1,6,,743287,49,0,14 38 15,1,6,,743241,59,0,14 38 15,1,6,,743251,49,0,14 38 15,1,6,,743275,59,0,14 38 15,1,6,,674245,49,0,14 38 15,1,6,,743273,59,0,14 38 15,1,6,,743278,49,0,14 38 15,1,6,,653495,59,0,14 38 15,1,46,,743310,49,0,14 38 15,1,6,,658330,59,0,14 38 15,1,6,,743261,49,0,14 38 15,1,6,,611364,59,0,14 38 15,1,6,,743286,49,0,14 38 15,1,6,,743259,59,0,14 38 15,1,6,,743325,49,0,14 38 15,1,6,,688014,59,0,14 38 15,1,6,,743245,49,0,14 38 15,1,6,,743255,59,0,14 38 15,1,46,,491982,49,0,14 38 15,1,6,,743324,59,0,14 38 15,1,6,,743338,49,0,14 38 15,1,6,,743271,59,0,14 38 15,1,6,,743262,49,0,14 38 15,1,6,,647753,59,0,14 38 15,1,6,,743294,49,0,14 38 15,1,6,,743321,59,0,14 38 15,1,6,,743246,49,0,14 38 15,1,6,,743279,59,0,14 38 15,1,46,,631597,49,0,14 38 15,1,6,,676413,59,0,14 38 15,1,6,,743247,49,0,14 38 15,1,6,,630017,59,0,14 38 15,1,6,,643469,49,0,14 38 15,1,6,,673428,59,0,14 38 15,1,6,,743301,49,0,14 38 15,1,6,,614440,59,0,14 38 15,1,6,,743336,49,0,14 38 15,1,6,,615487,59,0,14 38 15,1,46,,743350,49,0,14 38 15,1,6,,743340,59,0,14 38 15,1,6,,743270,49,0,14 38 15,1,6,,743332,59,0,14 38 15,1,6,,681815,49,0,14 38 15,1,6,,743240,59,0,14 38 15,1,6,,743316,49,0,14 38 15,1,6,,743329,59,0,14 38 15,1,6,,743346,49,0,14 38 15,1,6,,743290,59,0,14 38 15,1,48,,743327,49,0,14 38 15,1,8,,624700,59,0,14 38 15,1,8,,654683,49,0,14 38 15,1,8,,743253,59,0,14 38 15,1,8,,743250,49,0,14 38 15,1,8,,743257,59,0,14 38 15,1,8,,743280,49,0,14 38 15,1,8,,743313,59,0,14 38 15,1,48,,743235,49,0,14 38 15,1,8,,743307,59,0,14 38 15,1,8,,743291,49,0,14 38 15,1,8,,743300,59,0,14 38 15,1,8,,743323,49,0,14 38 15,1,8,,743320,59,0,14 38 15,1,8,,666074,49,0,14 38 15,1,48,,743344,59,0,14 38 15,1,8,,743347,49,0,14 38 15,1,8,,743276,59,0,14 38 15,1,8,,743238,49,0,14 38 15,1,8,,743248,59,0,14 38 15,1,8,,743349,49,0,14 38 15,1,8,,743242,59,0,14 38 15,1,8,,622422,49,0,14 38 15,1,50,,743265,59,0,14 38 15,1,10,,743239,49,0,14 38 15,1,10,,743311,59,0,14 38 15,1,10,,743292,49,0,14 38 15,1,10,,743305,59,0,14 38 15,1,51,,743331,49,0,14 38 15,1,10,,743272,59,0,14 38 15,1,10,,637780,49,0,14 38 15,1,10,,743263,59,0,14 38 15,1,10,,743298,49,0,14 38 15,1,10,,743309,59,0,14 38 15,1,50,,653432,49,0,14 38 15,1,10,,743244,59,0,14 38 15,1,10,,743277,49,0,14 38 15,1,10,,743319,59,0,14 38 15,1,10,,743299,49,0,14 38 15,1,10,,743339,59,0,14 38 15,1,50,,743328,49,0,14 38 15,1,10,,743330,59,0,14 38 15,1,10,,743326,49,0,14 38 15,1,14,,678046,59,0,14 38 15,1,13,,743266,49,0,14 38 15,1,12,,743302,59,0,14 38 15,1
9502,'5',535,,743380,59,0,14 38 15,1,13,,743370,59,0,14 38 15,1,53,,672416,59,0,14 38 15,1,8,,743373,49,0,14 38 15,1,8,,743466,59,0,14 38 15,1,8,,673150,49,0,14 38 15,1,8,,514273,59,0,14 38 15,1,8,,743368,49,0,14 38 15,1,9,,743360,59,0,14 38 15,1,9,,743431,49,0,14 38 15,1,48,,599771,59,0,14 38 15,1,8,,743400,49,0,14 38 15,1,8,,659959,59,0,14 38 15,1,8,,743453,49,0,14 38 15,1,8,,743472,59,0,14 38 15,1,8,,743353,49,0,14 38 15,1,8,,656201,59,0,14 38 15,1,49,,743461,49,0,14 38 15,1,8,,743427,59,0,14 38 15,1,5,,743381,49,0,14 38 15,1,8,,743471,59,0,14 38 15,1,8,,743415,49,0,14 38 15,1,8,,743424,59,0,14 38 15,1,8,,743405,49,0,14 38 15,1,8,,743455,59,0,14 38 15,1,48,,743409,49,0,14 38 15,1,8,,743389,59,0,14 38 15,1,8,,607963,49,0,14 38 15,1,8,,743434,59,0,14 38 15,1,8,,743457,49,0,14 38 15,1,8,,743423,59,0,14 38 15,1,8,,743420,49,0,14 38 15,1,48,,743383,59,0,14 38 15,1,8,,628729,49,0,14 38 15,1,8,,660461,59,0,14 38 15,1,8,,743378,49,0,14 38 15,1,8,,527507,59,0,14 38 15,1,8,,743403,49,0,14 38 15,1,8,,743364,59,0,14 38 15,1,8,,743387,49,0,14 38 15,1,48,,743476,59,0,14 38 15,1,8,,743398,49,0,14 38 15,1,8,,633448,59,0,14 38 15,1,8,,743394,49,0,14 38 15,1,8,,743433,59,0,14 38 15,1,8,,743407,49,0,14 38 15,1,8,,743417,59,0,14 38 15,1,48,,743422,49,0,14 38 15,1,6,,743450,59,0,14 38 15,1,6,,665452,49,0,14 38 15,1,6,,743390,59,0,14 38 15,1,6,,743473,49,0,14 38 15,1,6,,743371,59,0,14 38 15,1,6,,743444,49,0,14 38 15,1,6,,743392,59,0,14 38 15,1,6,,743379,49,0,14 38 15,1,6,,743396,59,0,14 38 15,1,46,,743388,49,0,14 38 15,1,6,,743437,59,0,14 38 15,1,6,,590941,49,0,14 38 15,1,6,,743361,59,0,14 38 15,1,6,,743469,49,0,14 38 15,1,6,,743386,59,0,14 38 15,1,6,,630349,49,0,14 38 15,1,6,,743391,59,0,14 38 15,1,6,,743369,49,0,14 38 15,1,6,,743454,59,0,14 38 15,1,46,,626072,49,0,14 38 15,1,6,,743439,59,0,14 38 15,1,6,,743440,49,0,14 38 15,1,6,,743460,59,0,14 38 15,1,6,,743475,49,0,14 38 15,1,6,,743354,59,0,14 38 15,1,6,,743413,49,0,14 38 15,1,6,,743477,59,0,14 38 15,1,6,,743395,49,0,14 38 15,1,6,,743432,59,0,14 38 15,1,46,,743452,49,0,14 38 15,1,6,,743416,59,0,14 38 15,1,6,,743401,49,0,14 38 15,1,6,,743483,59,0,14 38 15,1,6,,743408,49,0,14 38 15,1,6,,743449,59,0,14 38 15,1,6,,743459,49,0,14 38 15,1,6,,743421,59,0,14 38 15,1,6,,743482,49,0,14 38 15,1,6,,743468,59,0,14 38 15,1,46,,743404,49,0,14 38 15,1,6,,584583,59,0,14 38 15,1,6,,743406,49,0,14 38 15,1,6,,620030,59,0,14 38 15,1,6,,638597,49,0,14 38 15,1,6,,688733,59,0,14 38 15,1,6,,743429,49,0,14 38 15,1,6,,615666,59,0,14 38 15,1,6,,743442,49,0,14 38 15,1,6,,743385,59,0,14 38 15,1,46,,743374,49,0,14 38 15,1,6,,743376,59,0,14 38 15,1,6,,743443,49,0,14 38 15,1,6,,743393,59,0,14 38 15,1,6,,743448,49,0,14 38 15,1,6,,743414,59,0,14 38 15,1,6,,638929,49,0,14 38 15,1,6,,743467,59,0,14 38 15,1,6,,743438,49,0,14 38 15,1,6,,743441,59,0,14 38 15,1,46,,743435,49,0,14 38 15,1,6,,743410,59,0,14 38 15,1,6,,743436,49,0,14 38 15,1,6,,743362,59,0,14 38 15,1,6,,743363,49,0,14 38 15,1,6,,601097,59,0,14 38 15,1,6,,613360,49,0,14 38 15,1,6,,743352,59,0,14 38 15,1,6,,743399,49,0,14 38 15,1,6,,743419,59,0,14 38 15,1,48,,743356,49,0,14 38 15,1,8,,743382,59,0,14 38 15,1,8,,743481,49,0,14 38 15,1,8,,743456,59,0,14 38 15,1,8,,743479,49,0,14 38 15,1,8,,679756,59,0,14 38 15,1,8,,743425,49,0,14 38 15,1,8,,743365,59,0,14 38 15,1,48,,743480,49,0,14 38 15,1,8,,743357,59,0,14 38 15,1,8,,743351,49,0,14 38 15,1,8,,743446,59,0,14 38 15,1,8,,743375,49,0,14 38 15,1,8,,605025,59,0,14 38 15,1,8,,743474,49,0,14 38 15,1,48,,674903,59,0,14 38 15,1,8,,743372,49,0,14 38 15,1,8,,743465,59,0,14 38 15,1,8,,743377,49,0,14 38 15,1,8,,743445,59,0,14 38 15,1,8,,743412,49,0,14 38 15,1,8,,743463,59,0,14 38 15,1,8,,743462,49,0,14 38 15,1,50,,743402,59,0,14 38 15,1,10,,743430,49,0,14 38 15,1,10,,743470,59,0,14 38 15,1,10,,743355,49,0,14 38 15,1,10,,743397,59,0,14 38 15,1,51,,743358,49,0,14 38 15,1,10,,661056,59,0,14 38 15,1,10,,743367,49,0,14 38 15,1,10,,743411,59,0,14 38 15,1,10,,743451,49,0,14 38 15,1,10,,743384,59,0,14 38 15,1,50,,743478,49,0,14 38 15,1,10,,655611,59,0,14 38 15,1,10,,659207,49,0,14 38 15,1,10,,743418,59,0,14 38 15,1,10,,743359,49,0,14 38 15,1,10,,743428,59,0,14 38 15,1,50,,743426,49,0,14 38 15,1,10,,649719,59,0,14 38 15,1,10,,743366,49,0,14 38 15,1,14,,743458,59,0,14 38 15,1,13,,743447,49,0,14 38 15,1,12,,743464,59,0,14 38 15,1
11502,'1',638,,753285,12,0,14 38 15,1,20,,753282,12,0,14 38 15,1,60,,753268,12,0,14 38 15,1,29,,753273,12,0,14 38 15,1,61,,753278,12,0,14 38 15,1,20,,753271,12,0,14 38 15,1,20,,678173,12,0,14 38 15,1,60,,753283,12,0,14 38 15,1,20,,685140,12,0,14 38 15,1,18,,753291,12,0,14 38 15,1,62,,753267,12,0,14 38 15,1,25,,638134,12,0,14 38 15,1,25,,753269,12,0,14 38 15,1,65,,404032,12,0,14 38 15,1,25,,753279,12,0,14 38 15,1,65,,493727,12,0,14 38 15,1,25,,651473,12,0,14 38 15,1,65,,585030,12,0,14 38 15,1,25,,578545,12,0,14 38 15,1,25,,604373,12,0,14 38 15,1,65,,753284,12,0,14 38 15,1,22,,753280,12,0,14 38 15,1,65,,522914,12,0,14 38 15,1,25,,753290,12,0,14 38 15,1,22,,753286,12,0,14 38 15,1,60,,753288,12,0,14 38 15,1,20,,678642,12,0,14 38 15,1,20,,753275,12,0,14 38 15,1,60,,753272,12,0,14 38 15,1,20,,593766,12,0,14 38 15,1,20,,753277,12,0,14 38 15,1,60,,652883,12,0,14 38 15,1,20,,753266,12,0,14 38 15,1,21,,625415,12,0,14 38 15,1,5,,753270,12,0,14 38 15,1,60,,626261,12,0,14 38 15,1,24,,612357,12,0,14 38 15,1,9,,753287,12,0,14 38 15,1,56,,753289,12,0,14 38 15,1,25,,753281,12,0,14 38 15,1,25,,753292,12,0,14 38 15,1,65,,753274,12,0,14 38 15,1,25,,595019,12,0,14 38 15,1,65,,411989,12,0,14 38 15,1,26,,753276,12,0,14 38 15,1
11502,'2',636,,753307,12,0,14 38 15,1,68,,753319,12,0,14 38 15,1,30,,753320,12,0,14 38 15,1,25,,753312,12,0,14 38 15,1,70,,753310,12,0,14 38 15,1,25,,753302,12,0,14 38 15,1,65,,646021,12,0,14 38 15,1,25,,572226,12,0,14 38 15,1,65,,640632,12,0,14 38 15,1,25,,753306,12,0,14 38 15,1,25,,628164,12,0,14 38 15,1,65,,753313,12,0,14 38 15,1,25,,753298,12,0,14 38 15,1,65,,676286,12,0,14 38 15,1,27,,620297,12,0,14 38 15,1,70,,753308,12,0,14 38 15,1,30,,753311,12,0,14 38 15,1,70,,753304,12,0,14 38 15,1,30,,753293,12,0,14 38 15,1,70,,753303,12,0,14 38 15,1,30,,753299,12,0,14 38 15,1,70,,753314,12,0,14 38 15,1,30,,753315,12,0,14 38 15,1,70,,753301,12,0,14 38 15,1,30,,753295,12,0,14 38 15,1,70,,753296,12,0,14 38 15,1,30,,753300,12,0,14 38 15,1,69,,753305,12,0,14 38 15,1,30,,753317,12,0,14 38 15,1,67,,753309,12,0,14 38 15,1,25,,569277,12,0,14 38 15,1,25,,753294,12,0,14 38 15,1,65,,644055,12,0,14 38 15,1,25,,753316,12,0,14 38 15,1,65,,753318,12,0,14 38 15,1,25,,753297,12,0,14 38 15,1
11502,'3',759,,576688,12,0,14 38 15,1,65,,594441,12,0,14 38 15,1,25,,753336,12,0,14 38 15,1,65,,753325,12,0,14 38 15,1,25,,753339,12,0,14 38 15,1,65,,753327,12,0,14 38 15,1,25,,753344,12,0,14 38 15,1,25,,753329,12,0,14 38 15,1,65,,753328,12,0,14 38 15,1,25,,753322,12,0,14 38 15,1,66,,753326,12,0,14 38 15,1,27,,650179,12,0,14 38 15,1,65,,753324,12,0,14 38 15,1,25,,753337,12,0,14 38 15,1,25,,753343,12,0,14 38 15,1,65,,753341,12,0,14 38 15,1,25,,753331,12,0,14 38 15,1,65,,753323,12,0,14 38 15,1,25,,753342,12,0,14 38 15,1,25,,753335,12,0,14 38 15,1,65,,619900,12,0,14 38 15,1,25,,599005,12,0,14 38 15,1,65,,753338,12,0,14 38 15,1,25,,753345,12,0,14 38 15,1,65,,753321,12,0,14 38 15,1,25,,753333,12,0,14 38 15,1,25,,607677,12,0,14 38 15,1,64,,753334,12,0,14 38 15,1,23,,753332,12,0,14 38 15,1,65,,661318,12,0,14 38 15,1,25,,613066,12,0,14 38 15,1,25,,651746,12,0,14 38 15,1,65,,666771,12,0,14 38 15,1,25,,688292,12,0,14 38 15,1,65,,753340,12,0,14 38 15,1,27,,753330,12,0,14 38 15,1
11502,'5',636,,753371,12,0,14 38 15,1,68,,753363,12,0,14 38 15,1,30,,753376,12,0,14 38 15,1,25,,536639,12,0,14 38 15,1,65,,753367,12,0,14 38 15,1,25,,753366,12,0,14 38 15,1,65,,519230,12,0,14 38 15,1,25,,753369,12,0,14 38 15,1,65,,753351,12,0,14 38 15,1,25,,753378,12,0,14 38 15,1,25,,753350,12,0,14 38 15,1,65,,753372,12,0,14 38 15,1,25,,753368,12,0,14 38 15,1,66,,753346,12,0,14 38 15,1,27,,753365,12,0,14 38 15,1,65,,753347,12,0,14 38 15,1,25,,753364,12,0,14 38 15,1,25,,753359,12,0,14 38 15,1,65,,753361,12,0,14 38 15,1,25,,753353,12,0,14 38 15,1,65,,664906,12,0,14 38 15,1,25,,753373,12,0,14 38 15,1,25,,669716,12,0,14 38 15,1,65,,753377,12,0,14 38 15,1,25,,753348,12,0,14 38 15,1,65,,753356,12,0,14 38 15,1,25,,753374,12,0,14 38 15,1,65,,753370,12,0,14 38 15,1,25,,753354,12,0,14 38 15,1,25,,753360,12,0,14 38 15,1,64,,753357,12,0,14 38 15,1,23,,753375,12,0,14 38 15,1,65,,753358,12,0,14 38 15,1,25,,753349,12,0,14 38 15,1,25,,753352,12,0,14 38 15,1,65,,611838,12,0,14 38 15,1,25,,753355,12,0,14 38 15,1,65,,638917,12,0,14 38 15,1,27,,753362,12,0,14 38 15,1
12202,'1',611,,755832,26,0,14 38 15,1,12,,650326,26,0,14 38 15,1,12,,755812,26,0,14 38 15,1,12,,755820,26,0,14 38 15,1,12,,755841,26,0,14 38 15,1,52,,755848,26,0,14 38 15,1,12,,755817,26,0,14 38 15,1,14,,755862,26,0,14 38 15,1,6,,755837,26,0,14 38 15,1,9,,755867,26,0,14 38 15,1,55,,641012,26,0,14 38 15,1,15,,755839,26,0,14 38 15,1,13,,755824,26,0,14 38 15,1,12,,755853,26,0,14 38 15,1,12,,755849,26,0,14 38 15,1,52,,755805,26,0,14 38 15,1,12,,755804,26,0,14 38 15,1,9,,535452,26,0,14 38 15,1,9,,755815,26,0,14 38 15,1,9,,755860,26,0,14 38 15,1,51,,755857,26,0,14 38 15,1,20,,755852,26,0,14 38 15,1,20,,667189,26,0,14 38 15,1,60,,755861,26,0,14 38 15,1,20,,755865,26,0,14 38 15,1,20,,755827,26,0,14 38 15,1,63,,755834,26,0,14 38 15,1,20,,755854,26,0,14 38 15,1,20,,582841,26,0,14 38 15,1,60,,755838,26,0,14 38 15,1,20,,755845,26,0,14 38 15,1,20,,755855,26,0,14 38 15,1,60,,755807,26,0,14 38 15,1,20,,755808,26,0,14 38 15,1,20,,755816,26,0,14 38 15,1,61,,755871,26,0,14 38 15,1,24,,755842,26,0,14 38 15,1,11,,666697,26,0,14 38 15,1,10,,755833,26,0,14 38 15,1,50,,755813,26,0,14 38 15,1,10,,755835,26,0,14 38 15,1,10,,755828,26,0,14 38 15,1,10,,755843,26,0,14 38 15,1,10,,755826,26,0,14 38 15,1,10,,755831,26,0,14 38 15,1,50,,755851,26,0,14 38 15,1,10,,755868,26,0,14 38 15,1,10,,673835,26,0,14 38 15,1,10,,755870,26,0,14 38 15,1,10,,755858,26,0,14 38 15,1,10,,639552,26,0,14 38 15,1,50,,657850,26,0,14 38 15,1,10,,755810,26,0,14 38 15,1,10,,755844,26,0,14 38 15,1,10,,755866,26,0,14 38 15,1,10,,755863,26,0,14 38 15,1,10,,755825,26,0,14 38 15,1,50,,755818,26,0,14 38 15,1,10,,755814,26,0,14 38 15,1,10,,755809,26,0,14 38 15,1,10,,755846,26,0,14 38 15,1,7,,755806,26,0,14 38 15,1,7,,755859,26,0,14 38 15,1,7,,755864,26,0,14 38 15,1,50,,755847,26,0,14 38 15,1,20,,755829,26,0,14 38 15,1,20,,755836,26,0,14 38 15,1,60,,755819,26,0,14 38 15,1,20,,755840,26,0,14 38 15,1,20,,755811,26,0,14 38 15,1,60,,626965,26,0,14 38 15,1,18,,755821,26,0,14 38 15,1,20,,755856,26,0,14 38 15,1,17,,755869,26,0,14 38 15,1,70,,551191,26,0,14 38 15,1,30,,755830,26,0,14 38 15,1,70,,755823,26,0,14 38 15,1,30,,755822,26,0,14 38 15,1,70,,755850,26,0,14 38 15,1,30,,684855,26,0,14 38 15,1
12202,'2',628,,639906,26,0,14 38 15,1,30,,755887,26,0,14 38 15,1,70,,645550,26,0,14 38 15,1,30,,755890,26,0,14 38 15,1,72,,755877,26,0,14 38 15,1,72,,755881,26,0,14 38 15,1,30,,755888,26,0,14 38 15,1,70,,755882,26,0,14 38 15,1,30,,755873,26,0,14 38 15,1,70,,755899,26,0,14 38 15,1,30,,755901,26,0,14 38 15,1,70,,755891,26,0,14 38 15,1,30,,755874,26,0,14 38 15,1,70,,755903,26,0,14 38 15,1,30,,755896,26,0,14 38 15,1,70,,755883,26,0,14 38 15,1,30,,646890,26,0,14 38 15,1,70,,755892,26,0,14 38 15,1,30,,755897,26,0,14 38 15,1,70,,755886,26,0,14 38 15,1,30,,594187,26,0,14 38 15,1,70,,755879,26,0,14 38 15,1,30,,755902,26,0,14 38 15,1,70,,755875,26,0,14 38 15,1,30,,755889,26,0,14 38 15,1,69,,755872,26,0,14 38 15,1,28,,755893,26,0,14 38 15,1,30,,755895,26,0,14 38 15,1,70,,636576,26,0,14 38 15,1,30,,755894,26,0,14 38 15,1,70,,755885,26,0,14 38 15,1,30,,755884,26,0,14 38 15,1,69,,755880,26,0,14 38 15,1,29,,755898,26,0,14 38 15,1,70,,755876,26,0,14 38 15,1,30,,607079,26,0,14 38 15,1,70,,520692,26,0,14 38 15,1,30,,755878,26,0,14 38 15,1,70,,391599,26,0,14 38 15,1,30,,755900,26,0,14 38 15,1
12202,'3',802,,755913,26,0,14 38 15,1,30,,680858,26,0,14 38 15,1,70,,755923,26,0,14 38 15,1,30,,755917,26,0,14 38 15,1,70,,755928,26,0,14 38 15,1,30,,755907,26,0,14 38 15,1,70,,755930,26,0,14 38 15,1,30,,755905,26,0,14 38 15,1,70,,755922,26,0,14 38 15,1,31,,755906,26,0,14 38 15,1,70,,755924,26,0,14 38 15,1,30,,646790,26,0,14 38 15,1,70,,755912,26,0,14 38 15,1,30,,755908,26,0,14 38 15,1,70,,755929,26,0,14 38 15,1,30,,755925,26,0,14 38 15,1,70,,755927,26,0,14 38 15,1,30,,755918,26,0,14 38 15,1,70,,755920,26,0,14 38 15,1,30,,755909,26,0,14 38 15,1,70,,679580,26,0,14 38 15,1,30,,755931,26,0,14 38 15,1,70,,755921,26,0,14 38 15,1,25,,755919,26,0,14 38 15,1,30,,680311,26,0,14 38 15,1,70,,608584,26,0,14 38 15,1,30,,616404,26,0,14 38 15,1,70,,755910,26,0,14 38 15,1,30,,665603,26,0,14 38 15,1,70,,755926,26,0,14 38 15,1,29,,755911,26,0,14 38 15,1,70,,755915,26,0,14 38 15,1,30,,755904,26,0,14 38 15,1,70,,755932,26,0,14 38 15,1,30,,755914,26,0,14 38 15,1,70,,755916,26,0,14 38 15,1,30,,666499,26,0,14 38 15,1
12202,'5',632,,755961,26,0,14 38 15,1,70,,755937,26,0,14 38 15,1,30,,755957,26,0,14 38 15,1,70,,755954,26,0,14 38 15,1,30,,755946,26,0,14 38 15,1,70,,755940,26,0,14 38 15,1,30,,755965,26,0,14 38 15,1,70,,755938,26,0,14 38 15,1,30,,631812,26,0,14 38 15,1,70,,755960,26,0,14 38 15,1,30,,755941,26,0,14 38 15,1,70,,608995,26,0,14 38 15,1,31,,755963,26,0,14 38 15,1,70,,755943,26,0,14 38 15,1,30,,618175,26,0,14 38 15,1,70,,657652,26,0,14 38 15,1,30,,755947,26,0,14 38 15,1,70,,755958,26,0,14 38 15,1,30,,755950,26,0,14 38 15,1,70,,755934,26,0,14 38 15,1,30,,755948,26,0,14 38 15,1,70,,755945,26,0,14 38 15,1,30,,755933,26,0,14 38 15,1,70,,640801,26,0,14 38 15,1,30,,755966,26,0,14 38 15,1,70,,755951,26,0,14 38 15,1,25,,755959,26,0,14 38 15,1,30,,755935,26,0,14 38 15,1,70,,755955,26,0,14 38 15,1,30,,755942,26,0,14 38 15,1,70,,755956,26,0,14 38 15,1,30,,755962,26,0,14 38 15,1,70,,755939,26,0,14 38 15,1,29,,755936,26,0,14 38 15,1,70,,755953,26,0,14 38 15,1,30,,755944,26,0,14 38 15,1,70,,755964,26,0,14 38 15,1,30,,755952,26,0,14 38 15,1,70,,755949,26,0,14 38 15,1,30,,624804,26,0,14 38 15,1
39502,'1',428,,771282,66,0,11 12 14 38 15,1,30,,618322,66,0,11 12 14 38 15,1,57,,771281,66,0,11 12 14 38 15,1,2114,,771280,59,0,11 12 14 38 15,1,30,,771284,66,0,11 12 14 38 15,1,70,,771283,66,0,11 12 14 38 15,1,30,,771279,66,0,11 12 14 38 15,1
39502,'2',428,,771290,66,0,11 12 14 38 15,1,30,,771289,66,0,11 12 14 38 15,1,59,,657539,66,0,11 12 14 38 15,1,2112,,771287,59,0,11 12 14 38 15,1,30,,771288,66,0,11 12 14 38 15,1,70,,771286,66,0,11 12 14 38 15,1,30,,771285,66,0,11 12 14 38 15,1
39502,'3',428,,650533,66,0,11 12 14 38 15,1,30,,771291,66,0,11 12 14 38 15,1,70,,771292,66,0,11 12 14 38 15,1,29,,771295,66,0,11 12 14 38 15,1,60,,771296,66,0,11 12 14 38 15,1,20,,771297,66,0,11 12 14 38 15,1,20,,771299,66,0,11 12 14 38 15,1,60,,771293,66,0,11 12 14 38 15,1,20,,771300,66,0,11 12 14 38 15,1,1892,,670554,59,0,11 12 14 38 15,1,30,,679388,66,0,11 12 14 38 15,1,70,,771294,66,0,11 12 14 38 15,1,30,,771298,66,0,11 12 14 38 15,1
39502,'5',428,,567305,66,0,11 12 14 38 15,1,30,,771301,66,0,11 12 14 38 15,1,59,,771302,66,0,11 12 14 38 15,1,2112,,670166,59,0,11 12 14 38 15,1,30,,771304,66,0,11 12 14 38 15,1,70,,771305,66,0,11 12 14 38 15,1,30,,771303,66,0,11 12 14 38 15,1
99502,'1',616,,779391,24,0,14 38 15,1,10,,779439,24,0,14 38 15,1,10,,779416,24,0,14 38 15,1,10,,633126,24,0,14 38 15,1,10,,779424,24,0,14 38 15,1,50,,779421,24,0,14 38 15,1,11,,779379,24,0,14 38 15,1,10,,627194,24,0,14 38 15,1,12,,779402,24,0,14 38 15,1,10,,678176,24,0,14 38 15,1,10,,779403,24,0,14 38 15,1,50,,779430,24,0,14 38 15,1,10,,779401,24,0,14 38 15,1,10,,779388,24,0,14 38 15,1,10,,779426,24,0,14 38 15,1,10,,611549,24,0,14 38 15,1,10,,779387,24,0,14 38 15,1,51,,537129,24,0,14 38 15,1,10,,779436,24,0,14 38 15,1,10,,779396,24,0,14 38 15,1,10,,779382,24,0,14 38 15,1,10,,779404,24,0,14 38 15,1,50,,779437,24,0,14 38 15,1,10,,578988,24,0,14 38 15,1,10,,557047,24,0,14 38 15,1,10,,779420,24,0,14 38 15,1,10,,644534,24,0,14 38 15,1,10,,779398,24,0,14 38 15,1,50,,779433,24,0,14 38 15,1,10,,779380,24,0,14 38 15,1,10,,779422,24,0,14 38 15,1,10,,779384,24,0,14 38 15,1,10,,651485,24,0,14 38 15,1,10,,779438,24,0,14 38 15,1,50,,779419,24,0,14 38 15,1,10,,779411,24,0,14 38 15,1,10,,779385,24,0,14 38 15,1,10,,779407,24,0,14 38 15,1,10,,779406,24,0,14 38 15,1,10,,779400,24,0,14 38 15,1,50,,636191,24,0,14 38 15,1,10,,779381,24,0,14 38 15,1,10,,394279,24,0,14 38 15,1,10,,779392,24,0,14 38 15,1,10,,779418,24,0,14 38 15,1,10,,779429,24,0,14 38 15,1,50,,640244,24,0,14 38 15,1,10,,625455,24,0,14 38 15,1,10,,779390,24,0,14 38 15,1,10,,779431,24,0,14 38 15,1,10,,779423,24,0,14 38 15,1,10,,637319,24,0,14 38 15,1,50,,779405,24,0,14 38 15,1,10,,779397,24,0,14 38 15,1,6,,630125,24,0,14 38 15,1,9,,779432,24,0,14 38 15,1,9,,779414,24,0,14 38 15,1,10,,779425,24,0,14 38 15,1,10,,779417,24,0,14 38 15,1,50,,524106,24,0,14 38 15,1,10,,779428,24,0,14 38 15,1,10,,608329,24,0,14 38 15,1,10,,779389,24,0,14 38 15,1,10,,779413,24,0,14 38 15,1,10,,779434,24,0,14 38 15,1,50,,779395,24,0,14 38 15,1,10,,644528,24,0,14 38 15,1,10,,779415,24,0,14 38 15,1,10,,779412,24,0,14 38 15,1,10,,779394,24,0,14 38 15,1,10,,779386,24,0,14 38 15,1,50,,779393,24,0,14 38 15,1,10,,779410,24,0,14 38 15,1,10,,779427,24,0,14 38 15,1,10,,651489,24,0,14 38 15,1,10,,601188,24,0,14 38 15,1,10,,779408,24,0,14 38 15,1,49,,779409,24,0,14 38 15,1,10,,779435,24,0,14 38 15,1,9,,690255,24,0,14 38 15,1,10,,779383,24,0,14 38 15,1,10,,779399,24,0,14 38 15,1
99602,'1',623,,779556,13,0,194,1,21,,779579,13,0,194,1,10,,779588,13,0,194,1,50,,779566,13,0,194,1,10,,779577,13,0,194,1,10,,616803,13,0,194,1,10,,779542,13,0,194,1,10,,663500,13,0,194,1,10,,779569,13,0,194,1,50,,651079,13,0,194,1,10,,602675,13,0,194,1,10,,618310,13,0,194,1,10,,779561,13,0,194,1,10,,779550,13,0,194,1,10,,779582,13,0,194,1,50,,616256,13,0,194,1,10,,690269,13,0,194,1,10,,607734,13,0,194,1,10,,638117,13,0,194,1,6,,779571,13,0,194,1,9,,779562,13,0,194,1,9,,779559,13,0,194,1,49,,779586,13,0,194,1,9,,779532,13,0,194,1,9,,633161,13,0,194,1,9,,779552,13,0,194,1,9,,631396,13,0,194,1,9,,586991,13,0,194,1,49,,779578,13,0,194,1,9,,575906,13,0,194,1,9,,659383,13,0,194,1,7,,779548,13,0,194,1,9,,779543,13,0,194,1,9,,483092,13,0,194,1,9,,547876,13,0,194,1,49,,617082,13,0,194,1,9,,779533,13,0,194,1,9,,582501,13,0,194,1,9,,779525,13,0,194,1,9,,779570,13,0,194,1,9,,779583,13,0,194,1,9,,779594,13,0,194,1,49,,779558,13,0,194,1,9,,779545,13,0,194,1,9,,779546,13,0,194,1,9,,629813,13,0,194,1,9,,779551,13,0,194,1,9,,779535,13,0,194,1,9,,779576,13,0,194,1,49,,606145,13,0,194,1,9,,779585,13,0,194,1,9,,779541,13,0,194,1,10,,779529,13,0,194,1,8,,779563,13,0,194,1,8,,779530,13,0,194,1,48,,779526,13,0,194,1,8,,779574,13,0,194,1,8,,779575,13,0,194,1,8,,779590,13,0,194,1,8,,779591,13,0,194,1,8,,779560,13,0,194,1,8,,779555,13,0,194,1,8,,643771,13,0,194,1,48,,779565,13,0,194,1,8,,779572,13,0,194,1,8,,779534,13,0,194,1,8,,633163,13,0,194,1,8,,633078,13,0,194,1,8,,779568,13,0,194,1,8,,779536,13,0,194,1,48,,608044,13,0,194,1,8,,657208,13,0,194,1,8,,779549,13,0,194,1,8,,604808,13,0,194,1,8,,681846,13,0,194,1,8,,779554,13,0,194,1,8,,779527,13,0,194,1,8,,779564,13,0,194,1,48,,779539,13,0,194,1,8,,671442,13,0,194,1,8,,779589,13,0,194,1,8,,779593,13,0,194,1,8,,779584,13,0,194,1,8,,779581,13,0,194,1,8,,676160,13,0,194,1,6,,779544,13,0,17 69 8,1,48,,779573,13,0,17 69 8,1,8,,779547,13,0,17 69 8,1,7,,779557,13,0,17 69 8,1,5,,779580,13,0,17 69 8,1,8,,779538,13,0,17 69 8,1,8,,779531,13,0,17 69 8,1,8,,779528,13,0,17 69 8,1,8,,779540,13,0,17 69 8,1,50,,779587,13,0,17 69 8,1,10,,682182,13,0,17 69 8,1
