1103,'1',535,,605838,21,0,5 9,1,20,,605815,21,0,5 9,1,60,,605847,21,0,5 9,1,20,,605863,21,0,5 9,1,20,,605876,21,0,5 9,1,64,,605879,21,0,5 9,1,22,,605811,21,0,5 9,1,60,,605810,21,0,5 9,1,20,,533523,21,0,5 9,1,20,,541762,21,0,5 9,1,60,,420575,21,0,5 9,1,17,,605834,21,0,5 9,1,22,,605856,21,0,5 9,1,62,,605813,21,0,5 9,1,22,,605862,21,0,5 9,1,22,,605845,21,0,5 9,1,62,,605873,21,0,5 9,1,22,,542791,21,0,5 9,1,22,,605844,21,0,5 9,1,62,,605872,21,0,5 9,1,22,,605851,21,0,5 9,1,22,,605865,21,0,5 9,1,62,,605867,21,0,5 9,1,22,,605830,21,0,5 9,1,62,,562520,21,0,5 9,1,27,,605822,21,0,5 9,1,19,,605821,21,0,5 9,1,58,,591704,21,0,5 9,1,18,,605857,21,0,5 9,1,18,,605853,21,0,5 9,1,58,,605825,21,0,5 9,1,18,,573644,21,0,5 9,1,18,,404032,21,0,5 9,1,18,,605807,21,0,5 9,1,58,,605823,21,0,5 9,1,18,,605824,21,0,5 9,1,14,,563356,21,0,5 9,1,58,,605852,21,0,5 9,1,18,,605884,21,0,5 9,1,25,,605806,21,0,5 9,1,68,,605827,21,0,5 9,1,28,,605817,21,0,5 9,1,68,,519360,21,0,5 9,1,28,,533756,21,0,5 9,1,68,,605832,21,0,5 9,1,23,,605804,21,0,5 9,1,28,,603273,21,0,5 9,1,61,,583756,21,0,5 9,1,19,,487394,21,0,5 9,1,20,,605861,21,0,5 9,1,59,,605850,21,0,5 9,1,20,,605820,21,0,5 9,1,20,,600269,21,0,5 9,1,60,,605818,21,0,5 9,1,20,,605841,21,0,5 9,1,20,,477226,21,0,5 9,1,65,,605826,21,0,5 9,1
1103,'2',616,,545724,21,0,5 9,1,24,,605896,21,0,5 9,1,64,,605950,21,0,5 9,1,24,,605926,21,0,5 9,1,24,,520718,21,0,5 9,1,64,,605905,21,0,5 9,1,30,,605930,21,0,5 9,1,68,,605909,21,0,5 9,1,28,,605929,21,0,5 9,1,68,,605949,21,0,5 9,1,28,,584755,21,0,5 9,1,68,,605897,21,0,5 9,1,28,,605901,21,0,5 9,1,68,,588240,21,0,5 9,1,25,,561817,21,0,5 9,1,26,,605912,21,0,5 9,1,65,,605936,21,0,5 9,1,25,,584524,21,0,5 9,1,65,,605931,21,0,5 9,1,25,,605921,21,0,5 9,1,25,,605886,21,0,5 9,1,65,,605895,21,0,5 9,1,25,,605932,21,0,5 9,1,65,,605903,21,0,5 9,1,25,,582707,21,0,5 9,1,65,,605934,21,0,5 9,1,25,,605900,21,0,5 9,1,25,,605922,21,0,5 9,1,65,,605939,21,0,5 9,1,25,,547252,21,0,5 9,1,65,,605902,21,0,5 9,1,23,,605919,21,0,5 9,1,25,,559893,21,0,5 9,1,65,,461999,21,0,5 9,1,25,,605938,21,0,5 9,1,65,,605947,21,0,5 9,1,25,,605889,21,0,5 9,1,65,,605927,21,0,5 9,1,24,,605942,21,0,5 9,1,25,,605923,21,0,5 9,1,63,,605924,21,0,5 9,1,25,,605940,21,0,5 9,1,65,,605914,21,0,5 9,1,26,,605945,21,0,5 9,1,30,,605898,21,0,5 9,1,70,,605925,21,0,5 9,1
1103,'3',735,,561022,21,0,5 9,1,65,,546109,21,0,5 9,1,25,,550645,21,0,5 9,1,25,,605977,21,0,5 9,1,65,,605973,21,0,5 9,1,25,,570162,21,0,5 9,1,65,,605960,21,0,5 9,1,25,,415945,21,0,5 9,1,25,,605968,21,0,5 9,1,65,,605993,21,0,5 9,1,25,,606004,21,0,5 9,1,70,,584564,21,0,5 9,1,30,,605955,21,0,5 9,1,70,,523259,21,0,5 9,1,30,,558066,21,0,5 9,1,70,,605990,21,0,5 9,1,30,,566296,21,0,5 9,1,70,,605974,21,0,5 9,1,30,,605953,21,0,5 9,1,70,,484049,21,0,5 9,1,30,,606002,21,0,5 9,1,70,,605978,21,0,5 9,1,30,,605982,21,0,5 9,1,70,,605996,21,0,5 9,1,30,,606012,21,0,5 9,1,65,,605998,21,0,5 9,1,25,,605957,21,0,5 9,1,24,,605959,21,0,5 9,1,65,,606005,21,0,5 9,1,25,,605972,21,0,5 9,1,65,,521626,21,0,5 9,1,25,,606010,21,0,5 9,1,65,,605956,21,0,5 9,1,28,,605994,21,0,5 9,1,25,,605979,21,0,5 9,1,65,,506477,21,0,5 9,1,25,,605961,21,0,5 9,1,65,,527068,21,0,5 9,1,25,,605964,21,0,5 9,1,20,,606011,21,0,5 9,1,65,,605997,21,0,5 9,1
1103,'5',735,,606022,21,0,5 9,1,65,,562005,21,0,5 9,1,25,,606064,21,0,5 9,1,25,,606048,21,0,5 9,1,65,,606052,21,0,5 9,1,25,,567780,21,0,5 9,1,65,,606074,21,0,5 9,1,25,,606044,21,0,5 9,1,25,,606033,21,0,5 9,1,65,,606069,21,0,5 9,1,25,,606032,21,0,5 9,1,70,,553009,21,0,5 9,1,30,,606026,21,0,5 9,1,70,,597805,21,0,5 9,1,30,,606019,21,0,5 9,1,70,,590610,21,0,5 9,1,30,,606070,21,0,5 9,1,70,,606027,21,0,5 9,1,30,,606062,21,0,5 9,1,70,,606058,21,0,5 9,1,30,,606043,21,0,5 9,1,70,,520897,21,0,5 9,1,30,,552076,21,0,5 9,1,70,,542157,21,0,5 9,1,30,,517793,21,0,5 9,1,65,,606034,21,0,5 9,1,25,,606041,21,0,5 9,1,24,,606065,21,0,5 9,1,65,,606057,21,0,5 9,1,25,,606072,21,0,5 9,1,65,,606013,21,0,5 9,1,25,,606068,21,0,5 9,1,65,,606037,21,0,5 9,1,28,,530336,21,0,5 9,1,25,,606045,21,0,5 9,1,65,,606024,21,0,5 9,1,25,,523022,21,0,5 9,1,65,,606029,21,0,5 9,1,25,,606021,21,0,5 9,1,20,,606047,21,0,5 9,1,65,,606067,21,0,5 9,1
12402,'1',529,,669167,3,0,107 8,1,14,,669162,3,0,107 8,1,15,,669172,3,0,107 8,1,50,,572577,3,0,107 8,1,10,,669161,3,0,107 8,1,10,,522914,3,0,107 8,1,11,,669140,3,0,107 8,1,11,,669138,3,0,107 8,1,51,,669190,3,0,107 8,1,12,,669175,3,0,107 8,1,12,,669185,3,0,107 8,1,12,,604062,3,0,107 8,1,12,,669173,3,0,107 8,1,52,,543666,3,0,107 8,1,12,,669151,3,0,107 8,1,12,,669187,3,0,107 8,1,12,,669159,3,0,107 8,1,12,,669165,3,0,107 8,1,52,,669158,3,0,107 8,1,18,,669178,3,0,107 8,1,18,,669170,3,0,107 8,1,18,,669186,3,0,107 8,1,58,,669157,3,0,107 8,1,18,,602190,3,0,107 8,1,18,,669143,3,0,107 8,1,58,,669150,3,0,107 8,1,18,,669168,3,0,107 8,1,18,,669149,3,0,107 8,1,58,,669182,3,0,107 8,1,18,,669180,3,0,107 8,1,18,,669188,3,0,107 8,1,18,,669163,3,0,107 8,1,58,,589490,3,0,107 8,1,18,,669184,3,0,107 8,1,18,,544077,3,0,107 8,1,58,,669189,3,0,107 8,1,18,,669144,3,0,107 8,1,18,,669160,3,0,107 8,1,58,,669153,3,0,107 8,1,13,,669171,2,0,107 8,1,12,,669147,2,0,107 8,1,12,,577997,2,0,107 8,1,12,,669174,2,0,107 8,1,52,,669145,2,0,107 8,1,12,,546599,2,0,107 8,1,12,,669156,2,0,107 8,1,12,,669181,2,0,107 8,1,12,,543653,2,0,107 8,1,52,,669142,2,0,107 8,1,12,,669152,2,0,107 8,1,12,,480399,2,0,107 8,1,12,,669179,2,0,107 8,1,12,,669183,2,0,107 8,1,52,,669155,2,0,107 8,1,12,,588603,3,0,107 8,1,12,,669164,3,0,107 8,1,12,,669191,3,0,107 8,1,11,,571383,3,0,107 8,1,52,,669139,3,0,107 8,1,30,,669169,3,0,107 8,1,70,,669146,3,0,107 8,1,30,,669137,3,0,107 8,1,70,,669166,3,0,107 8,1,30,,669141,3,0,107 8,1,70,,566106,3,0,107 8,1,28,,574105,3,0,107 8,1,30,,669177,3,0,107 8,1,70,,669154,3,0,107 8,1,30,,669135,3,0,107 8,1,70,,531282,3,0,107 8,1,30,,669148,3,0,107 8,1,70,,669176,3,0,107 8,1,71,,669136,3,0,107 8,1
12402,'2',539,,669224,3,0,107 8,1,70,,669194,3,0,107 8,1,30,,669204,3,0,107 8,1,70,,669195,3,0,107 8,1,30,,669213,3,0,107 8,1,70,,669201,3,0,107 8,1,30,,669209,3,0,107 8,1,70,,669223,3,0,107 8,1,30,,669198,3,0,107 8,1,70,,669216,3,0,107 8,1,30,,669218,3,0,107 8,1,70,,669193,3,0,107 8,1,30,,669192,3,0,107 8,1,70,,669206,3,0,107 8,1,30,,669202,3,0,107 8,1,70,,669217,3,0,107 8,1,30,,669205,3,0,107 8,1,70,,669214,3,0,107 8,1,30,,579988,3,0,107 8,1,70,,547066,3,0,107 8,1,30,,527785,3,0,107 8,1,70,,464048,3,0,107 8,1,30,,669220,3,0,107 8,1,70,,669197,3,0,107 8,1,30,,669221,3,0,107 8,1,70,,669208,3,0,107 8,1,30,,669219,3,0,107 8,1,70,,669207,3,0,107 8,1,30,,669226,3,0,107 8,1,70,,669196,3,0,107 8,1,30,,669203,3,0,107 8,1,70,,669210,3,0,107 8,1,30,,569536,3,0,107 8,1,70,,669225,3,0,107 8,1,30,,669222,3,0,107 8,1,70,,669211,3,0,107 8,1,30,,669199,3,0,107 8,1,70,,669215,3,0,107 8,1,30,,669212,3,0,107 8,1,65,,591232,3,0,107 8,1,25,,669200,3,0,107 8,1,71,,525463,3,0,107 8,1
12402,'3',539,,669239,3,0,107 8,1,70,,669250,3,0,107 8,1,30,,669236,3,0,107 8,1,70,,533356,3,0,107 8,1,30,,669230,3,0,107 8,1,71,,669243,3,0,107 8,1,30,,669242,3,0,107 8,1,70,,669249,3,0,107 8,1,30,,600528,3,0,107 8,1,70,,669253,3,0,107 8,1,30,,669234,3,0,107 8,1,70,,669256,3,0,107 8,1,30,,669229,3,0,107 8,1,70,,669257,3,0,107 8,1,30,,669237,3,0,107 8,1,70,,554546,3,0,107 8,1,30,,669261,3,0,107 8,1,70,,669246,3,0,107 8,1,30,,669262,3,0,107 8,1,70,,669254,3,0,107 8,1,30,,669248,3,0,107 8,1,70,,669255,3,0,107 8,1,30,,669252,3,0,107 8,1,70,,669241,3,0,107 8,1,30,,669240,3,0,107 8,1,70,,669259,3,0,107 8,1,30,,439373,3,0,107 8,1,69,,669258,3,0,107 8,1,30,,669245,3,0,107 8,1,70,,669231,3,0,107 8,1,30,,669260,3,0,107 8,1,70,,554591,3,0,107 8,1,30,,669251,3,0,107 8,1,70,,669247,3,0,107 8,1,30,,669232,3,0,107 8,1,70,,669228,3,0,107 8,1,30,,669233,3,0,107 8,1,70,,669235,3,0,107 8,1,30,,669238,3,0,107 8,1,68,,669244,3,0,107 8,1,22,,592912,3,0,107 8,1,71,,669227,3,0,107 8,1
12402,'5',540,,669297,3,0,107 8,1,70,,669275,3,0,107 8,1,30,,669269,3,0,107 8,1,70,,669284,3,0,107 8,1,30,,669283,3,0,107 8,1,70,,669289,3,0,107 8,1,30,,669267,3,0,107 8,1,70,,548876,3,0,107 8,1,30,,669270,3,0,107 8,1,70,,669277,3,0,107 8,1,30,,669295,3,0,107 8,1,70,,669263,3,0,107 8,1,30,,669285,3,0,107 8,1,70,,669299,3,0,107 8,1,30,,669291,3,0,107 8,1,70,,669273,3,0,107 8,1,30,,557326,3,0,107 8,1,70,,669279,3,0,107 8,1,30,,669276,3,0,107 8,1,70,,669287,3,0,107 8,1,30,,669290,3,0,107 8,1,70,,521741,3,0,107 8,1,30,,669294,3,0,107 8,1,70,,669300,3,0,107 8,1,30,,669288,3,0,107 8,1,70,,669265,3,0,107 8,1,30,,602503,3,0,107 8,1,69,,669286,3,0,107 8,1,30,,669282,3,0,107 8,1,70,,669271,3,0,107 8,1,30,,669293,3,0,107 8,1,70,,669292,3,0,107 8,1,30,,669264,3,0,107 8,1,70,,669280,3,0,107 8,1,30,,669278,3,0,107 8,1,70,,669296,3,0,107 8,1,30,,669268,3,0,107 8,1,70,,669274,3,0,107 8,1,30,,669266,3,0,107 8,1,68,,669281,3,0,107 8,1,22,,669272,3,0,107 8,1,71,,669298,3,0,107 8,1
35202,'1',349,,682652,4,0,11 12 132 133,1,70,,682648,4,0,11 12 132 133,1,30,,682650,4,0,11 12 132 133,1,70,,682653,4,0,11 12 132 133,1,2100,,682649,4,0,11 12 132 133,1,30,,597399,4,0,11 12 132 133,1,70,,682651,4,0,11 12 132 133,1
35202,'2',349,,682658,4,0,11 12 132 133,1,70,,682659,4,0,11 12 132 133,1,30,,682657,4,0,11 12 132 133,1,70,,682656,4,0,11 12 132 133,1,2100,,682654,4,0,11 12 132 133,1,30,,428202,4,0,11 12 132 133,1,70,,682655,4,0,11 12 132 133,1
35202,'3',349,,682663,4,0,11 12 132 133,1,70,,546480,4,0,11 12 132 133,1,30,,682661,4,0,11 12 132 133,1,70,,523261,4,0,11 12 132 133,1,2100,,574562,4,0,11 12 132 133,1,30,,682660,4,0,11 12 132 133,1,70,,682662,4,0,11 12 132 133,1
35202,'5',349,,682664,4,0,11 12 132 133,1,70,,547608,4,0,11 12 132 133,1,30,,682668,4,0,11 12 132 133,1,70,,682667,4,0,11 12 132 133,1,2100,,682666,4,0,11 12 132 133,1,30,,682669,4,0,11 12 132 133,1,70,,682665,4,0,11 12 132 133,1
