3401,'1',610,,617368,14,0,55 8,1,20,,617393,42,0,55 8,1,19,,617367,42,0,55 8,1,58,,389078,42,0,55 8,1,22,,617397,42,0,55 8,1,20,,617391,42,0,55 8,1,60,,617360,42,0,55 8,1,20,,617382,42,0,55 8,1,20,,617370,42,0,55 8,1,60,,531738,42,0,55 8,1,17,,617364,42,0,55 8,1,19,,617390,42,0,55 8,1,58,,617371,42,0,55 8,1,18,,617395,42,0,55 8,1,20,,617351,42,0,55 8,1,60,,617357,42,0,55 8,1,20,,617383,42,0,55 8,1,20,,617363,42,0,55 8,1,60,,617356,42,0,55 8,1,20,,617359,42,0,55 8,1,20,,387973,42,0,55 8,1,60,,617392,42,0,55 8,1,20,,617354,42,0,55 8,1,20,,617366,42,0,55 8,1,18,,617389,42,0,55 8,1,59,,617387,42,0,55 8,1,19,,617353,42,0,55 8,1,20,,617399,42,0,55 8,1,60,,617396,42,0,55 8,1,20,,617369,42,0,55 8,1,20,,617384,42,0,55 8,1,60,,617352,42,0,55 8,1,20,,596283,42,0,55 8,1,20,,617350,42,0,55 8,1,60,,617373,42,0,55 8,1,18,,472804,42,0,55 8,1,18,,617374,42,0,55 8,1,59,,617377,42,0,55 8,1,20,,567949,42,0,55 8,1,20,,617355,42,0,55 8,1,50,,617375,42,0,55 8,1,9,,617386,42,0,55 8,1,13,,617365,42,0,55 8,1,14,,617372,42,0,55 8,1,18,,604253,42,0,55 8,1,60,,617358,42,0,55 8,1,20,,617381,42,0,55 8,1,10,,617362,42,0,55 8,1,10,,617388,42,0,55 8,1,60,,552174,42,0,55 8,1,20,,617398,42,0,55 8,1,20,,617385,42,0,55 8,1,58,,617361,42,0,55 8,1,15,,617349,42,0,55 8,1,16,,562538,42,0,55 8,1,60,,411803,42,0,55 8,1,20,,617376,42,0,55 8,1,20,,617378,42,0,55 8,1,60,,489408,42,0,55 8,1,20,,598660,42,0,55 8,1,20,,385618,42,0,55 8,1,60,,617394,42,0,55 8,1,20,,617379,42,0,55 8,1,19,,617380,42,0,55 8,1
3401,'2',608,,617416,14,0,55 8,1,15,,617440,14,0,55 8,1,15,,617452,42,0,55 8,1,20,,617410,42,0,55 8,1,60,,617404,42,0,55 8,1,20,,617407,42,0,55 8,1,17,,617446,42,0,55 8,1,57,,617412,42,0,55 8,1,20,,617424,42,0,55 8,1,20,,617415,42,0,55 8,1,60,,617447,42,0,55 8,1,20,,617445,42,0,55 8,1,20,,617439,42,0,55 8,1,60,,617451,42,0,55 8,1,20,,617443,42,0,55 8,1,16,,617417,42,0,55 8,1,59,,617437,42,0,55 8,1,20,,617402,42,0,55 8,1,20,,617427,42,0,55 8,1,60,,617433,42,0,55 8,1,20,,617409,42,0,55 8,1,20,,617426,42,0,55 8,1,60,,485897,42,0,55 8,1,20,,541916,42,0,55 8,1,20,,597434,42,0,55 8,1,60,,617450,42,0,55 8,1,20,,617436,42,0,55 8,1,20,,617405,42,0,55 8,1,60,,617401,42,0,55 8,1,20,,617421,42,0,55 8,1,20,,617413,42,0,55 8,1,60,,617400,42,0,55 8,1,20,,617414,42,0,55 8,1,20,,617418,42,0,55 8,1,59,,617419,42,0,55 8,1,19,,617425,42,0,55 8,1,19,,525440,42,0,55 8,1,60,,617423,42,0,55 8,1,20,,617429,42,0,55 8,1,20,,617432,42,0,55 8,1,10,,617430,42,0,55 8,1,50,,617420,42,0,55 8,1,20,,617442,42,0,55 8,1,20,,617422,42,0,55 8,1,59,,617449,42,0,55 8,1,16,,617428,42,0,55 8,1,18,,530171,42,0,55 8,1,15,,617403,42,0,55 8,1,60,,617431,42,0,55 8,1,20,,617438,42,0,55 8,1,10,,617448,42,0,55 8,1,10,,556237,42,0,55 8,1,60,,601525,42,0,55 8,1,20,,537579,42,0,55 8,1,20,,551787,42,0,55 8,1,60,,617453,42,0,55 8,1,16,,617408,42,0,55 8,1,18,,617435,42,0,55 8,1,60,,617434,42,0,55 8,1,20,,617441,42,0,55 8,1,20,,617444,42,0,55 8,1,60,,466960,42,0,55 8,1,20,,617411,42,0,55 8,1,19,,617406,42,0,55 8,1
3401,'3',823,,617491,42,0,55 8,1,25,,617468,42,0,55 8,1,60,,617477,42,0,55 8,1,20,,617455,42,0,55 8,1,19,,601660,42,0,55 8,1,58,,617482,42,0,55 8,1,20,,496019,42,0,55 8,1,20,,617484,42,0,55 8,1,60,,617479,42,0,55 8,1,20,,530607,42,0,55 8,1,18,,617469,42,0,55 8,1,59,,617485,42,0,55 8,1,21,,617478,42,0,55 8,1,20,,617488,42,0,55 8,1,60,,373121,42,0,55 8,1,20,,617473,42,0,55 8,1,20,,617489,42,0,55 8,1,60,,617460,42,0,55 8,1,20,,572834,42,0,55 8,1,20,,617490,42,0,55 8,1,60,,617475,42,0,55 8,1,20,,617467,42,0,55 8,1,20,,617483,42,0,55 8,1,60,,617458,42,0,55 8,1,20,,617493,42,0,55 8,1,20,,617492,42,0,55 8,1,60,,617496,42,0,55 8,1,20,,572846,42,0,55 8,1,20,,582138,42,0,55 8,1,59,,617487,42,0,55 8,1,18,,515563,42,0,55 8,1,16,,617495,42,0,55 8,1,19,,617476,42,0,55 8,1,60,,617463,42,0,55 8,1,20,,617454,42,0,55 8,1,20,,555493,42,0,55 8,1,50,,617480,42,0,55 8,1,9,,617459,42,0,55 8,1,17,,472882,42,0,55 8,1,18,,617456,42,0,55 8,1,60,,617486,42,0,55 8,1,20,,617462,42,0,55 8,1,20,,617472,42,0,55 8,1,60,,617471,42,0,55 8,1,20,,617461,42,0,55 8,1,20,,617466,42,0,55 8,1,60,,617457,42,0,55 8,1,17,,617494,42,0,55 8,1,18,,617474,42,0,55 8,1,60,,617470,42,0,55 8,1,20,,617481,42,0,55 8,1,20,,617465,42,0,55 8,1,60,,617464,42,0,55 8,1,20,,585175,42,0,55 8,1,20,,528426,42,0,55 8,1
3401,'5',608,,617527,14,0,55 8,1,24,,536642,42,0,55 8,1,20,,617500,42,0,55 8,1,60,,617529,42,0,55 8,1,20,,617499,42,0,55 8,1,18,,601072,42,0,55 8,1,55,,617507,42,0,55 8,1,21,,617509,42,0,55 8,1,22,,617528,42,0,55 8,1,60,,617530,42,0,55 8,1,20,,617532,42,0,55 8,1,19,,617533,42,0,55 8,1,58,,617545,42,0,55 8,1,20,,617511,42,0,55 8,1,20,,617526,42,0,55 8,1,60,,617514,42,0,55 8,1,20,,528046,42,0,55 8,1,18,,617540,42,0,55 8,1,59,,617525,42,0,55 8,1,21,,617508,42,0,55 8,1,20,,617519,42,0,55 8,1,60,,617510,42,0,55 8,1,20,,617523,42,0,55 8,1,20,,617520,42,0,55 8,1,60,,585246,42,0,55 8,1,20,,617516,42,0,55 8,1,20,,617542,42,0,55 8,1,60,,617498,42,0,55 8,1,20,,617541,42,0,55 8,1,20,,617536,42,0,55 8,1,60,,617506,42,0,55 8,1,20,,592493,42,0,55 8,1,20,,617524,42,0,55 8,1,60,,617544,42,0,55 8,1,20,,617539,42,0,55 8,1,20,,617537,42,0,55 8,1,59,,617534,42,0,55 8,1,18,,617521,42,0,55 8,1,16,,540411,42,0,55 8,1,19,,617502,42,0,55 8,1,60,,551371,42,0,55 8,1,20,,617543,42,0,55 8,1,20,,617517,42,0,55 8,1,50,,617535,42,0,55 8,1,9,,617515,42,0,55 8,1,17,,617505,42,0,55 8,1,18,,617531,42,0,55 8,1,60,,617504,42,0,55 8,1,20,,546358,42,0,55 8,1,20,,617513,42,0,55 8,1,60,,617518,42,0,55 8,1,20,,617538,42,0,55 8,1,20,,572857,42,0,55 8,1,60,,617546,42,0,55 8,1,17,,550724,42,0,55 8,1,18,,617497,42,0,55 8,1,60,,593604,42,0,55 8,1,20,,603919,42,0,55 8,1,20,,617522,42,0,55 8,1,60,,617501,42,0,55 8,1,20,,617512,42,0,55 8,1,20,,617503,42,0,55 8,1
5103,'1',555,,552168,20,0,34 26 38,1,52,,629799,19,0,5 56 8,1,12,,629851,19,0,34 26 38,1,12,,556896,19,0,5 56 8,1,11,,629782,19,0,34 26 38,1,14,,555355,19,0,5 56 8,1,53,,629796,19,0,34 26 38,1,11,,629838,19,0,5 56 8,1,11,,629846,19,0,34 26 38,1,11,,629832,19,0,5 56 8,1,11,,546189,19,0,34 26 38,1,51,,504320,19,0,5 56 8,1,11,,629844,19,0,34 26 38,1,11,,591483,19,0,5 56 8,1,11,,629774,19,0,34 26 38,1,11,,530434,19,0,5 56 8,1,11,,629834,19,0,34 26 38,1,51,,629780,19,0,5 56 8,1,11,,629827,19,0,34 26 38,1,12,,629835,19,0,5 56 8,1,12,,629820,19,0,34 26 38,1,12,,629808,19,0,5 56 8,1,52,,629787,19,0,34 26 38,1,12,,578510,19,0,5 56 8,1,12,,629798,19,0,34 26 38,1,12,,629845,19,0,5 56 8,1,12,,460016,19,0,34 26 38,1,52,,629814,19,0,5 56 8,1,12,,629778,19,0,34 26 38,1,12,,532906,19,0,5 56 8,1,12,,477975,19,0,34 26 38,1,12,,568487,19,0,5 56 8,1,52,,629811,19,0,34 26 38,1,12,,629793,19,0,5 56 8,1,12,,546863,19,0,34 26 38,1,12,,591362,19,0,5 56 8,1,12,,629781,19,0,34 26 38,1,52,,565942,19,0,5 56 8,1,12,,560759,19,0,34 26 38,1,12,,629821,19,0,5 56 8,1,12,,629815,19,0,34 26 38,1,8,,629847,19,0,5 56 8,1,50,,629818,19,0,34 26 38,1,12,,629786,19,0,5 56 8,1,13,,629825,19,0,34 26 38,1,11,,629817,19,0,5 56 8,1,11,,629829,19,0,34 26 38,1,51,,629806,19,0,5 56 8,1,11,,629777,19,0,34 26 38,1,11,,629822,19,0,5 56 8,1,11,,629797,19,0,34 26 38,1,11,,629790,19,0,5 56 8,1,11,,629842,19,0,34 26 38,1,51,,629791,19,0,5 56 8,1,11,,629824,19,0,34 26 38,1,11,,629849,19,0,5 56 8,1,11,,629810,19,0,34 26 38,1,11,,629794,19,0,5 56 8,1,51,,562950,19,0,34 26 38,1,11,,629788,19,0,5 56 8,1,11,,629800,19,0,34 26 38,1,11,,629828,19,0,5 56 8,1,11,,629795,19,0,34 26 38,1,11,,629816,19,0,5 56 8,1,51,,629779,19,0,34 26 38,1,11,,534047,19,0,5 56 8,1,11,,629792,19,0,34 26 38,1,8,,629841,19,0,5 56 8,1,10,,512980,19,0,34 26 38,1,9,,629812,19,0,5 56 8,1,52,,596504,19,0,34 26 38,1,12,,629785,19,0,5 56 8,1,12,,629819,19,0,34 26 38,1,12,,629848,19,0,5 56 8,1,12,,629839,19,0,34 26 38,1,52,,552654,19,0,5 56 8,1,12,,629801,19,0,34 26 38,1,12,,629843,19,0,5 56 8,1,12,,629802,19,0,34 26 38,1,12,,540515,19,0,5 56 8,1,52,,629776,19,0,34 26 38,1,12,,629813,19,0,5 56 8,1,12,,498287,19,0,34 26 38,1,12,,426685,19,0,5 56 8,1,12,,562958,19,0,34 26 38,1,51,,629803,19,0,5 56 8,1,9,,629830,19,0,34 26 38,1,13,,413359,19,0,5 56 8,1,12,,629775,19,0,34 26 38,1,13,,629850,19,0,5 56 8,1,52,,629809,19,0,34 26 38,1,13,,629804,19,0,5 56 8,1,12,,629789,19,0,34 26 38,1,13,,629826,19,0,5 56 8,1,12,,571972,19,0,34 26 38,1,53,,629784,19,0,5 56 8,1,12,,629836,19,0,34 26 38,1,13,,538194,19,0,5 56 8,1,12,,629840,19,0,34 26 38,1,53,,629837,19,0,5 56 8,1,12,,629833,19,0,34 26 38,1,12,,629807,19,0,5 56 8,1,24,,629823,19,0,5 56 8,1,70,,629805,19,0,5 56 8,1
5103,'2',610,,575034,19,0,34 26 38,1,14,,629891,19,0,5 56 8,1,14,,588625,19,0,34 26 38,1,14,,378241,19,0,5 56 8,1,54,,629918,19,0,34 26 38,1,14,,629905,19,0,5 56 8,1,11,,567086,19,0,34 26 38,1,11,,629855,19,0,5 56 8,1,11,,629894,19,0,34 26 38,1,52,,629886,19,0,5 56 8,1,11,,559498,19,0,34 26 38,1,12,,629857,19,0,5 56 8,1,11,,629903,19,0,34 26 38,1,11,,601257,19,0,5 56 8,1,51,,629889,19,0,34 26 38,1,11,,532675,19,0,5 56 8,1,11,,629874,19,0,34 26 38,1,11,,587668,19,0,5 56 8,1,11,,629863,19,0,34 26 38,1,11,,555421,19,0,5 56 8,1,51,,629882,19,0,34 26 38,1,11,,629892,19,0,5 56 8,1,11,,629932,19,0,34 26 38,1,11,,538427,19,0,5 56 8,1,11,,629924,19,0,34 26 38,1,51,,629925,19,0,5 56 8,1,11,,532656,19,0,34 26 38,1,11,,629883,19,0,5 56 8,1,11,,629854,19,0,34 26 38,1,11,,629911,19,0,5 56 8,1,10,,629872,19,0,34 26 38,1,50,,629916,19,0,5 56 8,1,12,,629897,19,0,34 26 38,1,11,,629923,19,0,5 56 8,1,11,,629860,19,0,34 26 38,1,11,,629865,19,0,5 56 8,1,51,,629861,19,0,34 26 38,1,11,,629896,19,0,5 56 8,1,11,,629913,19,0,34 26 38,1,11,,528254,19,0,5 56 8,1,11,,629915,19,0,34 26 38,1,11,,629907,19,0,5 56 8,1,51,,629919,19,0,34 26 38,1,11,,513873,19,0,5 56 8,1,11,,629852,19,0,34 26 38,1,11,,629871,19,0,5 56 8,1,11,,629904,19,0,34 26 38,1,51,,629920,19,0,5 56 8,1,11,,579019,19,0,34 26 38,1,11,,629931,19,0,5 56 8,1,11,,629914,19,0,34 26 38,1,11,,485406,19,0,5 56 8,1,11,,629862,19,0,34 26 38,1,51,,629885,19,0,5 56 8,1,11,,629927,19,0,34 26 38,1,11,,629912,19,0,5 56 8,1,11,,629880,19,0,34 26 38,1,11,,629900,19,0,5 56 8,1,51,,629909,19,0,34 26 38,1,11,,629901,19,0,5 56 8,1,11,,538470,19,0,34 26 38,1,11,,562238,19,0,5 56 8,1,11,,629884,19,0,34 26 38,1,11,,629879,19,0,5 56 8,1,51,,629929,19,0,34 26 38,1,11,,629928,19,0,5 56 8,1,11,,629859,19,0,34 26 38,1,11,,629910,19,0,5 56 8,1,11,,629878,19,0,34 26 38,1,50,,629868,19,0,5 56 8,1,7,,629899,19,0,34 26 38,1,9,,629867,19,0,5 56 8,1,12,,629888,19,0,34 26 38,1,12,,629876,19,0,5 56 8,1,12,,629869,19,0,34 26 38,1,52,,533570,19,0,5 56 8,1,12,,629873,19,0,34 26 38,1,12,,629866,19,0,5 56 8,1,12,,505131,19,0,34 26 38,1,12,,629877,19,0,5 56 8,1,52,,629858,19,0,34 26 38,1,12,,629934,19,0,5 56 8,1,12,,629856,19,0,34 26 38,1,12,,629875,19,0,5 56 8,1,12,,537416,19,0,34 26 38,1,51,,629906,19,0,5 56 8,1,9,,516959,19,0,34 26 38,1,13,,629921,19,0,5 56 8,1,12,,629893,19,0,34 26 38,1,13,,383008,19,0,5 56 8,1,52,,629853,19,0,34 26 38,1,13,,540216,19,0,5 56 8,1,12,,629933,19,0,34 26 38,1,13,,629870,19,0,5 56 8,1,12,,629902,19,0,34 26 38,1,53,,629930,19,0,5 56 8,1,12,,629864,19,0,34 26 38,1,13,,629890,19,0,5 56 8,1,12,,629895,19,0,34 26 38,1,13,,557068,19,0,5 56 8,1,52,,629887,19,0,34 26 38,1,12,,629917,19,0,5 56 8,1,25,,629881,19,0,5 56 8,1,70,,629898,19,0,5 56 8,1
5103,'3',612,,629977,20,0,34 26 38,1,30,,629948,20,0,34 26 38,1,70,,629961,20,0,34 26 38,1,21,,629955,20,0,34 26 38,1,21,,629953,20,0,34 26 38,1,52,,629986,19,0,5 56 8,1,12,,629980,19,0,34 26 38,1,12,,630010,19,0,5 56 8,1,12,,629946,19,0,34 26 38,1,12,,630007,19,0,5 56 8,1,52,,540320,19,0,34 26 38,1,12,,630004,19,0,5 56 8,1,12,,629970,19,0,34 26 38,1,12,,629994,19,0,5 56 8,1,12,,629959,19,0,34 26 38,1,52,,629997,19,0,5 56 8,1,12,,629936,19,0,34 26 38,1,12,,629982,19,0,5 56 8,1,12,,629940,19,0,34 26 38,1,12,,630003,19,0,5 56 8,1,52,,372774,19,0,34 26 38,1,11,,629973,19,0,5 56 8,1,11,,629967,19,0,34 26 38,1,11,,629991,19,0,5 56 8,1,11,,630011,19,0,34 26 38,1,51,,629998,19,0,5 56 8,1,12,,570972,19,0,34 26 38,1,12,,629981,19,0,5 56 8,1,11,,517746,19,0,34 26 38,1,11,,629942,19,0,5 56 8,1,11,,629951,19,0,34 26 38,1,51,,448339,19,0,5 56 8,1,11,,629957,19,0,34 26 38,1,11,,629952,19,0,5 56 8,1,11,,629993,19,0,34 26 38,1,11,,629941,19,0,5 56 8,1,51,,629950,19,0,34 26 38,1,11,,629949,19,0,5 56 8,1,11,,629945,19,0,34 26 38,1,11,,629943,19,0,5 56 8,1,11,,601306,19,0,34 26 38,1,11,,629964,19,0,5 56 8,1,51,,629965,19,0,34 26 38,1,11,,630014,19,0,5 56 8,1,11,,518146,19,0,34 26 38,1,11,,629962,19,0,5 56 8,1,11,,629958,19,0,34 26 38,1,51,,630008,19,0,5 56 8,1,11,,629984,19,0,34 26 38,1,11,,629960,19,0,5 56 8,1,11,,629978,19,0,34 26 38,1,11,,629987,19,0,5 56 8,1,51,,630016,19,0,34 26 38,1,11,,431361,19,0,5 56 8,1,11,,541392,19,0,34 26 38,1,11,,629956,19,0,5 56 8,1,11,,630009,19,0,34 26 38,1,11,,630013,19,0,5 56 8,1,51,,534255,19,0,34 26 38,1,11,,629974,19,0,5 56 8,1,11,,629988,19,0,34 26 38,1,11,,629985,19,0,5 56 8,1,11,,630017,19,0,34 26 38,1,51,,629938,19,0,5 56 8,1,8,,563613,19,0,34 26 38,1,9,,629976,19,0,5 56 8,1,12,,630006,19,0,34 26 38,1,12,,630015,19,0,5 56 8,1,12,,629937,19,0,34 26 38,1,52,,629939,19,0,5 56 8,1,12,,629979,19,0,34 26 38,1,12,,629971,19,0,5 56 8,1,12,,630002,19,0,34 26 38,1,12,,629968,19,0,5 56 8,1,52,,629996,19,0,34 26 38,1,12,,467747,19,0,5 56 8,1,12,,591425,19,0,34 26 38,1,12,,630001,19,0,5 56 8,1,12,,629983,19,0,34 26 38,1,51,,540691,19,0,5 56 8,1,11,,629944,19,0,34 26 38,1,13,,588660,19,0,5 56 8,1,12,,629947,19,0,34 26 38,1,13,,629989,19,0,5 56 8,1,52,,629969,19,0,34 26 38,1,13,,629999,19,0,5 56 8,1,12,,603838,19,0,34 26 38,1,13,,629963,19,0,5 56 8,1,12,,539170,19,0,34 26 38,1,53,,629966,19,0,5 56 8,1,12,,630012,19,0,34 26 38,1,13,,629990,19,0,5 56 8,1,12,,630000,19,0,34 26 38,1,13,,629995,19,0,5 56 8,1,52,,500061,19,0,34 26 38,1,12,,629935,19,0,5 56 8,1,25,,629972,19,0,5 56 8,1,70,,629954,19,0,5 56 8,1
5103,'5',609,,630100,19,0,34 26 38,1,10,,630075,19,0,5 56 8,1,15,,630024,19,0,34 26 38,1,15,,630021,19,0,5 56 8,1,55,,630052,19,0,34 26 38,1,15,,630025,19,0,5 56 8,1,12,,630092,19,0,34 26 38,1,12,,554663,19,0,5 56 8,1,11,,542594,19,0,34 26 38,1,52,,630097,19,0,5 56 8,1,12,,630068,19,0,34 26 38,1,12,,520138,19,0,5 56 8,1,12,,630055,19,0,34 26 38,1,12,,630063,19,0,5 56 8,1,52,,630046,19,0,34 26 38,1,12,,630091,19,0,5 56 8,1,12,,630048,19,0,34 26 38,1,12,,630054,19,0,5 56 8,1,12,,630071,19,0,34 26 38,1,52,,544984,19,0,5 56 8,1,12,,535886,19,0,34 26 38,1,12,,630062,19,0,5 56 8,1,12,,630095,19,0,34 26 38,1,12,,630085,19,0,5 56 8,1,52,,524216,19,0,34 26 38,1,11,,630043,19,0,5 56 8,1,11,,630084,19,0,34 26 38,1,11,,589368,19,0,5 56 8,1,11,,630083,19,0,34 26 38,1,51,,630078,19,0,5 56 8,1,12,,630060,19,0,34 26 38,1,12,,630039,19,0,5 56 8,1,11,,630076,19,0,34 26 38,1,11,,554613,19,0,5 56 8,1,11,,524194,19,0,34 26 38,1,51,,630028,19,0,5 56 8,1,11,,630074,19,0,34 26 38,1,11,,630079,19,0,5 56 8,1,11,,630059,19,0,34 26 38,1,11,,513663,19,0,5 56 8,1,51,,630067,19,0,34 26 38,1,11,,630096,19,0,5 56 8,1,11,,630042,19,0,34 26 38,1,11,,630098,19,0,5 56 8,1,11,,630022,19,0,34 26 38,1,11,,630087,19,0,5 56 8,1,51,,630080,19,0,34 26 38,1,11,,630035,19,0,5 56 8,1,11,,630037,19,0,34 26 38,1,11,,581713,19,0,5 56 8,1,11,,630030,19,0,34 26 38,1,51,,630045,19,0,5 56 8,1,11,,552326,19,0,34 26 38,1,11,,630057,19,0,5 56 8,1,11,,581412,19,0,34 26 38,1,11,,630088,19,0,5 56 8,1,51,,630050,19,0,34 26 38,1,11,,630072,19,0,5 56 8,1,11,,630047,19,0,34 26 38,1,11,,630069,19,0,5 56 8,1,11,,630051,19,0,34 26 38,1,11,,630082,19,0,5 56 8,1,51,,559208,19,0,34 26 38,1,11,,630073,19,0,5 56 8,1,11,,630064,19,0,34 26 38,1,11,,630036,19,0,5 56 8,1,11,,630049,19,0,34 26 38,1,51,,630038,19,0,5 56 8,1,8,,630094,19,0,34 26 38,1,9,,630061,19,0,5 56 8,1,12,,630032,19,0,34 26 38,1,12,,517406,19,0,5 56 8,1,12,,630056,19,0,34 26 38,1,52,,630086,19,0,5 56 8,1,12,,630023,19,0,34 26 38,1,12,,630033,19,0,5 56 8,1,12,,552828,19,0,34 26 38,1,12,,630020,19,0,5 56 8,1,52,,630065,19,0,34 26 38,1,12,,630044,19,0,5 56 8,1,12,,630053,19,0,34 26 38,1,12,,630027,19,0,5 56 8,1,12,,557331,19,0,34 26 38,1,51,,630029,19,0,5 56 8,1,11,,561632,19,0,34 26 38,1,13,,630040,19,0,5 56 8,1,12,,630093,19,0,34 26 38,1,13,,565117,19,0,5 56 8,1,52,,630018,19,0,34 26 38,1,13,,581409,19,0,5 56 8,1,12,,630070,19,0,34 26 38,1,13,,630031,19,0,5 56 8,1,12,,630081,19,0,34 26 38,1,53,,630034,19,0,5 56 8,1,12,,529996,19,0,34 26 38,1,13,,630099,19,0,5 56 8,1,12,,630077,19,0,34 26 38,1,13,,630090,19,0,5 56 8,1,52,,630058,19,0,34 26 38,1,12,,630089,19,0,5 56 8,1,25,,527295,19,0,5 56 8,1,70,,593610,19,0,5 56 8,1
8801,'1',505,,651101,2,0,34 242,1,41,,651052,21,0,34 242,1,55,,581750,21,0,34 242,1,22,,651063,21,0,34 242,1,15,,651054,21,0,34 242,1,15,,550428,21,0,34 242,1,55,,651105,21,0,34 242,1,15,,533983,21,0,34 242,1,15,,651100,21,0,34 242,1,67,,651097,21,0,34 242,1,15,,533731,21,0,34 242,1,15,,651103,21,0,34 242,1,15,,517149,21,0,34 242,1,55,,550986,21,0,34 242,1,15,,651061,21,0,34 242,1,12,,651071,21,0,34 242,1,80,,587181,21,0,34 242,1,40,,651083,21,0,34 242,1,80,,651049,21,0,34 242,1,80,,651094,21,0,34 242,1,40,,525721,21,0,34 242,1,80,,651076,21,0,34 242,1,80,,651078,21,0,34 242,1,88,,651058,21,0,34 242,1,24,,651070,21,0,34 242,1,24,,651108,21,0,34 242,1,64,,559802,21,0,34 242,1,24,,651074,21,0,34 242,1,64,,651085,21,0,34 242,1,25,,540481,21,0,34 242,1,24,,552855,21,0,34 242,1,65,,651096,21,0,34 242,1,25,,651079,21,0,34 242,1,71,,532573,21,0,34 242,1,38,,592048,21,0,34 242,1,76,,423114,21,0,34 242,1,76,,651075,21,0,34 242,1,36,,572049,21,0,34 242,1,81,,651072,21,0,34 242,1,85,,651091,21,0,34 242,1,45,,651051,21,0,34 242,1,85,,651102,21,0,34 242,1,93,,651099,4,0,34 242,1
8801,'2',546,,651162,21,0,34 242,1,13,,505308,21,0,34 242,1,85,,651141,21,0,34 242,1,85,,651124,21,0,34 242,1,82,,651121,21,0,34 242,1,34,,651165,21,0,34 242,1,75,,651149,21,0,34 242,1,35,,651159,21,0,34 242,1,75,,651154,21,0,34 242,1,73,,651113,21,0,34 242,1,29,,651128,21,0,34 242,1,70,,651122,21,0,34 242,1,30,,651153,21,0,34 242,1,70,,556281,21,0,34 242,1,30,,651114,21,0,34 242,1,70,,542928,21,0,34 242,1,30,,651161,21,0,34 242,1,70,,651120,21,0,34 242,1,30,,651155,21,0,34 242,1,70,,651145,21,0,34 242,1,30,,377690,21,0,34 242,1,70,,522480,21,0,34 242,1,30,,651158,21,0,34 242,1,70,,387659,21,0,34 242,1,30,,651125,21,0,34 242,1,70,,651133,21,0,34 242,1,37,,651132,21,0,34 242,1,75,,651146,21,0,34 242,1,35,,651127,21,0,34 242,1,75,,651160,21,0,34 242,1,35,,651139,21,0,34 242,1,75,,651136,21,0,34 242,1,82,,651118,21,0,34 242,1,84,,651166,21,0,34 242,1,45,,651115,21,0,34 242,1,80,,651130,21,0,34 242,1
8801,'3',805,,651194,21,0,34 242,1,50,,651184,21,0,34 242,1,90,,651191,21,0,34 242,1,90,,651180,21,0,34 242,1,90,,651190,21,0,34 242,1,82,,516035,21,0,34 242,1,39,,651187,21,0,34 242,1,80,,651202,21,0,34 242,1,80,,651196,21,0,34 242,1,40,,651181,21,0,34 242,1,80,,552036,21,0,34 242,1,80,,651183,21,0,34 242,1,40,,651188,21,0,34 242,1,80,,547339,21,0,34 242,1,80,,521182,21,0,34 242,1,40,,651193,21,0,34 242,1,89,,651201,21,0,34 242,1,90,,651175,21,0,34 242,1,90,,582597,21,0,34 242,1,85,,651185,21,0,34 242,1,44,,651169,21,0,34 242,1,85,,651199,21,0,34 242,1,85,,651173,21,0,34 242,1,40,,545358,21,0,34 242,1
8801,'5',510,,651230,2,0,34 242,1,37,,527925,21,0,34 242,1,3,,651213,21,0,34 242,1,78,,651241,21,0,34 242,1,86,,521213,21,0,34 242,1,90,,602040,21,0,34 242,1,51,,651243,21,0,34 242,1,90,,651247,21,0,34 242,1,90,,651238,21,0,34 242,1,90,,651235,21,0,34 242,1,82,,651212,21,0,34 242,1,39,,651206,21,0,34 242,1,80,,651224,21,0,34 242,1,80,,651231,21,0,34 242,1,40,,651208,21,0,34 242,1,80,,651210,21,0,34 242,1,80,,651207,21,0,34 242,1,40,,651214,21,0,34 242,1,80,,651221,21,0,34 242,1,80,,651218,21,0,34 242,1,40,,513602,21,0,34 242,1,89,,651205,21,0,34 242,1,90,,651232,21,0,34 242,1,90,,651227,21,0,34 242,1,85,,651228,21,0,34 242,1,44,,651246,21,0,34 242,1,85,,651223,21,0,34 242,1,85,,651236,21,0,34 242,1,40,,580879,21,0,34 242,1
15603,'1',555,,674528,13,0,242,1,70,,674525,13,0,242,1,30,,674509,13,0,242,1,70,,519780,13,0,242,1,30,,569815,13,0,242,1,70,,674529,13,0,242,1,30,,674516,13,0,242,1,70,,674523,13,0,242,1,30,,511171,13,0,242,1,70,,542269,13,0,242,1,30,,674511,13,0,242,1,70,,674512,13,0,242,1,30,,674527,13,0,242,1,70,,674510,13,0,242,1,30,,674521,13,0,242,1,70,,674515,13,0,242,1,30,,594914,13,0,242,1,70,,674518,13,0,242,1,30,,674519,13,0,242,1,73,,674524,13,0,242,1,30,,674526,13,0,242,1,70,,674520,13,0,242,1,30,,674530,13,0,242,1,70,,674514,13,0,242,1,30,,674513,13,0,242,1,70,,574096,13,0,242,1,30,,674522,13,0,242,1,70,,674517,13,0,242,1
15603,'2',608,,674538,13,0,242,1,25,,674550,13,0,242,1,25,,594187,13,0,242,1,65,,674532,13,0,242,1,25,,674542,13,0,242,1,65,,674543,13,0,242,1,25,,674534,13,0,242,1,65,,674536,13,0,242,1,25,,570376,13,0,242,1,25,,549951,13,0,242,1,65,,674555,13,0,242,1,25,,674549,13,0,242,1,65,,674545,13,0,242,1,25,,674556,13,0,242,1,25,,674535,13,0,242,1,73,,674537,13,0,242,1,70,,674544,13,0,242,1,30,,674531,13,0,242,1,70,,674552,13,0,242,1,30,,674553,13,0,242,1,70,,520363,13,0,242,1,30,,674539,13,0,242,1,70,,674547,13,0,242,1,30,,674533,13,0,242,1,70,,674540,13,0,242,1,30,,674546,13,0,242,1,70,,674551,13,0,242,1,30,,674541,13,0,242,1,70,,674554,13,0,242,1,30,,674548,13,0,242,1
15603,'3',739,,674570,13,0,242,1,65,,674576,13,0,242,1,25,,674565,13,0,242,1,25,,674567,13,0,242,1,65,,674573,13,0,242,1,25,,388465,13,0,242,1,65,,674557,13,0,242,1,25,,674571,13,0,242,1,25,,674561,13,0,242,1,65,,674562,13,0,242,1,25,,674558,13,0,242,1,65,,674575,13,0,242,1,35,,674574,13,0,242,1,70,,674563,13,0,242,1,30,,558380,13,0,242,1,70,,674566,13,0,242,1,30,,674569,13,0,242,1,70,,674560,13,0,242,1,30,,574312,13,0,242,1,70,,522095,13,0,242,1,30,,674564,13,0,242,1,70,,405970,13,0,242,1,30,,674559,13,0,242,1,70,,535251,13,0,242,1,30,,674568,13,0,242,1,70,,674572,13,0,242,1
15603,'5',607,,674579,13,0,242,1,23,,674582,13,0,242,1,25,,674586,13,0,242,1,65,,674596,13,0,242,1,19,,674584,13,0,242,1,65,,674594,13,0,242,1,25,,519629,13,0,242,1,25,,674589,13,0,242,1,65,,674585,13,0,242,1,25,,674592,13,0,242,1,65,,560590,13,0,242,1,25,,674580,13,0,242,1,25,,534840,13,0,242,1,65,,674581,13,0,242,1,25,,674593,13,0,242,1,65,,674591,13,0,242,1,35,,674587,13,0,242,1,70,,674590,13,0,242,1,30,,674588,13,0,242,1,70,,577622,13,0,242,1,30,,674595,13,0,242,1,70,,547575,13,0,242,1,30,,674583,13,0,242,1,70,,674597,13,0,242,1,30,,532808,13,0,242,1,70,,520545,13,0,242,1,30,,674577,13,0,242,1,70,,674578,13,0,242,1,30,,674598,13,0,242,1,70,,580937,13,0,242,1
33401,'1',503,,681833,64,0,5 55 8,1,15,,681846,38,0,5 55 8,1,9,,598866,40,0,5 55 8,1,9,,681843,67,0,5 55 8,1,14,,681842,42,0,5 55 8,1,2053,,681837,60,0,5 55 8,1,15,,681838,42,0,34 16 3 57,1,15,,681848,67,0,5 55 8,1,15,,458246,40,0,34 16 3 57,1,55,,681851,64,0,5 55 8,1,15,,532600,38,0,34 16 3 57,1,15,,555340,64,0,5 55 8,1,15,,681836,38,0,34 16 3 57,1,55,,681849,64,0,5 55 8,1,15,,681845,38,0,34 16 3 57,1,15,,681834,64,0,5 55 8,1,15,,681840,38,0,34 16 3 57,1
33401,'2',503,,516949,64,0,5 55 8,1,15,,520704,38,0,5 55 8,1,15,,681862,64,0,5 55 8,1,20,,681872,40,0,5 55 8,1,2050,,681861,60,0,5 55 8,1,15,,681871,42,0,34 16 3 57,1,15,,681852,67,0,5 55 8,1,15,,681870,40,0,34 16 3 57,1,55,,681857,64,0,5 55 8,1,15,,681868,38,0,34 16 3 57,1,15,,533007,64,0,5 55 8,1,15,,533792,38,0,34 16 3 57,1,55,,681860,64,0,5 55 8,1,15,,681863,38,0,34 16 3 57,1,15,,542911,64,0,5 55 8,1,15,,681855,38,0,34 16 3 57,1
33401,'3',503,,493970,64,0,5 55 8,1,15,,681896,38,0,34 16 3 57,1,15,,681897,64,0,5 55 8,1,15,,681899,38,0,34 16 3 57,1,54,,681874,64,0,5 55 8,1,10,,681873,38,0,34 16 3 57,1,13,,681900,67,0,5 55 8,1,10,,681892,40,0,34 16 3 57,1,10,,681891,67,0,5 55 8,1,10,,681895,40,0,34 16 3 57,1,50,,526126,67,0,5 55 8,1,10,,531491,40,0,5 55 8,1,10,,559008,58,0,5 55 8,1,10,,681904,40,0,5 55 8,1,10,,681879,58,0,5 55 8,1,10,,681883,40,0,5 55 8,1,1848,,681877,60,0,5 55 8,1,15,,681889,42,0,34 16 3 57,1,15,,583694,67,0,5 55 8,1,15,,681898,40,0,34 16 3 57,1,55,,681884,64,0,5 55 8,1,15,,681882,38,0,34 16 3 57,1,15,,681894,64,0,5 55 8,1,15,,681893,38,0,34 16 3 57,1,55,,681876,64,0,5 55 8,1,15,,681885,38,0,34 16 3 57,1,15,,681901,64,0,5 55 8,1,15,,544902,38,0,34 16 3 57,1
33401,'5',503,,681922,64,0,5 55 8,1,15,,681915,38,0,5 55 8,1,15,,681908,64,0,5 55 8,1,18,,681916,40,0,5 55 8,1,2052,,531680,60,0,5 55 8,1,15,,681928,42,0,34 16 3 57,1,15,,681907,67,0,5 55 8,1,15,,681921,40,0,34 16 3 57,1,55,,681912,64,0,5 55 8,1,15,,681919,38,0,34 16 3 57,1,15,,681914,64,0,5 55 8,1,15,,681913,38,0,34 16 3 57,1,55,,681910,64,0,5 55 8,1,15,,568855,38,0,34 16 3 57,1,15,,681909,64,0,5 55 8,1,15,,681926,38,0,34 16 3 57,1
35401,'1',410,,682777,14,0,58,1,30,,682784,14,0,58,1,64,,682787,14,0,58,1,27,,555567,14,0,58,1,20,,682785,14,0,58,1,2059,,682786,14,0,58,1,30,,682776,14,0,58,1,70,,598628,14,0,58,1,30,,682778,14,0,58,1
35401,'2',410,,682791,14,0,58,1,30,,682788,14,0,58,1,64,,580784,14,0,58,1,27,,514155,14,0,58,1,19,,563887,14,0,58,1,2060,,682794,14,0,58,1,30,,478963,14,0,58,1,70,,682792,14,0,58,1,30,,591923,14,0,58,1
35401,'3',410,,682806,14,0,58,1,30,,472189,14,0,58,1,69,,682800,14,0,58,1,22,,682802,14,0,58,1,70,,682805,14,0,58,1,30,,682811,14,0,58,1,70,,682807,14,0,58,1,28,,596231,14,0,58,1,13,,525485,14,0,17 59,1,12,,682810,14,0,58,1,1856,,682795,14,0,58,1,30,,682798,14,0,58,1,70,,682803,14,0,58,1,30,,594923,14,0,58,1
35401,'5',410,,682815,14,0,58,1,30,,682820,14,0,58,1,64,,682818,14,0,58,1,27,,682813,14,0,58,1,14,,572890,14,0,58,1,2065,,682821,14,0,58,1,30,,682812,14,0,58,1,70,,682819,14,0,58,1,30,,682823,14,0,58,1
