11104,'1',533,,663973,25,0,73 15,1,14,,663976,25,0,73 15,1,54,,663985,25,0,73 15,1,14,,663994,25,0,73 15,1,14,,546388,25,0,73 15,1,15,,664023,25,0,73 15,1,13,,595082,25,0,73 15,1,51,,664008,25,0,73 15,1,11,,664029,25,0,73 15,1,11,,531804,25,0,73 15,1,11,,663977,25,0,73 15,1,11,,664009,25,0,73 15,1,51,,663991,25,0,73 15,1,11,,664010,25,0,73 15,1,11,,663987,25,0,73 15,1,11,,664018,25,0,73 15,1,11,,464760,25,0,73 15,1,11,,664001,25,0,73 15,1,51,,663999,25,0,73 15,1,11,,664003,25,0,73 15,1,11,,575952,25,0,73 15,1,15,,521815,25,0,73 15,1,56,,664025,25,0,73 15,1,16,,664013,25,0,73 15,1,16,,664006,25,0,73 15,1,16,,664017,25,0,73 15,1,56,,663989,25,0,73 15,1,16,,603398,25,0,73 15,1,16,,664015,25,0,73 15,1,16,,663981,25,0,73 15,1,56,,518227,25,0,73 15,1,16,,512463,25,0,73 15,1,16,,664014,25,0,73 15,1,16,,664026,25,0,73 15,1,56,,663997,25,0,73 15,1,16,,663988,25,0,73 15,1,16,,664011,25,0,73 15,1,56,,571399,25,0,73 15,1,16,,664031,25,0,73 15,1,16,,664004,25,0,73 15,1,16,,478531,25,0,73 15,1,52,,664030,25,0,73 15,1,14,,664028,25,0,73 15,1,12,,663984,25,0,73 15,1,12,,663983,25,0,73 15,1,12,,526984,25,0,73 15,1,52,,664022,25,0,73 15,1,12,,664027,25,0,73 15,1,12,,663978,25,0,73 15,1,12,,663986,25,0,73 15,1,12,,663975,25,0,73 15,1,52,,663992,25,0,73 15,1,12,,524891,25,0,73 15,1,12,,537294,25,0,73 15,1,12,,663996,25,0,73 15,1,12,,664021,25,0,73 15,1,52,,663998,25,0,73 15,1,12,,663980,25,0,73 15,1,12,,664019,25,0,73 15,1,12,,664024,25,0,73 15,1,12,,663974,25,0,73 15,1,52,,664000,25,0,73 15,1,10,,664020,25,0,73 15,1,11,,569208,25,0,73 15,1,20,,664032,25,0,73 15,1,60,,391565,25,0,73 15,1,20,,663995,25,0,73 15,1,20,,664002,25,0,73 15,1,60,,663990,25,0,73 15,1,20,,664007,25,0,73 15,1,20,,524818,25,0,73 15,1,60,,664012,25,0,73 15,1,17,,663993,25,0,73 15,1,20,,603250,25,0,73 15,1,62,,664005,25,0,73 15,1,27,,663982,25,0,73 15,1,27,,664016,25,0,73 15,1,67,,546964,25,0,73 15,1,27,,663979,25,0,73 15,1,67,,581455,25,0,73 15,1
11104,'2',630,,664087,25,0,73 15,1,26,,664060,25,0,73 15,1,64,,516285,25,0,73 15,1,24,,664082,25,0,73 15,1,64,,587646,25,0,73 15,1,24,,664079,25,0,73 15,1,27,,664078,25,0,73 15,1,63,,664076,25,0,73 15,1,18,,664033,25,0,73 15,1,18,,664057,25,0,73 15,1,58,,664071,25,0,73 15,1,18,,664040,25,0,73 15,1,18,,664058,25,0,73 15,1,58,,664070,25,0,73 15,1,18,,524454,25,0,73 15,1,18,,664069,25,0,73 15,1,57,,664047,25,0,73 15,1,17,,664073,25,0,73 15,1,18,,664056,25,0,73 15,1,16,,664086,25,0,73 15,1,56,,664054,25,0,73 15,1,16,,664045,25,0,73 15,1,16,,664059,25,0,73 15,1,16,,549584,25,0,73 15,1,56,,664080,25,0,73 15,1,16,,514367,25,0,73 15,1,16,,664051,25,0,73 15,1,56,,664036,25,0,73 15,1,16,,664083,25,0,73 15,1,16,,664053,25,0,73 15,1,16,,601535,25,0,73 15,1,56,,664063,25,0,73 15,1,16,,664042,25,0,73 15,1,16,,664043,25,0,73 15,1,16,,664077,25,0,73 15,1,56,,664084,25,0,73 15,1,16,,664068,25,0,73 15,1,16,,664035,25,0,73 15,1,16,,664046,25,0,73 15,1,56,,585794,25,0,73 15,1,16,,664037,25,0,73 15,1,16,,664074,25,0,73 15,1,12,,664065,25,0,73 15,1,55,,664041,25,0,73 15,1,20,,664066,25,0,73 15,1,20,,664034,25,0,73 15,1,60,,664062,25,0,73 15,1,20,,664064,25,0,73 15,1,20,,664050,25,0,73 15,1,60,,664055,25,0,73 15,1,20,,664085,25,0,73 15,1,20,,664038,25,0,73 15,1,61,,664075,25,0,73 15,1,18,,664072,25,0,73 15,1,18,,664067,25,0,73 15,1,58,,664048,25,0,73 15,1,18,,664081,25,0,73 15,1,18,,664052,25,0,73 15,1,58,,664039,25,0,73 15,1,18,,664049,25,0,73 15,1,18,,664061,25,0,73 15,1,18,,664044,25,0,73 15,1,54,,576799,25,0,73 15,1
11104,'3',759,,664092,25,0,73 15,1,58,,664093,25,0,73 15,1,21,,664090,25,0,73 15,1,15,,664103,25,0,73 15,1,58,,664094,25,0,73 15,1,18,,664133,25,0,73 15,1,18,,664096,25,0,73 15,1,58,,664124,25,0,73 15,1,18,,664138,25,0,73 15,1,18,,664107,25,0,73 15,1,18,,664132,25,0,73 15,1,58,,664118,25,0,73 15,1,18,,664135,25,0,73 15,1,18,,664102,25,0,73 15,1,58,,664098,25,0,73 15,1,17,,664108,25,0,73 15,1,15,,664106,25,0,73 15,1,15,,664112,25,0,73 15,1,55,,664100,25,0,73 15,1,15,,664117,25,0,73 15,1,15,,664120,25,0,73 15,1,15,,664113,25,0,73 15,1,55,,664131,25,0,73 15,1,15,,664109,25,0,73 15,1,15,,664141,25,0,73 15,1,15,,664101,25,0,73 15,1,55,,664134,25,0,73 15,1,15,,569370,25,0,73 15,1,15,,664129,25,0,73 15,1,15,,664104,25,0,73 15,1,55,,664126,25,0,73 15,1,15,,664089,25,0,73 15,1,15,,664127,25,0,73 15,1,15,,664139,25,0,73 15,1,55,,664130,25,0,73 15,1,15,,580794,25,0,73 15,1,15,,664110,25,0,73 15,1,15,,664088,25,0,73 15,1,55,,664125,25,0,73 15,1,15,,664115,25,0,73 15,1,13,,664122,25,0,73 15,1,13,,664137,25,0,73 15,1,55,,664136,25,0,73 15,1,16,,580197,25,0,73 15,1,18,,664095,25,0,73 15,1,58,,526389,25,0,73 15,1,18,,543876,25,0,73 15,1,18,,664091,25,0,73 15,1,18,,664105,25,0,73 15,1,58,,664119,25,0,73 15,1,18,,664097,25,0,73 15,1,21,,664123,25,0,73 15,1,64,,664140,25,0,73 15,1,23,,664121,25,0,73 15,1,64,,664111,25,0,73 15,1,24,,664116,25,0,73 15,1,24,,664114,25,0,73 15,1,64,,664099,25,0,73 15,1,24,,664128,25,0,73 15,1,64,,664142,25,0,73 15,1
11104,'5',631,,664182,25,0,73 15,1,16,,664202,25,0,73 15,1,58,,664181,25,0,73 15,1,18,,664149,25,0,73 15,1,18,,664157,25,0,73 15,1,18,,664173,25,0,73 15,1,58,,664179,25,0,73 15,1,18,,664174,25,0,73 15,1,18,,664147,25,0,73 15,1,58,,664165,25,0,73 15,1,18,,664148,25,0,73 15,1,18,,664200,25,0,73 15,1,58,,664169,25,0,73 15,1,18,,664167,25,0,73 15,1,18,,664192,25,0,73 15,1,18,,664193,25,0,73 15,1,58,,664161,25,0,73 15,1,18,,664191,25,0,73 15,1,18,,664159,25,0,73 15,1,58,,664163,25,0,73 15,1,17,,558106,25,0,73 15,1,15,,664144,25,0,73 15,1,15,,664189,25,0,73 15,1,55,,664199,25,0,73 15,1,15,,664156,25,0,73 15,1,15,,664166,25,0,73 15,1,15,,664158,25,0,73 15,1,55,,556510,25,0,73 15,1,15,,664154,25,0,73 15,1,15,,664160,25,0,73 15,1,15,,664196,25,0,73 15,1,55,,520895,25,0,73 15,1,15,,664168,25,0,73 15,1,15,,664197,25,0,73 15,1,15,,664170,25,0,73 15,1,55,,664195,25,0,73 15,1,15,,664162,25,0,73 15,1,15,,664164,25,0,73 15,1,15,,664183,25,0,73 15,1,55,,664186,25,0,73 15,1,15,,664178,25,0,73 15,1,15,,664198,25,0,73 15,1,15,,664146,25,0,73 15,1,55,,532796,25,0,73 15,1,15,,664194,25,0,73 15,1,13,,664155,25,0,73 15,1,13,,664176,25,0,73 15,1,55,,664151,25,0,73 15,1,16,,664175,25,0,73 15,1,18,,664187,25,0,73 15,1,58,,664185,25,0,73 15,1,18,,664143,25,0,73 15,1,18,,664180,25,0,73 15,1,18,,664184,25,0,73 15,1,58,,664201,25,0,73 15,1,18,,664190,25,0,73 15,1,21,,664171,25,0,73 15,1,64,,526166,25,0,73 15,1,23,,664177,25,0,73 15,1,64,,664172,25,0,73 15,1,24,,664150,25,0,73 15,1,24,,664145,25,0,73 15,1,64,,664188,25,0,73 15,1,24,,664152,25,0,73 15,1,64,,664153,25,0,73 15,1
11204,'1',532,,664464,35,0,73 15,1,21,,664430,35,0,73 15,1,62,,664415,35,0,73 15,1,10,,664405,37,0,73 15,1,11,,589488,35,0,73 15,1,11,,664438,37,0,73 15,1,11,,566548,35,0,73 15,1,51,,664461,37,0,73 15,1,11,,664413,35,0,73 15,1,11,,664466,37,0,73 15,1,11,,664401,35,0,73 15,1,11,,598410,37,0,73 15,1,51,,404069,35,0,73 15,1,11,,598062,37,0,73 15,1,11,,664410,35,0,73 15,1,11,,583285,37,0,73 15,1,11,,664431,35,0,73 15,1,11,,664457,37,0,73 15,1,51,,664399,35,0,73 15,1,11,,664417,37,0,73 15,1,8,,664409,35,0,73 15,1,13,,664418,37,0,73 15,1,13,,664403,35,0,73 15,1,53,,518736,37,0,73 15,1,13,,664416,35,0,73 15,1,13,,664468,37,0,73 15,1,13,,664465,35,0,73 15,1,53,,664419,37,0,73 15,1,13,,664435,35,0,73 15,1,13,,664412,37,0,73 15,1,13,,513748,35,0,73 15,1,13,,664414,37,0,73 15,1,53,,664432,35,0,73 15,1,13,,664439,37,0,73 15,1,13,,664460,35,0,73 15,1,11,,664467,37,0,73 15,1,15,,664459,35,0,73 15,1,52,,483644,37,0,73 15,1,14,,664463,35,0,73 15,1,8,,664448,35,0,73 15,1,10,,664427,35,0,73 15,1,11,,664402,63,0,73 15,1,52,,664451,35,0,73 15,1,12,,664436,63,0,73 15,1,12,,664444,35,0,73 15,1,12,,598085,63,0,73 15,1,12,,664429,35,0,73 15,1,52,,664420,63,0,73 15,1,12,,664452,35,0,73 15,1,12,,664456,63,0,73 15,1,12,,664449,35,0,73 15,1,12,,664411,63,0,73 15,1,52,,664422,35,0,73 15,1,12,,493088,63,0,73 15,1,12,,664462,35,0,73 15,1,12,,664455,63,0,73 15,1,12,,664445,35,0,73 15,1,52,,664425,63,0,73 15,1,12,,574747,35,0,73 15,1,12,,664442,63,0,73 15,1,12,,664434,35,0,73 15,1,12,,664454,63,0,73 15,1,52,,664446,35,0,73 15,1,12,,598880,63,0,73 15,1,7,,664424,35,0,73 15,1,17,,664450,63,0,73 15,1,18,,664433,63,0,73 15,1,60,,664400,63,0,73 15,1,17,,664407,63,0,73 15,1,20,,472291,63,0,73 15,1,60,,664440,63,0,73 15,1,20,,601486,63,0,73 15,1,20,,664428,63,0,73 15,1,60,,664421,63,0,73 15,1,20,,664437,63,0,73 15,1,20,,588215,63,0,73 15,1,60,,664423,63,0,73 15,1,20,,493101,63,0,73 15,1,17,,664453,63,0,73 15,1,62,,465020,63,0,73 15,1,10,,664458,63,0,73 15,1,20,,664447,63,0,73 15,1,70,,664441,63,0,73 15,1,30,,664404,63,0,73 15,1,65,,535956,63,0,73 15,1,35,,664426,63,0,73 15,1,70,,664408,63,0,73 15,1,21,,664443,63,0,73 15,1
11204,'2',627,,664492,37,0,73 15,1,28,,664489,37,0,73 15,1,68,,664471,37,0,73 15,1,28,,664474,37,0,73 15,1,66,,664505,37,0,73 15,1,35,,664479,37,0,73 15,1,72,,664495,37,0,73 15,1,19,,664518,37,0,73 15,1,59,,664488,37,0,73 15,1,19,,664491,37,0,73 15,1,19,,664515,37,0,73 15,1,19,,664511,37,0,73 15,1,59,,386330,37,0,73 15,1,19,,664469,37,0,73 15,1,19,,664484,37,0,73 15,1,59,,664504,37,0,73 15,1,19,,664501,37,0,73 15,1,19,,664507,37,0,73 15,1,59,,664513,37,0,73 15,1,16,,664477,63,0,73 15,1,17,,664514,63,0,73 15,1,56,,567058,63,0,73 15,1,16,,664510,63,0,73 15,1,16,,664485,63,0,73 15,1,16,,528835,63,0,73 15,1,56,,664490,63,0,73 15,1,16,,664499,63,0,73 15,1,16,,529607,63,0,73 15,1,16,,664500,63,0,73 15,1,56,,555410,63,0,73 15,1,16,,664473,63,0,73 15,1,16,,664483,63,0,73 15,1,16,,664516,63,0,73 15,1,56,,664480,63,0,73 15,1,16,,664475,63,0,73 15,1,16,,664481,63,0,73 15,1,56,,664503,63,0,73 15,1,16,,664506,63,0,73 15,1,16,,664470,63,0,73 15,1,16,,524950,63,0,73 15,1,53,,664472,63,0,73 15,1,15,,664502,63,0,73 15,1,14,,664494,63,0,73 15,1,13,,584203,63,0,73 15,1,14,,664476,63,0,73 15,1,59,,664498,63,0,73 15,1,23,,552705,63,0,73 15,1,62,,664482,63,0,73 15,1,23,,664497,63,0,73 15,1,22,,664486,63,0,73 15,1,63,,664512,63,0,73 15,1,22,,664509,63,0,73 15,1,18,,664487,63,0,73 15,1,66,,664478,35,0,73 15,1,30,,547182,35,0,73 15,1,69,,664496,35,0,73 15,1,30,,664493,35,0,73 15,1,64,,516925,35,0,73 15,1,33,,664508,35,0,73 15,1,58,,664517,35,0,73 15,1
11204,'3',755,,664532,35,0,73 15,1,60,,664550,35,0,73 15,1,24,,561534,37,0,73 15,1,75,,585417,37,0,73 15,1,25,,664552,37,0,73 15,1,70,,664554,37,0,73 15,1,30,,664521,37,0,73 15,1,70,,664538,37,0,73 15,1,30,,525173,37,0,73 15,1,70,,664551,37,0,73 15,1,35,,664526,37,0,73 15,1,75,,664534,37,0,73 15,1,23,,664544,63,0,73 15,1,65,,664529,63,0,73 15,1,25,,574842,63,0,73 15,1,20,,664535,63,0,73 15,1,63,,664543,63,0,73 15,1,22,,664520,63,0,73 15,1,63,,664523,63,0,73 15,1,22,,664553,63,0,73 15,1,23,,664549,63,0,73 15,1,62,,560529,63,0,73 15,1,23,,664542,63,0,73 15,1,22,,664531,63,0,73 15,1,63,,593062,63,0,73 15,1,22,,664519,63,0,73 15,1,19,,664541,63,0,73 15,1,62,,664548,63,0,73 15,1,22,,664527,63,0,73 15,1,62,,664540,63,0,73 15,1,23,,520434,63,0,73 15,1,22,,664525,63,0,73 15,1,63,,664539,63,0,73 15,1,22,,664545,63,0,73 15,1,23,,664537,63,0,73 15,1,62,,664528,63,0,73 15,1,23,,664524,63,0,73 15,1,62,,664530,63,0,73 15,1,23,,535218,63,0,73 15,1,32,,664533,35,0,73 15,1,70,,664522,35,0,73 15,1,30,,664546,35,0,73 15,1,70,,664536,35,0,73 15,1,73,,664547,35,0,73 15,1
11204,'5',643,,664574,37,0,73 15,1,68,,664576,37,0,73 15,1,28,,664555,37,0,73 15,1,70,,600983,37,0,73 15,1,30,,664587,37,0,73 15,1,70,,664562,37,0,73 15,1,30,,664583,37,0,73 15,1,70,,664582,37,0,73 15,1,30,,664589,37,0,73 15,1,70,,664565,37,0,73 15,1,30,,664564,37,0,73 15,1,70,,664575,37,0,73 15,1,35,,664580,37,0,73 15,1,75,,664558,37,0,73 15,1,23,,517992,63,0,73 15,1,65,,664568,63,0,73 15,1,25,,579906,63,0,73 15,1,20,,664559,63,0,73 15,1,63,,597167,63,0,73 15,1,22,,664570,63,0,73 15,1,63,,569605,63,0,73 15,1,22,,536669,63,0,73 15,1,23,,664560,63,0,73 15,1,62,,664557,63,0,73 15,1,23,,664567,63,0,73 15,1,22,,664585,63,0,73 15,1,63,,664563,63,0,73 15,1,22,,664588,63,0,73 15,1,19,,664573,63,0,73 15,1,62,,664579,63,0,73 15,1,22,,664572,63,0,73 15,1,62,,664581,63,0,73 15,1,23,,664561,63,0,73 15,1,22,,594727,63,0,73 15,1,63,,565722,63,0,73 15,1,22,,664586,63,0,73 15,1,23,,664590,63,0,73 15,1,62,,515348,63,0,73 15,1,23,,585219,63,0,73 15,1,62,,664566,63,0,73 15,1,23,,664577,63,0,73 15,1,32,,664569,35,0,73 15,1,70,,664584,35,0,73 15,1,30,,664571,35,0,73 15,1,70,,664578,35,0,73 15,1,73,,664556,35,0,73 15,1
12303,'1',533,,552176,31,0,34 73 15,1,19,,668219,34,0,28 73 15,1,50,,668226,16,0,31 73 15,1,4,,668271,34,0,28 73 15,1,10,,513389,16,0,31 73 15,1,4,,668245,34,0,28 73 15,1,10,,595045,16,0,31 73 15,1,1,,668222,15,0,197 73 15,1,3,,560315,34,0,28 73 15,1,10,,668211,16,0,31 73 15,1,4,,668287,34,0,28 73 15,1,7,,668265,15,0,197 73 15,1,3,,601506,16,0,31 73 15,1,44,,668228,34,0,28 73 15,1,10,,668286,16,0,31 73 15,1,4,,556104,34,0,28 73 15,1,1,,547834,15,0,197 73 15,1,9,,668253,16,0,31 73 15,1,4,,668266,34,0,28 73 15,1,7,,390976,15,0,197 73 15,1,3,,668200,16,0,31 73 15,1,4,,603983,34,0,28 73 15,1,10,,668277,16,0,31 73 15,1,4,,668241,15,0,197 73 15,1,50,,668267,16,0,31 73 15,1,4,,668191,34,0,28 73 15,1,6,,668199,15,0,197 73 15,1,4,,575645,16,0,31 73 15,1,4,,668208,34,0,28 73 15,1,10,,668261,16,0,31 73 15,1,3,,668278,15,0,197 73 15,1,1,,668259,34,0,28 73 15,1,10,,559776,16,0,31 73 15,1,4,,668270,34,0,28 73 15,1,5,,668255,15,0,197 73 15,1,45,,668285,16,0,31 73 15,1,4,,668269,34,0,28 73 15,1,10,,668214,16,0,31 73 15,1,12,,668209,34,0,28 73 15,1,10,,668216,16,0,31 73 15,1,13,,668279,34,0,28 73 15,1,50,,513342,16,0,31 73 15,1,13,,668198,34,0,28 73 15,1,10,,668220,16,0,31 73 15,1,13,,668274,34,0,28 73 15,1,10,,668215,16,0,31 73 15,1,53,,668264,34,0,28 73 15,1,10,,560316,16,0,31 73 15,1,13,,668229,34,0,28 73 15,1,10,,668246,16,0,31 73 15,1,13,,668276,34,0,28 73 15,1,10,,668235,16,0,31 73 15,1,53,,668262,34,0,28 73 15,1,10,,668217,16,0,31 73 15,1,13,,603362,34,0,28 73 15,1,10,,668224,16,0,31 73 15,1,13,,515150,34,0,28 73 15,1,50,,558130,16,0,31 73 15,1,13,,668202,34,0,28 73 15,1,10,,668250,16,0,31 73 15,1,13,,668260,34,0,28 73 15,1,10,,668244,16,0,31 73 15,1,53,,668221,34,0,28 73 15,1,10,,668192,16,0,31 73 15,1,13,,668293,34,0,28 73 15,1,5,,668210,15,0,197 73 15,1,5,,668288,16,0,31 73 15,1,13,,498467,34,0,28 73 15,1,2,,668292,15,0,197 73 15,1,46,,668254,16,0,31 73 15,1,10,,668291,34,0,28 73 15,1,4,,668195,15,0,197 73 15,1,9,,579318,16,0,31 73 15,1,11,,575154,15,0,197 73 15,1,4,,668284,16,0,31 73 15,1,11,,668204,34,0,28 73 15,1,4,,668206,16,0,31 73 15,1,1,,546832,15,0,197 73 15,1,50,,668197,34,0,28 73 15,1,4,,594941,16,0,31 73 15,1,6,,668294,15,0,197 73 15,1,5,,548032,34,0,28 73 15,1,4,,668207,16,0,31 73 15,1,11,,492963,15,0,197 73 15,1,4,,668194,16,0,31 73 15,1,11,,565296,34,0,28 73 15,1,4,,577734,16,0,31 73 15,1,1,,668225,15,0,197 73 15,1,50,,668201,34,0,28 73 15,1,4,,668257,16,0,31 73 15,1,6,,668223,15,0,197 73 15,1,5,,668251,34,0,28 73 15,1,4,,441665,16,0,31 73 15,1,11,,668258,15,0,197 73 15,1,4,,668272,16,0,31 73 15,1,11,,588754,34,0,28 73 15,1,4,,668290,16,0,31 73 15,1,1,,668249,15,0,197 73 15,1,50,,668234,34,0,28 73 15,1,4,,668282,16,0,31 73 15,1,6,,569650,15,0,197 73 15,1,5,,668213,34,0,28 73 15,1,4,,668242,16,0,31 73 15,1,11,,668236,15,0,197 73 15,1,4,,668230,16,0,31 73 15,1,11,,668218,34,0,28 73 15,1,4,,668196,16,0,31 73 15,1,1,,584509,15,0,197 73 15,1,50,,668232,34,0,28 73 15,1,4,,668238,16,0,31 73 15,1,6,,511570,15,0,197 73 15,1,5,,668283,34,0,28 73 15,1,4,,668237,16,0,31 73 15,1,8,,668243,34,0,28 73 15,1,3,,668248,31,0,34 73 15,1,13,,668275,34,0,28 73 15,1,54,,668240,31,0,34 73 15,1,13,,668239,34,0,28 73 15,1,14,,668233,31,0,34 73 15,1,13,,668263,34,0,28 73 15,1,14,,668273,31,0,34 73 15,1,53,,569800,34,0,28 73 15,1,14,,668280,31,0,34 73 15,1,13,,561780,34,0,28 73 15,1,13,,668281,31,0,34 73 15,1,54,,572932,34,0,28 73 15,1,11,,543232,31,0,34 73 15,1,13,,668247,34,0,28 73 15,1,10,,668212,31,0,34 73 15,1,14,,668256,34,0,28 73 15,1,51,,541797,31,0,34 73 15,1,14,,542831,34,0,28 73 15,1,11,,566918,31,0,34 73 15,1,14,,546006,34,0,28 73 15,1,11,,668227,31,0,34 73 15,1,54,,668289,34,0,28 73 15,1,11,,668205,31,0,34 73 15,1,14,,668203,34,0,28 73 15,1,11,,668231,31,0,34 73 15,1,14,,668252,34,0,28 73 15,1,51,,668268,31,0,34 73 15,1,14,,535972,34,0,28 73 15,1,17,,668193,31,0,34 73 15,1
12303,'2',539,,485228,31,0,34 73 15,1,70,,399759,31,0,34 73 15,1,24,,668330,31,0,34 73 15,1,12,,668383,34,0,28 73 15,1,13,,668305,31,0,34 73 15,1,51,,668349,34,0,28 73 15,1,13,,668371,31,0,34 73 15,1,11,,668372,34,0,28 73 15,1,13,,668312,31,0,34 73 15,1,11,,668317,34,0,28 73 15,1,53,,668378,31,0,34 73 15,1,11,,668307,34,0,28 73 15,1,10,,668311,31,0,34 73 15,1,8,,668322,16,0,31 73 15,1,7,,668346,34,0,28 73 15,1,8,,668333,16,0,31 73 15,1,47,,668298,34,0,28 73 15,1,8,,668369,16,0,31 73 15,1,7,,668336,34,0,28 73 15,1,8,,668356,16,0,31 73 15,1,7,,668337,34,0,28 73 15,1,8,,668370,16,0,31 73 15,1,7,,668353,34,0,28 73 15,1,8,,550553,16,0,31 73 15,1,47,,668388,34,0,28 73 15,1,8,,668303,16,0,31 73 15,1,7,,668329,34,0,28 73 15,1,8,,524992,16,0,31 73 15,1,7,,668368,34,0,28 73 15,1,8,,668366,16,0,31 73 15,1,7,,582959,34,0,28 73 15,1,8,,668314,16,0,31 73 15,1,47,,668299,34,0,28 73 15,1,8,,668344,16,0,31 73 15,1,7,,668396,34,0,28 73 15,1,8,,668341,16,0,31 73 15,1,7,,668319,34,0,28 73 15,1,8,,668296,16,0,31 73 15,1,7,,668340,34,0,28 73 15,1,8,,557669,16,0,31 73 15,1,47,,519464,34,0,28 73 15,1,8,,668324,16,0,31 73 15,1,8,,668335,34,0,28 73 15,1,9,,668302,16,0,31 73 15,1,8,,668364,34,0,28 73 15,1,8,,668393,16,0,31 73 15,1,8,,668379,34,0,28 73 15,1,7,,668390,16,0,31 73 15,1,48,,668355,34,0,28 73 15,1,7,,580008,16,0,31 73 15,1,8,,526076,34,0,28 73 15,1,7,,668381,16,0,31 73 15,1,8,,668394,34,0,28 73 15,1,7,,668374,16,0,31 73 15,1,8,,579712,34,0,28 73 15,1,7,,542878,16,0,31 73 15,1,48,,668351,34,0,28 73 15,1,7,,668367,16,0,31 73 15,1,8,,668365,34,0,28 73 15,1,7,,567089,16,0,31 73 15,1,8,,556778,34,0,28 73 15,1,7,,541942,16,0,31 73 15,1,8,,582276,34,0,28 73 15,1,7,,668304,16,0,31 73 15,1,48,,668376,34,0,28 73 15,1,7,,668334,16,0,31 73 15,1,8,,580736,34,0,28 73 15,1,7,,668318,16,0,31 73 15,1,8,,518799,34,0,28 73 15,1,7,,668360,16,0,31 73 15,1,8,,668382,34,0,28 73 15,1,7,,668306,16,0,31 73 15,1,48,,668325,34,0,28 73 15,1,7,,668295,16,0,31 73 15,1,8,,476083,34,0,28 73 15,1,7,,668310,16,0,31 73 15,1,8,,668321,34,0,28 73 15,1,7,,668345,16,0,31 73 15,1,8,,668332,34,0,28 73 15,1,7,,668397,16,0,31 73 15,1,48,,668326,34,0,28 73 15,1,7,,668380,16,0,31 73 15,1,8,,668327,34,0,28 73 15,1,7,,668357,16,0,31 73 15,1,8,,668323,34,0,28 73 15,1,7,,668343,16,0,31 73 15,1,8,,668398,34,0,28 73 15,1,7,,540246,16,0,31 73 15,1,48,,668320,34,0,28 73 15,1,7,,668315,16,0,31 73 15,1,8,,668384,34,0,28 73 15,1,7,,668313,16,0,31 73 15,1,8,,592832,34,0,28 73 15,1,7,,668350,16,0,31 73 15,1,8,,668328,34,0,28 73 15,1,7,,668339,16,0,31 73 15,1,47,,668373,34,0,28 73 15,1,7,,668389,16,0,31 73 15,1,9,,668338,34,0,28 73 15,1,10,,603051,31,0,34 73 15,1,10,,401036,34,0,28 73 15,1,10,,575696,31,0,34 73 15,1,50,,668352,34,0,28 73 15,1,10,,668308,31,0,34 73 15,1,10,,668301,34,0,28 73 15,1,10,,668395,31,0,34 73 15,1,10,,668377,34,0,28 73 15,1,10,,668348,31,0,34 73 15,1,50,,668354,34,0,28 73 15,1,10,,668363,31,0,34 73 15,1,10,,668361,34,0,28 73 15,1,10,,668331,31,0,34 73 15,1,10,,668300,34,0,28 73 15,1,10,,668392,31,0,34 73 15,1,50,,668297,34,0,28 73 15,1,11,,668316,31,0,34 73 15,1,13,,668391,34,0,28 73 15,1,14,,515794,31,0,34 73 15,1,16,,668385,34,0,28 73 15,1,54,,668359,31,0,34 73 15,1,16,,668309,34,0,28 73 15,1,14,,668386,31,0,34 73 15,1,16,,668375,34,0,28 73 15,1,54,,668358,31,0,34 73 15,1,16,,668347,34,0,28 73 15,1,14,,668342,31,0,34 73 15,1,16,,668362,34,0,28 73 15,1,54,,520730,31,0,34 73 15,1,16,,668387,34,0,28 73 15,1,14,,564922,31,0,34 73 15,1
12303,'3',751,,566731,34,0,28 73 15,1,50,,563178,16,0,31 73 15,1,10,,668467,34,0,28 73 15,1,10,,668485,16,0,31 73 15,1,10,,475946,34,0,28 73 15,1,10,,510138,16,0,31 73 15,1,10,,668424,34,0,28 73 15,1,50,,668458,16,0,31 73 15,1,10,,668475,34,0,28 73 15,1,10,,668462,16,0,31 73 15,1,10,,585411,34,0,28 73 15,1,10,,668460,16,0,31 73 15,1,10,,668461,34,0,28 73 15,1,50,,553350,16,0,31 73 15,1,10,,668474,34,0,28 73 15,1,10,,668478,16,0,31 73 15,1,10,,668401,34,0,28 73 15,1,10,,668431,16,0,31 73 15,1,10,,553795,34,0,28 73 15,1,50,,668476,16,0,31 73 15,1,10,,668438,34,0,28 73 15,1,10,,668423,16,0,31 73 15,1,10,,581878,34,0,28 73 15,1,10,,668452,16,0,31 73 15,1,10,,668432,34,0,28 73 15,1,50,,668406,16,0,31 73 15,1,10,,668415,34,0,28 73 15,1,9,,668409,16,0,31 73 15,1,8,,668470,34,0,28 73 15,1,8,,668437,16,0,31 73 15,1,8,,668441,34,0,28 73 15,1,8,,668449,16,0,31 73 15,1,48,,668450,34,0,28 73 15,1,8,,668473,16,0,31 73 15,1,8,,459956,34,0,28 73 15,1,8,,668466,16,0,31 73 15,1,8,,668456,34,0,28 73 15,1,8,,668426,16,0,31 73 15,1,8,,668472,34,0,28 73 15,1,8,,668429,16,0,31 73 15,1,48,,668413,34,0,28 73 15,1,8,,668446,16,0,31 73 15,1,8,,668459,34,0,28 73 15,1,8,,668465,16,0,31 73 15,1,8,,668434,34,0,28 73 15,1,8,,517933,16,0,31 73 15,1,8,,668479,34,0,28 73 15,1,48,,668402,16,0,31 73 15,1,8,,668435,34,0,28 73 15,1,8,,668469,16,0,31 73 15,1,8,,668428,34,0,28 73 15,1,8,,668453,16,0,31 73 15,1,8,,668481,34,0,28 73 15,1,8,,668468,16,0,31 73 15,1,8,,591113,34,0,28 73 15,1,48,,668410,16,0,31 73 15,1,8,,668414,34,0,28 73 15,1,8,,668418,16,0,31 73 15,1,8,,668436,34,0,28 73 15,1,8,,668471,16,0,31 73 15,1,8,,668419,34,0,28 73 15,1,8,,668425,16,0,31 73 15,1,48,,668417,34,0,28 73 15,1,8,,668421,16,0,31 73 15,1,8,,668482,34,0,28 73 15,1,8,,668454,16,0,31 73 15,1,8,,668457,34,0,28 73 15,1,8,,668403,16,0,31 73 15,1,8,,668411,34,0,28 73 15,1,8,,588806,16,0,31 73 15,1,48,,603853,34,0,28 73 15,1,8,,547380,16,0,31 73 15,1,8,,440118,34,0,28 73 15,1,8,,668400,16,0,31 73 15,1,8,,668443,34,0,28 73 15,1,8,,668440,16,0,31 73 15,1,8,,668420,34,0,28 73 15,1,48,,668444,16,0,31 73 15,1,8,,668455,34,0,28 73 15,1,8,,574159,16,0,31 73 15,1,8,,668433,34,0,28 73 15,1,8,,558377,31,0,34 73 15,1,12,,668399,34,0,28 73 15,1,12,,668412,31,0,34 73 15,1,53,,668416,34,0,28 73 15,1,12,,668483,31,0,34 73 15,1,13,,668464,34,0,28 73 15,1,12,,668451,31,0,34 73 15,1,13,,543850,34,0,28 73 15,1,52,,515322,31,0,34 73 15,1,13,,543459,34,0,28 73 15,1,12,,668408,31,0,34 73 15,1,13,,668447,34,0,28 73 15,1,52,,668422,31,0,34 73 15,1,13,,668477,34,0,28 73 15,1,12,,668480,31,0,34 73 15,1,15,,668442,34,0,28 73 15,1,15,,668439,31,0,34 73 15,1,55,,668463,34,0,28 73 15,1,15,,668484,31,0,34 73 15,1,15,,668405,34,0,28 73 15,1,15,,668404,31,0,34 73 15,1,55,,668445,34,0,28 73 15,1,15,,668448,31,0,34 73 15,1,15,,668427,34,0,28 73 15,1,11,,574004,31,0,34 73 15,1,57,,668430,34,0,28 73 15,1,13,,668407,31,0,34 73 15,1,16,,466924,31,0,34 73 15,1
12303,'5',540,,550689,34,0,28 73 15,1,60,,668566,16,0,31 73 15,1,10,,668491,34,0,28 73 15,1,11,,668546,16,0,31 73 15,1,10,,668494,34,0,28 73 15,1,10,,668497,16,0,31 73 15,1,10,,668548,34,0,28 73 15,1,50,,668499,16,0,31 73 15,1,10,,594153,34,0,28 73 15,1,10,,668505,16,0,31 73 15,1,10,,668570,34,0,28 73 15,1,10,,668558,16,0,31 73 15,1,10,,668539,34,0,28 73 15,1,50,,668534,16,0,31 73 15,1,10,,668530,34,0,28 73 15,1,10,,668519,16,0,31 73 15,1,10,,668533,34,0,28 73 15,1,10,,668543,16,0,31 73 15,1,10,,568380,34,0,28 73 15,1,50,,562432,16,0,31 73 15,1,10,,668500,34,0,28 73 15,1,10,,668517,16,0,31 73 15,1,10,,668555,34,0,28 73 15,1,10,,668549,16,0,31 73 15,1,10,,668510,34,0,28 73 15,1,50,,668486,16,0,31 73 15,1,10,,668522,34,0,28 73 15,1,10,,555540,16,0,31 73 15,1,10,,668553,34,0,28 73 15,1,10,,668572,16,0,31 73 15,1,10,,668541,34,0,28 73 15,1,50,,668514,16,0,31 73 15,1,10,,668567,34,0,28 73 15,1,10,,668502,16,0,31 73 15,1,10,,593486,34,0,28 73 15,1,10,,668535,16,0,31 73 15,1,10,,668576,34,0,28 73 15,1,50,,521267,16,0,31 73 15,1,10,,668521,34,0,28 73 15,1,9,,668571,16,0,31 73 15,1,8,,668506,34,0,28 73 15,1,8,,668544,16,0,31 73 15,1,8,,529922,34,0,28 73 15,1,8,,668504,16,0,31 73 15,1,48,,668569,34,0,28 73 15,1,8,,668513,16,0,31 73 15,1,8,,668562,34,0,28 73 15,1,8,,668540,16,0,31 73 15,1,8,,668498,34,0,28 73 15,1,8,,668492,16,0,31 73 15,1,8,,554238,34,0,28 73 15,1,8,,563331,16,0,31 73 15,1,48,,668501,34,0,28 73 15,1,8,,668545,16,0,31 73 15,1,8,,668487,34,0,28 73 15,1,8,,668554,16,0,31 73 15,1,8,,570598,34,0,28 73 15,1,8,,534362,16,0,31 73 15,1,8,,668547,34,0,28 73 15,1,48,,593098,16,0,31 73 15,1,8,,668528,34,0,28 73 15,1,8,,536726,16,0,31 73 15,1,8,,668538,34,0,28 73 15,1,8,,668550,16,0,31 73 15,1,8,,668518,34,0,28 73 15,1,8,,517805,16,0,31 73 15,1,8,,528495,34,0,28 73 15,1,48,,668568,16,0,31 73 15,1,8,,668574,34,0,28 73 15,1,8,,668495,16,0,31 73 15,1,8,,668563,34,0,28 73 15,1,8,,668509,16,0,31 73 15,1,8,,668512,34,0,28 73 15,1,8,,523868,16,0,31 73 15,1,48,,668488,34,0,28 73 15,1,8,,668565,16,0,31 73 15,1,8,,668523,34,0,28 73 15,1,8,,668560,16,0,31 73 15,1,8,,668552,34,0,28 73 15,1,8,,668490,16,0,31 73 15,1,8,,668524,34,0,28 73 15,1,8,,668536,16,0,31 73 15,1,48,,668526,34,0,28 73 15,1,8,,668575,16,0,31 73 15,1,8,,545527,34,0,28 73 15,1,8,,547559,16,0,31 73 15,1,8,,540743,34,0,28 73 15,1,8,,668557,16,0,31 73 15,1,8,,582784,34,0,28 73 15,1,48,,668489,16,0,31 73 15,1,8,,668527,34,0,28 73 15,1,8,,668532,16,0,31 73 15,1,8,,554315,34,0,28 73 15,1,8,,554665,31,0,34 73 15,1,12,,668503,34,0,28 73 15,1,12,,668529,31,0,34 73 15,1,53,,543085,34,0,28 73 15,1,12,,668496,31,0,34 73 15,1,13,,668508,34,0,28 73 15,1,12,,539190,31,0,34 73 15,1,13,,668525,34,0,28 73 15,1,52,,538949,31,0,34 73 15,1,13,,668559,34,0,28 73 15,1,12,,668542,31,0,34 73 15,1,13,,668493,34,0,28 73 15,1,52,,668507,31,0,34 73 15,1,13,,668515,34,0,28 73 15,1,12,,602128,31,0,34 73 15,1,15,,668537,34,0,28 73 15,1,15,,668564,31,0,34 73 15,1,55,,668520,34,0,28 73 15,1,15,,668561,31,0,34 73 15,1,15,,668551,34,0,28 73 15,1,15,,668573,31,0,34 73 15,1,55,,668531,34,0,28 73 15,1,15,,561163,31,0,34 73 15,1,15,,668511,34,0,28 73 15,1,11,,538822,31,0,34 73 15,1,57,,577822,34,0,28 73 15,1,13,,668556,31,0,34 73 15,1,16,,668516,31,0,34 73 15,1
