8502,'1',513,,648919,15,0,26 38 15,1,2,,648929,38,0,26 38 15,1,12,,648952,15,0,26 38 15,1,4,,648862,56,0,26 38 15,1,6,,648949,15,0,26 38 15,1,8,,539227,38,0,26 38 15,1,13,,648858,56,0,26 38 15,1,53,,648857,38,0,26 38 15,1,10,,648924,56,0,26 38 15,1,10,,648928,38,0,26 38 15,1,10,,648875,56,0,26 38 15,1,10,,648867,38,0,26 38 15,1,50,,545650,56,0,26 38 15,1,10,,648866,38,0,26 38 15,1,9,,648926,56,0,26 38 15,1,13,,648911,38,0,26 38 15,1,10,,648947,56,0,26 38 15,1,14,,648915,38,0,26 38 15,1,49,,648954,56,0,26 38 15,1,9,,604003,38,0,26 38 15,1,9,,648856,56,0,26 38 15,1,9,,648964,38,0,26 38 15,1,9,,648963,56,0,26 38 15,1,9,,648939,38,0,26 38 15,1,49,,648941,56,0,26 38 15,1,9,,648917,38,0,26 38 15,1,9,,573084,56,0,26 38 15,1,9,,648960,38,0,26 38 15,1,9,,648958,56,0,26 38 15,1,8,,648904,38,0,26 38 15,1,9,,648943,56,0,26 38 15,1,49,,573884,38,0,26 38 15,1,9,,648940,56,0,26 38 15,1,9,,648925,38,0,26 38 15,1,9,,430503,56,0,26 38 15,1,9,,648868,38,0,26 38 15,1,9,,398101,56,0,26 38 15,1,9,,648865,38,0,26 38 15,1,49,,648908,56,0,26 38 15,1,9,,648869,38,0,26 38 15,1,9,,648953,56,0,26 38 15,1,9,,648894,38,0,26 38 15,1,9,,648898,56,0,26 38 15,1,9,,648921,38,0,26 38 15,1,9,,420150,56,0,26 38 15,1,49,,648945,38,0,26 38 15,1,9,,648959,56,0,26 38 15,1,9,,589444,38,0,26 38 15,1,9,,648861,56,0,26 38 15,1,9,,648902,38,0,26 38 15,1,9,,648887,56,0,26 38 15,1,49,,648922,38,0,26 38 15,1,9,,527558,56,0,26 38 15,1,9,,648883,38,0,26 38 15,1,9,,648951,56,0,26 38 15,1,9,,394002,38,0,26 38 15,1,9,,648882,56,0,26 38 15,1,9,,525425,38,0,26 38 15,1,49,,648913,56,0,26 38 15,1,9,,648880,38,0,26 38 15,1,9,,648909,56,0,26 38 15,1,9,,648864,38,0,26 38 15,1,9,,648863,56,0,26 38 15,1,9,,648948,38,0,26 38 15,1,9,,648873,56,0,26 38 15,1,49,,648872,38,0,26 38 15,1,9,,648962,56,0,26 38 15,1,9,,648879,38,0,26 38 15,1,9,,648874,56,0,26 38 15,1,9,,648881,38,0,26 38 15,1,9,,648916,56,0,26 38 15,1,49,,523946,38,0,26 38 15,1,9,,648895,56,0,26 38 15,1,9,,648957,38,0,26 38 15,1,9,,648900,56,0,26 38 15,1,9,,648907,38,0,26 38 15,1,9,,648950,56,0,26 38 15,1,9,,648893,38,0,26 38 15,1,49,,648930,56,0,26 38 15,1,9,,648889,38,0,26 38 15,1,9,,648886,56,0,26 38 15,1,9,,648938,38,0,26 38 15,1,9,,648892,56,0,26 38 15,1,9,,648897,38,0,26 38 15,1,9,,519343,56,0,26 38 15,1,49,,648956,38,0,26 38 15,1,9,,553142,56,0,26 38 15,1,9,,540478,38,0,26 38 15,1,9,,648910,56,0,26 38 15,1,9,,648896,38,0,26 38 15,1,9,,648899,56,0,26 38 15,1,48,,648903,38,0,26 38 15,1,5,,648931,56,0,26 38 15,1,13,,538328,38,0,26 38 15,1,5,,579959,56,0,26 38 15,1,10,,648918,38,0,26 38 15,1,10,,522761,56,0,26 38 15,1,10,,648905,38,0,26 38 15,1,50,,648871,56,0,26 38 15,1,10,,648920,38,0,26 38 15,1,10,,648890,56,0,26 38 15,1,10,,648934,38,0,26 38 15,1,10,,578491,56,0,26 38 15,1,10,,648870,38,0,26 38 15,1,50,,648860,56,0,26 38 15,1,10,,648932,38,0,26 38 15,1,10,,450590,56,0,26 38 15,1,10,,578973,38,0,26 38 15,1,10,,648878,56,0,26 38 15,1,10,,648891,38,0,26 38 15,1,50,,648942,56,0,26 38 15,1,10,,648961,38,0,26 38 15,1,10,,648912,56,0,26 38 15,1,7,,648927,38,0,26 38 15,1,10,,648877,56,0,26 38 15,1,7,,648906,38,0,26 38 15,1,10,,648933,56,0,26 38 15,1,50,,648935,38,0,26 38 15,1,10,,648888,56,0,26 38 15,1,10,,648901,38,0,26 38 15,1,10,,648946,56,0,26 38 15,1,10,,595846,38,0,26 38 15,1,10,,648936,56,0,26 38 15,1,50,,602906,38,0,26 38 15,1,10,,648955,56,0,26 38 15,1,10,,523949,38,0,26 38 15,1,10,,648914,56,0,26 38 15,1,10,,648884,38,0,26 38 15,1,10,,648859,56,0,26 38 15,1,50,,648937,38,0,26 38 15,1,9,,648944,56,0,26 38 15,1,9,,648876,38,0,26 38 15,1,10,,648885,56,0,26 38 15,1,13,,648923,38,0,26 38 15,1,53,,450222,56,0,26 38 15,1
8502,'2',529,,648998,56,0,26 38 15,1,19,,649069,39,0,26 38 15,1,8,,648983,56,0,26 38 15,1,50,,648984,39,0,26 38 15,1,10,,649058,56,0,26 38 15,1,10,,649030,39,0,26 38 15,1,10,,549289,56,0,26 38 15,1,10,,588436,39,0,26 38 15,1,10,,649029,56,0,26 38 15,1,50,,649003,39,0,26 38 15,1,10,,649077,56,0,26 38 15,1,10,,649009,39,0,26 38 15,1,11,,544142,56,0,26 38 15,1,13,,648968,39,0,26 38 15,1,51,,649002,56,0,26 38 15,1,15,,567647,39,0,26 38 15,1,9,,526662,56,0,26 38 15,1,10,,649072,39,0,26 38 15,1,10,,593387,56,0,26 38 15,1,10,,591940,39,0,26 38 15,1,50,,649076,56,0,26 38 15,1,10,,649014,39,0,26 38 15,1,10,,648978,56,0,26 38 15,1,10,,649040,39,0,26 38 15,1,10,,649011,56,0,26 38 15,1,10,,649033,39,0,26 38 15,1,50,,649043,56,0,26 38 15,1,10,,648997,39,0,26 38 15,1,10,,649034,56,0,26 38 15,1,10,,648982,39,0,26 38 15,1,10,,532320,56,0,26 38 15,1,10,,649063,39,0,26 38 15,1,50,,554505,56,0,26 38 15,1,10,,649010,39,0,26 38 15,1,10,,648979,56,0,26 38 15,1,10,,648980,39,0,26 38 15,1,10,,648990,56,0,26 38 15,1,10,,649059,39,0,26 38 15,1,50,,649041,56,0,26 38 15,1,10,,649007,39,0,26 38 15,1,10,,648999,56,0,26 38 15,1,11,,649008,39,0,26 38 15,1,11,,649013,56,0,26 38 15,1,7,,544688,39,0,26 38 15,1,48,,648966,56,0,26 38 15,1,7,,649079,39,0,26 38 15,1,8,,648994,56,0,26 38 15,1,7,,649078,39,0,26 38 15,1,8,,649049,56,0,26 38 15,1,7,,649026,39,0,26 38 15,1,8,,649020,56,0,26 38 15,1,7,,593797,39,0,26 38 15,1,48,,649056,56,0,26 38 15,1,7,,649065,39,0,26 38 15,1,8,,649018,56,0,26 38 15,1,7,,648987,39,0,26 38 15,1,8,,488744,56,0,26 38 15,1,7,,649050,39,0,26 38 15,1,8,,549947,56,0,26 38 15,1,7,,649080,39,0,26 38 15,1,48,,649001,56,0,26 38 15,1,7,,649005,39,0,26 38 15,1,8,,649027,56,0,26 38 15,1,7,,648989,39,0,26 38 15,1,8,,649017,56,0,26 38 15,1,7,,649021,39,0,26 38 15,1,8,,649037,56,0,26 38 15,1,7,,470283,39,0,26 38 15,1,48,,649068,56,0,26 38 15,1,7,,648967,39,0,26 38 15,1,8,,649070,56,0,26 38 15,1,7,,648971,39,0,26 38 15,1,8,,649071,56,0,26 38 15,1,7,,649066,39,0,26 38 15,1,8,,649054,56,0,26 38 15,1,7,,649046,39,0,26 38 15,1,48,,648965,56,0,26 38 15,1,7,,648991,39,0,26 38 15,1,8,,649061,56,0,26 38 15,1,7,,648969,39,0,26 38 15,1,8,,648988,56,0,26 38 15,1,7,,648972,39,0,26 38 15,1,8,,649047,56,0,26 38 15,1,7,,649036,39,0,26 38 15,1,48,,649073,56,0,26 38 15,1,7,,649016,39,0,26 38 15,1,8,,649051,56,0,26 38 15,1,7,,649035,39,0,26 38 15,1,8,,649038,56,0,26 38 15,1,7,,649060,39,0,26 38 15,1,8,,649048,56,0,26 38 15,1,3,,648985,39,0,26 38 15,1,52,,505037,56,0,26 38 15,1,9,,649053,38,0,26 38 15,1,6,,586296,56,0,26 38 15,1,9,,649045,38,0,26 38 15,1,6,,489813,56,0,26 38 15,1,6,,648974,38,0,26 38 15,1,7,,526077,56,0,26 38 15,1,7,,649012,38,0,26 38 15,1,50,,649015,56,0,26 38 15,1,10,,648981,38,0,26 38 15,1,10,,649067,56,0,26 38 15,1,10,,548220,38,0,26 38 15,1,10,,649062,56,0,26 38 15,1,10,,649032,38,0,26 38 15,1,50,,649052,56,0,26 38 15,1,10,,648970,38,0,26 38 15,1,10,,649055,56,0,26 38 15,1,10,,649031,38,0,26 38 15,1,10,,648993,56,0,26 38 15,1,10,,649019,38,0,26 38 15,1,50,,649024,56,0,26 38 15,1,5,,648996,38,0,26 38 15,1,10,,648973,56,0,26 38 15,1,9,,649000,38,0,26 38 15,1,10,,648995,56,0,26 38 15,1,10,,649057,38,0,26 38 15,1,10,,649025,56,0,26 38 15,1,50,,649028,38,0,26 38 15,1,10,,649006,56,0,26 38 15,1,10,,649022,38,0,26 38 15,1,10,,453594,56,0,26 38 15,1,10,,649064,38,0,26 38 15,1,10,,649023,56,0,26 38 15,1,50,,648986,38,0,26 38 15,1,10,,649075,56,0,26 38 15,1,10,,648977,38,0,26 38 15,1,10,,649004,56,0,26 38 15,1,10,,649039,38,0,26 38 15,1,10,,649074,56,0,26 38 15,1,50,,648992,38,0,26 38 15,1,10,,648976,56,0,26 38 15,1,7,,649044,38,0,26 38 15,1,9,,542418,56,0,26 38 15,1,16,,649042,38,0,26 38 15,1,54,,648975,56,0,26 38 15,1
8502,'3',750,,649163,56,0,26 38 15,1,51,,649169,39,0,26 38 15,1,9,,649166,15,0,26 38 15,1,6,,565531,56,0,26 38 15,1,12,,535219,39,0,26 38 15,1,12,,649096,56,0,26 38 15,1,10,,649174,39,0,26 38 15,1,50,,649082,56,0,26 38 15,1,10,,649129,39,0,26 38 15,1,10,,568275,56,0,26 38 15,1,10,,649145,39,0,26 38 15,1,10,,649164,56,0,26 38 15,1,10,,649097,39,0,26 38 15,1,50,,649140,56,0,26 38 15,1,10,,649111,39,0,26 38 15,1,10,,649109,56,0,26 38 15,1,10,,649107,39,0,26 38 15,1,10,,649124,56,0,26 38 15,1,10,,649084,39,0,26 38 15,1,50,,649121,56,0,26 38 15,1,10,,649139,39,0,26 38 15,1,10,,649088,56,0,26 38 15,1,10,,649152,39,0,26 38 15,1,10,,649141,56,0,26 38 15,1,10,,649156,39,0,26 38 15,1,50,,536575,56,0,26 38 15,1,11,,574541,39,0,26 38 15,1,9,,649085,56,0,26 38 15,1,12,,649094,39,0,26 38 15,1,8,,649091,56,0,26 38 15,1,9,,649128,39,0,26 38 15,1,8,,649167,56,0,26 38 15,1,47,,649135,39,0,26 38 15,1,8,,500071,56,0,26 38 15,1,7,,649083,39,0,26 38 15,1,8,,649182,56,0,26 38 15,1,7,,649108,39,0,26 38 15,1,8,,649154,56,0,26 38 15,1,7,,649095,39,0,26 38 15,1,8,,527079,56,0,26 38 15,1,47,,588663,39,0,26 38 15,1,8,,649143,56,0,26 38 15,1,7,,649081,39,0,26 38 15,1,8,,649125,56,0,26 38 15,1,7,,565018,39,0,26 38 15,1,8,,593986,56,0,26 38 15,1,7,,649181,39,0,26 38 15,1,8,,649179,56,0,26 38 15,1,47,,649086,39,0,26 38 15,1,8,,649093,56,0,26 38 15,1,7,,649155,39,0,26 38 15,1,8,,573345,56,0,26 38 15,1,7,,649149,39,0,26 38 15,1,8,,518644,56,0,26 38 15,1,7,,445941,39,0,26 38 15,1,8,,649159,56,0,26 38 15,1,47,,649112,39,0,26 38 15,1,8,,649117,56,0,26 38 15,1,7,,649116,39,0,26 38 15,1,8,,649119,56,0,26 38 15,1,7,,649103,39,0,26 38 15,1,8,,649176,56,0,26 38 15,1,7,,463511,39,0,26 38 15,1,8,,649180,56,0,26 38 15,1,47,,649146,39,0,26 38 15,1,8,,583696,56,0,26 38 15,1,7,,649170,39,0,26 38 15,1,8,,597625,56,0,26 38 15,1,7,,649136,39,0,26 38 15,1,8,,649106,56,0,26 38 15,1,7,,649120,39,0,26 38 15,1,8,,649131,56,0,26 38 15,1,47,,649151,39,0,26 38 15,1,8,,515813,56,0,26 38 15,1,7,,649123,39,0,26 38 15,1,8,,649168,56,0,26 38 15,1,7,,649101,39,0,26 38 15,1,8,,649142,56,0,26 38 15,1,7,,649178,39,0,26 38 15,1,8,,649115,56,0,26 38 15,1,46,,649099,38,0,26 38 15,1,7,,524625,56,0,26 38 15,1,7,,649092,38,0,26 38 15,1,8,,649110,56,0,26 38 15,1,6,,649165,38,0,26 38 15,1,7,,649147,56,0,26 38 15,1,14,,649114,38,0,26 38 15,1,50,,649087,56,0,26 38 15,1,10,,649118,38,0,26 38 15,1,10,,649183,56,0,26 38 15,1,10,,649171,38,0,26 38 15,1,10,,649100,56,0,26 38 15,1,10,,649150,38,0,26 38 15,1,50,,649113,56,0,26 38 15,1,10,,649144,38,0,26 38 15,1,10,,649138,56,0,26 38 15,1,10,,549346,38,0,26 38 15,1,10,,649158,56,0,26 38 15,1,10,,516641,38,0,26 38 15,1,49,,649175,56,0,26 38 15,1,9,,649162,38,0,26 38 15,1,8,,593847,56,0,26 38 15,1,10,,649177,38,0,26 38 15,1,10,,649104,56,0,26 38 15,1,10,,649133,38,0,26 38 15,1,10,,649157,56,0,26 38 15,1,50,,649160,38,0,26 38 15,1,10,,649148,56,0,26 38 15,1,10,,649102,38,0,26 38 15,1,10,,649132,56,0,26 38 15,1,10,,649172,38,0,26 38 15,1,10,,649090,56,0,26 38 15,1,50,,649122,38,0,26 38 15,1,10,,649161,56,0,26 38 15,1,10,,542983,38,0,26 38 15,1,10,,649173,56,0,26 38 15,1,10,,649127,38,0,26 38 15,1,10,,649098,56,0,26 38 15,1,50,,649130,38,0,26 38 15,1,10,,649105,56,0,26 38 15,1,9,,649153,38,0,26 38 15,1,10,,649089,56,0,26 38 15,1,13,,649126,38,0,26 38 15,1,52,,649134,56,0,26 38 15,1
8502,'5',535,,649186,15,0,26 38 15,1,4,,649283,56,0,26 38 15,1,7,,649197,39,0,26 38 15,1,9,,649233,56,0,26 38 15,1,50,,649240,39,0,26 38 15,1,10,,649291,56,0,26 38 15,1,10,,649273,39,0,26 38 15,1,10,,649208,56,0,26 38 15,1,10,,649261,39,0,26 38 15,1,10,,649285,56,0,26 38 15,1,50,,649274,39,0,26 38 15,1,10,,649202,56,0,26 38 15,1,10,,649296,39,0,26 38 15,1,10,,649295,56,0,26 38 15,1,10,,649227,39,0,26 38 15,1,10,,649236,56,0,26 38 15,1,51,,649199,39,0,26 38 15,1,11,,649302,56,0,26 38 15,1,12,,649224,39,0,26 38 15,1,11,,649251,56,0,26 38 15,1,10,,649193,39,0,26 38 15,1,50,,649185,56,0,26 38 15,1,10,,649298,39,0,26 38 15,1,10,,649266,56,0,26 38 15,1,10,,539844,39,0,26 38 15,1,10,,649191,56,0,26 38 15,1,10,,649248,39,0,26 38 15,1,50,,649243,56,0,26 38 15,1,10,,649231,39,0,26 38 15,1,10,,649203,56,0,26 38 15,1,10,,649214,39,0,26 38 15,1,10,,649297,56,0,26 38 15,1,10,,649213,39,0,26 38 15,1,50,,649299,56,0,26 38 15,1,10,,649253,39,0,26 38 15,1,10,,649289,56,0,26 38 15,1,10,,538867,39,0,26 38 15,1,10,,649206,56,0,26 38 15,1,10,,649188,39,0,26 38 15,1,50,,649234,56,0,26 38 15,1,11,,649246,39,0,26 38 15,1,9,,649221,56,0,26 38 15,1,12,,649207,39,0,26 38 15,1,8,,554280,56,0,26 38 15,1,9,,649238,39,0,26 38 15,1,8,,649232,56,0,26 38 15,1,47,,649187,39,0,26 38 15,1,8,,649204,56,0,26 38 15,1,7,,649262,39,0,26 38 15,1,8,,649268,56,0,26 38 15,1,7,,649209,39,0,26 38 15,1,8,,649258,56,0,26 38 15,1,7,,572700,39,0,26 38 15,1,8,,649288,56,0,26 38 15,1,47,,649195,39,0,26 38 15,1,8,,649271,56,0,26 38 15,1,7,,649218,39,0,26 38 15,1,8,,649225,56,0,26 38 15,1,7,,649201,39,0,26 38 15,1,8,,649189,56,0,26 38 15,1,7,,603632,39,0,26 38 15,1,8,,649276,56,0,26 38 15,1,47,,649279,39,0,26 38 15,1,8,,649301,56,0,26 38 15,1,7,,649219,39,0,26 38 15,1,8,,649282,56,0,26 38 15,1,7,,649284,39,0,26 38 15,1,8,,586074,56,0,26 38 15,1,7,,649192,39,0,26 38 15,1,8,,649277,56,0,26 38 15,1,47,,649259,39,0,26 38 15,1,8,,649272,56,0,26 38 15,1,7,,649256,39,0,26 38 15,1,8,,649303,56,0,26 38 15,1,7,,649235,39,0,26 38 15,1,8,,649255,56,0,26 38 15,1,7,,649247,39,0,26 38 15,1,8,,649228,56,0,26 38 15,1,47,,581710,39,0,26 38 15,1,8,,525368,56,0,26 38 15,1,7,,544018,39,0,26 38 15,1,8,,649205,56,0,26 38 15,1,7,,649300,39,0,26 38 15,1,8,,583876,56,0,26 38 15,1,7,,649244,39,0,26 38 15,1,8,,649250,56,0,26 38 15,1,47,,649216,39,0,26 38 15,1,8,,601438,56,0,26 38 15,1,7,,649242,39,0,26 38 15,1,8,,649275,56,0,26 38 15,1,7,,649290,39,0,26 38 15,1,8,,649222,56,0,26 38 15,1,7,,649252,39,0,26 38 15,1,8,,649287,56,0,26 38 15,1,46,,649239,38,0,26 38 15,1,7,,649211,56,0,26 38 15,1,7,,649269,38,0,26 38 15,1,8,,649257,56,0,26 38 15,1,6,,649215,38,0,26 38 15,1,7,,649278,56,0,26 38 15,1,14,,649237,38,0,26 38 15,1,50,,649190,56,0,26 38 15,1,10,,649241,38,0,26 38 15,1,10,,572694,56,0,26 38 15,1,10,,649281,38,0,26 38 15,1,10,,649263,56,0,26 38 15,1,10,,649229,38,0,26 38 15,1,50,,649254,56,0,26 38 15,1,10,,649198,38,0,26 38 15,1,10,,576733,56,0,26 38 15,1,10,,526748,38,0,26 38 15,1,10,,649249,56,0,26 38 15,1,10,,597967,38,0,26 38 15,1,49,,649196,56,0,26 38 15,1,9,,649200,38,0,26 38 15,1,8,,649230,56,0,26 38 15,1,10,,649280,38,0,26 38 15,1,10,,591840,56,0,26 38 15,1,10,,649226,38,0,26 38 15,1,10,,649286,56,0,26 38 15,1,50,,649260,38,0,26 38 15,1,10,,649184,56,0,26 38 15,1,10,,649210,38,0,26 38 15,1,10,,649265,56,0,26 38 15,1,10,,649212,38,0,26 38 15,1,10,,649245,56,0,26 38 15,1,50,,649293,38,0,26 38 15,1,10,,649270,56,0,26 38 15,1,10,,602121,38,0,26 38 15,1,10,,649267,56,0,26 38 15,1,10,,586741,38,0,26 38 15,1,10,,649194,56,0,26 38 15,1,50,,649294,38,0,26 38 15,1,10,,649292,56,0,26 38 15,1,9,,649220,38,0,26 38 15,1,10,,649217,56,0,26 38 15,1,13,,649264,38,0,26 38 15,1,52,,649223,56,0,26 38 15,1
38502,'1',417,,683057,15,0,11 12 96 15,1,15,,683058,56,0,11 12 96 15,1,15,,683052,38,0,11 12 96 15,1,55,,683054,56,0,11 12 96 15,1,2130,,683055,56,0,11 12 96 15,1,70,,683056,56,0,11 12 96 15,1,30,,683053,56,0,11 12 96 15,1,70,,599891,56,0,11 12 96 15,1
38502,'2',432,,683063,56,0,11 12 96 15,1,15,,683060,38,0,11 12 96 15,1,55,,536046,56,0,11 12 96 15,1,15,,494718,38,0,11 12 96 15,1,2115,,683061,56,0,11 12 96 15,1,70,,539137,56,0,11 12 96 15,1,30,,683059,56,0,11 12 96 15,1,70,,683062,56,0,11 12 96 15,1
38502,'3',432,,683076,56,0,11 12 96 15,1,15,,683072,38,0,11 12 96 15,1,55,,683067,56,0,11 12 96 15,1,15,,416980,38,0,11 12 96 15,1,15,,683064,56,0,11 12 96 15,1,23,,683069,56,0,11 12 96 15,1,60,,683066,56,0,11 12 96 15,1,20,,683077,56,0,11 12 96 15,1,20,,683071,56,0,11 12 96 15,1,60,,683073,56,0,11 12 96 15,1,20,,683065,56,0,11 12 96 15,1,1897,,683070,56,0,11 12 96 15,1,70,,683075,56,0,11 12 96 15,1,30,,683068,56,0,11 12 96 15,1,70,,683074,56,0,11 12 96 15,1
38502,'5',432,,683080,56,0,11 12 96 15,1,15,,531228,38,0,11 12 96 15,1,55,,683081,56,0,11 12 96 15,1,15,,683082,38,0,11 12 96 15,1,2115,,683079,56,0,11 12 96 15,1,70,,550371,56,0,11 12 96 15,1,30,,683078,56,0,11 12 96 15,1,70,,522147,56,0,11 12 96 15,1
90403,'1',638,,685124,11,0,26 38 8,1,20,,685127,11,0,26 38 8,1,55,,685141,11,0,26 38 8,1,17,,685143,11,0,26 38 8,1,15,,537262,11,0,26 38 8,1,55,,540821,11,0,26 38 8,1,15,,685103,11,0,26 38 8,1,15,,575915,11,0,26 38 8,1,15,,685121,11,0,26 38 8,1,55,,685096,11,0,26 38 8,1,15,,685092,11,0,26 38 8,1,16,,685122,11,0,26 38 8,1,12,,577163,11,0,26 38 8,1,12,,685109,11,0,26 38 8,1,52,,685123,11,0,26 38 8,1,12,,471773,11,0,26 38 8,1,12,,685148,11,0,26 38 8,1,12,,512336,11,0,26 38 8,1,12,,685135,11,0,26 38 8,1,52,,685104,11,0,26 38 8,1,12,,685107,11,0,26 38 8,1,12,,685105,11,0,26 38 8,1,12,,685116,11,0,26 38 8,1,12,,577116,11,0,26 38 8,1,52,,685139,11,0,26 38 8,1,12,,534056,11,0,26 38 8,1,12,,685146,11,0,26 38 8,1,12,,569248,11,0,26 38 8,1,12,,685095,11,0,26 38 8,1,52,,685100,11,0,26 38 8,1,12,,685145,11,0,26 38 8,1,12,,685117,11,0,26 38 8,1,12,,528670,11,0,26 38 8,1,12,,559791,11,0,26 38 8,1,52,,685102,11,0,26 38 8,1,12,,685137,11,0,26 38 8,1,12,,685129,11,0,26 38 8,1,12,,513754,11,0,26 38 8,1,12,,522400,11,0,26 38 8,1,52,,685097,11,0,26 38 8,1,12,,685115,11,0,26 38 8,1,17,,685111,11,0,26 38 8,1,15,,685114,11,0,26 38 8,1,55,,685149,11,0,26 38 8,1,15,,685152,11,0,26 38 8,1,15,,685106,11,0,26 38 8,1,15,,685138,11,0,26 38 8,1,55,,685131,11,0,26 38 8,1,15,,565318,11,0,26 38 8,1,15,,593344,11,0,26 38 8,1,15,,685140,11,0,26 38 8,1,55,,685147,11,0,26 38 8,1,15,,685125,11,0,26 38 8,1,15,,685153,11,0,26 38 8,1,15,,685112,11,0,26 38 8,1,55,,685136,11,0,26 38 8,1,15,,685150,11,0,26 38 8,1,10,,685130,11,0,26 38 8,1,15,,685151,11,0,26 38 8,1,55,,685142,11,0,26 38 8,1,15,,685093,11,0,26 38 8,1,15,,685133,11,0,26 38 8,1,15,,685134,11,0,26 38 8,1,55,,685108,11,0,26 38 8,1,15,,685099,11,0,26 38 8,1,15,,685144,11,0,26 38 8,1,15,,685113,11,0,26 38 8,1,55,,685098,11,0,26 38 8,1,15,,685110,11,0,26 38 8,1,12,,685120,11,0,26 38 8,1,15,,510341,11,0,26 38 8,1,15,,685101,11,0,26 38 8,1,55,,685118,11,0,26 38 8,1,15,,685094,11,0,26 38 8,1,15,,685128,11,0,26 38 8,1,15,,685119,11,0,26 38 8,1,55,,685126,11,0,26 38 8,1,15,,685132,11,0,26 38 8,1,15,,440489,11,0,26 38 8,1
90403,'2',716,,459282,11,0,26 38 8,1,17,,685204,11,0,26 38 8,1,15,,685187,11,0,26 38 8,1,55,,685196,11,0,26 38 8,1,15,,568989,11,0,26 38 8,1,15,,685154,11,0,26 38 8,1,15,,685191,11,0,26 38 8,1,55,,685161,11,0,26 38 8,1,15,,685184,11,0,26 38 8,1,13,,685208,11,0,26 38 8,1,15,,685212,11,0,26 38 8,1,55,,558973,11,0,26 38 8,1,15,,685214,11,0,26 38 8,1,15,,685178,11,0,26 38 8,1,15,,685176,11,0,26 38 8,1,55,,685166,11,0,26 38 8,1,15,,685173,11,0,26 38 8,1,15,,685179,11,0,26 38 8,1,15,,685155,11,0,26 38 8,1,55,,685172,11,0,26 38 8,1,15,,685188,11,0,26 38 8,1,13,,685160,11,0,26 38 8,1,15,,685189,11,0,26 38 8,1,15,,685194,11,0,26 38 8,1,55,,685206,11,0,26 38 8,1,15,,537608,11,0,26 38 8,1,15,,685180,11,0,26 38 8,1,15,,685159,11,0,26 38 8,1,55,,685185,11,0,26 38 8,1,15,,685198,11,0,26 38 8,1,15,,465481,11,0,26 38 8,1,15,,685201,11,0,26 38 8,1,55,,685195,11,0,26 38 8,1,15,,561839,11,0,26 38 8,1,15,,685163,11,0,26 38 8,1,15,,685197,11,0,26 38 8,1,55,,685202,11,0,26 38 8,1,15,,685193,11,0,26 38 8,1,15,,513871,11,0,26 38 8,1,15,,685213,11,0,26 38 8,1,55,,685182,11,0,26 38 8,1,15,,685157,11,0,26 38 8,1,15,,685200,11,0,26 38 8,1,15,,685171,11,0,26 38 8,1,55,,685190,11,0,26 38 8,1,15,,685203,11,0,26 38 8,1,15,,685199,11,0,26 38 8,1,15,,685192,11,0,26 38 8,1,55,,685210,11,0,26 38 8,1,15,,685177,11,0,26 38 8,1,8,,685167,11,0,26 38 8,1,11,,559941,11,0,26 38 8,1,55,,685209,11,0,26 38 8,1,15,,582974,11,0,26 38 8,1,15,,685162,11,0,26 38 8,1,15,,685158,11,0,26 38 8,1,55,,579494,11,0,26 38 8,1,15,,685156,11,0,26 38 8,1,15,,685169,11,0,26 38 8,1,15,,565482,11,0,26 38 8,1,55,,685186,11,0,26 38 8,1,12,,685175,11,0,26 38 8,1,10,,685183,11,0,26 38 8,1,14,,685211,11,0,26 38 8,1,15,,685181,11,0,26 38 8,1,55,,685170,11,0,26 38 8,1,15,,685174,11,0,26 38 8,1,15,,520662,11,0,26 38 8,1,15,,685164,11,0,26 38 8,1,55,,585961,11,0,26 38 8,1,15,,685168,11,0,26 38 8,1,15,,685165,11,0,26 38 8,1,15,,685207,11,0,26 38 8,1,56,,685205,11,0,26 38 8,1
90403,'3',818,,685244,11,0,26 38 8,1,12,,588470,11,0,26 38 8,1,12,,685230,11,0,26 38 8,1,15,,685237,11,0,26 38 8,1,55,,599709,11,0,26 38 8,1,15,,685225,11,0,26 38 8,1,15,,685267,11,0,26 38 8,1,15,,545765,11,0,26 38 8,1,55,,685223,11,0,26 38 8,1,15,,685219,11,0,26 38 8,1,15,,685252,11,0,26 38 8,1,15,,685221,11,0,26 38 8,1,55,,685241,11,0,26 38 8,1,15,,685242,11,0,26 38 8,1,15,,685255,11,0,26 38 8,1,15,,685224,11,0,26 38 8,1,55,,685265,11,0,26 38 8,1,16,,685264,11,0,26 38 8,1,13,,434227,11,0,26 38 8,1,15,,685247,11,0,26 38 8,1,55,,685243,11,0,26 38 8,1,15,,559583,11,0,26 38 8,1,15,,583006,11,0,26 38 8,1,15,,685270,11,0,26 38 8,1,55,,685238,11,0,26 38 8,1,15,,685231,11,0,26 38 8,1,15,,685229,11,0,26 38 8,1,15,,685233,11,0,26 38 8,1,55,,685261,11,0,26 38 8,1,15,,685258,11,0,26 38 8,1,15,,685269,11,0,26 38 8,1,15,,685251,11,0,26 38 8,1,55,,685254,11,0,26 38 8,1,15,,685216,11,0,26 38 8,1,15,,595908,11,0,26 38 8,1,15,,685218,11,0,26 38 8,1,55,,685239,11,0,26 38 8,1,15,,685257,11,0,26 38 8,1,15,,685256,11,0,26 38 8,1,15,,685217,11,0,26 38 8,1,55,,594820,11,0,26 38 8,1,15,,685271,11,0,26 38 8,1,15,,685220,11,0,26 38 8,1,15,,548437,11,0,26 38 8,1,55,,685228,11,0,26 38 8,1,12,,685222,11,0,26 38 8,1,11,,685215,11,0,26 38 8,1,15,,685240,11,0,26 38 8,1,55,,685246,11,0,26 38 8,1,15,,425509,11,0,26 38 8,1,15,,685253,11,0,26 38 8,1,15,,564272,11,0,26 38 8,1,55,,685232,11,0,26 38 8,1,15,,685250,11,0,26 38 8,1,15,,685245,11,0,26 38 8,1,15,,685235,11,0,26 38 8,1,55,,685263,11,0,26 38 8,1,15,,685249,11,0,26 38 8,1,13,,685248,11,0,26 38 8,1,15,,501373,11,0,26 38 8,1,55,,685227,11,0,26 38 8,1,15,,685262,11,0,26 38 8,1,15,,685259,11,0,26 38 8,1,15,,685268,11,0,26 38 8,1,55,,587471,11,0,26 38 8,1,15,,685236,11,0,26 38 8,1,15,,685234,11,0,26 38 8,1,15,,685260,11,0,26 38 8,1,55,,685266,11,0,26 38 8,1,9,,685226,11,0,26 38 8,1
90403,'5',710,,685314,11,0,26 38 8,1,17,,685323,11,0,26 38 8,1,15,,685324,11,0,26 38 8,1,15,,685278,11,0,26 38 8,1,55,,685286,11,0,26 38 8,1,15,,551729,11,0,26 38 8,1,15,,543527,11,0,26 38 8,1,15,,685274,11,0,26 38 8,1,55,,586578,11,0,26 38 8,1,15,,685308,11,0,26 38 8,1,15,,685295,11,0,26 38 8,1,15,,685316,11,0,26 38 8,1,55,,685306,11,0,26 38 8,1,15,,685315,11,0,26 38 8,1,15,,685288,11,0,26 38 8,1,15,,685318,11,0,26 38 8,1,55,,557530,11,0,26 38 8,1,15,,685298,11,0,26 38 8,1,15,,685299,11,0,26 38 8,1,15,,685280,11,0,26 38 8,1,55,,556985,11,0,26 38 8,1,16,,685290,11,0,26 38 8,1,13,,685291,11,0,26 38 8,1,15,,584330,11,0,26 38 8,1,55,,685281,11,0,26 38 8,1,15,,516366,11,0,26 38 8,1,15,,563715,11,0,26 38 8,1,15,,685322,11,0,26 38 8,1,55,,518198,11,0,26 38 8,1,15,,517615,11,0,26 38 8,1,15,,685277,11,0,26 38 8,1,15,,685275,11,0,26 38 8,1,55,,567249,11,0,26 38 8,1,15,,685297,11,0,26 38 8,1,15,,685284,11,0,26 38 8,1,15,,685296,11,0,26 38 8,1,55,,685304,11,0,26 38 8,1,15,,685309,11,0,26 38 8,1,15,,685276,11,0,26 38 8,1,15,,685303,11,0,26 38 8,1,55,,555543,11,0,26 38 8,1,15,,571014,11,0,26 38 8,1,15,,685285,11,0,26 38 8,1,15,,685282,11,0,26 38 8,1,55,,685283,11,0,26 38 8,1,15,,685327,11,0,26 38 8,1,15,,685301,11,0,26 38 8,1,15,,685302,11,0,26 38 8,1,55,,685294,11,0,26 38 8,1,12,,685310,11,0,26 38 8,1,11,,685312,11,0,26 38 8,1,15,,685273,11,0,26 38 8,1,55,,685279,11,0,26 38 8,1,15,,685305,11,0,26 38 8,1,15,,685325,11,0,26 38 8,1,15,,685320,11,0,26 38 8,1,55,,685317,11,0,26 38 8,1,15,,685326,11,0,26 38 8,1,15,,685313,11,0,26 38 8,1,15,,685319,11,0,26 38 8,1,55,,515382,11,0,26 38 8,1,15,,685321,11,0,26 38 8,1,13,,685293,11,0,26 38 8,1,15,,685300,11,0,26 38 8,1,55,,567367,11,0,26 38 8,1,15,,525322,11,0,26 38 8,1,15,,685311,11,0,26 38 8,1,15,,584044,11,0,26 38 8,1,55,,685287,11,0,26 38 8,1,15,,685292,11,0,26 38 8,1,15,,685307,11,0,26 38 8,1,15,,685289,11,0,26 38 8,1,55,,685272,11,0,26 38 8,1,9,,581375,11,0,26 38 8,1
98502,'1',610,,535500,6,0,26 38 8,1,15,,690293,6,0,26 38 8,1,15,,690284,6,0,26 38 8,1,13,,690292,6,0,26 38 8,1,55,,690273,23,0,26 38 8,1,15,,690288,23,0,26 38 8,1,15,,690289,23,0,26 38 8,1,15,,690274,23,0,26 38 8,1,55,,690276,23,0,26 38 8,1,15,,690283,23,0,26 38 8,1,15,,564776,23,0,26 38 8,1,17,,690281,23,0,26 38 8,1,589,,690287,23,0,26 38 8,1,15,,690282,23,0,26 38 8,1,55,,690278,23,0,26 38 8,1,15,,690275,23,0,26 38 8,1,15,,441885,23,0,26 38 8,1,15,,690277,23,0,26 38 8,1,55,,690291,23,0,26 38 8,1,15,,690280,23,0,26 38 8,1,15,,690286,23,0,26 38 8,1,15,,484939,23,0,26 38 8,1,55,,520640,23,0,26 38 8,1,15,,690290,23,0,26 38 8,1,15,,568453,23,0,26 38 8,1,15,,690285,23,0,26 38 8,1,55,,483379,23,0,26 38 8,1,18,,690279,23,0,26 38 8,1
