9601,'1',530,,656253,61,0,34 14 38 15,1,11,,656217,26,0,5 14 38 15,1,11,,656268,61,0,34 14 38 15,1,52,,656263,26,0,5 14 38 15,1,10,,591695,61,0,34 14 38 15,1,10,,582375,61,0,34 14 38 15,1,9,,656309,61,0,34 14 38 15,1,9,,656293,61,0,34 14 38 15,1,9,,656267,61,0,34 14 38 15,1,49,,656227,66,0,5 14 38 15,1,6,,656270,61,0,34 14 38 15,1,6,,656266,61,0,34 14 38 15,1,8,,656229,66,0,5 14 38 15,1,9,,656240,71,0,34 14 38 15,1,9,,602599,61,0,34 14 38 15,1,9,,537324,66,0,5 14 38 15,1,9,,656251,71,0,34 14 38 15,1,49,,656207,66,0,5 14 38 15,1,9,,656280,71,0,34 14 38 15,1,9,,656294,66,0,5 14 38 15,1,9,,656237,71,0,34 14 38 15,1,9,,489414,66,0,5 14 38 15,1,9,,566162,71,0,34 14 38 15,1,9,,656230,66,0,5 14 38 15,1,49,,656304,71,0,34 14 38 15,1,8,,466679,66,0,5 14 38 15,1,10,,656277,71,0,34 14 38 15,1,10,,656273,66,0,5 14 38 15,1,10,,656246,71,0,34 14 38 15,1,10,,656235,66,0,5 14 38 15,1,49,,656245,71,0,34 14 38 15,1,10,,656258,66,0,5 14 38 15,1,10,,656278,71,0,34 14 38 15,1,10,,656225,66,0,5 14 38 15,1,10,,656228,71,0,34 14 38 15,1,10,,512764,66,0,5 14 38 15,1,50,,656211,71,0,34 14 38 15,1,10,,656216,66,0,5 14 38 15,1,10,,656255,71,0,34 14 38 15,1,10,,656222,66,0,5 14 38 15,1,10,,656260,71,0,34 14 38 15,1,10,,656256,66,0,5 14 38 15,1,50,,656248,71,0,34 14 38 15,1,10,,604202,66,0,5 14 38 15,1,10,,528726,71,0,34 14 38 15,1,10,,656302,66,0,5 14 38 15,1,10,,656286,71,0,34 14 38 15,1,10,,533502,66,0,5 14 38 15,1,50,,656241,71,0,34 14 38 15,1,10,,656242,66,0,5 14 38 15,1,10,,656220,71,0,34 14 38 15,1,10,,464027,66,0,5 14 38 15,1,10,,656271,71,0,34 14 38 15,1,10,,656269,66,0,5 14 38 15,1,50,,656295,71,0,34 14 38 15,1,10,,656288,66,0,5 14 38 15,1,10,,656300,71,0,34 14 38 15,1,10,,656257,66,0,5 14 38 15,1,10,,656296,71,0,34 14 38 15,1,10,,656305,66,0,5 14 38 15,1,49,,656282,71,0,34 14 38 15,1,10,,656285,66,0,5 14 38 15,1,10,,656208,71,0,34 14 38 15,1,10,,569270,66,0,5 14 38 15,1,10,,656281,71,0,34 14 38 15,1,10,,656212,66,0,5 14 38 15,1,50,,558542,71,0,34 14 38 15,1,10,,656298,66,0,5 14 38 15,1,10,,656243,71,0,34 14 38 15,1,10,,656223,66,0,5 14 38 15,1,10,,588415,71,0,34 14 38 15,1,10,,656215,66,0,5 14 38 15,1,50,,523542,71,0,34 14 38 15,1,10,,544629,66,0,5 14 38 15,1,10,,656284,71,0,34 14 38 15,1,10,,656306,66,0,5 14 38 15,1,10,,656262,71,0,34 14 38 15,1,10,,563807,66,0,5 14 38 15,1,50,,656287,71,0,34 14 38 15,1,10,,656238,66,0,5 14 38 15,1,10,,557214,71,0,34 14 38 15,1,10,,656244,66,0,5 14 38 15,1,10,,656239,71,0,34 14 38 15,1,10,,656226,66,0,5 14 38 15,1,50,,656289,71,0,34 14 38 15,1,9,,656210,66,0,5 14 38 15,1,7,,656291,71,0,34 14 38 15,1,5,,517814,66,0,5 14 38 15,1,10,,656292,71,0,34 14 38 15,1,6,,656274,66,0,5 14 38 15,1,9,,582005,71,0,34 14 38 15,1,7,,570722,66,0,5 14 38 15,1,48,,532880,71,0,34 14 38 15,1,10,,656261,66,0,5 14 38 15,1,10,,656276,71,0,34 14 38 15,1,10,,656213,66,0,5 14 38 15,1,10,,656252,71,0,34 14 38 15,1,10,,554343,66,0,5 14 38 15,1,50,,656279,71,0,34 14 38 15,1,10,,530067,66,0,5 14 38 15,1,10,,656297,71,0,34 14 38 15,1,10,,656275,66,0,5 14 38 15,1,10,,656232,71,0,34 14 38 15,1,10,,656214,66,0,5 14 38 15,1,50,,521844,71,0,34 14 38 15,1,10,,656219,66,0,5 14 38 15,1,7,,656233,71,0,34 14 38 15,1,9,,656307,66,0,5 14 38 15,1,7,,656299,71,0,34 14 38 15,1,8,,656308,66,0,5 14 38 15,1,9,,656283,71,0,34 14 38 15,1,49,,533986,66,0,5 14 38 15,1,10,,656236,71,0,34 14 38 15,1,10,,656303,66,0,5 14 38 15,1,10,,656272,71,0,34 14 38 15,1,10,,656247,66,0,5 14 38 15,1,10,,588420,71,0,34 14 38 15,1,50,,656290,66,0,5 14 38 15,1,10,,597232,71,0,34 14 38 15,1,10,,656249,66,0,5 14 38 15,1,10,,656250,71,0,34 14 38 15,1,10,,656209,66,0,5 14 38 15,1,10,,656264,71,0,34 14 38 15,1,50,,591334,66,0,5 14 38 15,1,10,,434961,71,0,34 14 38 15,1,10,,656221,66,0,5 14 38 15,1,10,,656218,71,0,34 14 38 15,1,8,,656265,66,0,5 14 38 15,1,9,,656234,71,0,34 14 38 15,1,51,,458690,66,0,5 14 38 15,1,11,,656254,71,0,34 14 38 15,1,15,,656224,71,0,34 14 38 15,1
9601,'2',530,,656394,61,0,34 14 38 15,1,18,,656348,71,0,34 14 38 15,1,56,,656354,66,0,5 14 38 15,1,10,,656414,71,0,34 14 38 15,1,10,,599918,66,0,5 14 38 15,1,10,,656417,71,0,34 14 38 15,1,10,,544691,66,0,5 14 38 15,1,10,,480262,71,0,34 14 38 15,1,50,,656320,66,0,5 14 38 15,1,12,,552205,71,0,34 14 38 15,1,10,,656329,66,0,5 14 38 15,1,11,,656433,71,0,34 14 38 15,1,10,,656335,66,0,5 14 38 15,1,11,,656326,71,0,34 14 38 15,1,49,,656403,66,0,5 14 38 15,1,12,,656382,71,0,34 14 38 15,1,9,,656350,66,0,5 14 38 15,1,10,,656369,71,0,34 14 38 15,1,8,,656431,66,0,5 14 38 15,1,9,,656349,71,0,34 14 38 15,1,50,,656402,66,0,5 14 38 15,1,10,,508510,71,0,34 14 38 15,1,10,,656430,66,0,5 14 38 15,1,10,,656422,71,0,34 14 38 15,1,10,,656376,66,0,5 14 38 15,1,10,,656399,71,0,34 14 38 15,1,50,,656355,71,0,31 14 38 15,1,8,,656398,71,0,34 14 38 15,1,8,,656327,71,0,31 14 38 15,1,8,,656383,71,0,34 14 38 15,1,8,,656375,71,0,31 14 38 15,1,8,,656358,71,0,34 14 38 15,1,8,,656407,71,0,31 14 38 15,1,48,,539991,71,0,34 14 38 15,1,8,,656323,71,0,31 14 38 15,1,8,,656365,71,0,34 14 38 15,1,8,,656388,71,0,31 14 38 15,1,8,,656336,71,0,34 14 38 15,1,8,,656339,71,0,31 14 38 15,1,8,,656440,71,0,34 14 38 15,1,8,,598176,71,0,31 14 38 15,1,49,,656334,71,0,34 14 38 15,1,8,,495177,71,0,31 14 38 15,1,12,,656364,71,0,34 14 38 15,1,8,,538482,71,0,31 14 38 15,1,9,,656342,71,0,34 14 38 15,1,9,,656361,71,0,31 14 38 15,1,48,,656346,71,0,34 14 38 15,1,9,,656373,71,0,31 14 38 15,1,9,,656368,71,0,34 14 38 15,1,5,,656378,71,0,31 14 38 15,1,6,,656353,71,0,34 14 38 15,1,6,,656366,71,0,31 14 38 15,1,6,,656404,71,0,34 14 38 15,1,6,,656436,71,0,31 14 38 15,1,6,,656318,71,0,34 14 38 15,1,6,,656344,71,0,31 14 38 15,1,46,,656377,71,0,34 14 38 15,1,6,,656332,71,0,31 14 38 15,1,6,,432596,71,0,34 14 38 15,1,6,,656357,71,0,31 14 38 15,1,6,,656395,71,0,34 14 38 15,1,6,,656390,71,0,31 14 38 15,1,6,,656360,71,0,34 14 38 15,1,6,,656380,71,0,31 14 38 15,1,6,,577745,71,0,34 14 38 15,1,6,,656439,71,0,31 14 38 15,1,46,,656401,71,0,34 14 38 15,1,6,,581834,71,0,31 14 38 15,1,6,,656372,71,0,34 14 38 15,1,6,,526642,71,0,31 14 38 15,1,6,,656438,71,0,34 14 38 15,1,6,,546448,71,0,31 14 38 15,1,6,,547266,71,0,34 14 38 15,1,6,,656347,71,0,31 14 38 15,1,6,,656345,71,0,34 14 38 15,1,6,,584416,71,0,31 14 38 15,1,46,,656408,71,0,34 14 38 15,1,6,,656409,71,0,31 14 38 15,1,6,,656374,71,0,34 14 38 15,1,6,,536062,71,0,31 14 38 15,1,6,,656392,71,0,34 14 38 15,1,6,,656333,71,0,31 14 38 15,1,6,,656406,71,0,34 14 38 15,1,6,,656352,71,0,31 14 38 15,1,6,,656391,71,0,34 14 38 15,1,6,,561819,71,0,31 14 38 15,1,46,,656384,71,0,34 14 38 15,1,6,,656386,71,0,31 14 38 15,1,6,,656331,71,0,34 14 38 15,1,6,,656427,71,0,31 14 38 15,1,6,,656412,71,0,34 14 38 15,1,6,,656317,71,0,31 14 38 15,1,6,,424099,71,0,34 14 38 15,1,6,,656385,71,0,31 14 38 15,1,6,,656434,71,0,34 14 38 15,1,6,,656319,71,0,31 14 38 15,1,46,,656351,71,0,34 14 38 15,1,6,,601903,71,0,31 14 38 15,1,6,,656432,71,0,34 14 38 15,1,6,,574272,71,0,31 14 38 15,1,6,,656328,71,0,34 14 38 15,1,6,,656413,71,0,31 14 38 15,1,6,,656315,71,0,34 14 38 15,1,6,,656421,71,0,31 14 38 15,1,6,,656387,71,0,34 14 38 15,1,6,,656419,71,0,31 14 38 15,1,45,,656425,71,0,34 14 38 15,1,6,,548146,71,0,31 14 38 15,1,5,,656362,71,0,34 14 38 15,1,6,,656337,71,0,31 14 38 15,1,2,,656411,71,0,34 14 38 15,1,5,,545715,71,0,31 14 38 15,1,4,,656381,71,0,34 14 38 15,1,4,,656429,71,0,31 14 38 15,1,6,,656340,71,0,34 14 38 15,1,6,,656437,71,0,31 14 38 15,1,6,,656363,71,0,34 14 38 15,1,4,,656405,71,0,31 14 38 15,1,44,,656418,71,0,34 14 38 15,1,7,,554072,71,0,31 14 38 15,1,7,,656435,71,0,34 14 38 15,1,7,,656313,71,0,31 14 38 15,1,7,,656312,71,0,34 14 38 15,1,7,,656426,71,0,31 14 38 15,1,7,,656356,71,0,34 14 38 15,1,7,,656424,71,0,31 14 38 15,1,7,,656314,71,0,34 14 38 15,1,47,,656371,71,0,31 14 38 15,1,7,,656310,71,0,34 14 38 15,1,7,,528278,71,0,31 14 38 15,1,7,,656400,71,0,34 14 38 15,1,7,,656324,71,0,31 14 38 15,1,7,,656370,71,0,34 14 38 15,1,7,,656410,71,0,31 14 38 15,1,7,,656367,71,0,34 14 38 15,1,47,,656322,71,0,31 14 38 15,1,7,,656423,71,0,34 14 38 15,1,1,,521554,71,0,31 14 38 15,1,5,,555157,71,0,34 14 38 15,1,9,,656442,71,0,31 14 38 15,1,5,,656428,71,0,34 14 38 15,1,9,,656325,71,0,31 14 38 15,1,7,,656393,71,0,34 14 38 15,1,10,,558943,66,0,5 14 38 15,1,50,,534064,71,0,34 14 38 15,1,10,,518595,66,0,5 14 38 15,1,10,,656338,71,0,34 14 38 15,1,10,,656379,66,0,5 14 38 15,1,10,,656359,71,0,34 14 38 15,1,10,,656330,66,0,5 14 38 15,1,50,,656341,71,0,34 14 38 15,1,10,,578630,66,0,5 14 38 15,1,10,,656441,71,0,34 14 38 15,1,10,,656416,66,0,5 14 38 15,1,10,,656396,71,0,34 14 38 15,1,10,,656316,66,0,5 14 38 15,1,50,,656321,71,0,34 14 38 15,1,10,,656397,66,0,5 14 38 15,1,10,,656389,71,0,34 14 38 15,1,10,,596337,66,0,5 14 38 15,1,10,,656420,71,0,34 14 38 15,1,13,,656311,66,0,5 14 38 15,1,56,,582980,71,0,34 14 38 15,1,15,,465082,71,0,34 14 38 15,1
9601,'3',530,,656444,61,0,34 14 38 15,1,12,,656487,61,0,34 14 38 15,1,61,,656467,61,0,34 14 38 15,1,14,,656548,66,0,5 14 38 15,1,12,,656492,71,0,34 14 38 15,1,12,,656529,66,0,5 14 38 15,1,12,,656496,71,0,34 14 38 15,1,52,,656456,66,0,5 14 38 15,1,12,,656509,71,0,34 14 38 15,1,12,,656552,66,0,5 14 38 15,1,12,,656555,71,0,34 14 38 15,1,12,,656518,66,0,5 14 38 15,1,52,,656482,71,0,34 14 38 15,1,12,,656495,66,0,5 14 38 15,1,12,,656477,71,0,34 14 38 15,1,12,,656566,66,0,5 14 38 15,1,12,,566682,71,0,34 14 38 15,1,52,,656506,66,0,5 14 38 15,1,12,,656469,71,0,34 14 38 15,1,12,,656454,66,0,5 14 38 15,1,12,,656476,71,0,34 14 38 15,1,12,,656505,66,0,5 14 38 15,1,2,,656459,71,0,34 14 38 15,1,49,,656474,71,0,31 14 38 15,1,9,,656531,71,0,34 14 38 15,1,9,,656489,71,0,31 14 38 15,1,9,,656543,71,0,34 14 38 15,1,9,,656569,71,0,31 14 38 15,1,9,,656494,71,0,34 14 38 15,1,9,,656473,71,0,31 14 38 15,1,49,,529037,71,0,34 14 38 15,1,9,,579739,71,0,31 14 38 15,1,9,,656466,71,0,34 14 38 15,1,9,,656560,71,0,31 14 38 15,1,9,,656499,71,0,34 14 38 15,1,9,,656563,71,0,31 14 38 15,1,49,,656445,71,0,34 14 38 15,1,9,,582750,71,0,31 14 38 15,1,9,,577273,71,0,34 14 38 15,1,12,,656542,71,0,31 14 38 15,1,9,,656553,71,0,34 14 38 15,1,9,,656503,71,0,31 14 38 15,1,9,,656564,71,0,34 14 38 15,1,47,,543405,71,0,31 14 38 15,1,8,,656480,71,0,34 14 38 15,1,8,,656458,71,0,31 14 38 15,1,7,,656452,71,0,34 14 38 15,1,8,,656556,71,0,31 14 38 15,1,7,,656464,71,0,34 14 38 15,1,8,,656565,71,0,31 14 38 15,1,7,,656453,71,0,34 14 38 15,1,48,,656508,71,0,31 14 38 15,1,7,,656512,71,0,34 14 38 15,1,8,,590198,71,0,31 14 38 15,1,7,,656497,71,0,34 14 38 15,1,8,,656462,71,0,31 14 38 15,1,7,,656510,71,0,34 14 38 15,1,8,,656519,71,0,31 14 38 15,1,7,,656498,71,0,34 14 38 15,1,48,,656513,71,0,31 14 38 15,1,7,,584447,71,0,34 14 38 15,1,8,,656523,71,0,31 14 38 15,1,7,,656546,71,0,34 14 38 15,1,8,,656455,71,0,31 14 38 15,1,7,,656541,71,0,34 14 38 15,1,8,,656522,71,0,31 14 38 15,1,7,,656526,71,0,34 14 38 15,1,48,,656472,71,0,31 14 38 15,1,7,,564478,71,0,34 14 38 15,1,8,,656475,71,0,31 14 38 15,1,7,,656533,71,0,34 14 38 15,1,8,,656457,71,0,31 14 38 15,1,7,,656460,71,0,34 14 38 15,1,8,,656515,71,0,31 14 38 15,1,7,,656559,71,0,34 14 38 15,1,48,,656500,71,0,31 14 38 15,1,7,,656524,71,0,34 14 38 15,1,8,,656502,71,0,31 14 38 15,1,7,,656446,71,0,34 14 38 15,1,8,,656514,71,0,31 14 38 15,1,7,,656507,71,0,34 14 38 15,1,8,,656484,71,0,31 14 38 15,1,7,,656486,71,0,34 14 38 15,1,48,,656551,71,0,31 14 38 15,1,7,,568177,71,0,34 14 38 15,1,8,,656540,71,0,31 14 38 15,1,7,,656570,71,0,34 14 38 15,1,8,,656478,71,0,31 14 38 15,1,7,,656448,71,0,34 14 38 15,1,8,,520755,71,0,31 14 38 15,1,7,,656545,71,0,34 14 38 15,1,48,,539305,71,0,31 14 38 15,1,6,,656520,71,0,34 14 38 15,1,5,,656568,71,0,31 14 38 15,1,7,,656483,71,0,34 14 38 15,1,6,,656530,71,0,31 14 38 15,1,6,,656465,71,0,34 14 38 15,1,8,,656536,71,0,31 14 38 15,1,7,,656532,71,0,34 14 38 15,1,7,,656550,71,0,31 14 38 15,1,48,,656539,71,0,34 14 38 15,1,9,,593266,71,0,31 14 38 15,1,9,,656485,71,0,34 14 38 15,1,9,,656558,71,0,31 14 38 15,1,9,,656501,71,0,34 14 38 15,1,9,,656557,71,0,31 14 38 15,1,49,,656517,71,0,34 14 38 15,1,9,,656443,71,0,31 14 38 15,1,9,,656516,71,0,34 14 38 15,1,9,,656549,71,0,31 14 38 15,1,9,,656547,71,0,34 14 38 15,1,9,,656567,71,0,31 14 38 15,1,9,,656470,71,0,34 14 38 15,1,49,,656562,71,0,31 14 38 15,1,8,,656493,71,0,34 14 38 15,1,7,,656528,71,0,31 14 38 15,1,8,,565564,71,0,34 14 38 15,1,8,,656447,71,0,31 14 38 15,1,7,,656511,71,0,34 14 38 15,1,8,,656537,71,0,31 14 38 15,1,7,,519048,71,0,34 14 38 15,1,53,,656521,71,0,34 14 38 15,1,10,,656450,66,0,5 14 38 15,1,6,,656534,71,0,34 14 38 15,1,10,,656535,66,0,5 14 38 15,1,10,,656449,71,0,34 14 38 15,1,10,,656490,66,0,5 14 38 15,1,50,,656491,71,0,34 14 38 15,1,10,,656463,66,0,5 14 38 15,1,10,,533371,71,0,34 14 38 15,1,10,,656561,66,0,5 14 38 15,1,10,,656554,71,0,34 14 38 15,1,10,,656468,66,0,5 14 38 15,1,50,,656525,71,0,34 14 38 15,1,10,,656461,66,0,5 14 38 15,1,10,,656481,71,0,34 14 38 15,1,10,,656488,66,0,5 14 38 15,1,9,,656471,71,0,34 14 38 15,1,13,,656538,66,0,5 14 38 15,1,56,,656527,71,0,34 14 38 15,1,15,,546103,71,0,34 14 38 15,1
9601,'5',530,,656685,61,0,34 14 38 15,1,21,,656616,71,0,34 14 38 15,1,49,,656586,66,0,5 14 38 15,1,9,,656602,71,0,34 14 38 15,1,9,,656598,66,0,5 14 38 15,1,11,,656686,71,0,34 14 38 15,1,12,,656631,66,0,5 14 38 15,1,12,,549132,71,0,34 14 38 15,1,52,,656651,66,0,5 14 38 15,1,12,,562004,71,0,34 14 38 15,1,12,,560180,66,0,5 14 38 15,1,12,,656638,71,0,34 14 38 15,1,12,,656606,66,0,5 14 38 15,1,52,,656650,71,0,34 14 38 15,1,12,,656576,66,0,5 14 38 15,1,12,,656578,71,0,34 14 38 15,1,12,,656661,66,0,5 14 38 15,1,12,,656600,71,0,34 14 38 15,1,52,,656639,66,0,5 14 38 15,1,12,,533119,71,0,34 14 38 15,1,12,,586202,66,0,5 14 38 15,1,10,,522160,71,0,34 14 38 15,1,11,,656622,66,0,5 14 38 15,1,5,,656618,71,0,34 14 38 15,1,49,,656617,71,0,31 14 38 15,1,9,,656665,71,0,34 14 38 15,1,9,,656613,71,0,31 14 38 15,1,9,,656654,71,0,34 14 38 15,1,9,,656658,71,0,31 14 38 15,1,9,,656659,71,0,34 14 38 15,1,9,,656645,71,0,31 14 38 15,1,49,,656596,71,0,34 14 38 15,1,9,,656677,71,0,31 14 38 15,1,9,,656571,71,0,34 14 38 15,1,9,,656590,71,0,31 14 38 15,1,9,,586954,71,0,34 14 38 15,1,9,,656582,71,0,31 14 38 15,1,49,,656674,71,0,34 14 38 15,1,9,,591991,71,0,31 14 38 15,1,9,,656682,71,0,34 14 38 15,1,12,,656599,71,0,31 14 38 15,1,9,,656678,71,0,34 14 38 15,1,9,,656621,71,0,31 14 38 15,1,9,,656647,71,0,34 14 38 15,1,47,,656609,71,0,31 14 38 15,1,8,,656681,71,0,34 14 38 15,1,8,,538016,71,0,31 14 38 15,1,7,,656634,71,0,34 14 38 15,1,8,,656660,71,0,31 14 38 15,1,7,,656668,71,0,34 14 38 15,1,8,,656633,71,0,31 14 38 15,1,7,,585855,71,0,34 14 38 15,1,48,,656655,71,0,31 14 38 15,1,7,,656587,71,0,34 14 38 15,1,8,,656626,71,0,31 14 38 15,1,7,,656573,71,0,34 14 38 15,1,8,,656581,71,0,31 14 38 15,1,7,,656684,71,0,34 14 38 15,1,8,,656603,71,0,31 14 38 15,1,7,,656641,71,0,34 14 38 15,1,48,,576493,71,0,31 14 38 15,1,7,,656625,71,0,34 14 38 15,1,8,,656583,71,0,31 14 38 15,1,7,,656669,71,0,34 14 38 15,1,8,,656588,71,0,31 14 38 15,1,7,,656629,71,0,34 14 38 15,1,8,,656656,71,0,31 14 38 15,1,7,,656643,71,0,34 14 38 15,1,48,,656592,71,0,31 14 38 15,1,7,,656679,71,0,34 14 38 15,1,8,,656572,71,0,31 14 38 15,1,7,,656574,71,0,34 14 38 15,1,8,,656667,71,0,31 14 38 15,1,7,,578934,71,0,34 14 38 15,1,8,,656577,71,0,31 14 38 15,1,7,,656610,71,0,34 14 38 15,1,48,,582758,71,0,31 14 38 15,1,7,,656604,71,0,34 14 38 15,1,8,,656632,71,0,31 14 38 15,1,7,,656663,71,0,34 14 38 15,1,8,,518009,71,0,31 14 38 15,1,7,,656652,71,0,34 14 38 15,1,8,,656607,71,0,31 14 38 15,1,7,,656612,71,0,34 14 38 15,1,48,,520067,71,0,31 14 38 15,1,7,,656646,71,0,34 14 38 15,1,8,,656688,71,0,31 14 38 15,1,7,,515876,71,0,34 14 38 15,1,8,,656648,71,0,31 14 38 15,1,7,,656680,71,0,34 14 38 15,1,8,,656687,71,0,31 14 38 15,1,7,,656644,71,0,34 14 38 15,1,48,,656605,71,0,31 14 38 15,1,6,,656597,71,0,34 14 38 15,1,5,,656672,71,0,31 14 38 15,1,7,,656636,71,0,34 14 38 15,1,6,,656614,71,0,31 14 38 15,1,6,,588867,71,0,34 14 38 15,1,8,,656635,71,0,31 14 38 15,1,7,,561058,71,0,34 14 38 15,1,7,,656657,71,0,31 14 38 15,1,48,,656671,71,0,34 14 38 15,1,9,,530001,71,0,31 14 38 15,1,9,,656683,71,0,34 14 38 15,1,9,,656627,71,0,31 14 38 15,1,9,,656649,71,0,34 14 38 15,1,9,,656662,71,0,31 14 38 15,1,49,,656575,71,0,34 14 38 15,1,9,,656584,71,0,31 14 38 15,1,9,,656670,71,0,34 14 38 15,1,9,,539349,71,0,31 14 38 15,1,9,,656593,71,0,34 14 38 15,1,9,,656589,71,0,31 14 38 15,1,9,,656579,71,0,34 14 38 15,1,49,,547786,71,0,31 14 38 15,1,8,,656595,71,0,34 14 38 15,1,7,,519262,71,0,31 14 38 15,1,8,,656653,71,0,34 14 38 15,1,8,,656637,71,0,31 14 38 15,1,7,,656642,71,0,34 14 38 15,1,8,,656591,71,0,31 14 38 15,1,7,,656580,71,0,34 14 38 15,1,53,,656619,71,0,34 14 38 15,1,10,,656676,66,0,5 14 38 15,1,6,,597763,71,0,34 14 38 15,1,10,,656628,66,0,5 14 38 15,1,10,,656601,71,0,34 14 38 15,1,10,,656640,66,0,5 14 38 15,1,50,,562905,71,0,34 14 38 15,1,10,,656620,66,0,5 14 38 15,1,10,,656623,71,0,34 14 38 15,1,10,,656611,66,0,5 14 38 15,1,10,,656664,71,0,34 14 38 15,1,10,,573798,66,0,5 14 38 15,1,50,,656585,71,0,34 14 38 15,1,10,,656675,66,0,5 14 38 15,1,10,,656615,71,0,34 14 38 15,1,10,,656608,66,0,5 14 38 15,1,9,,656673,71,0,34 14 38 15,1,13,,544568,66,0,5 14 38 15,1,56,,656630,71,0,34 14 38 15,1,15,,531620,71,0,34 14 38 15,1
16501,'1',541,,676177,25,0,14 38 15,1,8,,676180,25,0,14 38 15,1,8,,676185,25,0,14 38 15,1,44,,676194,25,0,14 38 15,1,3,,676250,53,0,14 38 15,1,6,,676248,53,0,14 38 15,1,7,,676186,53,0,14 38 15,1,8,,676213,53,0,14 38 15,1,7,,676192,53,0,14 38 15,1,8,,676168,53,0,14 38 15,1,7,,562198,53,0,14 38 15,1,8,,520969,53,0,14 38 15,1,47,,570736,53,0,14 38 15,1,9,,386610,53,0,14 38 15,1,9,,676169,53,0,14 38 15,1,7,,676254,53,0,14 38 15,1,7,,676262,53,0,14 38 15,1,10,,541795,53,0,14 38 15,1,9,,676182,53,0,14 38 15,1,48,,676207,53,0,14 38 15,1,8,,676220,53,0,14 38 15,1,7,,676257,53,0,14 38 15,1,6,,676187,53,0,14 38 15,1,9,,676209,53,0,14 38 15,1,7,,676201,53,0,14 38 15,1,8,,676246,53,0,14 38 15,1,7,,676164,53,0,14 38 15,1,48,,676159,53,0,14 38 15,1,7,,676252,53,0,14 38 15,1,7,,676181,53,0,14 38 15,1,7,,676233,53,0,14 38 15,1,8,,676261,53,0,14 38 15,1,7,,676219,53,0,14 38 15,1,7,,560305,53,0,14 38 15,1,8,,676242,53,0,14 38 15,1,48,,549518,53,0,14 38 15,1,10,,676183,53,0,14 38 15,1,10,,676206,53,0,14 38 15,1,10,,676204,53,0,14 38 15,1,10,,676216,53,0,14 38 15,1,10,,676154,53,0,14 38 15,1,50,,676190,53,0,14 38 15,1,10,,676237,53,0,14 38 15,1,10,,676160,53,0,14 38 15,1,10,,676163,53,0,14 38 15,1,10,,386108,53,0,14 38 15,1,10,,676249,53,0,14 38 15,1,50,,676234,53,0,14 38 15,1,10,,676256,53,0,14 38 15,1,10,,676178,53,0,14 38 15,1,10,,676205,53,0,14 38 15,1,10,,676199,53,0,14 38 15,1,10,,676258,53,0,14 38 15,1,50,,676238,53,0,14 38 15,1,10,,676155,53,0,14 38 15,1,10,,676223,53,0,14 38 15,1,10,,582003,53,0,14 38 15,1,10,,676226,53,0,14 38 15,1,10,,676161,53,0,14 38 15,1,50,,548959,53,0,14 38 15,1,10,,388844,53,0,14 38 15,1,14,,676196,53,0,14 38 15,1,13,,676173,53,0,14 38 15,1,11,,676197,53,0,14 38 15,1,10,,676221,53,0,14 38 15,1,57,,495963,53,0,14 38 15,1,10,,588232,53,0,14 38 15,1,10,,587835,53,0,14 38 15,1,10,,676264,53,0,14 38 15,1,10,,589909,53,0,14 38 15,1,50,,676228,53,0,14 38 15,1,10,,587601,53,0,14 38 15,1,10,,571997,53,0,14 38 15,1,10,,676217,53,0,14 38 15,1,10,,676229,53,0,14 38 15,1,10,,543169,53,0,14 38 15,1,50,,676214,53,0,14 38 15,1,10,,676191,53,0,14 38 15,1,10,,676184,53,0,14 38 15,1,10,,676235,53,0,14 38 15,1,10,,532605,53,0,14 38 15,1,10,,676255,53,0,14 38 15,1,50,,676231,53,0,14 38 15,1,10,,566926,53,0,14 38 15,1,10,,676259,53,0,14 38 15,1,10,,676263,53,0,14 38 15,1,10,,676175,53,0,14 38 15,1,10,,676170,53,0,14 38 15,1,46,,676222,53,0,14 38 15,1,10,,676265,53,0,14 38 15,1,5,,676171,53,0,14 38 15,1,10,,676230,53,0,14 38 15,1,6,,676244,53,0,14 38 15,1,8,,676210,53,0,14 38 15,1,10,,676195,53,0,14 38 15,1,3,,530449,53,0,14 38 15,1,47,,676198,53,0,14 38 15,1,10,,676241,53,0,14 38 15,1,10,,676158,53,0,14 38 15,1,10,,676266,53,0,14 38 15,1,10,,676240,53,0,14 38 15,1,10,,676227,53,0,14 38 15,1,50,,548017,53,0,14 38 15,1,10,,530092,53,0,14 38 15,1,10,,676189,53,0,14 38 15,1,10,,676203,53,0,14 38 15,1,10,,676215,53,0,14 38 15,1,10,,581623,53,0,14 38 15,1,50,,676157,53,0,14 38 15,1,10,,676218,53,0,14 38 15,1,9,,676211,53,0,14 38 15,1,10,,676208,53,0,14 38 15,1,10,,676251,53,0,14 38 15,1,10,,543175,53,0,14 38 15,1,10,,518584,53,0,14 38 15,1,50,,676165,53,0,14 38 15,1,10,,676212,53,0,14 38 15,1,10,,676176,53,0,14 38 15,1,10,,676236,53,0,14 38 15,1,10,,545019,53,0,14 38 15,1,10,,676179,53,0,14 38 15,1,50,,676202,53,0,14 38 15,1,10,,676232,53,0,14 38 15,1,10,,539408,53,0,14 38 15,1,10,,495800,53,0,14 38 15,1,10,,676245,53,0,14 38 15,1,10,,498044,53,0,14 38 15,1,50,,676253,53,0,14 38 15,1,10,,676172,53,0,14 38 15,1,10,,529449,53,0,14 38 15,1,10,,676167,53,0,14 38 15,1,7,,676156,53,0,14 38 15,1,11,,676243,53,0,14 38 15,1
16501,'2',557,,594604,53,0,14 38 15,1,55,,676342,53,0,14 38 15,1,15,,390780,53,0,14 38 15,1,12,,676371,53,0,14 38 15,1,10,,676396,53,0,14 38 15,1,10,,676289,53,0,14 38 15,1,50,,676335,53,0,14 38 15,1,10,,676383,53,0,14 38 15,1,10,,676400,53,0,14 38 15,1,10,,676284,53,0,14 38 15,1,10,,676312,53,0,14 38 15,1,10,,600845,53,0,14 38 15,1,50,,537461,53,0,14 38 15,1,11,,676280,53,0,14 38 15,1,10,,676336,53,0,14 38 15,1,10,,579184,53,0,14 38 15,1,10,,676299,53,0,14 38 15,1,50,,676310,53,0,14 38 15,1,10,,676273,53,0,14 38 15,1,10,,676317,53,0,14 38 15,1,10,,546236,53,0,14 38 15,1,10,,676326,53,0,14 38 15,1,13,,527414,53,0,14 38 15,1,48,,676380,53,0,14 38 15,1,8,,676301,53,0,14 38 15,1,8,,676368,53,0,14 38 15,1,8,,676286,53,0,14 38 15,1,8,,676309,53,0,14 38 15,1,8,,676304,53,0,14 38 15,1,8,,676339,53,0,14 38 15,1,8,,676313,53,0,14 38 15,1,48,,676303,53,0,14 38 15,1,8,,676382,53,0,14 38 15,1,8,,676316,53,0,14 38 15,1,8,,676385,53,0,14 38 15,1,8,,676361,53,0,14 38 15,1,8,,676321,53,0,14 38 15,1,8,,676267,53,0,14 38 15,1,48,,676293,53,0,14 38 15,1,9,,517704,53,0,14 38 15,1,8,,676360,53,0,14 38 15,1,12,,676329,53,0,14 38 15,1,8,,551278,53,0,14 38 15,1,10,,676306,53,0,14 38 15,1,6,,676295,53,0,14 38 15,1,48,,676350,53,0,14 38 15,1,6,,499034,53,0,14 38 15,1,6,,676308,53,0,14 38 15,1,6,,676379,53,0,14 38 15,1,6,,676349,53,0,14 38 15,1,6,,676367,53,0,14 38 15,1,6,,676345,53,0,14 38 15,1,6,,676285,53,0,14 38 15,1,6,,546047,53,0,14 38 15,1,6,,676355,53,0,14 38 15,1,46,,589524,53,0,14 38 15,1,6,,676269,53,0,14 38 15,1,6,,676375,53,0,14 38 15,1,6,,544879,53,0,14 38 15,1,6,,676311,53,0,14 38 15,1,6,,676356,53,0,14 38 15,1,6,,676363,53,0,14 38 15,1,6,,558953,53,0,14 38 15,1,6,,676370,53,0,14 38 15,1,6,,676330,53,0,14 38 15,1,46,,676397,53,0,14 38 15,1,6,,676391,53,0,14 38 15,1,6,,676283,53,0,14 38 15,1,6,,676324,53,0,14 38 15,1,6,,562217,53,0,14 38 15,1,6,,676390,53,0,14 38 15,1,6,,676319,53,0,14 38 15,1,6,,676357,53,0,14 38 15,1,6,,561858,53,0,14 38 15,1,6,,676389,53,0,14 38 15,1,46,,676402,53,0,14 38 15,1,6,,536821,53,0,14 38 15,1,6,,676378,53,0,14 38 15,1,6,,676386,53,0,14 38 15,1,6,,676369,53,0,14 38 15,1,6,,537422,53,0,14 38 15,1,6,,575728,53,0,14 38 15,1,6,,676268,53,0,14 38 15,1,6,,676381,53,0,14 38 15,1,6,,676373,53,0,14 38 15,1,46,,676372,53,0,14 38 15,1,6,,676302,53,0,14 38 15,1,6,,676364,53,0,14 38 15,1,6,,676333,53,0,14 38 15,1,6,,676384,53,0,14 38 15,1,6,,676279,53,0,14 38 15,1,6,,676399,53,0,14 38 15,1,6,,676377,53,0,14 38 15,1,6,,676275,53,0,14 38 15,1,6,,676366,53,0,14 38 15,1,46,,676334,53,0,14 38 15,1,6,,535193,53,0,14 38 15,1,6,,577499,53,0,14 38 15,1,6,,676374,53,0,14 38 15,1,6,,676327,53,0,14 38 15,1,6,,676297,53,0,14 38 15,1,6,,676404,53,0,14 38 15,1,6,,676353,53,0,14 38 15,1,6,,676387,53,0,14 38 15,1,6,,676395,53,0,14 38 15,1,46,,676323,53,0,14 38 15,1,6,,676288,53,0,14 38 15,1,6,,676393,53,0,14 38 15,1,6,,676272,53,0,14 38 15,1,5,,676287,53,0,14 38 15,1,5,,676331,53,0,14 38 15,1,6,,589998,53,0,14 38 15,1,2,,574466,53,0,14 38 15,1,5,,676358,53,0,14 38 15,1,8,,542421,53,0,14 38 15,1,4,,676328,53,0,14 38 15,1,45,,676282,53,0,14 38 15,1,6,,676291,53,0,14 38 15,1,7,,676271,53,0,14 38 15,1,7,,676341,53,0,14 38 15,1,7,,676401,53,0,14 38 15,1,7,,676290,53,0,14 38 15,1,7,,676343,53,0,14 38 15,1,7,,676398,53,0,14 38 15,1,7,,676320,53,0,14 38 15,1,47,,676337,53,0,14 38 15,1,7,,440831,53,0,14 38 15,1,7,,676292,53,0,14 38 15,1,7,,519178,53,0,14 38 15,1,7,,676318,53,0,14 38 15,1,7,,676347,53,0,14 38 15,1,7,,676305,53,0,14 38 15,1,7,,676277,53,0,14 38 15,1,7,,676359,53,0,14 38 15,1,47,,676281,53,0,14 38 15,1,7,,676403,53,0,14 38 15,1,5,,676296,53,0,14 38 15,1,10,,676348,53,0,14 38 15,1,12,,676344,53,0,14 38 15,1,10,,570419,53,0,14 38 15,1,10,,524356,53,0,14 38 15,1,50,,531378,53,0,14 38 15,1,10,,676388,53,0,14 38 15,1,10,,588247,53,0,14 38 15,1,10,,676394,53,0,14 38 15,1,10,,676332,53,0,14 38 15,1,10,,676346,53,0,14 38 15,1,50,,676276,53,0,14 38 15,1,10,,676365,53,0,14 38 15,1,10,,534148,53,0,14 38 15,1,10,,676354,53,0,14 38 15,1,10,,676340,53,0,14 38 15,1,10,,676322,53,0,14 38 15,1,50,,470851,53,0,14 38 15,1,10,,676278,53,0,14 38 15,1,10,,475770,53,0,14 38 15,1,10,,676392,53,0,14 38 15,1,8,,676338,53,0,14 38 15,1,10,,676294,53,0,14 38 15,1
16501,'3',801,,676513,53,0,14 38 15,1,7,,676431,53,0,14 38 15,1,9,,676473,53,0,14 38 15,1,9,,676465,53,0,14 38 15,1,9,,676521,53,0,14 38 15,1,9,,515009,53,0,14 38 15,1,9,,676414,53,0,14 38 15,1,49,,676412,53,0,14 38 15,1,9,,676441,53,0,14 38 15,1,9,,676417,53,0,14 38 15,1,9,,676408,53,0,14 38 15,1,9,,676491,53,0,14 38 15,1,11,,591087,53,0,14 38 15,1,10,,676503,53,0,14 38 15,1,49,,676432,53,0,14 38 15,1,9,,676437,53,0,14 38 15,1,9,,676419,53,0,14 38 15,1,9,,676477,53,0,14 38 15,1,9,,676526,53,0,14 38 15,1,9,,676490,53,0,14 38 15,1,49,,492815,53,0,14 38 15,1,9,,676510,53,0,14 38 15,1,9,,529715,53,0,14 38 15,1,9,,676494,53,0,14 38 15,1,9,,676440,53,0,14 38 15,1,9,,676443,53,0,14 38 15,1,9,,676434,53,0,14 38 15,1,49,,676457,53,0,14 38 15,1,9,,676522,53,0,14 38 15,1,11,,676435,53,0,14 38 15,1,9,,676507,53,0,14 38 15,1,11,,416875,53,0,14 38 15,1,9,,676428,53,0,14 38 15,1,47,,676487,53,0,14 38 15,1,8,,676493,53,0,14 38 15,1,8,,523731,53,0,14 38 15,1,7,,676515,53,0,14 38 15,1,8,,589637,53,0,14 38 15,1,7,,676416,53,0,14 38 15,1,8,,676409,53,0,14 38 15,1,7,,676424,53,0,14 38 15,1,48,,676495,53,0,14 38 15,1,7,,676478,53,0,14 38 15,1,8,,676470,53,0,14 38 15,1,7,,676489,53,0,14 38 15,1,8,,566664,53,0,14 38 15,1,7,,676436,53,0,14 38 15,1,8,,676496,53,0,14 38 15,1,7,,676499,53,0,14 38 15,1,48,,676456,53,0,14 38 15,1,7,,676449,53,0,14 38 15,1,8,,676422,53,0,14 38 15,1,7,,676446,53,0,14 38 15,1,8,,676525,53,0,14 38 15,1,7,,676517,53,0,14 38 15,1,8,,676512,53,0,14 38 15,1,7,,537691,53,0,14 38 15,1,48,,676504,53,0,14 38 15,1,7,,676468,53,0,14 38 15,1,8,,676423,53,0,14 38 15,1,7,,676430,53,0,14 38 15,1,8,,598983,53,0,14 38 15,1,7,,676442,53,0,14 38 15,1,8,,676407,53,0,14 38 15,1,7,,676484,53,0,14 38 15,1,48,,676520,53,0,14 38 15,1,7,,676429,53,0,14 38 15,1,8,,676506,53,0,14 38 15,1,7,,676425,53,0,14 38 15,1,8,,676508,53,0,14 38 15,1,7,,676505,53,0,14 38 15,1,8,,676444,53,0,14 38 15,1,7,,567159,53,0,14 38 15,1,48,,676519,53,0,14 38 15,1,7,,676461,53,0,14 38 15,1,8,,676439,53,0,14 38 15,1,7,,676463,53,0,14 38 15,1,8,,676454,53,0,14 38 15,1,7,,676433,53,0,14 38 15,1,8,,676459,53,0,14 38 15,1,7,,676474,53,0,14 38 15,1,48,,676460,53,0,14 38 15,1,7,,676483,53,0,14 38 15,1,7,,676458,53,0,14 38 15,1,4,,676498,53,0,14 38 15,1,6,,676500,53,0,14 38 15,1,7,,556408,53,0,14 38 15,1,8,,676482,53,0,14 38 15,1,5,,476184,53,0,14 38 15,1,8,,461184,53,0,14 38 15,1,48,,676479,53,0,14 38 15,1,9,,676501,53,0,14 38 15,1,9,,676426,53,0,14 38 15,1,9,,676469,53,0,14 38 15,1,9,,676480,53,0,14 38 15,1,9,,536153,53,0,14 38 15,1,9,,676523,53,0,14 38 15,1,49,,676524,53,0,14 38 15,1,9,,676447,53,0,14 38 15,1,9,,676452,53,0,14 38 15,1,9,,676528,53,0,14 38 15,1,9,,676529,53,0,14 38 15,1,9,,676467,53,0,14 38 15,1,9,,676471,53,0,14 38 15,1,51,,676514,53,0,14 38 15,1,10,,676455,53,0,14 38 15,1,10,,676492,53,0,14 38 15,1,10,,676427,53,0,14 38 15,1,10,,676527,53,0,14 38 15,1,50,,676485,53,0,14 38 15,1,10,,676453,53,0,14 38 15,1,10,,676464,53,0,14 38 15,1,10,,676415,53,0,14 38 15,1,10,,676509,53,0,14 38 15,1,10,,676413,53,0,14 38 15,1,50,,676518,53,0,14 38 15,1,10,,676475,53,0,14 38 15,1,10,,676405,53,0,14 38 15,1,10,,676488,53,0,14 38 15,1,10,,676451,53,0,14 38 15,1,10,,676438,53,0,14 38 15,1,50,,676497,53,0,14 38 15,1,10,,436221,53,0,14 38 15,1,10,,676410,53,0,14 38 15,1,10,,676448,53,0,14 38 15,1,9,,676418,53,0,14 38 15,1,9,,394440,53,0,14 38 15,1,9,,676445,53,0,14 38 15,1
16501,'5',600,,676585,53,0,14 38 15,1,23,,676574,53,0,14 38 15,1,24,,676541,53,0,14 38 15,1,64,,676621,53,0,14 38 15,1,24,,676566,53,0,14 38 15,1,15,,676598,53,0,14 38 15,1,9,,676590,53,0,14 38 15,1,49,,676632,53,0,14 38 15,1,9,,676536,53,0,14 38 15,1,9,,676580,53,0,14 38 15,1,9,,676551,53,0,14 38 15,1,9,,676603,53,0,14 38 15,1,9,,676633,53,0,14 38 15,1,49,,676597,53,0,14 38 15,1,9,,676558,53,0,14 38 15,1,9,,676615,53,0,14 38 15,1,9,,676579,53,0,14 38 15,1,9,,676550,53,0,14 38 15,1,11,,676561,53,0,14 38 15,1,10,,676622,53,0,14 38 15,1,49,,676569,53,0,14 38 15,1,9,,550667,53,0,14 38 15,1,9,,541604,53,0,14 38 15,1,9,,584599,53,0,14 38 15,1,9,,597837,53,0,14 38 15,1,9,,676634,53,0,14 38 15,1,49,,676588,53,0,14 38 15,1,9,,676538,53,0,14 38 15,1,9,,525951,53,0,14 38 15,1,9,,676619,53,0,14 38 15,1,9,,676555,53,0,14 38 15,1,9,,676562,53,0,14 38 15,1,9,,676600,53,0,14 38 15,1,49,,676570,53,0,14 38 15,1,9,,676530,53,0,14 38 15,1,11,,676586,53,0,14 38 15,1,9,,524649,53,0,14 38 15,1,11,,676568,53,0,14 38 15,1,9,,572431,53,0,14 38 15,1,47,,676599,53,0,14 38 15,1,8,,676537,53,0,14 38 15,1,8,,676545,53,0,14 38 15,1,7,,676643,53,0,14 38 15,1,8,,676610,53,0,14 38 15,1,7,,676629,53,0,14 38 15,1,8,,676557,53,0,14 38 15,1,7,,676636,53,0,14 38 15,1,48,,592180,53,0,14 38 15,1,7,,676637,53,0,14 38 15,1,8,,557775,53,0,14 38 15,1,7,,676531,53,0,14 38 15,1,8,,676584,53,0,14 38 15,1,7,,676604,53,0,14 38 15,1,8,,676553,53,0,14 38 15,1,7,,600573,53,0,14 38 15,1,48,,676612,53,0,14 38 15,1,7,,572715,53,0,14 38 15,1,8,,676544,53,0,14 38 15,1,7,,676644,53,0,14 38 15,1,8,,676539,53,0,14 38 15,1,7,,676532,53,0,14 38 15,1,8,,676575,53,0,14 38 15,1,7,,523386,53,0,14 38 15,1,48,,676554,53,0,14 38 15,1,7,,531676,53,0,14 38 15,1,8,,676567,53,0,14 38 15,1,7,,588493,53,0,14 38 15,1,8,,536239,53,0,14 38 15,1,7,,676593,53,0,14 38 15,1,8,,676647,53,0,14 38 15,1,7,,593474,53,0,14 38 15,1,48,,676594,53,0,14 38 15,1,7,,676628,53,0,14 38 15,1,8,,676613,53,0,14 38 15,1,7,,676589,53,0,14 38 15,1,8,,676618,53,0,14 38 15,1,7,,676642,53,0,14 38 15,1,8,,585885,53,0,14 38 15,1,7,,676581,53,0,14 38 15,1,48,,676606,53,0,14 38 15,1,7,,566042,53,0,14 38 15,1,8,,676607,53,0,14 38 15,1,7,,676582,53,0,14 38 15,1,8,,676542,53,0,14 38 15,1,7,,676546,53,0,14 38 15,1,8,,676543,53,0,14 38 15,1,7,,676614,53,0,14 38 15,1,48,,676641,53,0,14 38 15,1,7,,583188,53,0,14 38 15,1,7,,676623,53,0,14 38 15,1,4,,676608,53,0,14 38 15,1,6,,676646,53,0,14 38 15,1,7,,676595,53,0,14 38 15,1,8,,676578,53,0,14 38 15,1,5,,676576,53,0,14 38 15,1,8,,676565,53,0,14 38 15,1,48,,676548,53,0,14 38 15,1,9,,676601,53,0,14 38 15,1,9,,676564,53,0,14 38 15,1,9,,676572,53,0,14 38 15,1,9,,676620,53,0,14 38 15,1,9,,676631,53,0,14 38 15,1,9,,676602,53,0,14 38 15,1,49,,540813,53,0,14 38 15,1,9,,676609,53,0,14 38 15,1,9,,571825,53,0,14 38 15,1,9,,568410,53,0,14 38 15,1,9,,676563,53,0,14 38 15,1,9,,676583,53,0,14 38 15,1,9,,676534,53,0,14 38 15,1,51,,676535,53,0,14 38 15,1,10,,676571,53,0,14 38 15,1,10,,676605,53,0,14 38 15,1,10,,676630,53,0,14 38 15,1,10,,523835,53,0,14 38 15,1,50,,593901,53,0,14 38 15,1,10,,676533,53,0,14 38 15,1,10,,676617,53,0,14 38 15,1,10,,676611,53,0,14 38 15,1,10,,676577,53,0,14 38 15,1,10,,676635,53,0,14 38 15,1,50,,676624,53,0,14 38 15,1,10,,676559,53,0,14 38 15,1,10,,676549,53,0,14 38 15,1,10,,676626,53,0,14 38 15,1,10,,535316,53,0,14 38 15,1,10,,676640,53,0,14 38 15,1,50,,526204,53,0,14 38 15,1,10,,676556,53,0,14 38 15,1,10,,676560,53,0,14 38 15,1,10,,676616,53,0,14 38 15,1,8,,676587,53,0,14 38 15,1,10,,676638,53,0,14 38 15,1,9,,676540,53,0,14 38 15,1
39601,'1',508,,683224,63,0,11 12 14 38 15,1,2139,,683223,63,0,11 12 14 38 15,1,61,,683222,63,0,11 12 14 38 15,1,20,,683219,63,0,11 12 14 38 15,1,20,,683221,63,0,11 12 14 38 15,1,60,,481688,63,0,11 12 14 38 15,1,20,,683220,63,0,11 12 14 38 15,1,20,,500918,63,0,11 12 14 38 15,1
39601,'2',508,,683229,63,0,11 12 14 38 15,1,2140,,683228,63,0,11 12 14 38 15,1,60,,683230,63,0,11 12 14 38 15,1,20,,683231,63,0,11 12 14 38 15,1,20,,601259,63,0,11 12 14 38 15,1,60,,683225,63,0,11 12 14 38 15,1,20,,683227,63,0,11 12 14 38 15,1,20,,683232,63,0,11 12 14 38 15,1
39601,'3',508,,433800,63,0,11 12 14 38 15,1,2140,,683233,63,0,11 12 14 38 15,1,60,,392749,63,0,11 12 14 38 15,1,20,,683236,63,0,11 12 14 38 15,1,20,,683237,63,0,11 12 14 38 15,1,60,,683234,63,0,11 12 14 38 15,1,20,,683238,63,0,11 12 14 38 15,1,20,,683235,63,0,11 12 14 38 15,1
39601,'5',508,,683243,63,0,11 12 14 38 15,1,2140,,683239,63,0,11 12 14 38 15,1,60,,683240,63,0,11 12 14 38 15,1,20,,550345,63,0,11 12 14 38 15,1,20,,683242,63,0,11 12 14 38 15,1,60,,683241,63,0,11 12 14 38 15,1,20,,683246,63,0,11 12 14 38 15,1,20,,683245,63,0,11 12 14 38 15,1
