903,'1',457,,780765,3,0,39 10 15,1,64,,780778,3,0,39 10 15,1,12,,780783,3,0,39 10 15,1,18,,780747,3,0,39 10 15,1,58,,780769,3,0,39 10 15,1,18,,749833,3,0,39 10 15,1,18,,780756,3,0,39 10 15,1,58,,780749,3,0,39 10 15,1,18,,780787,3,0,39 10 15,1,18,,679308,3,0,39 10 15,1,18,,517456,3,0,39 10 15,1,58,,780776,3,0,39 10 15,1,18,,780772,3,0,39 10 15,1,18,,780777,3,0,39 10 15,1,58,,780766,3,0,39 10 15,1,22,,699116,3,0,39 10 15,1,22,,780763,3,0,39 10 15,1,62,,780762,3,0,39 10 15,1,22,,732851,3,0,39 10 15,1,22,,731257,3,0,39 10 15,1,62,,780785,3,0,39 10 15,1,22,,654838,3,0,39 10 15,1,62,,780757,3,0,39 10 15,1,22,,780758,3,0,39 10 15,1,22,,780761,3,0,39 10 15,1,62,,483816,3,0,39 10 15,1,22,,780779,3,0,39 10 15,1,22,,780764,3,0,39 10 15,1,62,,780748,3,0,39 10 15,1,16,,780771,3,0,39 10 15,1,20,,739585,3,0,39 10 15,1,60,,780786,3,0,39 10 15,1,5,,780750,3,0,39 10 15,1,3,,780781,3,0,39 10 15,1,12,,780760,3,0,39 10 15,1,20,,780784,3,0,39 10 15,1,58,,780759,3,0,39 10 15,1,18,,780751,3,0,39 10 15,1,18,,729624,3,0,39 10 15,1,58,,725514,3,0,39 10 15,1,18,,574378,3,0,39 10 15,1,18,,780753,3,0,39 10 15,1,18,,780775,3,0,39 10 15,1,58,,780752,3,0,39 10 15,1,18,,780770,3,0,39 10 15,1,18,,780782,3,0,39 10 15,1,58,,780774,3,0,39 10 15,1,20,,670811,3,0,39 10 15,1,16,,780755,3,0,39 10 15,1,60,,780780,3,0,39 10 15,1,20,,740027,3,0,39 10 15,1,20,,780768,3,0,39 10 15,1,60,,759919,3,0,39 10 15,1,20,,701689,3,0,39 10 15,1,20,,774406,3,0,39 10 15,1,64,,694856,3,0,39 10 15,1,21,,719679,3,0,39 10 15,1,25,,780788,3,0,39 10 15,1,65,,780767,3,0,39 10 15,1,25,,733148,3,0,39 10 15,1,65,,780754,3,0,39 10 15,1,25,,739611,3,0,39 10 15,1,69,,780773,3,0,39 10 15,1
903,'2',637,,732054,3,0,39 10 15,1,65,,780825,3,0,39 10 15,1,25,,780816,3,0,39 10 15,1,20,,711913,3,0,39 10 15,1,65,,780807,3,0,39 10 15,1,25,,780802,3,0,39 10 15,1,20,,715191,3,0,39 10 15,1,60,,780812,3,0,39 10 15,1,20,,780810,3,0,39 10 15,1,20,,780796,3,0,39 10 15,1,60,,780798,3,0,39 10 15,1,20,,780795,3,0,39 10 15,1,20,,780803,3,0,39 10 15,1,60,,731124,3,0,39 10 15,1,20,,770433,3,0,39 10 15,1,20,,780808,3,0,39 10 15,1,55,,780820,3,0,39 10 15,1,10,,780806,3,0,39 10 15,1,20,,780821,3,0,39 10 15,1,15,,780819,3,0,39 10 15,1,55,,780811,3,0,39 10 15,1,15,,780826,3,0,39 10 15,1,15,,780817,3,0,39 10 15,1,15,,780789,3,0,39 10 15,1,55,,780814,3,0,39 10 15,1,15,,780835,3,0,39 10 15,1,15,,780793,3,0,39 10 15,1,15,,780823,3,0,39 10 15,1,55,,780824,3,0,39 10 15,1,15,,780830,3,0,39 10 15,1,15,,780818,3,0,39 10 15,1,15,,780794,3,0,39 10 15,1,55,,718890,3,0,39 10 15,1,15,,780822,3,0,39 10 15,1,15,,780790,3,0,39 10 15,1,15,,756126,3,0,39 10 15,1,55,,780829,3,0,39 10 15,1,15,,780800,3,0,39 10 15,1,15,,780791,3,0,39 10 15,1,15,,780827,3,0,39 10 15,1,55,,780836,3,0,39 10 15,1,15,,780832,3,0,39 10 15,1,15,,691078,3,0,39 10 15,1,15,,780837,3,0,39 10 15,1,55,,780838,3,0,39 10 15,1,15,,780797,3,0,39 10 15,1,10,,780801,3,0,39 10 15,1,15,,780833,3,0,39 10 15,1,55,,780799,3,0,39 10 15,1,15,,542465,3,0,39 10 15,1,15,,780834,3,0,39 10 15,1,15,,699982,3,0,39 10 15,1,55,,780792,3,0,39 10 15,1,15,,686002,3,0,39 10 15,1,15,,709714,3,0,39 10 15,1,15,,727536,3,0,39 10 15,1,55,,780805,3,0,39 10 15,1,16,,780815,3,0,39 10 15,1,25,,780804,3,0,39 10 15,1,67,,780831,3,0,39 10 15,1,27,,780809,3,0,39 10 15,1,67,,780813,3,0,39 10 15,1,26,,780828,3,0,39 10 15,1,70,,757137,3,0,39 10 15,1
903,'3',641,,780862,3,0,39 10 15,1,70,,780856,3,0,39 10 15,1,30,,576684,3,0,39 10 15,1,70,,780845,3,0,39 10 15,1,30,,780874,3,0,39 10 15,1,70,,780852,3,0,39 10 15,1,27,,780843,3,0,39 10 15,1,66,,780866,3,0,39 10 15,1,26,,780860,3,0,39 10 15,1,26,,780854,3,0,39 10 15,1,66,,780876,3,0,39 10 15,1,26,,755352,3,0,39 10 15,1,62,,780855,3,0,39 10 15,1,21,,780842,3,0,39 10 15,1,17,,780867,3,0,39 10 15,1,57,,780840,3,0,39 10 15,1,17,,780875,3,0,39 10 15,1,17,,772404,3,0,39 10 15,1,17,,780873,3,0,39 10 15,1,57,,780849,3,0,39 10 15,1,17,,780870,3,0,39 10 15,1,17,,780851,3,0,39 10 15,1,57,,601972,3,0,39 10 15,1,17,,780847,3,0,39 10 15,1,17,,780846,3,0,39 10 15,1,17,,780853,3,0,39 10 15,1,57,,496766,3,0,39 10 15,1,17,,780868,3,0,39 10 15,1,17,,780858,3,0,39 10 15,1,57,,780859,3,0,39 10 15,1,17,,780864,3,0,39 10 15,1,17,,780872,3,0,39 10 15,1,17,,747174,3,0,39 10 15,1,57,,738207,3,0,39 10 15,1,17,,780863,3,0,39 10 15,1,17,,780841,3,0,39 10 15,1,57,,780865,3,0,39 10 15,1,17,,780850,3,0,39 10 15,1,17,,764005,3,0,39 10 15,1,17,,780880,3,0,39 10 15,1,57,,780848,3,0,39 10 15,1,17,,780877,3,0,39 10 15,1,17,,780881,3,0,39 10 15,1,57,,780857,3,0,39 10 15,1,17,,780839,3,0,39 10 15,1,17,,719897,3,0,39 10 15,1,17,,780871,3,0,39 10 15,1,56,,780844,3,0,39 10 15,1,25,,678925,3,0,39 10 15,1,67,,767836,3,0,39 10 15,1,27,,780861,3,0,39 10 15,1,27,,780878,3,0,39 10 15,1,67,,587211,3,0,39 10 15,1,27,,780879,3,0,39 10 15,1,67,,780869,3,0,39 10 15,1
903,'5',637,,780909,3,0,39 10 15,1,70,,780920,3,0,39 10 15,1,29,,780922,3,0,39 10 15,1,70,,742068,3,0,39 10 15,1,30,,740563,3,0,39 10 15,1,70,,780913,3,0,39 10 15,1,30,,596193,3,0,39 10 15,1,68,,780893,3,0,39 10 15,1,26,,780887,3,0,39 10 15,1,26,,780915,3,0,39 10 15,1,66,,780900,3,0,39 10 15,1,26,,780905,3,0,39 10 15,1,62,,780892,3,0,39 10 15,1,21,,780894,3,0,39 10 15,1,17,,780923,3,0,39 10 15,1,57,,780896,3,0,39 10 15,1,17,,780912,3,0,39 10 15,1,17,,780897,3,0,39 10 15,1,17,,780888,3,0,39 10 15,1,57,,780924,3,0,39 10 15,1,17,,780921,3,0,39 10 15,1,17,,780914,3,0,39 10 15,1,57,,780916,3,0,39 10 15,1,17,,780907,3,0,39 10 15,1,17,,780890,3,0,39 10 15,1,17,,780917,3,0,39 10 15,1,57,,780926,3,0,39 10 15,1,17,,728188,3,0,39 10 15,1,17,,780899,3,0,39 10 15,1,57,,778688,3,0,39 10 15,1,17,,780908,3,0,39 10 15,1,17,,780901,3,0,39 10 15,1,17,,780884,3,0,39 10 15,1,57,,780911,3,0,39 10 15,1,17,,695496,3,0,39 10 15,1,17,,780902,3,0,39 10 15,1,57,,780906,3,0,39 10 15,1,17,,780903,3,0,39 10 15,1,17,,729930,3,0,39 10 15,1,17,,762176,3,0,39 10 15,1,57,,780886,3,0,39 10 15,1,17,,780898,3,0,39 10 15,1,17,,780904,3,0,39 10 15,1,57,,780885,3,0,39 10 15,1,17,,780927,3,0,39 10 15,1,17,,780891,3,0,39 10 15,1,17,,780882,3,0,39 10 15,1,56,,780925,3,0,39 10 15,1,25,,780889,3,0,39 10 15,1,67,,780883,3,0,39 10 15,1,27,,714681,3,0,39 10 15,1,27,,780910,3,0,39 10 15,1,67,,780919,3,0,39 10 15,1,27,,780918,3,0,39 10 15,1,67,,780895,3,0,39 10 15,1
1603,'1',516,,588619,3,0,39 10 15,1,14,,783127,3,0,39 10 15,1,12,,783163,3,0,39 10 15,1,12,,783203,3,0,39 10 15,1,52,,783198,3,0,39 10 15,1,12,,783192,3,0,39 10 15,1,12,,783166,3,0,39 10 15,1,12,,623995,3,0,39 10 15,1,12,,783173,3,0,39 10 15,1,50,,783154,3,0,39 10 15,1,10,,783194,3,0,39 10 15,1,10,,764345,3,0,39 10 15,1,10,,783186,3,0,39 10 15,1,10,,630488,3,0,39 10 15,1,10,,783210,3,0,39 10 15,1,50,,783202,3,0,39 10 15,1,10,,461493,3,0,39 10 15,1,10,,783150,3,0,39 10 15,1,10,,783179,3,0,39 10 15,1,10,,752576,3,0,39 10 15,1,10,,783181,3,0,39 10 15,1,50,,783187,3,0,39 10 15,1,10,,783184,3,0,39 10 15,1,10,,783153,3,0,39 10 15,1,10,,783142,3,0,39 10 15,1,10,,783167,3,0,39 10 15,1,10,,775020,3,0,39 10 15,1,50,,783159,3,0,39 10 15,1,10,,783141,3,0,39 10 15,1,10,,622331,3,0,39 10 15,1,10,,783191,3,0,39 10 15,1,10,,783177,3,0,39 10 15,1,10,,783183,3,0,39 10 15,1,50,,783138,3,0,39 10 15,1,10,,777705,3,0,39 10 15,1,10,,783199,3,0,39 10 15,1,10,,640260,3,0,39 10 15,1,10,,783189,3,0,39 10 15,1,10,,783168,3,0,39 10 15,1,50,,707364,3,0,39 10 15,1,10,,783207,3,0,39 10 15,1,10,,783171,3,0,39 10 15,1,10,,783128,3,0,39 10 15,1,10,,660604,3,0,39 10 15,1,10,,696224,3,0,39 10 15,1,50,,783196,3,0,39 10 15,1,10,,783155,3,0,39 10 15,1,10,,783152,3,0,39 10 15,1,10,,724400,3,0,39 10 15,1,10,,699665,3,0,39 10 15,1,10,,783161,3,0,39 10 15,1,50,,783188,3,0,39 10 15,1,10,,755675,3,0,39 10 15,1,10,,625803,3,0,39 10 15,1,10,,783129,3,0,39 10 15,1,10,,783144,3,0,39 10 15,1,10,,783136,3,0,39 10 15,1,48,,783162,3,0,39 10 15,1,8,,783206,3,0,39 10 15,1,10,,783190,3,0,39 10 15,1,10,,783174,3,0,39 10 15,1,10,,783125,3,0,39 10 15,1,10,,742129,3,0,39 10 15,1,50,,783137,3,0,39 10 15,1,10,,783200,3,0,39 10 15,1,10,,783195,3,0,39 10 15,1,10,,783131,3,0,39 10 15,1,10,,783160,3,0,39 10 15,1,10,,783165,3,0,39 10 15,1,50,,783182,3,0,39 10 15,1,10,,741566,3,0,39 10 15,1,10,,783139,3,0,39 10 15,1,10,,783130,3,0,39 10 15,1,10,,783204,3,0,39 10 15,1,10,,783146,3,0,39 10 15,1,50,,756060,3,0,39 10 15,1,10,,783178,3,0,39 10 15,1,10,,736546,3,0,39 10 15,1,10,,783148,3,0,39 10 15,1,10,,783156,3,0,39 10 15,1,10,,783201,3,0,39 10 15,1,50,,783135,3,0,39 10 15,1,10,,695025,3,0,39 10 15,1,10,,586609,3,0,39 10 15,1,10,,783185,3,0,39 10 15,1,10,,783170,3,0,39 10 15,1,11,,783175,3,0,39 10 15,1,50,,783208,3,0,39 10 15,1,10,,783133,3,0,39 10 15,1,10,,783197,3,0,39 10 15,1,10,,783126,3,0,39 10 15,1,10,,783169,3,0,39 10 15,1,10,,783176,3,0,39 10 15,1,50,,783205,3,0,39 10 15,1,10,,783180,3,0,39 10 15,1,10,,783209,3,0,39 10 15,1,10,,783157,3,0,39 10 15,1,10,,783193,3,0,39 10 15,1,10,,783124,3,0,39 10 15,1,50,,783143,3,0,39 10 15,1,17,,783140,3,0,39 10 15,1,17,,783158,3,0,39 10 15,1,17,,783132,3,0,39 10 15,1,57,,783151,3,0,39 10 15,1,17,,783147,3,0,39 10 15,1,17,,735537,3,0,39 10 15,1,57,,783145,3,0,39 10 15,1,17,,757287,3,0,39 10 15,1,17,,601185,3,0,39 10 15,1,17,,783149,3,0,39 10 15,1,57,,783164,3,0,39 10 15,1,22,,783134,3,0,39 10 15,1,24,,699663,3,0,39 10 15,1,70,,783172,3,0,39 10 15,1
1603,'2',526,,763432,3,0,39 10 15,1,15,,783229,3,0,39 10 15,1,15,,783214,3,0,39 10 15,1,52,,783213,3,0,39 10 15,1,12,,783291,3,0,39 10 15,1,12,,783238,3,0,39 10 15,1,12,,783211,3,0,39 10 15,1,12,,783256,3,0,39 10 15,1,52,,783264,3,0,39 10 15,1,12,,783279,3,0,39 10 15,1,12,,783234,3,0,39 10 15,1,12,,783280,3,0,39 10 15,1,12,,783293,3,0,39 10 15,1,52,,783265,3,0,39 10 15,1,12,,783281,3,0,39 10 15,1,12,,783283,3,0,39 10 15,1,12,,783272,3,0,39 10 15,1,12,,783250,3,0,39 10 15,1,52,,783222,3,0,39 10 15,1,12,,783290,3,0,39 10 15,1,12,,783253,3,0,39 10 15,1,12,,783216,3,0,39 10 15,1,12,,783226,3,0,39 10 15,1,52,,708126,3,0,39 10 15,1,12,,783269,3,0,39 10 15,1,12,,783302,3,0,39 10 15,1,12,,783303,3,0,39 10 15,1,12,,770764,3,0,39 10 15,1,52,,776966,3,0,39 10 15,1,12,,783228,3,0,39 10 15,1,12,,783232,3,0,39 10 15,1,12,,783259,3,0,39 10 15,1,12,,783278,3,0,39 10 15,1,52,,717063,3,0,39 10 15,1,6,,714141,3,0,39 10 15,1,8,,783244,3,0,39 10 15,1,12,,783294,3,0,39 10 15,1,11,,673401,3,0,39 10 15,1,10,,783257,3,0,39 10 15,1,50,,783252,3,0,39 10 15,1,10,,783251,3,0,39 10 15,1,10,,783286,3,0,39 10 15,1,10,,783212,3,0,39 10 15,1,10,,783285,3,0,39 10 15,1,10,,783295,3,0,39 10 15,1,50,,756881,3,0,39 10 15,1,10,,783227,3,0,39 10 15,1,10,,783263,3,0,39 10 15,1,10,,783225,3,0,39 10 15,1,10,,783258,3,0,39 10 15,1,10,,783231,3,0,39 10 15,1,50,,783274,3,0,39 10 15,1,10,,783284,3,0,39 10 15,1,10,,783270,3,0,39 10 15,1,10,,783241,3,0,39 10 15,1,10,,783240,3,0,39 10 15,1,10,,783271,3,0,39 10 15,1,50,,783254,3,0,39 10 15,1,10,,783267,3,0,39 10 15,1,10,,783233,3,0,39 10 15,1,10,,694050,3,0,39 10 15,1,10,,783221,3,0,39 10 15,1,10,,783220,3,0,39 10 15,1,50,,783297,3,0,39 10 15,1,10,,783239,3,0,39 10 15,1,10,,783275,3,0,39 10 15,1,10,,783298,3,0,39 10 15,1,10,,783218,3,0,39 10 15,1,10,,783219,3,0,39 10 15,1,50,,783217,3,0,39 10 15,1,10,,783248,3,0,39 10 15,1,10,,783262,3,0,39 10 15,1,10,,783268,3,0,39 10 15,1,10,,783237,3,0,39 10 15,1,10,,783247,3,0,39 10 15,1,50,,783282,3,0,39 10 15,1,10,,736208,3,0,39 10 15,1,10,,783260,3,0,39 10 15,1,10,,697857,3,0,39 10 15,1,10,,783223,3,0,39 10 15,1,10,,783288,3,0,39 10 15,1,50,,660246,3,0,39 10 15,1,10,,783246,3,0,39 10 15,1,10,,783236,3,0,39 10 15,1,10,,783300,3,0,39 10 15,1,10,,783230,3,0,39 10 15,1,10,,776437,3,0,39 10 15,1,50,,783261,3,0,39 10 15,1,10,,783255,3,0,39 10 15,1,10,,783245,3,0,39 10 15,1,10,,783249,3,0,39 10 15,1,10,,783289,3,0,39 10 15,1,10,,783277,3,0,39 10 15,1,50,,783266,3,0,39 10 15,1,14,,783224,3,0,39 10 15,1,14,,783301,3,0,39 10 15,1,14,,778615,3,0,39 10 15,1,54,,783242,3,0,39 10 15,1,14,,783276,3,0,39 10 15,1,14,,783287,3,0,39 10 15,1,14,,771118,3,0,39 10 15,1,14,,783273,3,0,39 10 15,1,54,,783296,3,0,39 10 15,1,14,,770124,3,0,39 10 15,1,14,,783299,3,0,39 10 15,1,15,,783235,3,0,39 10 15,1,70,,783215,3,0,39 10 15,1,30,,783243,3,0,39 10 15,1,70,,783292,3,0,39 10 15,1
1603,'3',735,,712027,3,0,39 10 15,1,14,,783325,3,0,39 10 15,1,54,,783322,3,0,39 10 15,1,12,,783377,3,0,39 10 15,1,12,,766917,3,0,39 10 15,1,12,,783332,3,0,39 10 15,1,12,,783361,3,0,39 10 15,1,52,,783357,3,0,39 10 15,1,12,,693610,3,0,39 10 15,1,12,,783363,3,0,39 10 15,1,12,,783326,3,0,39 10 15,1,12,,783356,3,0,39 10 15,1,52,,783358,3,0,39 10 15,1,12,,783359,3,0,39 10 15,1,12,,697874,3,0,39 10 15,1,12,,783333,3,0,39 10 15,1,12,,783336,3,0,39 10 15,1,52,,768364,3,0,39 10 15,1,12,,633729,3,0,39 10 15,1,12,,783368,3,0,39 10 15,1,12,,783374,3,0,39 10 15,1,12,,783373,3,0,39 10 15,1,52,,783315,3,0,39 10 15,1,10,,783352,3,0,39 10 15,1,10,,783334,3,0,39 10 15,1,10,,783353,3,0,39 10 15,1,10,,783341,3,0,39 10 15,1,10,,783324,3,0,39 10 15,1,50,,772394,3,0,39 10 15,1,10,,783355,3,0,39 10 15,1,10,,783351,3,0,39 10 15,1,10,,783314,3,0,39 10 15,1,10,,783354,3,0,39 10 15,1,10,,739105,3,0,39 10 15,1,50,,783345,3,0,39 10 15,1,10,,783343,3,0,39 10 15,1,10,,783349,3,0,39 10 15,1,10,,718473,3,0,39 10 15,1,10,,783320,3,0,39 10 15,1,10,,748291,3,0,39 10 15,1,50,,783307,3,0,39 10 15,1,10,,783350,3,0,39 10 15,1,10,,783318,3,0,39 10 15,1,10,,783360,3,0,39 10 15,1,10,,783310,3,0,39 10 15,1,10,,783362,3,0,39 10 15,1,50,,783370,3,0,39 10 15,1,10,,783375,3,0,39 10 15,1,10,,570163,3,0,39 10 15,1,10,,783347,3,0,39 10 15,1,10,,783348,3,0,39 10 15,1,10,,783306,3,0,39 10 15,1,50,,783335,3,0,39 10 15,1,10,,783376,3,0,39 10 15,1,10,,777089,3,0,39 10 15,1,10,,783372,3,0,39 10 15,1,10,,783340,3,0,39 10 15,1,10,,783328,3,0,39 10 15,1,50,,771691,3,0,39 10 15,1,10,,783312,3,0,39 10 15,1,10,,714449,3,0,39 10 15,1,10,,783338,3,0,39 10 15,1,10,,783329,3,0,39 10 15,1,10,,664865,3,0,39 10 15,1,50,,783367,3,0,39 10 15,1,10,,783317,3,0,39 10 15,1,10,,783313,3,0,39 10 15,1,10,,783344,3,0,39 10 15,1,10,,769810,3,0,39 10 15,1,10,,783337,3,0,39 10 15,1,51,,783369,3,0,39 10 15,1,11,,783365,3,0,39 10 15,1,11,,783304,3,0,39 10 15,1,11,,704310,3,0,39 10 15,1,11,,783364,3,0,39 10 15,1,11,,783311,3,0,39 10 15,1,51,,783305,3,0,39 10 15,1,11,,783331,3,0,39 10 15,1,11,,783339,3,0,39 10 15,1,11,,662259,3,0,39 10 15,1,11,,783371,3,0,39 10 15,1,51,,745238,3,0,39 10 15,1,11,,783321,3,0,39 10 15,1,11,,783366,3,0,39 10 15,1,12,,783308,3,0,39 10 15,1,17,,783346,3,0,39 10 15,1,57,,758061,3,0,39 10 15,1,17,,740679,3,0,39 10 15,1,17,,783327,3,0,39 10 15,1,57,,778917,3,0,39 10 15,1,17,,783319,3,0,39 10 15,1,17,,783309,3,0,39 10 15,1,17,,783323,3,0,39 10 15,1,69,,783342,3,0,39 10 15,1,30,,783330,3,0,39 10 15,1,70,,783316,3,0,39 10 15,1
1603,'5',526,,783440,3,0,39 10 15,1,17,,783397,3,0,39 10 15,1,14,,783408,3,0,39 10 15,1,54,,783400,3,0,39 10 15,1,14,,783383,3,0,39 10 15,1,14,,783451,3,0,39 10 15,1,14,,524709,3,0,39 10 15,1,54,,783434,3,0,39 10 15,1,14,,716405,3,0,39 10 15,1,14,,783416,3,0,39 10 15,1,14,,773941,3,0,39 10 15,1,54,,783395,3,0,39 10 15,1,14,,783445,3,0,39 10 15,1,14,,783407,3,0,39 10 15,1,8,,783435,3,0,39 10 15,1,12,,783396,3,0,39 10 15,1,52,,783384,3,0,39 10 15,1,12,,783450,3,0,39 10 15,1,12,,783419,3,0,39 10 15,1,12,,783403,3,0,39 10 15,1,12,,783402,3,0,39 10 15,1,52,,783388,3,0,39 10 15,1,12,,783428,3,0,39 10 15,1,12,,783386,3,0,39 10 15,1,12,,783420,3,0,39 10 15,1,12,,654093,3,0,39 10 15,1,52,,783429,3,0,39 10 15,1,12,,783417,3,0,39 10 15,1,12,,706013,3,0,39 10 15,1,12,,783410,3,0,39 10 15,1,12,,783459,3,0,39 10 15,1,52,,574657,3,0,39 10 15,1,10,,783399,3,0,39 10 15,1,10,,783443,3,0,39 10 15,1,10,,783453,3,0,39 10 15,1,10,,783413,3,0,39 10 15,1,10,,783379,3,0,39 10 15,1,50,,783415,3,0,39 10 15,1,10,,783422,3,0,39 10 15,1,10,,783401,3,0,39 10 15,1,10,,783463,3,0,39 10 15,1,10,,783385,3,0,39 10 15,1,10,,783411,3,0,39 10 15,1,50,,649282,3,0,39 10 15,1,10,,783404,3,0,39 10 15,1,10,,783412,3,0,39 10 15,1,10,,761640,3,0,39 10 15,1,10,,783441,3,0,39 10 15,1,10,,783378,3,0,39 10 15,1,50,,783406,3,0,39 10 15,1,10,,700908,3,0,39 10 15,1,10,,783414,3,0,39 10 15,1,10,,783380,3,0,39 10 15,1,10,,706617,3,0,39 10 15,1,10,,783457,3,0,39 10 15,1,50,,783444,3,0,39 10 15,1,10,,783423,3,0,39 10 15,1,10,,783456,3,0,39 10 15,1,10,,783462,3,0,39 10 15,1,10,,783382,3,0,39 10 15,1,10,,783381,3,0,39 10 15,1,50,,783431,3,0,39 10 15,1,10,,783460,3,0,39 10 15,1,10,,783393,3,0,39 10 15,1,10,,700251,3,0,39 10 15,1,10,,783409,3,0,39 10 15,1,10,,783461,3,0,39 10 15,1,50,,783390,3,0,39 10 15,1,10,,680005,3,0,39 10 15,1,10,,783426,3,0,39 10 15,1,10,,783394,3,0,39 10 15,1,10,,769164,3,0,39 10 15,1,10,,783458,3,0,39 10 15,1,50,,783448,3,0,39 10 15,1,10,,783442,3,0,39 10 15,1,10,,783452,3,0,39 10 15,1,10,,783424,3,0,39 10 15,1,10,,783392,3,0,39 10 15,1,10,,684341,3,0,39 10 15,1,51,,783432,3,0,39 10 15,1,11,,783389,3,0,39 10 15,1,11,,783430,3,0,39 10 15,1,11,,708323,3,0,39 10 15,1,11,,783421,3,0,39 10 15,1,11,,783405,3,0,39 10 15,1,51,,539870,3,0,39 10 15,1,11,,783447,3,0,39 10 15,1,11,,783436,3,0,39 10 15,1,11,,783437,3,0,39 10 15,1,11,,783418,3,0,39 10 15,1,51,,769051,3,0,39 10 15,1,11,,783439,3,0,39 10 15,1,11,,783427,3,0,39 10 15,1,12,,783387,3,0,39 10 15,1,17,,783433,3,0,39 10 15,1,57,,783454,3,0,39 10 15,1,17,,783449,3,0,39 10 15,1,17,,783425,3,0,39 10 15,1,57,,734067,3,0,39 10 15,1,17,,783391,3,0,39 10 15,1,17,,783446,3,0,39 10 15,1,17,,783398,3,0,39 10 15,1,69,,783455,3,0,39 10 15,1,30,,747403,3,0,39 10 15,1,70,,783438,3,0,39 10 15,1
10203,'1',456,,835608,3,0,34 9,1,3,,835612,3,0,31 35 36,1,56,,835624,3,0,34 9,1,3,,835708,3,0,31 35 36,1,18,,835740,3,0,28 9,1,6,,835664,3,0,31 35 36,1,6,,835632,3,0,28 9,1,52,,835606,3,0,28 9,1,6,,835741,3,0,31 35 36,1,6,,515436,3,0,28 9,1,6,,835650,3,0,5 42 43,1,6,,835636,3,0,28 9,1,6,,835689,3,0,31 35 36,1,6,,835618,3,0,28 9,1,6,,835753,3,0,5 42 43,1,6,,835633,3,0,28 9,1,6,,835722,3,0,31 35 36,1,46,,835601,3,0,28 9,1,6,,835658,3,0,5 42 43,1,6,,835641,3,0,28 9,1,6,,835598,3,0,31 35 36,1,6,,718209,3,0,28 9,1,6,,835710,3,0,5 42 43,1,6,,745156,3,0,28 9,1,6,,835599,3,0,31 35 36,1,6,,835616,3,0,28 9,1,6,,835680,3,0,5 42 43,1,46,,835738,3,0,28 9,1,6,,835642,3,0,31 35 36,1,6,,835691,3,0,28 9,1,6,,835637,3,0,5 42 43,1,6,,835602,3,0,28 9,1,6,,835735,3,0,31 35 36,1,6,,835620,3,0,28 9,1,6,,835679,3,0,5 42 43,1,6,,835699,3,0,28 9,1,6,,727482,3,0,31 35 36,1,46,,694491,3,0,28 9,1,7,,835646,3,0,5 42 43,1,4,,835681,3,0,31 35 36,1,5,,835649,3,0,28 9,1,14,,719258,3,0,34 9,1,5,,835739,3,0,5 42 43,1,5,,835714,3,0,31 35 36,1,10,,835648,3,0,34 9,1,5,,835638,3,0,5 42 43,1,45,,835727,3,0,34 9,1,10,,721092,3,0,31 35 36,1,5,,835684,3,0,5 42 43,1,6,,835682,3,0,34 9,1,9,,835700,3,0,34 9,1,5,,771963,3,0,5 42 43,1,5,,746256,3,0,31 35 36,1,10,,835614,3,0,34 9,1,5,,835720,3,0,5 42 43,1,45,,695567,3,0,34 9,1,10,,835702,3,0,31 35 36,1,5,,835655,3,0,5 42 43,1,5,,835711,3,0,34 9,1,10,,835760,3,0,34 9,1,5,,835737,3,0,5 42 43,1,5,,835705,3,0,31 35 36,1,10,,750428,3,0,34 9,1,5,,835728,3,0,5 42 43,1,45,,835654,3,0,34 9,1,10,,835647,3,0,31 35 36,1,5,,720882,3,0,5 42 43,1,5,,835605,3,0,34 9,1,10,,701065,3,0,34 9,1,5,,708973,3,0,5 42 43,1,5,,835651,3,0,31 35 36,1,10,,835725,3,0,34 9,1,5,,835665,3,0,5 42 43,1,45,,835687,3,0,34 9,1,10,,835628,3,0,31 35 36,1,5,,718235,3,0,5 42 43,1,5,,746867,3,0,34 9,1,9,,835695,3,0,34 9,1,6,,835693,3,0,5 42 43,1,5,,835730,3,0,31 35 36,1,9,,704761,3,0,34 9,1,6,,633512,3,0,5 42 43,1,45,,706673,3,0,34 9,1,2,,835610,3,0,31 35 36,1,8,,835747,3,0,34 9,1,5,,835657,3,0,5 42 43,1,5,,835717,3,0,34 9,1,10,,835656,3,0,31 35 36,1,5,,835652,3,0,5 42 43,1,5,,763228,3,0,34 9,1,10,,835685,3,0,34 9,1,5,,835604,3,0,5 42 43,1,45,,835706,3,0,31 35 36,1,10,,835603,3,0,34 9,1,5,,747472,3,0,5 42 43,1,5,,835751,3,0,34 9,1,10,,707698,3,0,31 35 36,1,5,,835661,3,0,5 42 43,1,5,,835629,3,0,34 9,1,10,,835617,3,0,34 9,1,5,,835615,3,0,5 42 43,1,45,,835731,3,0,31 35 36,1,10,,835692,3,0,34 9,1,5,,835694,3,0,5 42 43,1,5,,835675,3,0,34 9,1,10,,835749,3,0,31 35 36,1,5,,835721,3,0,5 42 43,1,5,,694009,3,0,34 9,1,10,,835673,3,0,34 9,1,5,,835643,3,0,5 42 43,1,45,,835712,3,0,31 35 36,1,10,,835698,3,0,34 9,1,5,,835690,3,0,5 42 43,1,5,,835748,3,0,34 9,1,10,,835677,3,0,31 35 36,1,5,,672503,3,0,5 42 43,1,5,,835686,3,0,34 9,1,10,,835611,3,0,34 9,1,5,,835613,3,0,5 42 43,1,45,,835609,3,0,31 35 36,1,10,,778780,3,0,34 9,1,5,,713423,3,0,5 42 43,1,5,,779494,3,0,34 9,1,10,,835678,3,0,31 35 36,1,5,,835758,3,0,5 42 43,1,5,,835631,3,0,34 9,1,10,,835667,3,0,34 9,1,5,,835718,3,0,5 42 43,1,45,,690245,3,0,31 35 36,1,10,,835607,3,0,34 9,1,8,,835754,3,0,34 9,1,5,,835669,3,0,5 42 43,1,2,,835703,3,0,34 9,1,7,,835640,3,0,34 9,1,8,,835701,3,0,31 35 36,1,3,,835729,3,0,5 42 43,1,4,,835683,3,0,34 9,1,8,,835672,3,0,34 9,1,47,,714023,3,0,34 9,1,1,,835671,3,0,5 42 43,1,7,,835621,3,0,34 9,1,7,,835704,3,0,31 35 36,1,6,,835726,3,0,5 42 43,1,2,,835713,3,0,34 9,1,7,,760958,3,0,34 9,1,8,,744487,3,0,34 9,1,3,,835597,3,0,5 42 43,1,4,,835765,3,0,31 35 36,1,8,,835619,3,0,34 9,1,47,,835644,3,0,34 9,1,1,,693858,3,0,5 42 43,1,7,,835752,3,0,34 9,1,7,,835688,3,0,31 35 36,1,6,,835707,3,0,5 42 43,1,2,,835762,3,0,34 9,1,7,,835723,3,0,34 9,1,8,,835645,3,0,34 9,1,3,,835736,3,0,5 42 43,1,4,,835709,3,0,31 35 36,1,8,,835756,3,0,34 9,1,46,,835744,3,0,31 35 36,1,3,,737592,3,0,5 42 43,1,5,,835668,3,0,34 9,1,10,,623680,3,0,34 9,1,5,,751953,3,0,5 42 43,1,5,,718760,3,0,34 9,1,10,,835662,3,0,34 9,1,3,,835659,3,0,17 44,1,2,,764752,3,0,5 42 43,1,5,,835724,3,0,34 9,1,1,,835670,3,0,17 44,1,9,,835716,3,0,34 9,1,45,,835639,3,0,5 42 43,1,5,,723375,3,0,34 9,1,10,,835663,3,0,34 9,1,5,,835742,3,0,5 42 43,1,5,,835697,3,0,34 9,1,7,,835757,3,0,17 44,1,3,,697771,3,0,34 9,1,5,,835625,3,0,5 42 43,1,5,,835674,3,0,34 9,1,10,,744050,3,0,34 9,1,45,,835696,3,0,5 42 43,1,2,,835622,3,0,17 44,1,3,,835630,3,0,34 9,1,10,,701085,3,0,34 9,1,5,,835719,3,0,5 42 43,1,5,,835634,3,0,34 9,1,10,,835627,3,0,34 9,1,5,,835626,3,0,5 42 43,1,5,,835732,3,0,34 9,1,7,,835755,3,0,34 9,1,44,,835746,3,0,17 44,1,6,,835764,3,0,5 42 43,1,4,,751960,3,0,17 44,1,5,,735089,3,0,17 44,1,5,,711297,3,0,17 44,1,10,,605884,3,0,17 44,1,5,,835761,3,0,17 44,1,5,,835745,3,0,17 44,1,82,,835734,3,0,17 44,1,7,,835666,3,0,17 44,1
10203,'2',531,,835887,3,0,34 9,1,20,,835914,3,0,34 9,1,50,,731533,3,0,34 9,1,10,,835806,3,0,34 9,1,10,,835844,3,0,34 9,1,2,,835779,3,0,31 35 36,1,8,,835771,3,0,34 9,1,10,,835805,3,0,34 9,1,10,,835840,3,0,34 9,1,2,,743180,3,0,31 35 36,1,48,,835892,3,0,34 9,1,10,,835880,3,0,34 9,1,10,,624646,3,0,34 9,1,2,,835834,3,0,31 35 36,1,8,,835777,3,0,34 9,1,10,,835823,3,0,34 9,1,10,,835790,3,0,34 9,1,2,,835767,3,0,31 35 36,1,48,,835895,3,0,34 9,1,10,,835797,3,0,34 9,1,2,,835876,3,0,31 35 36,1,8,,710889,3,0,34 9,1,10,,700386,3,0,34 9,1,10,,835832,3,0,34 9,1,2,,835891,3,0,31 35 36,1,8,,835855,3,0,34 9,1,50,,835861,3,0,34 9,1,10,,835800,3,0,34 9,1,2,,835857,3,0,31 35 36,1,8,,835897,3,0,34 9,1,10,,835874,3,0,34 9,1,10,,835850,3,0,34 9,1,2,,835872,3,0,31 35 36,1,8,,835804,3,0,34 9,1,50,,770468,3,0,34 9,1,10,,835807,3,0,34 9,1,2,,648098,3,0,31 35 36,1,8,,835819,3,0,34 9,1,10,,835860,3,0,34 9,1,10,,835906,3,0,34 9,1,2,,835789,3,0,31 35 36,1,8,,835786,3,0,34 9,1,50,,687302,3,0,34 9,1,10,,835821,3,0,34 9,1,2,,835918,3,0,31 35 36,1,8,,835875,3,0,34 9,1,10,,835903,3,0,34 9,1,10,,835775,3,0,34 9,1,2,,835896,3,0,31 35 36,1,8,,835916,3,0,34 9,1,50,,835839,3,0,34 9,1,8,,701412,3,0,34 9,1,2,,835912,3,0,31 35 36,1,5,,835772,3,0,34 9,1,8,,835825,3,0,34 9,1,7,,695440,3,0,34 9,1,8,,835882,3,0,34 9,1,2,,835780,3,0,31 35 36,1,5,,835799,3,0,34 9,1,8,,835900,3,0,34 9,1,47,,835888,3,0,34 9,1,8,,743722,3,0,34 9,1,2,,720248,3,0,31 35 36,1,5,,835827,3,0,34 9,1,8,,835893,3,0,34 9,1,7,,835884,3,0,34 9,1,8,,835768,3,0,34 9,1,2,,738848,3,0,31 35 36,1,5,,835877,3,0,34 9,1,8,,738482,3,0,34 9,1,47,,835864,3,0,34 9,1,8,,835902,3,0,34 9,1,2,,835813,3,0,31 35 36,1,5,,835835,3,0,34 9,1,8,,835833,3,0,34 9,1,7,,835910,3,0,34 9,1,8,,692814,3,0,34 9,1,2,,835913,3,0,31 35 36,1,5,,835766,3,0,34 9,1,8,,835847,3,0,34 9,1,47,,773390,3,0,34 9,1,8,,835899,3,0,34 9,1,2,,736151,3,0,31 35 36,1,5,,835791,3,0,34 9,1,8,,835824,3,0,34 9,1,7,,835842,3,0,34 9,1,8,,762701,3,0,34 9,1,2,,835820,3,0,31 35 36,1,5,,835792,3,0,34 9,1,8,,835838,3,0,34 9,1,47,,623770,3,0,34 9,1,8,,835803,3,0,34 9,1,2,,835863,3,0,31 35 36,1,5,,835870,3,0,34 9,1,8,,726787,3,0,34 9,1,7,,835837,3,0,34 9,1,8,,835801,3,0,34 9,1,2,,835858,3,0,31 35 36,1,5,,835907,3,0,34 9,1,8,,835769,3,0,34 9,1,47,,835795,3,0,34 9,1,8,,835809,3,0,34 9,1,2,,835867,3,0,31 35 36,1,5,,835865,3,0,34 9,1,8,,835905,3,0,34 9,1,7,,835802,3,0,34 9,1,8,,835808,3,0,34 9,1,2,,708074,3,0,31 35 36,1,5,,835894,3,0,34 9,1,8,,835881,3,0,34 9,1,47,,835854,3,0,34 9,1,8,,835843,3,0,34 9,1,2,,835878,3,0,31 35 36,1,5,,835871,3,0,34 9,1,8,,699981,3,0,34 9,1,7,,835890,3,0,34 9,1,8,,835798,3,0,34 9,1,2,,736604,3,0,31 35 36,1,5,,835849,3,0,34 9,1,8,,835846,3,0,34 9,1,47,,835901,3,0,34 9,1,9,,776436,3,0,34 9,1,4,,459718,3,0,34 9,1,4,,835908,3,0,34 9,1,4,,709997,3,0,34 9,1,5,,752241,3,0,34 9,1,2,,835776,3,0,31 35 36,1,3,,835817,3,0,34 9,1,3,,625465,3,0,34 9,1,9,,835885,3,0,34 9,1,8,,835796,3,0,34 9,1,49,,729217,3,0,34 9,1,8,,835828,3,0,34 9,1,9,,835831,3,0,34 9,1,2,,835793,3,0,31 35 36,1,6,,835787,3,0,34 9,1,9,,835859,3,0,34 9,1,4,,835841,3,0,34 9,1,4,,835886,3,0,34 9,1,9,,696255,3,0,34 9,1,48,,835822,3,0,34 9,1,9,,835781,3,0,34 9,1,2,,760152,3,0,31 35 36,1,6,,835836,3,0,34 9,1,9,,835852,3,0,34 9,1,8,,835909,3,0,34 9,1,4,,835784,3,0,34 9,1,5,,835812,3,0,34 9,1,8,,835810,3,0,34 9,1,5,,835794,3,0,34 9,1,45,,633706,3,0,34 9,1,10,,835830,3,0,34 9,1,8,,835829,3,0,34 9,1,2,,835853,3,0,31 35 36,1,5,,835879,3,0,34 9,1,5,,698234,3,0,34 9,1,10,,835898,3,0,34 9,1,10,,835778,3,0,34 9,1,5,,835785,3,0,34 9,1,45,,835815,3,0,34 9,1,10,,835889,3,0,34 9,1,10,,761905,3,0,34 9,1,10,,835770,3,0,34 9,1,10,,835774,3,0,34 9,1,5,,733076,3,0,34 9,1,5,,767819,3,0,34 9,1,50,,835917,3,0,34 9,1,10,,704292,3,0,34 9,1,10,,835848,3,0,34 9,1,10,,835883,3,0,34 9,1,10,,835862,3,0,34 9,1,5,,835873,3,0,34 9,1,5,,835782,3,0,34 9,1,50,,835915,3,0,17 44,1,10,,835911,3,0,17 44,1,10,,835845,3,0,17 44,1,10,,835816,3,0,17 44,1,10,,835869,3,0,17 44,1,10,,741813,3,0,17 44,1,50,,835811,3,0,17 44,1,10,,835856,3,0,17 44,1,12,,835904,3,0,17 44,1
10203,'3',531,,835984,3,0,34 9,1,20,,836035,3,0,34 9,1,60,,747172,3,0,34 9,1,20,,835935,3,0,34 9,1,20,,702827,3,0,34 9,1,60,,835949,3,0,34 9,1,20,,836031,3,0,34 9,1,2,,682803,3,0,31 35 36,1,8,,836029,3,0,34 9,1,10,,835957,3,0,34 9,1,50,,835924,3,0,34 9,1,2,,835982,3,0,31 35 36,1,8,,835959,3,0,34 9,1,10,,835986,3,0,34 9,1,10,,774282,3,0,34 9,1,2,,836018,3,0,31 35 36,1,8,,836017,3,0,34 9,1,10,,835997,3,0,34 9,1,50,,836027,3,0,34 9,1,2,,835965,3,0,31 35 36,1,8,,835927,3,0,34 9,1,10,,670276,3,0,34 9,1,10,,835998,3,0,34 9,1,2,,836023,3,0,31 35 36,1,8,,835985,3,0,34 9,1,10,,835950,3,0,34 9,1,50,,836020,3,0,34 9,1,2,,835955,3,0,31 35 36,1,8,,835975,3,0,34 9,1,10,,740441,3,0,34 9,1,10,,835937,3,0,34 9,1,2,,836007,3,0,31 35 36,1,8,,738168,3,0,34 9,1,10,,835974,3,0,34 9,1,50,,836038,3,0,34 9,1,2,,835970,3,0,31 35 36,1,8,,835951,3,0,34 9,1,10,,835964,3,0,34 9,1,10,,835994,3,0,34 9,1,2,,836037,3,0,31 35 36,1,8,,835928,3,0,34 9,1,10,,835968,3,0,34 9,1,50,,835993,3,0,34 9,1,2,,835961,3,0,31 35 36,1,8,,835923,3,0,34 9,1,8,,835921,3,0,34 9,1,7,,835966,3,0,34 9,1,2,,836014,3,0,31 35 36,1,6,,836033,3,0,34 9,1,7,,836053,3,0,34 9,1,8,,836008,3,0,34 9,1,7,,835977,3,0,34 9,1,2,,688682,3,0,31 35 36,1,46,,835962,3,0,34 9,1,7,,835989,3,0,34 9,1,8,,835942,3,0,34 9,1,7,,835929,3,0,34 9,1,2,,835996,3,0,31 35 36,1,6,,835979,3,0,34 9,1,7,,618077,3,0,34 9,1,8,,655521,3,0,34 9,1,7,,730976,3,0,34 9,1,2,,835933,3,0,31 35 36,1,46,,836005,3,0,34 9,1,7,,835972,3,0,34 9,1,8,,835940,3,0,34 9,1,7,,835976,3,0,34 9,1,2,,836041,3,0,31 35 36,1,6,,835963,3,0,34 9,1,7,,835932,3,0,34 9,1,8,,836011,3,0,34 9,1,7,,835947,3,0,34 9,1,2,,836055,3,0,31 35 36,1,46,,835973,3,0,34 9,1,7,,836047,3,0,34 9,1,8,,835983,3,0,34 9,1,7,,741513,3,0,34 9,1,2,,836003,3,0,31 35 36,1,6,,713281,3,0,34 9,1,7,,836026,3,0,34 9,1,8,,836030,3,0,34 9,1,7,,836022,3,0,34 9,1,2,,836001,3,0,31 35 36,1,46,,766435,3,0,34 9,1,7,,835987,3,0,34 9,1,8,,835922,3,0,34 9,1,7,,836045,3,0,34 9,1,2,,759982,3,0,31 35 36,1,6,,617642,3,0,34 9,1,7,,835952,3,0,34 9,1,8,,835953,3,0,34 9,1,7,,836049,3,0,34 9,1,2,,836043,3,0,31 35 36,1,46,,836042,3,0,34 9,1,7,,836009,3,0,34 9,1,8,,836000,3,0,34 9,1,7,,836046,3,0,34 9,1,2,,596070,3,0,31 35 36,1,6,,836021,3,0,34 9,1,7,,835954,3,0,34 9,1,8,,835981,3,0,34 9,1,7,,718504,3,0,34 9,1,2,,726550,3,0,31 35 36,1,46,,835948,3,0,34 9,1,7,,836004,3,0,34 9,1,8,,835919,3,0,34 9,1,7,,835956,3,0,34 9,1,2,,836050,3,0,31 35 36,1,6,,836013,3,0,34 9,1,7,,836002,3,0,34 9,1,8,,753645,3,0,34 9,1,7,,835960,3,0,34 9,1,2,,836057,3,0,31 35 36,1,46,,836048,3,0,34 9,1,7,,835999,3,0,34 9,1,10,,836044,3,0,34 9,1,10,,774863,3,0,34 9,1,2,,702005,3,0,31 35 36,1,4,,836028,3,0,34 9,1,4,,835946,3,0,34 9,1,5,,725127,3,0,34 9,1,5,,836024,3,0,34 9,1,50,,835926,3,0,34 9,1,10,,836052,3,0,34 9,1,2,,835944,3,0,31 35 36,1,8,,835990,3,0,34 9,1,10,,835941,3,0,34 9,1,5,,835967,3,0,17 44,1,5,,836016,3,0,34 9,1,10,,835980,3,0,34 9,1,50,,836051,3,0,34 9,1,2,,835945,3,0,31 35 36,1,8,,699354,3,0,34 9,1,10,,836012,3,0,34 9,1,5,,835995,3,0,34 9,1,5,,835943,3,0,34 9,1,10,,836015,3,0,34 9,1,8,,835939,3,0,34 9,1,2,,836036,3,0,31 35 36,1,5,,836006,3,0,34 9,1,45,,616164,3,0,34 9,1,5,,702823,3,0,34 9,1,5,,700096,3,0,34 9,1,10,,745660,3,0,34 9,1,5,,835930,3,0,34 9,1,5,,836010,3,0,34 9,1,5,,767577,3,0,34 9,1,5,,753230,3,0,34 9,1,10,,836032,3,0,34 9,1,50,,835938,3,0,34 9,1,10,,835920,3,0,34 9,1,10,,836056,3,0,34 9,1,5,,772419,3,0,34 9,1,5,,835991,3,0,34 9,1,10,,629306,3,0,34 9,1,10,,835971,3,0,34 9,1,50,,754167,3,0,34 9,1,5,,771746,3,0,34 9,1,5,,835958,3,0,34 9,1,10,,836025,3,0,34 9,1,10,,835936,3,0,34 9,1,10,,835934,3,0,34 9,1,10,,835931,3,0,34 9,1,50,,836019,3,0,34 9,1,12,,836039,3,0,17 44,1,10,,720357,3,0,17 44,1,10,,835978,3,0,17 44,1,10,,835969,3,0,17 44,1,14,,686973,3,0,17 44,1,66,,766245,3,0,17 44,1
10203,'5',531,,836163,3,0,34 9,1,20,,836118,3,0,34 9,1,60,,836076,3,0,34 9,1,20,,836167,3,0,34 9,1,20,,703475,3,0,34 9,1,60,,836068,3,0,34 9,1,20,,836184,3,0,34 9,1,2,,836085,3,0,31 35 36,1,8,,836124,3,0,34 9,1,10,,836094,3,0,34 9,1,50,,836170,3,0,34 9,1,2,,836139,3,0,31 35 36,1,8,,836199,3,0,34 9,1,10,,836077,3,0,34 9,1,10,,836105,3,0,34 9,1,2,,836095,3,0,31 35 36,1,8,,756360,3,0,34 9,1,10,,836171,3,0,34 9,1,50,,836117,3,0,34 9,1,2,,761793,3,0,31 35 36,1,8,,836072,3,0,34 9,1,10,,836152,3,0,34 9,1,10,,836066,3,0,34 9,1,2,,715628,3,0,31 35 36,1,8,,836172,3,0,34 9,1,10,,836155,3,0,34 9,1,50,,618687,3,0,34 9,1,2,,836151,3,0,31 35 36,1,8,,836201,3,0,34 9,1,10,,836189,3,0,34 9,1,10,,836111,3,0,34 9,1,2,,836108,3,0,31 35 36,1,8,,836090,3,0,34 9,1,10,,836075,3,0,34 9,1,50,,836067,3,0,34 9,1,2,,836177,3,0,31 35 36,1,8,,836062,3,0,34 9,1,10,,836123,3,0,34 9,1,10,,836191,3,0,34 9,1,2,,765145,3,0,31 35 36,1,8,,836083,3,0,34 9,1,10,,836060,3,0,34 9,1,50,,836136,3,0,34 9,1,2,,836144,3,0,31 35 36,1,8,,836058,3,0,34 9,1,8,,570646,3,0,34 9,1,7,,836070,3,0,34 9,1,2,,714619,3,0,31 35 36,1,6,,706502,3,0,34 9,1,7,,836194,3,0,34 9,1,8,,836187,3,0,34 9,1,7,,747390,3,0,34 9,1,2,,756300,3,0,31 35 36,1,46,,770292,3,0,34 9,1,7,,836087,3,0,34 9,1,8,,836097,3,0,34 9,1,7,,836101,3,0,34 9,1,2,,836065,3,0,31 35 36,1,6,,836188,3,0,34 9,1,7,,836098,3,0,34 9,1,8,,836071,3,0,34 9,1,7,,754334,3,0,34 9,1,2,,836064,3,0,31 35 36,1,46,,836102,3,0,34 9,1,7,,836132,3,0,34 9,1,8,,836185,3,0,34 9,1,7,,751293,3,0,34 9,1,2,,836198,3,0,31 35 36,1,6,,836107,3,0,34 9,1,7,,836135,3,0,34 9,1,8,,836127,3,0,34 9,1,7,,836100,3,0,34 9,1,2,,836119,3,0,31 35 36,1,46,,836164,3,0,34 9,1,7,,705539,3,0,34 9,1,8,,836195,3,0,34 9,1,7,,836128,3,0,34 9,1,2,,836168,3,0,31 35 36,1,6,,836084,3,0,34 9,1,7,,836059,3,0,34 9,1,8,,758621,3,0,34 9,1,7,,702056,3,0,34 9,1,2,,684370,3,0,31 35 36,1,46,,836183,3,0,34 9,1,7,,836200,3,0,34 9,1,8,,836109,3,0,34 9,1,7,,775177,3,0,34 9,1,2,,714563,3,0,31 35 36,1,6,,836162,3,0,34 9,1,7,,722770,3,0,34 9,1,8,,545527,3,0,34 9,1,7,,836129,3,0,34 9,1,2,,836140,3,0,31 35 36,1,46,,836157,3,0,34 9,1,7,,836121,3,0,34 9,1,8,,836174,3,0,34 9,1,7,,836141,3,0,34 9,1,2,,836099,3,0,31 35 36,1,6,,836115,3,0,34 9,1,7,,836190,3,0,34 9,1,8,,748865,3,0,34 9,1,7,,836092,3,0,34 9,1,2,,836130,3,0,31 35 36,1,46,,836079,3,0,34 9,1,7,,620431,3,0,34 9,1,8,,693507,3,0,34 9,1,7,,836173,3,0,34 9,1,2,,836179,3,0,31 35 36,1,6,,836165,3,0,34 9,1,7,,624342,3,0,34 9,1,8,,836120,3,0,34 9,1,7,,836197,3,0,34 9,1,2,,836061,3,0,31 35 36,1,46,,836113,3,0,34 9,1,7,,836160,3,0,34 9,1,10,,714529,3,0,34 9,1,10,,836153,3,0,34 9,1,2,,836104,3,0,31 35 36,1,4,,836150,3,0,34 9,1,4,,836182,3,0,34 9,1,5,,699599,3,0,34 9,1,5,,836081,3,0,34 9,1,50,,836112,3,0,34 9,1,10,,836180,3,0,34 9,1,2,,836138,3,0,31 35 36,1,8,,635891,3,0,34 9,1,10,,836196,3,0,34 9,1,10,,836143,3,0,17 44,1,0,,836114,3,0,34 9,1,10,,836156,3,0,34 9,1,50,,774960,3,0,34 9,1,2,,836122,3,0,31 35 36,1,8,,836082,3,0,34 9,1,10,,682174,3,0,34 9,1,5,,836186,3,0,34 9,1,5,,836146,3,0,34 9,1,10,,836133,3,0,34 9,1,8,,836091,3,0,34 9,1,2,,836145,3,0,31 35 36,1,5,,836134,3,0,34 9,1,45,,836166,3,0,34 9,1,5,,758984,3,0,34 9,1,5,,836193,3,0,34 9,1,10,,836080,3,0,34 9,1,5,,763329,3,0,34 9,1,5,,836125,3,0,34 9,1,5,,836110,3,0,34 9,1,5,,836103,3,0,34 9,1,10,,836175,3,0,34 9,1,50,,836073,3,0,34 9,1,10,,836078,3,0,34 9,1,10,,836063,3,0,34 9,1,5,,836178,3,0,34 9,1,5,,836181,3,0,34 9,1,10,,836149,3,0,34 9,1,10,,836137,3,0,34 9,1,50,,836176,3,0,34 9,1,5,,836158,3,0,34 9,1,5,,689872,3,0,34 9,1,10,,836088,3,0,34 9,1,10,,836086,3,0,34 9,1,10,,836093,3,0,34 9,1,10,,836192,3,0,34 9,1,50,,836169,3,0,34 9,1,12,,836089,3,0,17 44,1,10,,836161,3,0,17 44,1,10,,836096,3,0,17 44,1,10,,836074,3,0,17 44,1,10,,836147,3,0,17 44,1,70,,836069,3,0,17 44,1
11704,'1',554,,733162,3,0,45 46 8,1,67,,707979,3,0,45 46 8,1,24,,843244,3,0,45 46 8,1,60,,843243,3,0,45 46 8,1,20,,843254,3,0,45 46 8,1,20,,843223,3,0,45 46 8,1,60,,843245,3,0,45 46 8,1,20,,843236,3,0,45 46 8,1,20,,843227,3,0,45 46 8,1,60,,843219,3,0,45 46 8,1,20,,714919,3,0,45 46 8,1,20,,843252,3,0,45 46 8,1,60,,843249,3,0,45 46 8,1,20,,843242,3,0,45 46 8,1,20,,843226,3,0,45 46 8,1,60,,738360,3,0,45 46 8,1,20,,666874,3,0,45 46 8,1,20,,696234,3,0,45 46 8,1,60,,764278,3,0,45 46 8,1,20,,690585,3,0,45 46 8,1,20,,843224,3,0,45 46 8,1,60,,843237,3,0,45 46 8,1,20,,730431,3,0,45 46 8,1,20,,843235,3,0,45 46 8,1,60,,843225,3,0,45 46 8,1,20,,843228,3,0,45 46 8,1,24,,724428,3,0,45 46 8,1,61,,779065,3,0,45 46 8,1,21,,843253,3,0,45 46 8,1,21,,843233,3,0,45 46 8,1,61,,843238,3,0,45 46 8,1,21,,626567,3,0,45 46 8,1,21,,843222,3,0,45 46 8,1,61,,843231,3,0,45 46 8,1,21,,646158,3,0,45 46 8,1,21,,779452,3,0,45 46 8,1,70,,718145,3,0,45 46 8,1,30,,843239,3,0,45 46 8,1,70,,843240,3,0,45 46 8,1,30,,843250,3,0,45 46 8,1,70,,843232,3,0,45 46 8,1,30,,843230,3,0,45 46 8,1,70,,843234,3,0,45 46 8,1,30,,843248,3,0,45 46 8,1,60,,712298,3,0,45 46 8,1,22,,843221,3,0,45 46 8,1,62,,843241,3,0,45 46 8,1,22,,843251,3,0,45 46 8,1,22,,843229,3,0,45 46 8,1,62,,843247,3,0,45 46 8,1,22,,843220,3,0,45 46 8,1,22,,742505,3,0,45 46 8,1,62,,843246,3,0,45 46 8,1,22,,652349,3,0,45 46 8,1,22,,728021,3,0,45 46 8,1
11704,'2',614,,843264,3,0,45 46 8,1,24,,843276,3,0,45 46 8,1,65,,843266,3,0,45 46 8,1,25,,843270,3,0,45 46 8,1,25,,736719,3,0,45 46 8,1,65,,843283,3,0,45 46 8,1,27,,843278,3,0,45 46 8,1,67,,843257,3,0,45 46 8,1,27,,843265,3,0,45 46 8,1,67,,752036,3,0,45 46 8,1,27,,843281,3,0,45 46 8,1,67,,843263,3,0,45 46 8,1,27,,729405,3,0,45 46 8,1,29,,716742,3,0,45 46 8,1,68,,843273,3,0,45 46 8,1,30,,843267,3,0,45 46 8,1,70,,843268,3,0,45 46 8,1,30,,553674,3,0,45 46 8,1,70,,843256,3,0,45 46 8,1,30,,843279,3,0,45 46 8,1,70,,843261,3,0,45 46 8,1,30,,843282,3,0,45 46 8,1,70,,622018,3,0,45 46 8,1,30,,843280,3,0,45 46 8,1,70,,751841,3,0,45 46 8,1,30,,843258,3,0,45 46 8,1,70,,843275,3,0,45 46 8,1,30,,702429,3,0,45 46 8,1,68,,843259,3,0,45 46 8,1,30,,843272,3,0,45 46 8,1,70,,843269,3,0,45 46 8,1,30,,756880,3,0,45 46 8,1,70,,769967,3,0,45 46 8,1,30,,736152,3,0,45 46 8,1,70,,843277,3,0,45 46 8,1,25,,700776,3,0,45 46 8,1,70,,729404,3,0,45 46 8,1,25,,752683,3,0,45 46 8,1,65,,843274,3,0,45 46 8,1,25,,843260,3,0,45 46 8,1,26,,843271,3,0,45 46 8,1,70,,843255,3,0,45 46 8,1,30,,843262,3,0,45 46 8,1
11704,'3',816,,843295,3,0,45 46 8,1,27,,843294,3,0,45 46 8,1,67,,843307,3,0,45 46 8,1,27,,719856,3,0,45 46 8,1,67,,843296,3,0,45 46 8,1,27,,766205,3,0,45 46 8,1,27,,843285,3,0,45 46 8,1,67,,843287,3,0,45 46 8,1,27,,843315,3,0,45 46 8,1,70,,843290,3,0,45 46 8,1,30,,722729,3,0,45 46 8,1,70,,843308,3,0,45 46 8,1,30,,843286,3,0,45 46 8,1,70,,843312,3,0,45 46 8,1,30,,843302,3,0,45 46 8,1,70,,843299,3,0,45 46 8,1,30,,843289,3,0,45 46 8,1,70,,843303,3,0,45 46 8,1,30,,843310,3,0,45 46 8,1,70,,843297,3,0,45 46 8,1,30,,843306,3,0,45 46 8,1,70,,843305,3,0,45 46 8,1,30,,843293,3,0,45 46 8,1,70,,843313,3,0,45 46 8,1,29,,843314,3,0,45 46 8,1,70,,843288,3,0,45 46 8,1,30,,843311,3,0,45 46 8,1,70,,843298,3,0,45 46 8,1,30,,700545,3,0,45 46 8,1,70,,843309,3,0,45 46 8,1,30,,625593,3,0,45 46 8,1,66,,843292,3,0,45 46 8,1,25,,843304,3,0,45 46 8,1,65,,843300,3,0,45 46 8,1,25,,843284,3,0,45 46 8,1,26,,770078,3,0,45 46 8,1,70,,843291,3,0,45 46 8,1,25,,843301,3,0,45 46 8,1
11704,'5',626,,843336,3,0,45 46 8,1,20,,843347,3,0,45 46 8,1,70,,843341,3,0,45 46 8,1,30,,725253,3,0,45 46 8,1,70,,843331,3,0,45 46 8,1,27,,843335,3,0,45 46 8,1,67,,843322,3,0,45 46 8,1,27,,706557,3,0,45 46 8,1,67,,843326,3,0,45 46 8,1,27,,843344,3,0,45 46 8,1,27,,843345,3,0,45 46 8,1,67,,843342,3,0,45 46 8,1,27,,843339,3,0,45 46 8,1,70,,843343,3,0,45 46 8,1,30,,843346,3,0,45 46 8,1,70,,843338,3,0,45 46 8,1,30,,843325,3,0,45 46 8,1,70,,761253,3,0,45 46 8,1,30,,749484,3,0,45 46 8,1,70,,843330,3,0,45 46 8,1,30,,843340,3,0,45 46 8,1,70,,843318,3,0,45 46 8,1,30,,716948,3,0,45 46 8,1,70,,843348,3,0,45 46 8,1,30,,843320,3,0,45 46 8,1,70,,691923,3,0,45 46 8,1,30,,765205,3,0,45 46 8,1,70,,843349,3,0,45 46 8,1,29,,754457,3,0,45 46 8,1,70,,843337,3,0,45 46 8,1,30,,843327,3,0,45 46 8,1,70,,843316,3,0,45 46 8,1,30,,843323,3,0,45 46 8,1,70,,843329,3,0,45 46 8,1,30,,843324,3,0,45 46 8,1,66,,843321,3,0,45 46 8,1,25,,843332,3,0,45 46 8,1,65,,843319,3,0,45 46 8,1,25,,843317,3,0,45 46 8,1,26,,843334,3,0,45 46 8,1,70,,843333,3,0,45 46 8,1,25,,843328,3,0,45 46 8,1
