3401,'1',603,,617368,6,0,55 8,1,20,,617393,34,0,55 8,1,19,,617367,34,0,55 8,1,16,,389078,34,0,55 8,1,60,,617397,34,0,55 8,1,20,,617391,34,0,55 8,1,20,,617360,34,0,55 8,1,60,,617382,34,0,55 8,1,20,,617370,34,0,55 8,1,20,,531738,34,0,55 8,1,57,,617364,34,0,55 8,1,19,,617390,34,0,55 8,1,18,,617371,34,0,55 8,1,58,,617395,34,0,55 8,1,20,,617351,34,0,55 8,1,20,,617357,34,0,55 8,1,60,,617383,34,0,55 8,1,20,,617363,34,0,55 8,1,20,,617356,34,0,55 8,1,60,,617359,34,0,55 8,1,20,,387973,34,0,55 8,1,20,,617392,34,0,55 8,1,60,,617354,34,0,55 8,1,20,,617366,34,0,55 8,1,18,,617389,34,0,55 8,1,58,,617387,34,0,55 8,1,19,,617353,34,0,55 8,1,20,,617399,34,0,55 8,1,60,,617396,34,0,55 8,1,20,,617369,34,0,55 8,1,20,,617384,34,0,55 8,1,60,,617352,34,0,55 8,1,20,,596283,34,0,55 8,1,20,,617350,34,0,55 8,1,60,,617373,34,0,55 8,1,18,,472804,34,0,55 8,1,18,,617374,34,0,55 8,1,59,,617377,34,0,55 8,1,20,,567949,34,0,55 8,1,20,,617355,34,0,55 8,1,10,,617375,34,0,55 8,1,50,,617386,34,0,55 8,1,15,,617365,34,0,55 8,1,14,,617372,34,0,55 8,1,18,,604253,34,0,55 8,1,60,,617358,34,0,55 8,1,20,,617381,34,0,55 8,1,10,,617362,34,0,55 8,1,10,,617388,34,0,55 8,1,60,,552174,34,0,55 8,1,20,,617398,34,0,55 8,1,20,,617385,34,0,55 8,1,60,,617361,34,0,55 8,1,15,,617349,34,0,55 8,1,16,,562538,34,0,55 8,1,20,,411803,34,0,55 8,1,60,,617376,34,0,55 8,1,20,,617378,34,0,55 8,1,20,,489408,34,0,55 8,1,60,,598660,34,0,55 8,1,20,,385618,34,0,55 8,1,20,,617394,34,0,55 8,1,60,,617379,34,0,55 8,1,20,,617380,34,0,55 8,1
3401,'2',602,,617416,6,0,55 8,1,15,,617440,6,0,55 8,1,15,,617452,34,0,55 8,1,20,,617410,34,0,55 8,1,60,,617404,34,0,55 8,1,20,,617407,34,0,55 8,1,17,,617446,34,0,55 8,1,54,,617412,34,0,55 8,1,20,,617424,34,0,55 8,1,20,,617415,34,0,55 8,1,60,,617447,34,0,55 8,1,20,,617445,34,0,55 8,1,20,,617439,34,0,55 8,1,60,,617451,34,0,55 8,1,20,,617443,34,0,55 8,1,16,,617417,34,0,55 8,1,19,,617437,34,0,55 8,1,59,,617402,34,0,55 8,1,20,,617427,34,0,55 8,1,20,,617433,34,0,55 8,1,60,,617409,34,0,55 8,1,20,,617426,34,0,55 8,1,20,,485897,34,0,55 8,1,60,,541916,34,0,55 8,1,20,,597434,34,0,55 8,1,20,,617450,34,0,55 8,1,60,,617436,34,0,55 8,1,20,,617405,34,0,55 8,1,20,,617401,34,0,55 8,1,60,,617421,34,0,55 8,1,20,,617413,34,0,55 8,1,20,,617400,34,0,55 8,1,60,,617414,34,0,55 8,1,20,,617418,34,0,55 8,1,20,,617419,34,0,55 8,1,59,,617425,34,0,55 8,1,19,,525440,34,0,55 8,1,20,,617423,34,0,55 8,1,60,,617429,34,0,55 8,1,20,,617432,34,0,55 8,1,10,,617430,34,0,55 8,1,10,,617420,34,0,55 8,1,60,,617442,34,0,55 8,1,20,,617422,34,0,55 8,1,20,,617449,34,0,55 8,1,57,,617428,34,0,55 8,1,18,,530171,34,0,55 8,1,15,,617403,34,0,55 8,1,60,,617431,34,0,55 8,1,20,,617438,34,0,55 8,1,10,,617448,34,0,55 8,1,10,,556237,34,0,55 8,1,60,,601525,34,0,55 8,1,20,,537579,34,0,55 8,1,20,,551787,34,0,55 8,1,60,,617453,34,0,55 8,1,16,,617408,34,0,55 8,1,18,,617435,34,0,55 8,1,20,,617434,34,0,55 8,1,60,,617441,34,0,55 8,1,20,,617444,34,0,55 8,1,20,,466960,34,0,55 8,1,60,,617411,34,0,55 8,1,20,,617406,34,0,55 8,1
3401,'3',816,,617491,34,0,55 8,1,25,,617468,34,0,55 8,1,60,,617477,34,0,55 8,1,20,,617455,34,0,55 8,1,19,,601660,34,0,55 8,1,17,,617482,34,0,55 8,1,60,,496019,34,0,55 8,1,20,,617484,34,0,55 8,1,20,,617479,34,0,55 8,1,60,,530607,34,0,55 8,1,18,,617469,34,0,55 8,1,19,,617485,34,0,55 8,1,59,,617478,34,0,55 8,1,20,,617488,34,0,55 8,1,20,,373121,34,0,55 8,1,60,,617473,34,0,55 8,1,20,,617489,34,0,55 8,1,20,,617460,34,0,55 8,1,60,,572834,34,0,55 8,1,20,,617490,34,0,55 8,1,20,,617475,34,0,55 8,1,60,,617467,34,0,55 8,1,20,,617483,34,0,55 8,1,20,,617458,34,0,55 8,1,60,,617493,34,0,55 8,1,20,,617492,34,0,55 8,1,20,,617496,34,0,55 8,1,60,,572846,34,0,55 8,1,20,,582138,34,0,55 8,1,20,,617487,34,0,55 8,1,60,,515563,34,0,55 8,1,16,,617495,34,0,55 8,1,19,,617476,34,0,55 8,1,60,,617463,34,0,55 8,1,20,,617454,34,0,55 8,1,20,,555493,34,0,55 8,1,10,,617480,34,0,55 8,1,49,,617459,34,0,55 8,1,17,,472882,34,0,55 8,1,18,,617456,34,0,55 8,1,60,,617486,34,0,55 8,1,20,,617462,34,0,55 8,1,20,,617472,34,0,55 8,1,60,,617471,34,0,55 8,1,20,,617461,34,0,55 8,1,20,,617466,34,0,55 8,1,60,,617457,34,0,55 8,1,18,,617494,34,0,55 8,1,18,,617474,34,0,55 8,1,20,,617470,34,0,55 8,1,60,,617481,34,0,55 8,1,20,,617465,34,0,55 8,1,20,,617464,34,0,55 8,1,60,,585175,34,0,55 8,1,20,,528426,34,0,55 8,1
3401,'5',602,,617527,6,0,55 8,1,24,,536642,34,0,55 8,1,20,,617500,34,0,55 8,1,60,,617529,34,0,55 8,1,20,,617499,34,0,55 8,1,18,,601072,34,0,55 8,1,15,,617507,34,0,55 8,1,60,,617509,34,0,55 8,1,22,,617528,34,0,55 8,1,60,,617530,34,0,55 8,1,20,,617532,34,0,55 8,1,19,,617533,34,0,55 8,1,17,,617545,34,0,55 8,1,60,,617511,34,0,55 8,1,20,,617526,34,0,55 8,1,20,,617514,34,0,55 8,1,60,,528046,34,0,55 8,1,18,,617540,34,0,55 8,1,19,,617525,34,0,55 8,1,59,,617508,34,0,55 8,1,20,,617519,34,0,55 8,1,20,,617510,34,0,55 8,1,60,,617523,34,0,55 8,1,20,,617520,34,0,55 8,1,20,,585246,34,0,55 8,1,60,,617516,34,0,55 8,1,20,,617542,34,0,55 8,1,20,,617498,34,0,55 8,1,60,,617541,34,0,55 8,1,20,,617536,34,0,55 8,1,20,,617506,34,0,55 8,1,60,,592493,34,0,55 8,1,20,,617524,34,0,55 8,1,20,,617544,34,0,55 8,1,60,,617539,34,0,55 8,1,20,,617537,34,0,55 8,1,20,,617534,34,0,55 8,1,60,,617521,34,0,55 8,1,16,,540411,34,0,55 8,1,19,,617502,34,0,55 8,1,60,,551371,34,0,55 8,1,20,,617543,34,0,55 8,1,20,,617517,34,0,55 8,1,10,,617535,34,0,55 8,1,49,,617515,34,0,55 8,1,17,,617505,34,0,55 8,1,18,,617531,34,0,55 8,1,60,,617504,34,0,55 8,1,20,,546358,34,0,55 8,1,20,,617513,34,0,55 8,1,60,,617518,34,0,55 8,1,20,,617538,34,0,55 8,1,20,,572857,34,0,55 8,1,60,,617546,34,0,55 8,1,18,,550724,34,0,55 8,1,18,,617497,34,0,55 8,1,20,,593604,34,0,55 8,1,60,,603919,34,0,55 8,1,20,,617522,34,0,55 8,1,20,,617501,34,0,55 8,1,60,,617512,34,0,55 8,1,20,,617503,34,0,55 8,1
7404,'1',532,,536017,6,0,6 7 8,1,69,,604310,6,0,6 7 8,1,25,,643800,6,0,6 7 8,1,20,,643781,6,0,6 7 8,1,60,,643790,6,0,6 7 8,1,22,,493481,6,0,6 7 8,1,24,,552404,6,0,6 7 8,1,62,,643796,6,0,6 7 8,1,21,,643801,6,0,6 7 8,1,68,,553518,6,0,6 7 8,1,26,,643794,6,0,6 7 8,1,26,,593538,6,0,6 7 8,1,65,,643771,6,0,6 7 8,1,25,,512514,6,0,6 7 8,1,65,,643795,6,0,6 7 8,1,25,,643788,6,0,6 7 8,1,65,,643776,6,0,6 7 8,1,25,,571463,6,0,6 7 8,1,25,,643766,6,0,6 7 8,1,65,,643793,6,0,6 7 8,1,25,,533921,6,0,6 7 8,1,65,,643791,6,0,6 7 8,1,25,,643773,6,0,6 7 8,1,19,,643779,6,0,6 7 8,1,57,,643785,6,0,6 7 8,1,20,,643786,6,0,6 7 8,1,20,,598142,6,0,6 7 8,1,60,,643783,6,0,6 7 8,1,20,,643787,6,0,6 7 8,1,20,,643799,6,0,6 7 8,1,60,,643774,6,0,6 7 8,1,15,,643789,6,0,6 7 8,1,20,,643768,6,0,6 7 8,1,60,,517471,6,0,6 7 8,1,20,,643780,6,0,6 7 8,1,20,,643784,6,0,6 7 8,1,64,,643770,6,0,6 7 8,1,25,,643772,6,0,6 7 8,1,20,,643767,6,0,6 7 8,1,60,,643798,6,0,6 7 8,1,20,,643797,6,0,6 7 8,1,20,,561267,6,0,6 7 8,1,60,,575286,6,0,6 7 8,1,20,,643782,6,0,6 7 8,1,20,,553524,6,0,6 7 8,1,60,,547916,6,0,6 7 8,1,20,,643777,6,0,6 7 8,1,20,,427280,6,0,6 7 8,1,60,,643778,6,0,6 7 8,1,20,,643792,6,0,6 7 8,1,20,,567950,6,0,6 7 8,1,60,,643775,6,0,6 7 8,1,20,,533219,6,0,6 7 8,1,20,,643769,6,0,6 7 8,1,54,,548893,6,0,6 7 8,1
7404,'2',543,,567030,6,0,6 7 8,1,64,,643842,6,0,6 7 8,1,21,,643817,6,0,6 7 8,1,20,,394087,6,0,6 7 8,1,60,,643838,6,0,6 7 8,1,20,,643811,6,0,6 7 8,1,20,,643824,6,0,6 7 8,1,67,,643834,6,0,6 7 8,1,25,,643819,6,0,6 7 8,1,65,,643839,6,0,6 7 8,1,25,,574128,6,0,6 7 8,1,25,,377046,6,0,6 7 8,1,65,,643815,6,0,6 7 8,1,25,,549307,6,0,6 7 8,1,65,,643818,6,0,6 7 8,1,25,,643823,6,0,6 7 8,1,65,,643825,6,0,6 7 8,1,25,,519945,6,0,6 7 8,1,25,,643810,6,0,6 7 8,1,65,,643833,6,0,6 7 8,1,25,,643827,6,0,6 7 8,1,65,,643841,6,0,6 7 8,1,25,,565423,6,0,6 7 8,1,25,,643820,6,0,6 7 8,1,65,,643836,6,0,6 7 8,1,25,,643812,6,0,6 7 8,1,65,,643816,6,0,6 7 8,1,25,,643807,6,0,6 7 8,1,65,,643814,6,0,6 7 8,1,25,,643829,6,0,6 7 8,1,25,,643832,6,0,6 7 8,1,65,,567594,6,0,6 7 8,1,25,,643831,6,0,6 7 8,1,65,,643837,6,0,6 7 8,1,20,,643803,6,0,6 7 8,1,20,,643830,6,0,6 7 8,1,60,,643805,6,0,6 7 8,1,20,,643835,6,0,6 7 8,1,20,,643802,6,0,6 7 8,1,60,,643822,6,0,6 7 8,1,20,,643826,6,0,6 7 8,1,20,,597551,6,0,6 7 8,1,59,,643813,6,0,6 7 8,1,20,,643840,6,0,6 7 8,1,20,,643809,6,0,6 7 8,1,60,,584779,6,0,6 7 8,1,20,,643821,6,0,6 7 8,1,20,,643808,6,0,6 7 8,1,60,,518414,6,0,6 7 8,1,20,,643806,6,0,6 7 8,1,20,,643804,6,0,6 7 8,1,60,,643828,6,0,6 7 8,1
7404,'3',755,,643869,6,0,6 7 8,1,60,,643873,6,0,6 7 8,1,20,,643859,6,0,6 7 8,1,20,,579374,6,0,6 7 8,1,60,,419348,6,0,6 7 8,1,20,,552277,6,0,6 7 8,1,20,,643872,6,0,6 7 8,1,60,,643875,6,0,6 7 8,1,20,,643851,6,0,6 7 8,1,20,,643868,6,0,6 7 8,1,60,,643866,6,0,6 7 8,1,20,,643867,6,0,6 7 8,1,20,,643860,6,0,6 7 8,1,66,,643857,6,0,6 7 8,1,25,,643853,6,0,6 7 8,1,65,,643846,6,0,6 7 8,1,25,,643843,6,0,6 7 8,1,65,,643863,6,0,6 7 8,1,25,,540677,6,0,6 7 8,1,25,,643854,6,0,6 7 8,1,65,,643849,6,0,6 7 8,1,25,,643856,6,0,6 7 8,1,65,,643850,6,0,6 7 8,1,25,,519572,6,0,6 7 8,1,25,,560484,6,0,6 7 8,1,65,,643858,6,0,6 7 8,1,25,,643870,6,0,6 7 8,1,65,,529088,6,0,6 7 8,1,25,,643862,6,0,6 7 8,1,65,,519966,6,0,6 7 8,1,20,,643848,6,0,6 7 8,1,20,,643865,6,0,6 7 8,1,60,,567218,6,0,6 7 8,1,20,,643844,6,0,6 7 8,1,20,,643847,6,0,6 7 8,1,60,,506166,6,0,6 7 8,1,20,,643876,6,0,6 7 8,1,20,,643864,6,0,6 7 8,1,60,,643871,6,0,6 7 8,1,18,,643874,6,0,6 7 8,1,20,,643855,6,0,6 7 8,1,20,,643852,6,0,6 7 8,1,60,,643845,6,0,6 7 8,1,20,,561518,6,0,6 7 8,1,20,,515820,6,0,6 7 8,1,60,,570958,6,0,6 7 8,1,20,,643861,6,0,6 7 8,1,65,,537764,6,0,6 7 8,1
7404,'5',543,,643878,6,0,6 7 8,1,14,,598280,6,0,6 7 8,1,55,,643897,6,0,6 7 8,1,22,,643916,6,0,6 7 8,1,20,,643892,6,0,6 7 8,1,60,,526504,6,0,6 7 8,1,20,,643912,6,0,6 7 8,1,21,,643891,6,0,6 7 8,1,60,,643902,6,0,6 7 8,1,20,,643905,6,0,6 7 8,1,20,,643888,6,0,6 7 8,1,60,,643889,6,0,6 7 8,1,20,,643908,6,0,6 7 8,1,20,,643913,6,0,6 7 8,1,60,,643881,6,0,6 7 8,1,20,,643890,6,0,6 7 8,1,20,,643910,6,0,6 7 8,1,60,,514469,6,0,6 7 8,1,20,,533894,6,0,6 7 8,1,20,,550901,6,0,6 7 8,1,66,,643884,6,0,6 7 8,1,25,,643898,6,0,6 7 8,1,65,,569623,6,0,6 7 8,1,25,,643914,6,0,6 7 8,1,65,,643909,6,0,6 7 8,1,25,,643886,6,0,6 7 8,1,25,,643893,6,0,6 7 8,1,65,,643880,6,0,6 7 8,1,25,,643911,6,0,6 7 8,1,65,,571935,6,0,6 7 8,1,25,,643882,6,0,6 7 8,1,25,,643901,6,0,6 7 8,1,65,,643894,6,0,6 7 8,1,25,,574906,6,0,6 7 8,1,65,,643903,6,0,6 7 8,1,25,,643883,6,0,6 7 8,1,65,,544354,6,0,6 7 8,1,20,,643904,6,0,6 7 8,1,20,,643895,6,0,6 7 8,1,60,,643915,6,0,6 7 8,1,20,,643877,6,0,6 7 8,1,20,,643906,6,0,6 7 8,1,60,,537056,6,0,6 7 8,1,20,,513600,6,0,6 7 8,1,20,,559202,6,0,6 7 8,1,60,,643917,6,0,6 7 8,1,18,,643887,6,0,6 7 8,1,20,,559098,6,0,6 7 8,1,20,,643900,6,0,6 7 8,1,60,,643899,6,0,6 7 8,1,20,,643896,6,0,6 7 8,1,20,,643907,6,0,6 7 8,1,60,,596276,6,0,6 7 8,1,20,,643879,6,0,6 7 8,1,65,,643885,6,0,6 7 8,1
33401,'1',457,,681833,56,0,5 55 8,1,55,,681846,30,0,5 55 8,1,9,,598866,32,0,5 55 8,1,9,,681843,59,0,5 55 8,1,12,,681842,34,0,5 55 8,1,2014,,681837,52,0,5 55 8,1,55,,681838,34,0,34 16 3 57,1,16,,681848,59,0,5 55 8,1,15,,458246,32,0,34 16 3 57,1,15,,681851,56,0,5 55 8,1,55,,532600,30,0,34 16 3 57,1,15,,555340,56,0,5 55 8,1,15,,681836,30,0,34 16 3 57,1,15,,681849,56,0,5 55 8,1,55,,681845,30,0,34 16 3 57,1,15,,681834,56,0,5 55 8,1,15,,681840,30,0,34 16 3 57,1
33401,'2',457,,516949,56,0,5 55 8,1,55,,520704,30,0,5 55 8,1,15,,681862,56,0,5 55 8,1,19,,681872,32,0,5 55 8,1,2010,,681861,52,0,5 55 8,1,55,,681871,34,0,34 16 3 57,1,16,,681852,59,0,5 55 8,1,15,,681870,32,0,34 16 3 57,1,15,,681857,56,0,5 55 8,1,55,,681868,30,0,34 16 3 57,1,15,,533007,56,0,5 55 8,1,15,,533792,30,0,34 16 3 57,1,15,,681860,56,0,5 55 8,1,55,,681863,30,0,34 16 3 57,1,15,,542911,56,0,5 55 8,1,15,,681855,30,0,34 16 3 57,1
33401,'3',457,,493970,56,0,5 55 8,1,55,,681896,30,0,34 16 3 57,1,15,,681897,56,0,5 55 8,1,15,,681899,30,0,34 16 3 57,1,14,,681874,56,0,5 55 8,1,50,,681873,30,0,34 16 3 57,1,13,,681900,59,0,5 55 8,1,10,,681892,32,0,34 16 3 57,1,10,,681891,59,0,5 55 8,1,10,,681895,32,0,34 16 3 57,1,10,,526126,59,0,5 55 8,1,50,,531491,32,0,5 55 8,1,10,,559008,50,0,5 55 8,1,10,,681904,32,0,5 55 8,1,10,,681879,50,0,5 55 8,1,10,,681883,32,0,5 55 8,1,1807,,681877,52,0,5 55 8,1,55,,681889,34,0,34 16 3 57,1,16,,583694,59,0,5 55 8,1,15,,681898,32,0,34 16 3 57,1,15,,681884,56,0,5 55 8,1,55,,681882,30,0,34 16 3 57,1,15,,681894,56,0,5 55 8,1,15,,681893,30,0,34 16 3 57,1,15,,681876,56,0,5 55 8,1,55,,681885,30,0,34 16 3 57,1,15,,681901,56,0,5 55 8,1,15,,544902,30,0,34 16 3 57,1
33401,'5',457,,681922,56,0,5 55 8,1,55,,681915,30,0,5 55 8,1,15,,681908,56,0,5 55 8,1,17,,681916,32,0,5 55 8,1,2012,,531680,52,0,5 55 8,1,55,,681928,34,0,34 16 3 57,1,16,,681907,59,0,5 55 8,1,15,,681921,32,0,34 16 3 57,1,15,,681912,56,0,5 55 8,1,55,,681919,30,0,34 16 3 57,1,15,,681914,56,0,5 55 8,1,15,,681913,30,0,34 16 3 57,1,15,,681910,56,0,5 55 8,1,55,,568855,30,0,34 16 3 57,1,15,,681909,56,0,5 55 8,1,15,,681926,30,0,34 16 3 57,1
35401,'1',404,,682777,6,0,58,1,30,,682784,6,0,58,1,24,,682787,6,0,58,1,67,,555567,6,0,58,1,18,,682785,6,0,58,1,2061,,682786,6,0,58,1,30,,682776,6,0,58,1,70,,598628,6,0,58,1,30,,682778,6,0,58,1
35401,'2',404,,682791,6,0,58,1,30,,682788,6,0,58,1,24,,580784,6,0,58,1,67,,514155,6,0,58,1,19,,563887,6,0,58,1,2060,,682794,6,0,58,1,30,,478963,6,0,58,1,70,,682792,6,0,58,1,30,,591923,6,0,58,1
35401,'3',404,,682806,6,0,58,1,30,,472189,6,0,58,1,69,,682800,6,0,58,1,22,,682802,6,0,58,1,30,,682805,6,0,58,1,70,,682811,6,0,58,1,30,,682807,6,0,58,1,68,,596231,6,0,58,1,13,,525485,6,0,17 59,1,12,,682810,6,0,58,1,1856,,682795,6,0,58,1,30,,682798,6,0,58,1,70,,682803,6,0,58,1,30,,594923,6,0,58,1
35401,'5',404,,682815,6,0,58,1,30,,682820,6,0,58,1,24,,682818,6,0,58,1,67,,682813,6,0,58,1,14,,572890,6,0,58,1,2065,,682821,6,0,58,1,30,,682812,6,0,58,1,70,,682819,6,0,58,1,30,,682823,6,0,58,1
