4802,'1',542,,804725,5,0,117 63,1,69,,804715,5,0,117 63,1,25,,804701,5,0,117 63,1,66,,804713,5,0,117 63,1,25,,690617,5,0,117 63,1,20,,804699,5,0,117 63,1,60,,778803,5,0,117 63,1,20,,804694,5,0,117 63,1,20,,804698,5,0,117 63,1,60,,804719,5,0,117 63,1,20,,804710,5,0,117 63,1,25,,804711,5,0,117 63,1,65,,759381,5,0,117 63,1,25,,804712,5,0,117 63,1,65,,804700,5,0,117 63,1,25,,804702,5,0,117 63,1,25,,804709,5,0,117 63,1,65,,804695,5,0,117 63,1,25,,724344,5,0,117 63,1,65,,723252,5,0,117 63,1,25,,804706,5,0,117 63,1,65,,804721,5,0,117 63,1,30,,804697,5,0,117 63,1,70,,762788,5,0,117 63,1,30,,804705,5,0,117 63,1,70,,804720,5,0,117 63,1,30,,804708,5,0,117 63,1,70,,775733,5,0,117 63,1,30,,804722,5,0,117 63,1,70,,724419,5,0,117 63,1,30,,778009,5,0,117 63,1,69,,778158,5,0,117 63,1,25,,804723,5,0,117 63,1,25,,804718,5,0,117 63,1,65,,804714,5,0,117 63,1,25,,804716,5,0,117 63,1,65,,804724,5,0,117 63,1,25,,716984,5,0,117 63,1,70,,718761,5,0,117 63,1,30,,804696,5,0,117 63,1,70,,804703,5,0,117 63,1,30,,804717,5,0,117 63,1,70,,804704,5,0,117 63,1,30,,804707,5,0,117 63,1,70,,728414,5,0,117 63,1
4802,'2',606,,804736,5,0,117 63,1,30,,804759,5,0,117 63,1,70,,772272,5,0,117 63,1,30,,724900,5,0,117 63,1,71,,804733,5,0,117 63,1,30,,767815,5,0,117 63,1,65,,804752,5,0,117 63,1,25,,804734,5,0,117 63,1,25,,804744,5,0,117 63,1,65,,804742,5,0,117 63,1,25,,804737,5,0,117 63,1,65,,804753,5,0,117 63,1,25,,804726,5,0,117 63,1,25,,804743,5,0,117 63,1,65,,804740,5,0,117 63,1,25,,804728,5,0,117 63,1,65,,804756,5,0,117 63,1,25,,804755,5,0,117 63,1,65,,718346,5,0,117 63,1,25,,804732,5,0,117 63,1,25,,804750,5,0,117 63,1,65,,804754,5,0,117 63,1,25,,804739,5,0,117 63,1,65,,804735,5,0,117 63,1,25,,804746,5,0,117 63,1,25,,804729,5,0,117 63,1,65,,804748,5,0,117 63,1,25,,749702,5,0,117 63,1,65,,804727,5,0,117 63,1,25,,804761,5,0,117 63,1,64,,773610,5,0,117 63,1,25,,804745,5,0,117 63,1,25,,804747,5,0,117 63,1,65,,804741,5,0,117 63,1,25,,804731,5,0,117 63,1,65,,804749,5,0,117 63,1,25,,804738,5,0,117 63,1,70,,804760,5,0,117 63,1,30,,804730,5,0,117 63,1,70,,770915,5,0,117 63,1,30,,804758,5,0,117 63,1,70,,804751,5,0,117 63,1,30,,770817,5,0,117 63,1,70,,705325,5,0,117 63,1
4802,'3',746,,804776,5,0,117 63,1,70,,804772,5,0,117 63,1,30,,690095,5,0,117 63,1,70,,804773,5,0,117 63,1,30,,804792,5,0,117 63,1,70,,695622,5,0,117 63,1,30,,804770,5,0,117 63,1,70,,804796,5,0,117 63,1,30,,804771,5,0,117 63,1,70,,804785,5,0,117 63,1,30,,804777,5,0,117 63,1,65,,804775,5,0,117 63,1,25,,804788,5,0,117 63,1,65,,804784,5,0,117 63,1,25,,804778,5,0,117 63,1,25,,804767,5,0,117 63,1,65,,804769,5,0,117 63,1,25,,804774,5,0,117 63,1,65,,804768,5,0,117 63,1,25,,804765,5,0,117 63,1,25,,804766,5,0,117 63,1,65,,804791,5,0,117 63,1,25,,804762,5,0,117 63,1,65,,804790,5,0,117 63,1,25,,772302,5,0,117 63,1,65,,804764,5,0,117 63,1,25,,804763,5,0,117 63,1,25,,804789,5,0,117 63,1,65,,804780,5,0,117 63,1,25,,804783,5,0,117 63,1,65,,804779,5,0,117 63,1,25,,804781,5,0,117 63,1,70,,804786,5,0,117 63,1,30,,730187,5,0,117 63,1,70,,804795,5,0,117 63,1,30,,804794,5,0,117 63,1,70,,804782,5,0,117 63,1,30,,804793,5,0,117 63,1,70,,804787,5,0,117 63,1
4802,'5',546,,804816,5,0,117 63,1,70,,804809,5,0,117 63,1,30,,804820,5,0,117 63,1,70,,700972,5,0,117 63,1,30,,804805,5,0,117 63,1,70,,574341,5,0,117 63,1,30,,804804,5,0,117 63,1,70,,804802,5,0,117 63,1,30,,804825,5,0,117 63,1,70,,804803,5,0,117 63,1,30,,804814,5,0,117 63,1,70,,804826,5,0,117 63,1,30,,804798,5,0,117 63,1,70,,804813,5,0,117 63,1,30,,804823,5,0,117 63,1,65,,804832,5,0,117 63,1,25,,804812,5,0,117 63,1,65,,804831,5,0,117 63,1,25,,804818,5,0,117 63,1,25,,804806,5,0,117 63,1,65,,804830,5,0,117 63,1,25,,804801,5,0,117 63,1,65,,804800,5,0,117 63,1,25,,754297,5,0,117 63,1,25,,804822,5,0,117 63,1,65,,804819,5,0,117 63,1,25,,804811,5,0,117 63,1,65,,804810,5,0,117 63,1,25,,733408,5,0,117 63,1,65,,804797,5,0,117 63,1,25,,804827,5,0,117 63,1,25,,804807,5,0,117 63,1,65,,804808,5,0,117 63,1,25,,804799,5,0,117 63,1,65,,703720,5,0,117 63,1,25,,804824,5,0,117 63,1,70,,804817,5,0,117 63,1,30,,804815,5,0,117 63,1,70,,804821,5,0,117 63,1,30,,804828,5,0,117 63,1,70,,717927,5,0,117 63,1,30,,804829,5,0,117 63,1,70,,701659,5,0,117 63,1
7303,'1',503,,819317,5,0,28 54,1,12,,819327,5,0,34 52 53 8,1,11,,819267,5,0,28 54,1,11,,819301,5,0,34 52 53 8,1,11,,819272,5,0,28 54,1,11,,676166,5,0,34 52 53 8,1,46,,732876,5,0,28 54,1,11,,819266,5,0,31 95 63,1,5,,819321,5,0,34 52 53 8,1,6,,819342,5,0,28 54,1,11,,777197,5,0,31 95 63,1,5,,778315,5,0,34 52 53 8,1,6,,719595,5,0,28 54,1,51,,819344,5,0,31 95 63,1,6,,819255,5,0,34 52 53 8,1,6,,819296,5,0,28 54,1,12,,733156,5,0,31 95 63,1,6,,819250,5,0,34 52 53 8,1,6,,819308,5,0,28 54,1,12,,819271,5,0,31 95 63,1,6,,819302,5,0,34 52 53 8,1,46,,819295,5,0,28 54,1,12,,819330,5,0,31 95 63,1,6,,714886,5,0,34 52 53 8,1,6,,819340,5,0,28 54,1,12,,819273,5,0,31 95 63,1,6,,819337,5,0,34 52 53 8,1,6,,819289,5,0,28 54,1,52,,819281,5,0,31 95 63,1,4,,631891,5,0,34 52 53 8,1,7,,819299,5,0,28 54,1,12,,819341,5,0,31 95 63,1,2,,719230,5,0,34 52 53 8,1,10,,819298,5,0,28 54,1,12,,688165,5,0,34 52 53 8,1,12,,607770,5,0,28 54,1,52,,819263,5,0,34 52 53 8,1,12,,819300,5,0,28 54,1,12,,819297,5,0,34 52 53 8,1,12,,819276,5,0,28 54,1,12,,819319,5,0,34 52 53 8,1,52,,819270,5,0,28 54,1,12,,819285,5,0,34 52 53 8,1,12,,819315,5,0,28 54,1,12,,819304,5,0,34 52 53 8,1,12,,819256,5,0,28 54,1,52,,819309,5,0,34 52 53 8,1,12,,819262,5,0,28 54,1,12,,819257,5,0,34 52 53 8,1,12,,819332,5,0,28 54,1,12,,692451,5,0,34 52 53 8,1,52,,819326,5,0,28 54,1,12,,761137,5,0,34 52 53 8,1,12,,819313,5,0,28 54,1,12,,819338,5,0,34 52 53 8,1,12,,819258,5,0,28 54,1,46,,819339,5,0,34 52 53 8,1,5,,819335,5,0,28 54,1,12,,819284,5,0,31 95 63,1,5,,725779,5,0,34 52 53 8,1,5,,819278,5,0,28 54,1,12,,819322,5,0,31 95 63,1,8,,819268,5,0,34 52 53 8,1,4,,819254,5,0,28 54,1,52,,755677,5,0,31 95 63,1,6,,819310,5,0,34 52 53 8,1,6,,763852,5,0,28 54,1,12,,819286,5,0,31 95 63,1,6,,762696,5,0,34 52 53 8,1,6,,819334,5,0,28 54,1,12,,819259,5,0,31 95 63,1,46,,819311,5,0,34 52 53 8,1,6,,819265,5,0,28 54,1,12,,819280,5,0,31 95 63,1,6,,737013,5,0,34 52 53 8,1,6,,819282,5,0,28 54,1,12,,819288,5,0,31 95 63,1,6,,738793,5,0,34 52 53 8,1,6,,819251,5,0,28 54,1,52,,819305,5,0,31 95 63,1,6,,819306,5,0,34 52 53 8,1,6,,819283,5,0,28 54,1,12,,819323,5,0,31 95 63,1,6,,692169,5,0,34 52 53 8,1,6,,819333,5,0,28 54,1,12,,819314,5,0,31 95 63,1,46,,819290,5,0,34 52 53 8,1,6,,819336,5,0,28 54,1,12,,819261,5,0,31 95 63,1,6,,819328,5,0,34 52 53 8,1,6,,819292,5,0,28 54,1,12,,819312,5,0,31 95 63,1,6,,819293,5,0,34 52 53 8,1,6,,713027,5,0,28 54,1,51,,819329,5,0,34 52 53 8,1,6,,621864,5,0,28 54,1,12,,819269,5,0,34 52 53 8,1,12,,819320,5,0,28 54,1,12,,515958,5,0,34 52 53 8,1,52,,727715,5,0,28 54,1,12,,732872,5,0,34 52 53 8,1,12,,819264,5,0,28 54,1,12,,819343,5,0,34 52 53 8,1,12,,819325,5,0,28 54,1,52,,819316,5,0,34 52 53 8,1,12,,776092,5,0,28 54,1,12,,819291,5,0,34 52 53 8,1,12,,819324,5,0,28 54,1,12,,819318,5,0,34 52 53 8,1,7,,819274,5,0,28 54,1,52,,819294,5,0,34 52 53 8,1,12,,729176,5,0,28 54,1,12,,752388,5,0,34 52 53 8,1,12,,731485,5,0,28 54,1,12,,819287,5,0,34 52 53 8,1,52,,819307,5,0,28 54,1,12,,819253,5,0,34 52 53 8,1,12,,707931,5,0,28 54,1,12,,819277,5,0,34 52 53 8,1,12,,819279,5,0,28 54,1,52,,819303,5,0,34 52 53 8,1,12,,740624,5,0,28 54,1,12,,718831,5,0,34 52 53 8,1,12,,819260,5,0,28 54,1,12,,819275,5,0,34 52 53 8,1,52,,819252,5,0,28 54,1
7303,'2',454,,819366,5,0,28 54,1,66,,819404,5,0,28 54,1,12,,819372,5,0,34 52 53 8,1,10,,819360,5,0,28 54,1,12,,819391,5,0,34 52 53 8,1,52,,819408,5,0,28 54,1,12,,819351,5,0,34 52 53 8,1,12,,819369,5,0,28 54,1,12,,819364,5,0,34 52 53 8,1,12,,819430,5,0,28 54,1,52,,819422,5,0,34 52 53 8,1,12,,819377,5,0,28 54,1,12,,819358,5,0,34 52 53 8,1,12,,663292,5,0,28 54,1,12,,819393,5,0,34 52 53 8,1,47,,819368,5,0,28 54,1,11,,819405,5,0,34 52 53 8,1,12,,705833,5,0,28 54,1,12,,819357,5,0,34 52 53 8,1,12,,697843,5,0,28 54,1,52,,819427,5,0,34 52 53 8,1,12,,819362,5,0,28 54,1,12,,819403,5,0,34 52 53 8,1,12,,819401,5,0,28 54,1,12,,819382,5,0,34 52 53 8,1,52,,644051,5,0,28 54,1,13,,749584,5,0,34 52 53 8,1,8,,819355,5,0,28 54,1,12,,819389,5,0,34 52 53 8,1,12,,819429,5,0,28 54,1,12,,819346,5,0,34 52 53 8,1,52,,819410,5,0,28 54,1,12,,819373,5,0,34 52 53 8,1,11,,819350,5,0,28 54,1,11,,819390,5,0,34 52 53 8,1,11,,819416,5,0,28 54,1,51,,819415,5,0,34 52 53 8,1,11,,819367,5,0,28 54,1,11,,740125,5,0,34 52 53 8,1,11,,819385,5,0,28 54,1,11,,819397,5,0,34 52 53 8,1,51,,819348,5,0,28 54,1,11,,755150,5,0,34 52 53 8,1,11,,819426,5,0,28 54,1,11,,819394,5,0,34 52 53 8,1,11,,819353,5,0,28 54,1,11,,649965,5,0,34 52 53 8,1,51,,819392,5,0,28 54,1,11,,711504,5,0,34 52 53 8,1,11,,819425,5,0,28 54,1,11,,819412,5,0,34 52 53 8,1,11,,819384,5,0,28 54,1,51,,819424,5,0,34 52 53 8,1,11,,755151,5,0,28 54,1,11,,819356,5,0,34 52 53 8,1,11,,766710,5,0,28 54,1,11,,819352,5,0,34 52 53 8,1,11,,819432,5,0,28 54,1,51,,819363,5,0,34 52 53 8,1,11,,774230,5,0,28 54,1,11,,691159,5,0,34 52 53 8,1,11,,819417,5,0,28 54,1,11,,819421,5,0,34 52 53 8,1,51,,819418,5,0,28 54,1,11,,819371,5,0,34 52 53 8,1,11,,819383,5,0,28 54,1,11,,749572,5,0,34 52 53 8,1,11,,819395,5,0,28 54,1,11,,819386,5,0,34 52 53 8,1,51,,819349,5,0,28 54,1,11,,819354,5,0,34 52 53 8,1,11,,819414,5,0,28 54,1,11,,819359,5,0,34 52 53 8,1,11,,819402,5,0,28 54,1,55,,819380,5,0,34 52 53 8,1,6,,819379,5,0,28 54,1,12,,819375,5,0,34 52 53 8,1,12,,819398,5,0,28 54,1,12,,819428,5,0,34 52 53 8,1,52,,718304,5,0,28 54,1,12,,819365,5,0,34 52 53 8,1,12,,659049,5,0,28 54,1,12,,819376,5,0,34 52 53 8,1,12,,819347,5,0,28 54,1,52,,819345,5,0,34 52 53 8,1,12,,819396,5,0,28 54,1,12,,819381,5,0,34 52 53 8,1,12,,708648,5,0,28 54,1,12,,819361,5,0,34 52 53 8,1,7,,819420,5,0,28 54,1,52,,819388,5,0,34 52 53 8,1,12,,819409,5,0,28 54,1,12,,819431,5,0,34 52 53 8,1,12,,819374,5,0,28 54,1,12,,819400,5,0,34 52 53 8,1,52,,763071,5,0,28 54,1,12,,819387,5,0,34 52 53 8,1,12,,819406,5,0,28 54,1,12,,819419,5,0,34 52 53 8,1,12,,819378,5,0,28 54,1,52,,819423,5,0,34 52 53 8,1,12,,819413,5,0,28 54,1,12,,819411,5,0,34 52 53 8,1,12,,819370,5,0,28 54,1,12,,819407,5,0,34 52 53 8,1,52,,716272,5,0,28 54,1
7303,'3',709,,819437,5,0,34 52 53 8,1,14,,819505,5,0,28 54,1,10,,819458,5,0,34 52 53 8,1,12,,819455,5,0,28 54,1,12,,819470,5,0,34 52 53 8,1,50,,819499,5,0,28 54,1,11,,742331,5,0,34 52 53 8,1,11,,711057,5,0,28 54,1,11,,819474,5,0,34 52 53 8,1,11,,819494,5,0,28 54,1,51,,819441,5,0,34 52 53 8,1,11,,756618,5,0,28 54,1,11,,752288,5,0,34 52 53 8,1,11,,819443,5,0,28 54,1,11,,819440,5,0,34 52 53 8,1,9,,819468,5,0,28 54,1,51,,819491,5,0,34 52 53 8,1,3,,819476,5,0,28 54,1,9,,705024,5,0,34 52 53 8,1,12,,727825,5,0,28 54,1,12,,819442,5,0,34 52 53 8,1,12,,645139,5,0,28 54,1,52,,819435,5,0,34 52 53 8,1,12,,819438,5,0,28 54,1,12,,819478,5,0,34 52 53 8,1,12,,819500,5,0,28 54,1,12,,671025,5,0,34 52 53 8,1,52,,819467,5,0,28 54,1,12,,819483,5,0,34 52 53 8,1,12,,819448,5,0,28 54,1,12,,819493,5,0,34 52 53 8,1,12,,819449,5,0,28 54,1,52,,776482,5,0,34 52 53 8,1,12,,819484,5,0,28 54,1,12,,819473,5,0,34 52 53 8,1,12,,819503,5,0,28 54,1,12,,819456,5,0,34 52 53 8,1,52,,819471,5,0,28 54,1,12,,819498,5,0,34 52 53 8,1,12,,819450,5,0,28 54,1,12,,819489,5,0,34 52 53 8,1,12,,819479,5,0,28 54,1,52,,819481,5,0,34 52 53 8,1,12,,819492,5,0,28 54,1,12,,819487,5,0,34 52 53 8,1,12,,753654,5,0,28 54,1,12,,819464,5,0,34 52 53 8,1,52,,819445,5,0,28 54,1,12,,819485,5,0,34 52 53 8,1,12,,819463,5,0,28 54,1,12,,819504,5,0,34 52 53 8,1,12,,819490,5,0,28 54,1,52,,819488,5,0,34 52 53 8,1,12,,819477,5,0,28 54,1,12,,754437,5,0,34 52 53 8,1,12,,819436,5,0,28 54,1,12,,731603,5,0,34 52 53 8,1,52,,819507,5,0,28 54,1,12,,819502,5,0,34 52 53 8,1,12,,644694,5,0,28 54,1,12,,819444,5,0,34 52 53 8,1,12,,765066,5,0,28 54,1,53,,543914,5,0,34 52 53 8,1,6,,819446,5,0,28 54,1,12,,699385,5,0,34 52 53 8,1,12,,819452,5,0,28 54,1,12,,819451,5,0,34 52 53 8,1,52,,819482,5,0,28 54,1,12,,819454,5,0,34 52 53 8,1,12,,819453,5,0,28 54,1,12,,819461,5,0,34 52 53 8,1,12,,819466,5,0,28 54,1,52,,819457,5,0,34 52 53 8,1,12,,819460,5,0,28 54,1,12,,819501,5,0,34 52 53 8,1,12,,819459,5,0,28 54,1,12,,819447,5,0,34 52 53 8,1,7,,819462,5,0,28 54,1,52,,819433,5,0,34 52 53 8,1,12,,615526,5,0,28 54,1,12,,819475,5,0,34 52 53 8,1,12,,710587,5,0,28 54,1,12,,819434,5,0,34 52 53 8,1,52,,819495,5,0,28 54,1,12,,819465,5,0,34 52 53 8,1,12,,819439,5,0,28 54,1,12,,819472,5,0,34 52 53 8,1,12,,819496,5,0,28 54,1,52,,819480,5,0,34 52 53 8,1,12,,615017,5,0,28 54,1,12,,819506,5,0,34 52 53 8,1,12,,819508,5,0,28 54,1,57,,819469,5,0,34 52 53 8,1,7,,819486,5,0,28 54,1
7303,'5',457,,819566,5,0,28 54,1,63,,819589,5,0,28 54,1,30,,819559,5,0,28 54,1,52,,819585,5,0,34 52 53 8,1,12,,819519,5,0,28 54,1,12,,711709,5,0,34 52 53 8,1,12,,768092,5,0,28 54,1,12,,819555,5,0,34 52 53 8,1,52,,767764,5,0,28 54,1,12,,819511,5,0,34 52 53 8,1,12,,755934,5,0,28 54,1,12,,819568,5,0,34 52 53 8,1,10,,819570,5,0,28 54,1,10,,819521,5,0,34 52 53 8,1,49,,708922,5,0,28 54,1,11,,819545,5,0,34 52 53 8,1,11,,819522,5,0,28 54,1,11,,740206,5,0,34 52 53 8,1,11,,819588,5,0,28 54,1,51,,819546,5,0,34 52 53 8,1,11,,819564,5,0,28 54,1,11,,819577,5,0,34 52 53 8,1,11,,762389,5,0,28 54,1,11,,819509,5,0,34 52 53 8,1,9,,819535,5,0,28 54,1,51,,754455,5,0,34 52 53 8,1,3,,768595,5,0,28 54,1,9,,819561,5,0,34 52 53 8,1,12,,819556,5,0,28 54,1,12,,819591,5,0,34 52 53 8,1,12,,819544,5,0,28 54,1,52,,819534,5,0,34 52 53 8,1,12,,819557,5,0,28 54,1,12,,819528,5,0,34 52 53 8,1,12,,819542,5,0,28 54,1,12,,819540,5,0,34 52 53 8,1,52,,819531,5,0,28 54,1,12,,819523,5,0,34 52 53 8,1,12,,819575,5,0,28 54,1,12,,819533,5,0,34 52 53 8,1,12,,819587,5,0,28 54,1,52,,742034,5,0,34 52 53 8,1,12,,819553,5,0,28 54,1,12,,819512,5,0,34 52 53 8,1,12,,721247,5,0,28 54,1,12,,819578,5,0,34 52 53 8,1,52,,819526,5,0,28 54,1,12,,819560,5,0,34 52 53 8,1,12,,819532,5,0,28 54,1,12,,819563,5,0,34 52 53 8,1,12,,819524,5,0,28 54,1,52,,819581,5,0,34 52 53 8,1,12,,819592,5,0,28 54,1,12,,819513,5,0,34 52 53 8,1,12,,819537,5,0,28 54,1,12,,819543,5,0,34 52 53 8,1,52,,819518,5,0,28 54,1,12,,819582,5,0,34 52 53 8,1,12,,819551,5,0,28 54,1,12,,768921,5,0,34 52 53 8,1,12,,819580,5,0,28 54,1,52,,819573,5,0,34 52 53 8,1,12,,696504,5,0,28 54,1,12,,819574,5,0,34 52 53 8,1,12,,819554,5,0,28 54,1,12,,819583,5,0,34 52 53 8,1,52,,819579,5,0,28 54,1,12,,671970,5,0,34 52 53 8,1,12,,819520,5,0,28 54,1,12,,819516,5,0,34 52 53 8,1,12,,819530,5,0,28 54,1,53,,819536,5,0,34 52 53 8,1,6,,819569,5,0,28 54,1,12,,819576,5,0,34 52 53 8,1,12,,819571,5,0,28 54,1,12,,819547,5,0,34 52 53 8,1,52,,819584,5,0,28 54,1,12,,819517,5,0,34 52 53 8,1,12,,819539,5,0,28 54,1,12,,819549,5,0,34 52 53 8,1,12,,819552,5,0,28 54,1,52,,819510,5,0,34 52 53 8,1,12,,819541,5,0,28 54,1,12,,819538,5,0,34 52 53 8,1,12,,819558,5,0,28 54,1,12,,819586,5,0,34 52 53 8,1,7,,819515,5,0,28 54,1,52,,819529,5,0,34 52 53 8,1,12,,819548,5,0,28 54,1,12,,760355,5,0,34 52 53 8,1,12,,778711,5,0,28 54,1,12,,819567,5,0,34 52 53 8,1,52,,654825,5,0,28 54,1,12,,819527,5,0,34 52 53 8,1,12,,622829,5,0,28 54,1,12,,819565,5,0,34 52 53 8,1,12,,749489,5,0,28 54,1,52,,819590,5,0,34 52 53 8,1,12,,819562,5,0,28 54,1,12,,819550,5,0,34 52 53 8,1,12,,819514,5,0,28 54,1,12,,819572,5,0,34 52 53 8,1,52,,819525,5,0,28 54,1
37303,'1',2529,,859560,5,0,11 12 9 3 73,1,25,,695174,5,0,11 12 9 3 73,1,70,,859561,5,0,11 12 9 3 73,1,30,,607031,5,0,11 12 9 3 73,1,70,,859559,5,0,11 12 9 3 73,1,30,,859563,5,0,11 12 9 3 73,1,70,,859562,5,0,11 12 9 3 73,1
37303,'2',2524,,859569,5,0,11 12 9 3 73,1,30,,859568,5,0,11 12 9 3 73,1,70,,859565,5,0,11 12 9 3 73,1,30,,859564,5,0,11 12 9 3 73,1,70,,770355,5,0,11 12 9 3 73,1,30,,859567,5,0,11 12 9 3 73,1,70,,859566,5,0,11 12 9 3 73,1
37303,'3',454,,859572,5,0,11 12 9 3 73,1,70,,859570,5,0,11 12 9 3 73,1,30,,859574,5,0,11 12 9 3 73,1,70,,859576,5,0,11 12 9 3 73,1,30,,758210,5,0,11 12 9 3 73,1,1885,,859573,5,0,11 12 9 3 73,1,65,,859577,5,0,11 12 9 3 73,1,30,,736817,5,0,11 12 9 3 73,1,70,,859571,5,0,11 12 9 3 73,1,30,,859578,5,0,11 12 9 3 73,1,70,,611731,5,0,11 12 9 3 73,1,30,,859575,5,0,11 12 9 3 73,1
37303,'5',2524,,859579,5,0,11 12 9 3 73,1,30,,736917,5,0,11 12 9 3 73,1,70,,859583,5,0,11 12 9 3 73,1,30,,859580,5,0,11 12 9 3 73,1,70,,859581,5,0,11 12 9 3 73,1,30,,762384,5,0,11 12 9 3 73,1,70,,859582,5,0,11 12 9 3 73,1
