8401,'1',534,,823848,19,0,96 15,1,15,,730769,19,0,96 15,1,52,,823942,19,0,96 15,1,10,,823937,19,0,96 15,1,10,,823978,19,0,96 15,1,10,,532240,19,0,96 15,1,5,,705639,34,0,96 15,1,5,,823909,19,0,96 15,1,5,,823853,35,0,96 15,1,5,,823974,19,0,96 15,1,5,,823914,34,0,96 15,1,45,,729183,19,0,96 15,1,5,,823855,35,0,96 15,1,3,,823959,19,0,96 15,1,5,,823939,34,0,96 15,1,5,,823884,19,0,96 15,1,4,,691011,35,0,96 15,1,5,,823858,19,0,96 15,1,4,,823854,34,0,96 15,1,5,,823973,19,0,96 15,1,5,,717336,35,0,96 15,1,5,,823968,19,0,96 15,1,5,,690357,34,0,96 15,1,5,,823947,19,0,96 15,1,45,,823874,35,0,96 15,1,5,,823984,19,0,96 15,1,5,,823916,34,0,96 15,1,5,,823883,19,0,96 15,1,5,,823913,35,0,96 15,1,5,,823869,19,0,96 15,1,5,,823863,34,0,96 15,1,5,,662652,19,0,96 15,1,5,,823962,35,0,96 15,1,5,,823850,19,0,96 15,1,5,,823890,34,0,96 15,1,5,,823958,19,0,96 15,1,45,,823903,35,0,96 15,1,5,,748887,19,0,96 15,1,4,,823949,34,0,96 15,1,4,,823852,19,0,96 15,1,5,,823905,35,0,96 15,1,5,,823910,19,0,96 15,1,5,,823885,34,0,96 15,1,5,,823847,19,0,96 15,1,5,,823918,35,0,96 15,1,5,,823915,19,0,96 15,1,5,,823871,34,0,96 15,1,5,,614009,19,0,96 15,1,45,,823943,35,0,96 15,1,5,,823936,19,0,96 15,1,7,,823927,19,0,96 15,1,7,,823899,19,0,96 15,1,7,,607196,19,0,96 15,1,7,,823986,19,0,96 15,1,7,,823983,19,0,96 15,1,7,,823964,19,0,96 15,1,7,,823933,19,0,96 15,1,47,,823866,19,0,96 15,1,7,,823900,19,0,96 15,1,7,,771994,19,0,96 15,1,7,,823920,19,0,96 15,1,7,,823898,19,0,96 15,1,7,,823907,19,0,96 15,1,7,,823950,19,0,96 15,1,7,,757735,19,0,96 15,1,7,,714800,19,0,96 15,1,47,,823954,19,0,96 15,1,7,,823975,19,0,96 15,1,7,,823940,19,0,96 15,1,7,,823924,19,0,96 15,1,7,,823888,19,0,96 15,1,7,,774654,19,0,96 15,1,7,,823925,19,0,96 15,1,7,,655779,19,0,96 15,1,47,,823917,19,0,96 15,1,7,,823957,19,0,96 15,1,7,,823926,19,0,96 15,1,7,,823932,19,0,96 15,1,7,,823967,19,0,96 15,1,7,,823981,19,0,96 15,1,7,,767325,19,0,96 15,1,7,,823896,19,0,96 15,1,7,,823979,19,0,96 15,1,48,,823902,19,0,96 15,1,7,,823868,19,0,96 15,1,9,,823865,19,0,96 15,1,7,,823886,19,0,96 15,1,7,,665245,19,0,96 15,1,7,,823897,19,0,96 15,1,7,,773334,19,0,96 15,1,7,,709964,19,0,96 15,1,47,,823956,19,0,96 15,1,7,,823985,19,0,96 15,1,3,,823911,20,0,96 15,1,1,,823982,35,0,96 15,1,7,,823987,19,0,96 15,1,2,,823879,20,0,96 15,1,6,,823928,19,0,96 15,1,7,,823971,19,0,96 15,1,8,,823878,35,0,96 15,1,7,,823934,19,0,96 15,1,8,,823966,34,0,96 15,1,47,,599840,19,0,96 15,1,8,,823892,35,0,96 15,1,7,,823859,19,0,96 15,1,8,,717005,34,0,96 15,1,7,,771939,19,0,96 15,1,8,,758373,35,0,96 15,1,7,,654230,19,0,96 15,1,8,,823980,34,0,96 15,1,47,,823873,19,0,96 15,1,8,,758310,35,0,96 15,1,7,,823891,19,0,96 15,1,8,,751555,34,0,96 15,1,7,,823931,19,0,96 15,1,8,,742444,35,0,96 15,1,7,,823870,34,0,96 15,1,8,,752016,19,0,96 15,1,47,,823961,19,0,96 15,1,8,,823946,35,0,96 15,1,7,,754793,34,0,96 15,1,8,,694988,19,0,96 15,1,7,,823921,19,0,96 15,1,6,,823908,35,0,96 15,1,4,,823851,19,0,96 15,1,3,,823944,34,0,96 15,1,8,,823864,19,0,96 15,1,47,,823953,19,0,96 15,1,8,,823969,19,0,96 15,1,7,,823856,34,0,96 15,1,8,,779515,19,0,96 15,1,7,,823881,19,0,96 15,1,7,,823977,19,0,96 15,1,7,,823882,19,0,96 15,1,7,,729971,19,0,96 15,1,47,,823972,19,0,96 15,1,7,,823935,19,0,96 15,1,7,,823894,19,0,96 15,1,7,,649350,19,0,96 15,1,7,,823948,19,0,96 15,1,7,,823912,19,0,96 15,1,7,,823895,19,0,96 15,1,7,,823922,19,0,96 15,1,7,,823976,19,0,96 15,1,47,,823955,19,0,96 15,1,7,,823877,19,0,96 15,1,7,,823849,19,0,96 15,1,7,,823970,19,0,96 15,1,6,,823876,19,0,96 15,1,7,,823945,19,0,96 15,1,6,,823923,19,0,96 15,1,7,,823872,19,0,96 15,1,7,,823861,19,0,96 15,1,50,,823960,19,0,96 15,1,10,,823941,19,0,96 15,1,10,,823952,19,0,96 15,1,10,,823887,19,0,96 15,1,10,,823938,19,0,96 15,1,10,,823965,19,0,96 15,1,50,,823963,19,0,96 15,1,10,,823919,19,0,96 15,1,10,,823875,19,0,96 15,1,10,,823862,19,0,96 15,1,10,,823951,19,0,96 15,1,10,,670182,19,0,96 15,1,50,,746979,19,0,96 15,1,10,,823930,19,0,96 15,1,10,,713915,19,0,96 15,1,10,,823901,19,0,96 15,1,10,,610048,19,0,96 15,1,10,,665654,19,0,96 15,1,50,,737074,19,0,96 15,1,10,,823860,19,0,96 15,1,10,,823880,19,0,96 15,1,11,,823929,19,0,96 15,1,13,,823857,19,0,96 15,1,55,,823889,19,0,96 15,1,15,,823904,19,0,96 15,1
8401,'2',534,,824103,19,0,96 15,1,15,,524979,19,0,96 15,1,51,,824082,19,0,96 15,1,8,,824053,19,0,96 15,1,8,,718318,19,0,96 15,1,8,,823997,19,0,96 15,1,8,,739719,19,0,96 15,1,8,,824009,19,0,96 15,1,8,,824018,19,0,96 15,1,8,,824041,19,0,96 15,1,48,,824076,19,0,96 15,1,8,,824050,19,0,96 15,1,8,,824111,19,0,96 15,1,8,,824039,19,0,96 15,1,8,,824036,19,0,96 15,1,8,,824027,19,0,96 15,1,8,,824092,19,0,96 15,1,49,,824080,19,0,96 15,1,8,,824110,19,0,96 15,1,8,,824073,19,0,96 15,1,8,,680817,19,0,96 15,1,8,,624057,19,0,96 15,1,9,,824071,19,0,96 15,1,8,,824020,19,0,96 15,1,8,,824051,19,0,96 15,1,48,,824054,19,0,96 15,1,8,,824090,19,0,96 15,1,9,,824124,19,0,96 15,1,8,,824060,19,0,96 15,1,8,,716273,19,0,96 15,1,8,,824100,19,0,96 15,1,8,,824062,19,0,96 15,1,48,,824031,19,0,96 15,1,8,,731147,19,0,96 15,1,8,,824123,19,0,96 15,1,8,,707443,19,0,96 15,1,8,,625886,19,0,96 15,1,8,,824058,19,0,96 15,1,8,,824083,19,0,96 15,1,8,,824026,19,0,96 15,1,48,,670069,19,0,96 15,1,8,,824085,19,0,96 15,1,8,,824025,19,0,96 15,1,7,,824077,19,0,96 15,1,8,,824016,19,0,96 15,1,8,,824030,19,0,96 15,1,8,,824093,19,0,96 15,1,48,,690053,19,0,96 15,1,7,,698688,19,0,96 15,1,6,,702407,19,0,96 15,1,6,,824099,19,0,96 15,1,6,,824114,19,0,96 15,1,6,,824007,19,0,96 15,1,6,,824008,19,0,96 15,1,6,,824104,19,0,96 15,1,6,,824000,19,0,96 15,1,6,,824115,19,0,96 15,1,46,,823989,19,0,96 15,1,6,,740409,19,0,96 15,1,6,,824034,19,0,96 15,1,6,,823988,19,0,96 15,1,6,,823999,19,0,96 15,1,6,,740386,19,0,96 15,1,6,,824045,19,0,96 15,1,6,,824040,19,0,96 15,1,6,,824120,19,0,96 15,1,6,,824112,19,0,96 15,1,46,,824088,19,0,96 15,1,6,,824046,19,0,96 15,1,6,,824091,19,0,96 15,1,6,,824044,19,0,96 15,1,6,,823996,19,0,96 15,1,6,,824086,19,0,96 15,1,6,,824122,19,0,96 15,1,6,,824109,19,0,96 15,1,6,,824015,19,0,96 15,1,6,,823995,19,0,96 15,1,46,,824069,19,0,96 15,1,6,,824107,19,0,96 15,1,6,,824113,19,0,96 15,1,6,,707101,19,0,96 15,1,6,,824121,19,0,96 15,1,6,,824052,19,0,96 15,1,6,,824072,19,0,96 15,1,6,,824049,19,0,96 15,1,6,,743107,19,0,96 15,1,6,,824037,19,0,96 15,1,46,,823991,19,0,96 15,1,6,,824003,19,0,96 15,1,6,,739662,19,0,96 15,1,6,,823993,19,0,96 15,1,6,,824106,19,0,96 15,1,6,,824019,19,0,96 15,1,6,,824010,19,0,96 15,1,6,,824033,19,0,96 15,1,6,,824117,19,0,96 15,1,6,,564455,19,0,96 15,1,46,,824061,19,0,96 15,1,6,,824070,19,0,96 15,1,6,,824079,19,0,96 15,1,6,,708043,19,0,96 15,1,6,,824074,19,0,96 15,1,6,,824012,19,0,96 15,1,6,,824116,19,0,96 15,1,6,,824081,19,0,96 15,1,6,,824057,19,0,96 15,1,6,,824005,19,0,96 15,1,46,,824002,19,0,96 15,1,6,,824042,19,0,96 15,1,6,,823994,19,0,96 15,1,6,,824047,19,0,96 15,1,7,,823998,19,0,96 15,1,6,,824118,19,0,96 15,1,7,,824024,19,0,96 15,1,6,,824043,19,0,96 15,1,6,,824105,19,0,96 15,1,5,,824095,19,0,96 15,1,47,,824021,19,0,96 15,1,7,,824059,19,0,96 15,1,6,,824101,19,0,96 15,1,8,,824029,19,0,96 15,1,8,,824096,19,0,96 15,1,8,,824013,19,0,96 15,1,8,,824028,19,0,96 15,1,8,,824089,19,0,96 15,1,48,,824065,19,0,96 15,1,8,,824075,19,0,96 15,1,8,,742663,19,0,96 15,1,8,,824048,19,0,96 15,1,8,,824032,19,0,96 15,1,8,,824067,19,0,96 15,1,8,,614390,19,0,96 15,1,48,,823990,19,0,96 15,1,8,,824056,19,0,96 15,1,8,,824004,19,0,96 15,1,8,,824084,19,0,96 15,1,8,,824014,19,0,96 15,1,8,,824001,19,0,96 15,1,8,,681450,19,0,96 15,1,8,,824063,19,0,96 15,1,48,,760203,19,0,96 15,1,10,,824087,19,0,96 15,1,9,,726748,19,0,96 15,1,9,,824017,19,0,96 15,1,10,,824094,19,0,96 15,1,9,,824108,19,0,96 15,1,50,,824055,19,0,96 15,1,9,,824066,19,0,96 15,1,10,,824064,19,0,96 15,1,9,,824011,19,0,96 15,1,10,,709711,19,0,96 15,1,9,,705769,19,0,96 15,1,50,,760163,19,0,96 15,1,9,,824097,19,0,96 15,1,10,,824038,19,0,96 15,1,9,,824035,19,0,96 15,1,10,,824102,19,0,96 15,1,9,,692280,19,0,96 15,1,10,,824119,19,0,96 15,1,49,,824023,19,0,96 15,1,10,,824006,19,0,96 15,1,9,,824078,19,0,96 15,1,14,,824068,19,0,96 15,1,13,,823992,19,0,96 15,1,55,,824022,19,0,96 15,1,15,,824098,19,0,96 15,1
8401,'3',734,,824170,19,0,96 15,1,10,,824173,19,0,96 15,1,9,,824184,19,0,96 15,1,48,,824159,19,0,96 15,1,10,,824146,19,0,96 15,1,10,,824230,19,0,96 15,1,8,,824135,19,0,96 15,1,9,,824229,19,0,96 15,1,8,,738159,19,0,96 15,1,9,,824197,19,0,96 15,1,48,,717793,19,0,96 15,1,9,,824207,19,0,96 15,1,8,,750668,19,0,96 15,1,9,,755385,19,0,96 15,1,8,,824200,19,0,96 15,1,9,,824144,19,0,96 15,1,8,,773903,19,0,96 15,1,49,,824185,19,0,96 15,1,8,,824211,19,0,96 15,1,9,,824161,19,0,96 15,1,8,,824191,19,0,96 15,1,9,,703649,19,0,96 15,1,8,,824181,19,0,96 15,1,9,,824165,19,0,96 15,1,48,,824149,19,0,96 15,1,9,,824174,19,0,96 15,1,8,,824155,19,0,96 15,1,9,,717126,19,0,96 15,1,8,,824218,19,0,96 15,1,9,,824205,19,0,96 15,1,8,,824203,19,0,96 15,1,48,,824125,19,0,96 15,1,8,,824152,19,0,96 15,1,8,,704695,19,0,96 15,1,7,,824150,19,0,96 15,1,8,,824158,19,0,96 15,1,7,,824167,19,0,96 15,1,8,,824180,19,0,96 15,1,7,,824190,19,0,96 15,1,48,,824139,19,0,96 15,1,7,,824177,19,0,96 15,1,8,,824217,19,0,96 15,1,7,,824213,19,0,96 15,1,8,,824228,19,0,96 15,1,7,,824187,19,0,96 15,1,8,,824189,19,0,96 15,1,7,,824204,19,0,96 15,1,48,,694668,19,0,96 15,1,7,,824162,19,0,96 15,1,8,,824233,19,0,96 15,1,7,,824214,19,0,96 15,1,8,,824160,19,0,96 15,1,7,,824210,19,0,96 15,1,8,,824178,19,0,96 15,1,7,,824156,19,0,96 15,1,48,,824126,19,0,96 15,1,7,,824166,19,0,96 15,1,8,,824127,19,0,96 15,1,7,,824130,19,0,96 15,1,8,,824154,19,0,96 15,1,7,,824183,19,0,96 15,1,8,,824164,19,0,96 15,1,7,,824194,19,0,96 15,1,48,,824153,19,0,96 15,1,7,,824179,19,0,96 15,1,8,,762113,19,0,96 15,1,7,,824209,19,0,96 15,1,8,,824186,19,0,96 15,1,7,,824169,19,0,96 15,1,8,,824141,19,0,96 15,1,7,,824182,19,0,96 15,1,48,,741065,19,0,96 15,1,7,,754414,19,0,96 15,1,8,,824140,19,0,96 15,1,7,,824202,19,0,96 15,1,8,,824138,19,0,96 15,1,7,,824136,19,0,96 15,1,8,,824199,19,0,96 15,1,7,,824148,19,0,96 15,1,48,,824142,19,0,96 15,1,7,,824137,19,0,96 15,1,8,,824206,19,0,96 15,1,7,,824201,19,0,96 15,1,8,,824157,19,0,96 15,1,7,,824131,19,0,96 15,1,8,,824175,19,0,96 15,1,8,,824226,19,0,96 15,1,49,,824143,19,0,96 15,1,9,,824208,19,0,96 15,1,9,,824128,19,0,96 15,1,10,,824134,19,0,96 15,1,9,,824215,19,0,96 15,1,10,,824196,19,0,96 15,1,50,,824168,19,0,96 15,1,10,,824216,19,0,96 15,1,9,,729269,19,0,96 15,1,10,,824234,19,0,96 15,1,10,,824227,19,0,96 15,1,10,,824163,19,0,96 15,1,9,,824176,19,0,96 15,1,50,,695453,19,0,96 15,1,10,,737287,19,0,96 15,1,10,,824223,19,0,96 15,1,9,,734357,19,0,96 15,1,10,,824225,19,0,96 15,1,10,,824193,19,0,96 15,1,49,,824147,19,0,96 15,1,7,,824172,19,0,96 15,1,10,,824222,19,0,96 15,1,9,,744904,19,0,96 15,1,10,,824151,19,0,96 15,1,9,,824132,19,0,96 15,1,50,,699463,19,0,96 15,1,9,,824224,19,0,96 15,1,10,,824188,19,0,96 15,1,9,,824195,19,0,96 15,1,10,,824171,19,0,96 15,1,9,,824220,19,0,96 15,1,10,,716812,19,0,96 15,1,49,,744630,19,0,96 15,1,10,,692341,19,0,96 15,1,9,,824198,19,0,96 15,1,10,,824129,19,0,96 15,1,9,,824212,19,0,96 15,1,10,,824219,19,0,96 15,1,49,,824192,19,0,96 15,1,10,,824221,19,0,96 15,1,9,,824133,19,0,96 15,1,14,,712460,19,0,96 15,1,14,,824231,19,0,96 15,1,55,,824145,19,0,96 15,1,15,,824232,19,0,96 15,1
8401,'5',534,,824248,19,0,96 15,1,10,,824246,19,0,96 15,1,10,,824265,19,0,96 15,1,50,,824307,19,0,96 15,1,10,,824337,19,0,96 15,1,10,,824262,19,0,96 15,1,10,,824277,19,0,96 15,1,10,,824306,19,0,96 15,1,10,,824314,19,0,96 15,1,50,,824312,19,0,96 15,1,10,,824317,19,0,96 15,1,10,,769074,19,0,96 15,1,10,,824250,19,0,96 15,1,10,,824254,19,0,96 15,1,9,,824300,19,0,96 15,1,48,,617056,19,0,96 15,1,10,,824311,19,0,96 15,1,10,,824253,19,0,96 15,1,8,,824339,19,0,96 15,1,9,,767982,19,0,96 15,1,8,,824290,19,0,96 15,1,9,,824251,19,0,96 15,1,48,,824291,19,0,96 15,1,9,,824335,19,0,96 15,1,8,,824260,19,0,96 15,1,9,,824325,19,0,96 15,1,8,,824318,19,0,96 15,1,9,,824271,19,0,96 15,1,8,,824293,19,0,96 15,1,49,,824261,19,0,96 15,1,8,,767882,19,0,96 15,1,9,,721044,19,0,96 15,1,8,,824301,19,0,96 15,1,9,,713308,19,0,96 15,1,8,,739132,19,0,96 15,1,9,,647383,19,0,96 15,1,48,,748819,19,0,96 15,1,9,,735894,19,0,96 15,1,8,,824288,19,0,96 15,1,9,,727190,19,0,96 15,1,8,,824338,19,0,96 15,1,9,,824296,19,0,96 15,1,8,,704739,19,0,96 15,1,48,,824264,19,0,96 15,1,8,,824244,19,0,96 15,1,8,,824240,19,0,96 15,1,7,,824343,19,0,96 15,1,8,,824285,19,0,96 15,1,7,,824279,19,0,96 15,1,8,,753819,19,0,96 15,1,7,,824332,19,0,96 15,1,48,,824316,19,0,96 15,1,7,,529809,19,0,96 15,1,8,,824245,19,0,96 15,1,7,,824331,19,0,96 15,1,8,,824324,19,0,96 15,1,7,,824326,19,0,96 15,1,8,,766926,19,0,96 15,1,7,,824289,19,0,96 15,1,48,,630066,19,0,96 15,1,7,,824342,19,0,96 15,1,8,,824238,19,0,96 15,1,7,,705537,19,0,96 15,1,8,,824267,19,0,96 15,1,7,,824241,19,0,96 15,1,8,,824272,19,0,96 15,1,7,,824341,19,0,96 15,1,48,,734935,19,0,96 15,1,7,,606820,19,0,96 15,1,8,,824344,19,0,96 15,1,7,,824333,19,0,96 15,1,8,,714613,19,0,96 15,1,7,,824292,19,0,96 15,1,8,,824280,19,0,96 15,1,7,,824328,19,0,96 15,1,48,,748348,19,0,96 15,1,7,,718634,19,0,96 15,1,8,,824310,19,0,96 15,1,7,,824327,19,0,96 15,1,8,,824319,19,0,96 15,1,7,,824298,19,0,96 15,1,8,,824243,19,0,96 15,1,7,,824255,19,0,96 15,1,48,,824304,19,0,96 15,1,7,,824303,19,0,96 15,1,4,,708360,19,0,96 15,1,4,,824237,19,0,96 15,1,7,,824273,19,0,96 15,1,8,,824275,19,0,96 15,1,7,,754235,19,0,96 15,1,8,,824239,19,0,96 15,1,7,,745469,19,0,96 15,1,48,,824309,19,0,96 15,1,7,,824276,19,0,96 15,1,8,,824313,19,0,96 15,1,7,,695500,19,0,96 15,1,8,,697680,19,0,96 15,1,7,,695798,19,0,96 15,1,8,,824315,19,0,96 15,1,8,,824236,19,0,96 15,1,49,,824340,19,0,96 15,1,9,,824258,19,0,96 15,1,9,,824284,19,0,96 15,1,10,,824294,19,0,96 15,1,9,,824287,19,0,96 15,1,10,,824269,19,0,96 15,1,50,,695125,19,0,96 15,1,10,,824268,19,0,96 15,1,9,,824263,19,0,96 15,1,10,,824235,19,0,96 15,1,10,,824295,19,0,96 15,1,10,,824249,19,0,96 15,1,9,,824336,19,0,96 15,1,50,,824334,19,0,96 15,1,10,,824257,19,0,96 15,1,10,,657068,19,0,96 15,1,9,,824323,19,0,96 15,1,10,,824281,19,0,96 15,1,10,,824247,19,0,96 15,1,49,,824322,19,0,96 15,1,7,,824302,19,0,96 15,1,10,,824259,19,0,96 15,1,9,,824329,19,0,96 15,1,10,,692927,19,0,96 15,1,9,,824274,19,0,96 15,1,50,,824282,19,0,96 15,1,9,,824308,19,0,96 15,1,10,,767956,19,0,96 15,1,9,,824321,19,0,96 15,1,10,,824320,19,0,96 15,1,9,,824270,19,0,96 15,1,10,,752517,19,0,96 15,1,49,,824330,19,0,96 15,1,10,,824299,19,0,96 15,1,9,,824252,19,0,96 15,1,10,,824286,19,0,96 15,1,9,,824278,19,0,96 15,1,10,,700997,19,0,96 15,1,49,,824266,19,0,96 15,1,10,,743897,19,0,96 15,1,9,,824242,19,0,96 15,1,14,,824297,19,0,96 15,1,14,,824283,19,0,96 15,1,55,,824256,19,0,96 15,1,15,,824305,19,0,96 15,1
10103,'1',527,,835358,23,0,16 250 8,1,29,,727985,23,0,16 250 8,1,70,,835352,22,0,16 250 8,1,30,,835371,22,0,16 250 8,1,70,,684514,22,0,16 250 8,1,20,,755688,22,0,16 250 8,1,60,,835346,22,0,16 250 8,1,15,,835363,22,0,16 250 8,1,27,,835365,22,0,16 250 8,1,68,,835348,22,0,16 250 8,1,28,,835351,22,0,16 250 8,1,69,,835350,8,0,16 250 8,1,31,,835361,8,0,16 250 8,1,70,,835344,8,0,16 250 8,1,30,,835369,8,0,16 250 8,1,70,,835345,8,0,16 250 8,1,30,,750427,8,0,16 250 8,1,70,,775740,8,0,16 250 8,1,33,,835364,8,0,16 250 8,1,73,,835355,8,0,16 250 8,1,32,,778792,22,0,16 250 8,1,70,,835354,22,0,16 250 8,1,37,,835367,22,0,16 250 8,1,70,,835353,22,0,16 250 8,1,15,,724578,22,0,17 158 46 8,1,15,,584643,22,0,16 250 8,1,58,,688483,8,0,17 158 46 8,1,12,,835374,22,0,16 250 8,1,30,,764355,22,0,16 250 8,1,71,,835372,22,0,16 250 8,1,70,,835343,22,0,16 250 8,1,15,,835368,22,0,16 250 8,1,21,,835356,22,0,16 250 8,1,78,,835362,8,0,16 250 8,1,30,,835347,8,0,16 250 8,1,70,,835357,8,0,16 250 8,1,33,,835359,8,0,16 250 8,1,73,,835370,8,0,16 250 8,1,31,,835349,8,0,16 250 8,1,71,,835366,8,0,16 250 8,1,30,,754772,8,0,16 250 8,1,72,,835373,8,0,16 250 8,1,31,,760736,8,0,16 250 8,1
10103,'2',537,,766398,8,0,16 250 8,1,73,,835409,8,0,16 250 8,1,30,,835381,8,0,16 250 8,1,70,,739355,8,0,16 250 8,1,30,,835386,8,0,16 250 8,1,70,,835395,8,0,16 250 8,1,30,,835396,8,0,16 250 8,1,70,,835390,8,0,16 250 8,1,31,,835408,8,0,16 250 8,1,72,,835376,8,0,16 250 8,1,30,,835382,8,0,16 250 8,1,71,,835407,8,0,16 250 8,1,30,,712718,8,0,16 250 8,1,70,,835404,8,0,16 250 8,1,30,,835403,8,0,16 250 8,1,70,,835405,8,0,16 250 8,1,30,,835394,8,0,16 250 8,1,70,,705312,8,0,16 250 8,1,30,,835392,8,0,16 250 8,1,70,,835379,8,0,16 250 8,1,30,,835377,8,0,16 250 8,1,70,,835393,8,0,16 250 8,1,30,,835385,8,0,16 250 8,1,70,,835397,8,0,16 250 8,1,30,,835380,8,0,16 250 8,1,70,,835389,8,0,16 250 8,1,30,,835383,8,0,16 250 8,1,70,,835375,8,0,16 250 8,1,30,,835402,8,0,16 250 8,1,70,,835387,8,0,16 250 8,1,31,,835398,8,0,16 250 8,1,72,,755738,8,0,16 250 8,1,32,,835401,8,0,16 250 8,1,73,,835384,8,0,16 250 8,1,30,,835400,8,0,16 250 8,1,70,,835391,8,0,16 250 8,1,30,,835406,8,0,16 250 8,1,71,,835378,8,0,16 250 8,1,31,,835410,8,0,16 250 8,1
10103,'3',729,,835427,8,0,16 250 8,1,73,,835430,8,0,16 250 8,1,11,,668842,8,0,16 250 8,1,30,,835417,8,0,16 250 8,1,68,,835441,8,0,16 250 8,1,33,,835415,8,0,16 250 8,1,69,,707820,8,0,16 250 8,1,30,,835432,8,0,16 250 8,1,71,,835411,8,0,16 250 8,1,30,,835443,8,0,16 250 8,1,70,,835438,8,0,16 250 8,1,30,,835418,8,0,16 250 8,1,70,,835412,8,0,16 250 8,1,30,,835436,8,0,16 250 8,1,70,,835434,8,0,16 250 8,1,30,,835419,8,0,16 250 8,1,70,,835421,8,0,16 250 8,1,30,,835423,8,0,16 250 8,1,70,,835433,8,0,16 250 8,1,30,,835414,8,0,16 250 8,1,70,,835416,8,0,16 250 8,1,30,,835422,8,0,16 250 8,1,70,,835442,8,0,16 250 8,1,30,,768357,8,0,16 250 8,1,70,,835413,8,0,16 250 8,1,30,,835439,8,0,16 250 8,1,70,,835425,8,0,16 250 8,1,31,,835429,8,0,16 250 8,1,72,,835435,8,0,16 250 8,1,32,,835437,8,0,16 250 8,1,73,,835440,8,0,16 250 8,1,30,,835420,8,0,16 250 8,1,70,,835426,8,0,16 250 8,1,27,,835428,8,0,16 250 8,1,72,,835424,8,0,16 250 8,1,33,,725937,8,0,16 250 8,1
10103,'5',537,,835448,8,0,16 250 8,1,73,,586756,8,0,16 250 8,1,30,,835467,8,0,16 250 8,1,71,,708849,8,0,16 250 8,1,30,,835454,8,0,16 250 8,1,72,,835474,8,0,16 250 8,1,30,,835456,8,0,16 250 8,1,68,,835469,8,0,16 250 8,1,32,,835475,8,0,16 250 8,1,70,,835447,8,0,16 250 8,1,30,,631197,8,0,16 250 8,1,71,,835446,8,0,16 250 8,1,30,,835465,8,0,16 250 8,1,70,,835473,8,0,16 250 8,1,30,,573408,8,0,16 250 8,1,70,,835451,8,0,16 250 8,1,30,,835450,8,0,16 250 8,1,70,,835445,8,0,16 250 8,1,30,,760384,8,0,16 250 8,1,70,,835461,8,0,16 250 8,1,30,,835472,8,0,16 250 8,1,70,,835453,8,0,16 250 8,1,30,,835459,8,0,16 250 8,1,70,,835471,8,0,16 250 8,1,30,,619956,8,0,16 250 8,1,70,,835462,8,0,16 250 8,1,30,,835463,8,0,16 250 8,1,70,,835470,8,0,16 250 8,1,30,,835458,8,0,16 250 8,1,70,,740726,8,0,16 250 8,1,31,,700973,8,0,16 250 8,1,72,,835466,8,0,16 250 8,1,32,,835444,8,0,16 250 8,1,73,,835468,8,0,16 250 8,1,30,,835460,8,0,16 250 8,1,70,,835457,8,0,16 250 8,1,27,,835464,8,0,16 250 8,1,72,,835452,8,0,16 250 8,1,33,,835449,8,0,16 250 8,1
10601,'1',535,,777218,18,0,44 250 15,1,20,,837844,18,0,44 250 15,1,58,,837895,18,0,44 250 15,1,18,,837897,18,0,44 250 15,1,18,,753287,18,0,44 250 15,1,58,,837887,18,0,44 250 15,1,22,,837874,18,0,44 250 15,1,21,,837873,18,0,44 250 15,1,56,,837853,18,0,44 250 15,1,16,,664598,18,0,44 250 15,1,16,,837877,18,0,44 250 15,1,16,,837863,18,0,44 250 15,1,56,,743992,18,0,44 250 15,1,15,,751764,18,0,44 250 15,1,15,,837866,18,0,44 250 15,1,17,,837843,18,0,44 250 15,1,60,,837881,18,0,44 250 15,1,20,,837857,18,0,44 250 15,1,20,,837846,18,0,44 250 15,1,60,,837871,18,0,44 250 15,1,20,,837879,18,0,44 250 15,1,20,,837896,18,0,44 250 15,1,60,,837845,18,0,44 250 15,1,20,,837859,18,0,44 250 15,1,20,,837848,18,0,44 250 15,1,60,,837856,18,0,44 250 15,1,20,,837875,18,0,44 250 15,1,20,,837852,18,0,44 250 15,1,60,,837860,18,0,44 250 15,1,22,,710501,18,0,44 250 15,1,61,,837840,18,0,44 250 15,1,18,,837851,18,0,44 250 15,1,13,,837882,12,0,44 250 15,1,5,,837888,12,0,44 250 15,1,1,,837889,18,0,44 250 15,1,15,,837872,18,0,44 250 15,1,54,,837886,18,0,44 250 15,1,14,,735078,18,0,44 250 15,1,14,,837894,18,0,44 250 15,1,14,,664592,18,0,44 250 15,1,54,,837842,18,0,44 250 15,1,14,,837878,18,0,44 250 15,1,14,,837862,18,0,44 250 15,1,14,,837883,18,0,44 250 15,1,14,,837880,18,0,44 250 15,1,54,,837892,18,0,44 250 15,1,14,,837854,18,0,44 250 15,1,13,,837869,18,0,44 250 15,1,11,,667330,18,0,44 250 15,1,55,,837884,18,0,44 250 15,1,15,,837855,18,0,44 250 15,1,12,,837847,18,0,44 250 15,1,15,,837876,18,0,44 250 15,1,55,,837893,18,0,44 250 15,1,13,,837898,18,0,44 250 15,1,15,,837885,18,0,44 250 15,1,17,,837868,18,0,44 250 15,1,58,,837850,18,0,44 250 15,1,18,,837858,18,0,44 250 15,1,18,,837891,18,0,44 250 15,1,18,,837865,18,0,44 250 15,1,58,,725830,18,0,44 250 15,1,18,,635355,18,0,44 250 15,1,18,,748905,18,0,44 250 15,1,58,,837870,18,0,44 250 15,1,16,,837861,18,0,44 250 15,1,15,,837849,18,0,44 250 15,1,64,,837899,18,0,44 250 15,1,24,,837841,18,0,44 250 15,1,24,,837890,18,0,44 250 15,1,66,,765654,18,0,44 250 15,1,30,,641855,18,0,44 250 15,1,70,,837864,18,0,44 250 15,1,30,,837867,18,0,44 250 15,1
10601,'2',546,,837910,18,0,44 250 15,1,64,,754409,18,0,44 250 15,1,24,,837949,18,0,44 250 15,1,24,,837900,18,0,44 250 15,1,64,,837902,18,0,44 250 15,1,24,,710313,18,0,44 250 15,1,64,,837942,18,0,44 250 15,1,26,,837952,18,0,44 250 15,1,18,,837901,18,0,44 250 15,1,58,,837944,18,0,44 250 15,1,18,,837933,18,0,44 250 15,1,18,,837908,18,0,44 250 15,1,58,,837925,18,0,44 250 15,1,18,,837929,18,0,44 250 15,1,18,,837935,18,0,44 250 15,1,58,,756535,18,0,44 250 15,1,18,,738058,18,0,44 250 15,1,18,,837945,18,0,44 250 15,1,18,,837936,18,0,44 250 15,1,58,,738480,18,0,44 250 15,1,20,,837905,18,0,44 250 15,1,18,,837939,18,0,44 250 15,1,58,,837921,18,0,44 250 15,1,18,,837903,18,0,44 250 15,1,18,,837937,18,0,44 250 15,1,58,,837951,18,0,44 250 15,1,18,,837950,18,0,44 250 15,1,18,,837913,18,0,44 250 15,1,18,,837915,18,0,44 250 15,1,58,,837938,18,0,44 250 15,1,18,,837918,18,0,44 250 15,1,18,,837916,18,0,44 250 15,1,58,,837923,18,0,44 250 15,1,18,,837946,18,0,44 250 15,1,18,,538460,18,0,44 250 15,1,58,,837907,18,0,44 250 15,1,18,,837928,18,0,44 250 15,1,18,,747079,18,0,44 250 15,1,18,,837927,18,0,44 250 15,1,58,,837926,18,0,44 250 15,1,18,,837912,18,0,44 250 15,1,18,,837909,18,0,44 250 15,1,58,,837911,18,0,44 250 15,1,15,,837917,18,0,44 250 15,1,15,,837914,18,0,44 250 15,1,15,,837922,18,0,44 250 15,1,56,,837943,18,0,44 250 15,1,16,,837941,18,0,44 250 15,1,16,,837930,18,0,44 250 15,1,16,,752055,18,0,44 250 15,1,56,,837953,18,0,44 250 15,1,16,,746298,18,0,44 250 15,1,16,,837920,18,0,44 250 15,1,56,,727556,18,0,44 250 15,1,16,,837940,18,0,44 250 15,1,16,,837919,18,0,44 250 15,1,16,,634728,18,0,44 250 15,1,56,,837947,18,0,44 250 15,1,14,,563086,18,0,44 250 15,1,16,,837934,18,0,44 250 15,1,16,,837931,18,0,44 250 15,1,56,,837904,18,0,44 250 15,1,16,,837932,18,0,44 250 15,1,16,,765494,18,0,44 250 15,1,16,,649963,18,0,44 250 15,1,65,,837906,18,0,44 250 15,1,30,,837924,18,0,44 250 15,1,70,,837948,18,0,44 250 15,1,30,,769960,18,0,44 250 15,1
10601,'3',734,,837988,18,0,44 250 15,1,16,,837998,18,0,44 250 15,1,56,,837954,18,0,44 250 15,1,16,,837962,18,0,44 250 15,1,16,,837976,18,0,44 250 15,1,16,,753333,18,0,44 250 15,1,56,,838012,18,0,44 250 15,1,16,,735256,18,0,44 250 15,1,16,,837960,18,0,44 250 15,1,16,,726269,18,0,44 250 15,1,56,,759173,18,0,44 250 15,1,19,,838005,18,0,44 250 15,1,18,,837985,18,0,44 250 15,1,58,,837991,18,0,44 250 15,1,18,,837999,18,0,44 250 15,1,18,,837983,18,0,44 250 15,1,58,,650901,18,0,44 250 15,1,18,,837970,18,0,44 250 15,1,18,,837961,18,0,44 250 15,1,18,,837959,18,0,44 250 15,1,58,,837995,18,0,44 250 15,1,18,,837955,18,0,44 250 15,1,18,,838006,18,0,44 250 15,1,58,,838004,18,0,44 250 15,1,18,,671553,18,0,44 250 15,1,18,,837996,18,0,44 250 15,1,58,,668455,18,0,44 250 15,1,18,,757422,18,0,44 250 15,1,16,,838008,18,0,44 250 15,1,16,,838002,18,0,44 250 15,1,54,,837978,18,0,44 250 15,1,14,,838003,18,0,44 250 15,1,14,,837969,18,0,44 250 15,1,14,,837957,18,0,44 250 15,1,54,,837975,18,0,44 250 15,1,14,,705921,18,0,44 250 15,1,14,,837993,18,0,44 250 15,1,14,,837968,18,0,44 250 15,1,14,,837992,18,0,44 250 15,1,54,,837967,18,0,44 250 15,1,14,,837958,18,0,44 250 15,1,14,,838009,18,0,44 250 15,1,14,,838010,18,0,44 250 15,1,54,,838007,18,0,44 250 15,1,14,,837980,18,0,44 250 15,1,12,,838014,18,0,44 250 15,1,12,,837971,18,0,44 250 15,1,56,,837981,18,0,44 250 15,1,15,,710611,18,0,44 250 15,1,16,,837987,18,0,44 250 15,1,16,,837986,18,0,44 250 15,1,56,,837956,18,0,44 250 15,1,16,,837977,18,0,44 250 15,1,16,,837972,18,0,44 250 15,1,16,,837989,18,0,44 250 15,1,56,,838011,18,0,44 250 15,1,15,,837990,18,0,44 250 15,1,16,,837973,18,0,44 250 15,1,16,,838001,18,0,44 250 15,1,56,,837982,18,0,44 250 15,1,16,,837994,18,0,44 250 15,1,16,,837974,18,0,44 250 15,1,56,,838000,18,0,44 250 15,1,16,,837965,18,0,44 250 15,1,16,,837964,18,0,44 250 15,1,16,,837979,18,0,44 250 15,1,56,,838013,18,0,44 250 15,1,15,,837984,18,0,44 250 15,1,30,,837963,18,0,44 250 15,1,70,,837997,18,0,44 250 15,1,30,,837966,18,0,44 250 15,1
10601,'5',546,,735931,18,0,44 250 15,1,64,,838048,18,0,44 250 15,1,16,,838070,18,0,44 250 15,1,16,,838017,18,0,44 250 15,1,16,,838025,18,0,44 250 15,1,53,,838023,18,0,44 250 15,1,19,,838054,18,0,44 250 15,1,19,,838037,18,0,44 250 15,1,57,,838027,18,0,44 250 15,1,16,,742404,18,0,44 250 15,1,16,,838035,18,0,44 250 15,1,16,,838034,18,0,44 250 15,1,56,,838046,18,0,44 250 15,1,16,,838071,18,0,44 250 15,1,16,,838051,18,0,44 250 15,1,16,,838062,18,0,44 250 15,1,56,,838032,18,0,44 250 15,1,19,,838064,18,0,44 250 15,1,18,,838041,18,0,44 250 15,1,58,,838053,18,0,44 250 15,1,18,,838056,18,0,44 250 15,1,18,,838060,18,0,44 250 15,1,58,,553492,18,0,44 250 15,1,18,,838024,18,0,44 250 15,1,18,,838059,18,0,44 250 15,1,18,,838033,18,0,44 250 15,1,58,,771364,18,0,44 250 15,1,18,,838068,18,0,44 250 15,1,18,,752814,18,0,44 250 15,1,58,,838055,18,0,44 250 15,1,18,,838063,18,0,44 250 15,1,18,,838019,18,0,44 250 15,1,58,,838072,18,0,44 250 15,1,18,,838058,18,0,44 250 15,1,16,,838016,18,0,44 250 15,1,16,,650218,18,0,44 250 15,1,54,,719132,18,0,44 250 15,1,14,,838022,18,0,44 250 15,1,14,,838015,18,0,44 250 15,1,14,,838020,18,0,44 250 15,1,54,,838050,18,0,44 250 15,1,14,,757672,18,0,44 250 15,1,14,,838073,18,0,44 250 15,1,14,,838028,18,0,44 250 15,1,14,,710651,18,0,44 250 15,1,54,,838021,18,0,44 250 15,1,14,,838074,18,0,44 250 15,1,14,,838044,18,0,44 250 15,1,14,,730681,18,0,44 250 15,1,54,,766767,18,0,44 250 15,1,14,,731873,18,0,44 250 15,1,12,,838061,18,0,44 250 15,1,12,,838030,18,0,44 250 15,1,56,,838026,18,0,44 250 15,1,15,,838038,18,0,44 250 15,1,16,,838066,18,0,44 250 15,1,16,,838069,18,0,44 250 15,1,56,,838067,18,0,44 250 15,1,16,,719501,18,0,44 250 15,1,16,,607980,18,0,44 250 15,1,16,,838065,18,0,44 250 15,1,56,,838029,18,0,44 250 15,1,15,,838043,18,0,44 250 15,1,16,,617708,18,0,44 250 15,1,16,,693359,18,0,44 250 15,1,56,,838057,18,0,44 250 15,1,16,,838049,18,0,44 250 15,1,16,,736869,18,0,44 250 15,1,56,,838052,18,0,44 250 15,1,16,,838047,18,0,44 250 15,1,16,,838039,18,0,44 250 15,1,16,,838040,18,0,44 250 15,1,56,,838042,18,0,44 250 15,1,15,,838036,18,0,44 250 15,1,30,,838031,18,0,44 250 15,1,70,,838018,18,0,44 250 15,1,30,,838045,18,0,44 250 15,1
10801,'1',550,,838582,22,0,34 44 250 15,1,68,,734114,26,0,34 44 250 15,1,18,,838585,26,0,34 44 250 15,1,18,,699202,26,0,34 44 250 15,1,58,,838572,26,0,34 44 250 15,1,18,,838606,26,0,34 44 250 15,1,19,,838595,26,0,34 44 250 15,1,59,,838563,26,0,34 44 250 15,1,20,,838581,26,0,34 44 250 15,1,20,,838580,26,0,34 44 250 15,1,58,,757720,26,0,34 44 250 15,1,19,,838598,26,0,34 44 250 15,1,20,,838589,26,0,34 44 250 15,1,60,,677514,26,0,34 44 250 15,1,20,,838608,26,0,34 44 250 15,1,20,,838616,26,0,34 44 250 15,1,60,,838620,26,0,34 44 250 15,1,20,,699879,26,0,34 44 250 15,1,20,,838613,26,0,34 44 250 15,1,60,,838565,26,0,34 44 250 15,1,20,,666697,26,0,34 44 250 15,1,20,,838586,26,0,34 44 250 15,1,60,,838603,26,0,34 44 250 15,1,20,,838623,26,0,34 44 250 15,1,20,,838558,26,0,34 44 250 15,1,60,,752906,26,0,34 44 250 15,1,23,,838562,26,0,34 44 250 15,1,22,,756027,26,0,34 44 250 15,1,62,,838604,26,0,34 44 250 15,1,22,,744014,26,0,34 44 250 15,1,22,,838564,26,0,34 44 250 15,1,62,,738980,26,0,34 44 250 15,1,22,,838577,26,0,34 44 250 15,1,62,,706219,26,0,34 44 250 15,1,22,,838619,26,0,34 44 250 15,1,22,,838594,26,0,34 44 250 15,1,62,,838601,26,0,34 44 250 15,1,22,,838571,26,0,34 44 250 15,1,22,,735485,26,0,34 44 250 15,1,59,,838579,26,0,34 44 250 15,1,23,,838557,26,0,34 44 250 15,1,66,,838593,26,0,34 44 250 15,1,26,,838621,26,0,34 44 250 15,1,26,,750403,26,0,34 44 250 15,1,66,,696051,26,0,34 44 250 15,1,26,,838575,26,0,34 44 250 15,1,65,,838605,26,0,34 44 250 15,1,26,,728881,26,0,34 44 250 15,1,70,,717438,26,0,34 44 250 15,1,30,,838592,26,0,34 44 250 15,1,70,,838566,26,0,34 44 250 15,1,30,,838554,26,0,34 44 250 15,1,70,,838567,26,0,34 44 250 15,1
10801,'2',601,,838651,22,0,34 44 250 15,1,30,,838708,26,0,34 44 250 15,1,70,,838637,26,0,34 44 250 15,1,30,,838679,26,0,34 44 250 15,1,70,,838644,26,0,34 44 250 15,1,28,,838675,26,0,34 44 250 15,1,26,,838662,26,0,34 44 250 15,1,66,,838657,26,0,34 44 250 15,1,26,,838702,26,0,34 44 250 15,1,66,,838636,26,0,34 44 250 15,1,26,,838671,26,0,34 44 250 15,1,66,,838701,26,0,34 44 250 15,1,26,,838643,26,0,34 44 250 15,1,26,,690738,26,0,34 44 250 15,1,66,,838631,26,0,34 44 250 15,1,23,,838706,26,0,34 44 250 15,1,60,,838681,26,0,34 44 250 15,1,20,,838640,26,0,34 44 250 15,1,20,,838665,26,0,34 44 250 15,1,60,,838694,26,0,34 44 250 15,1,20,,838668,26,0,34 44 250 15,1,20,,838699,26,0,34 44 250 15,1,60,,838633,26,0,34 44 250 15,1,20,,838673,26,0,34 44 250 15,1,20,,838690,26,0,34 44 250 15,1,60,,838689,26,0,34 44 250 15,1,20,,838696,26,0,34 44 250 15,1,20,,695586,26,0,34 44 250 15,1,60,,838697,26,0,34 44 250 15,1,20,,651316,26,0,34 44 250 15,1,20,,838676,26,0,34 44 250 15,1,60,,838674,26,0,34 44 250 15,1,20,,838667,26,0,34 44 250 15,1,20,,838670,26,0,34 44 250 15,1,63,,838638,26,0,34 44 250 15,1,25,,838707,26,0,34 44 250 15,1,66,,838634,26,0,34 44 250 15,1,26,,838645,26,0,34 44 250 15,1,26,,838635,26,0,34 44 250 15,1,66,,838687,26,0,34 44 250 15,1,26,,838658,26,0,34 44 250 15,1,65,,838684,26,0,34 44 250 15,1,26,,838703,26,0,34 44 250 15,1,70,,838652,26,0,34 44 250 15,1,30,,838677,26,0,34 44 250 15,1,70,,838630,26,0,34 44 250 15,1,30,,756576,26,0,34 44 250 15,1,70,,702398,26,0,34 44 250 15,1
10801,'3',803,,838722,22,0,34 44 250 15,1,23,,838772,26,0,34 44 250 15,1,26,,838752,26,0,34 44 250 15,1,66,,838747,26,0,34 44 250 15,1,26,,838768,26,0,34 44 250 15,1,66,,838750,26,0,34 44 250 15,1,26,,838709,26,0,34 44 250 15,1,66,,721544,26,0,34 44 250 15,1,26,,838777,26,0,34 44 250 15,1,25,,671221,26,0,34 44 250 15,1,66,,838739,26,0,34 44 250 15,1,23,,838729,26,0,34 44 250 15,1,64,,711572,26,0,34 44 250 15,1,24,,838725,26,0,34 44 250 15,1,24,,729234,26,0,34 44 250 15,1,64,,838778,26,0,34 44 250 15,1,24,,838730,26,0,34 44 250 15,1,64,,838721,26,0,34 44 250 15,1,24,,838746,26,0,34 44 250 15,1,24,,838775,26,0,34 44 250 15,1,64,,838711,26,0,34 44 250 15,1,24,,838745,26,0,34 44 250 15,1,64,,838762,26,0,34 44 250 15,1,24,,838723,26,0,34 44 250 15,1,24,,838765,26,0,34 44 250 15,1,64,,838735,26,0,34 44 250 15,1,26,,838716,26,0,34 44 250 15,1,66,,838759,26,0,34 44 250 15,1,24,,838780,26,0,34 44 250 15,1,66,,652119,26,0,34 44 250 15,1,26,,838776,26,0,34 44 250 15,1,26,,838740,26,0,34 44 250 15,1,66,,838773,26,0,34 44 250 15,1,26,,704475,26,0,34 44 250 15,1,64,,838714,26,0,34 44 250 15,1,26,,838734,26,0,34 44 250 15,1,70,,838758,26,0,34 44 250 15,1,30,,838764,26,0,34 44 250 15,1,70,,838737,26,0,34 44 250 15,1,30,,838753,26,0,34 44 250 15,1,70,,838717,26,0,34 44 250 15,1
10801,'5',600,,774952,22,0,34 44 250 15,1,28,,838841,26,0,34 44 250 15,1,30,,838790,26,0,34 44 250 15,1,70,,838798,26,0,34 44 250 15,1,30,,838817,26,0,34 44 250 15,1,68,,838821,26,0,34 44 250 15,1,26,,761239,26,0,34 44 250 15,1,66,,838801,26,0,34 44 250 15,1,26,,838803,26,0,34 44 250 15,1,66,,838850,26,0,34 44 250 15,1,26,,838843,26,0,34 44 250 15,1,66,,838851,26,0,34 44 250 15,1,26,,838852,26,0,34 44 250 15,1,25,,741380,26,0,34 44 250 15,1,66,,838836,26,0,34 44 250 15,1,23,,838848,26,0,34 44 250 15,1,64,,698867,26,0,34 44 250 15,1,24,,838809,26,0,34 44 250 15,1,24,,838788,26,0,34 44 250 15,1,64,,838834,26,0,34 44 250 15,1,24,,838799,26,0,34 44 250 15,1,64,,838830,26,0,34 44 250 15,1,24,,838854,26,0,34 44 250 15,1,24,,838822,26,0,34 44 250 15,1,64,,747383,26,0,34 44 250 15,1,24,,838823,26,0,34 44 250 15,1,64,,520067,26,0,34 44 250 15,1,24,,838815,26,0,34 44 250 15,1,24,,838846,26,0,34 44 250 15,1,64,,719491,26,0,34 44 250 15,1,26,,838807,26,0,34 44 250 15,1,66,,838813,26,0,34 44 250 15,1,24,,838806,26,0,34 44 250 15,1,66,,765623,26,0,34 44 250 15,1,26,,838804,26,0,34 44 250 15,1,26,,838791,26,0,34 44 250 15,1,66,,838826,26,0,34 44 250 15,1,26,,838829,26,0,34 44 250 15,1,64,,838853,26,0,34 44 250 15,1,26,,838794,26,0,34 44 250 15,1,70,,838818,26,0,34 44 250 15,1,30,,838839,26,0,34 44 250 15,1,70,,838833,26,0,34 44 250 15,1,30,,724197,26,0,34 44 250 15,1,70,,732372,26,0,34 44 250 15,1
38401,'1',450,,692520,43,0,19,1,65,,759918,43,0,11 12 96 15,1,10,,602953,43,0,11 12 96 15,1,2126,,859609,43,0,19,1,70,,859611,43,0,19,1,30,,859610,43,0,19,1,69,,733484,43,0,19,1
38401,'2',450,,700367,43,0,19,1,74,,859614,43,0,11 12 96 15,1,2127,,859612,43,0,19,1,70,,756593,43,0,19,1,30,,722182,43,0,19,1,69,,859613,43,0,19,1
38401,'3',450,,700427,43,0,19,1,70,,859619,43,0,19,1,30,,859620,43,0,19,1,70,,859617,43,0,19,1,30,,859618,43,0,19,1,70,,859615,43,0,19,1,1931,,719441,43,0,19,1,70,,859616,43,0,19,1,30,,859621,43,0,19,1,69,,660306,43,0,19,1
38401,'5',450,,627680,43,0,19,1,73,,859624,43,0,11 12 96 15,1,2128,,859622,43,0,19,1,70,,686640,43,0,19,1,30,,859625,43,0,19,1,69,,859623,43,0,19,1
