9501,'1',545,,831312,9,0,5,1,14,,831355,9,0,5,1,50,,738440,9,0,5,1,10,,723026,9,0,5,1,10,,831338,9,0,5,1,10,,831322,9,0,5,1,10,,831310,9,0,5,1,10,,831372,9,0,5,1,52,,831301,9,0,5,1,10,,831287,9,0,5,1,10,,831334,9,0,5,1,10,,831365,9,0,5,1,10,,831317,9,0,5,1,50,,769281,9,0,5,1,10,,767322,9,0,5,1,10,,550192,9,0,5,1,10,,831348,9,0,5,1,10,,775352,9,0,5,1,10,,831298,9,0,5,1,50,,726087,9,0,5,1,9,,831352,9,0,5,1,10,,831311,9,0,5,1,10,,831291,9,0,5,1,10,,831271,9,0,5,1,10,,714026,9,0,5,1,50,,831361,9,0,5,1,10,,717340,9,0,5,1,10,,831325,9,0,5,1,10,,831320,9,0,5,1,10,,831273,9,0,5,1,10,,831341,9,0,5,1,50,,768970,9,0,5,1,10,,831277,9,0,5,1,10,,621897,9,0,5,1,10,,831358,9,0,5,1,10,,758722,9,0,5,1,10,,831306,9,0,5,1,50,,697408,9,0,5,1,10,,831318,9,0,5,1,10,,742125,9,0,5,1,10,,831319,9,0,5,1,10,,831284,9,0,5,1,10,,831276,9,0,5,1,50,,831359,9,0,5,1,10,,831278,9,0,5,1,10,,692153,9,0,5,1,10,,693417,9,0,5,1,10,,831300,9,0,5,1,10,,831329,9,0,5,1,50,,831357,9,0,5,1,10,,831323,9,0,5,1,10,,831328,9,0,5,1,10,,729159,9,0,5,1,10,,779543,9,0,5,1,10,,831304,9,0,5,1,50,,633164,9,0,5,1,12,,831269,9,0,5,1,10,,651558,9,0,5,1,10,,831279,9,0,5,1,10,,831294,9,0,5,1,5,,757543,9,0,5,1,5,,831360,9,0,5,1,50,,661213,9,0,5,1,10,,831346,9,0,5,1,10,,831335,9,0,5,1,10,,831305,9,0,5,1,10,,831347,9,0,5,1,10,,731971,9,0,5,1,50,,831307,9,0,5,1,10,,831336,9,0,5,1,10,,831344,9,0,5,1,10,,831324,9,0,5,1,10,,831283,9,0,5,1,10,,831316,9,0,5,1,50,,831303,9,0,5,1,10,,831267,9,0,5,1,10,,831315,9,0,5,1,10,,704090,9,0,5,1,10,,620537,9,0,5,1,10,,727473,9,0,5,1,50,,831288,9,0,5,1,7,,668248,9,0,5,1,6,,831339,9,0,34 78 105 106 39,1,6,,831326,9,0,5,1,6,,659253,9,0,34 78 105 106 39,1,6,,831321,9,0,5,1,6,,719710,9,0,34 78 105 106 39,1,6,,831272,9,0,5,1,6,,719172,9,0,34 78 105 106 39,1,6,,831354,9,0,5,1,46,,831274,9,0,34 78 105 106 39,1,6,,831333,9,0,5,1,6,,831299,9,0,34 78 105 106 39,1,6,,831349,9,0,5,1,6,,831351,9,0,34 78 105 106 39,1,6,,737093,9,0,5,1,6,,831281,9,0,34 78 105 106 39,1,6,,640564,9,0,5,1,6,,831330,9,0,34 78 105 106 39,1,6,,831367,9,0,5,1,46,,831327,9,0,34 78 105 106 39,1,6,,831282,9,0,5,1,6,,749329,9,0,34 78 105 106 39,1,6,,831364,9,0,5,1,6,,641888,9,0,34 78 105 106 39,1,6,,831362,9,0,5,1,6,,831366,9,0,34 78 105 106 39,1,6,,675803,9,0,5,1,6,,831295,9,0,34 78 105 106 39,1,6,,831292,9,0,5,1,46,,831340,9,0,34 78 105 106 39,1,5,,831370,9,0,5,1,6,,831290,9,0,34 78 105 106 39,1,6,,831350,9,0,5,1,6,,831353,9,0,34 78 105 106 39,1,6,,831332,9,0,5,1,8,,831289,9,0,34 78 105 106 39,1,8,,831363,9,0,5,1,8,,831296,9,0,34 78 105 106 39,1,48,,751353,9,0,5,1,8,,831356,9,0,34 78 105 106 39,1,8,,831286,9,0,5,1,8,,831302,9,0,34 78 105 106 39,1,8,,831309,9,0,5,1,8,,667506,9,0,34 78 105 106 39,1,8,,831275,9,0,5,1,48,,831331,9,0,34 78 105 106 39,1,8,,831368,9,0,5,1,8,,763000,9,0,34 78 105 106 39,1,8,,831293,9,0,5,1,8,,831285,9,0,34 78 105 106 39,1,8,,709561,9,0,5,1,8,,831313,9,0,34 78 105 106 39,1,8,,831369,9,0,5,1,48,,777659,9,0,34 78 105 106 39,1,15,,831371,9,0,5,1,15,,831314,9,0,34 78 105 106 39,1,15,,831343,9,0,5,1,55,,831337,9,0,34 78 105 106 39,1,15,,831308,9,0,5,1
9501,'2',551,,831418,9,0,5,1,8,,831422,9,0,34 78 105 106 39,1,48,,831464,9,0,5,1,8,,753517,9,0,34 78 105 106 39,1,8,,831421,9,0,5,1,8,,831473,9,0,34 78 105 106 39,1,8,,831411,9,0,5,1,8,,831432,9,0,34 78 105 106 39,1,8,,831523,9,0,5,1,48,,831390,9,0,34 78 105 106 39,1,8,,831489,9,0,5,1,8,,831522,9,0,34 78 105 106 39,1,8,,831385,9,0,5,1,8,,698645,9,0,34 78 105 106 39,1,8,,766872,9,0,5,1,8,,831428,9,0,34 78 105 106 39,1,8,,831512,9,0,5,1,48,,831467,9,0,34 78 105 106 39,1,8,,831414,9,0,5,1,8,,692249,9,0,34 78 105 106 39,1,8,,831519,9,0,5,1,8,,831456,9,0,34 78 105 106 39,1,8,,831455,9,0,5,1,8,,710296,9,0,34 78 105 106 39,1,48,,831507,9,0,5,1,6,,831404,9,0,34 78 105 106 39,1,6,,831452,9,0,5,1,6,,831483,9,0,34 78 105 106 39,1,5,,831479,9,0,5,1,6,,831482,9,0,34 78 105 106 39,1,6,,831509,9,0,5,1,6,,831459,9,0,34 78 105 106 39,1,6,,555771,9,0,5,1,6,,831466,9,0,34 78 105 106 39,1,46,,831474,9,0,5,1,6,,831426,9,0,34 78 105 106 39,1,6,,658617,9,0,5,1,6,,691154,9,0,34 78 105 106 39,1,6,,831409,9,0,5,1,6,,697461,9,0,34 78 105 106 39,1,6,,831405,9,0,5,1,6,,831521,9,0,34 78 105 106 39,1,6,,831394,9,0,5,1,6,,831517,9,0,34 78 105 106 39,1,46,,831430,9,0,5,1,6,,831461,9,0,34 78 105 106 39,1,6,,831376,9,0,5,1,6,,831384,9,0,34 78 105 106 39,1,6,,831419,9,0,5,1,6,,831460,9,0,34 78 105 106 39,1,6,,831429,9,0,5,1,6,,831493,9,0,34 78 105 106 39,1,6,,831513,9,0,5,1,6,,831424,9,0,34 78 105 106 39,1,46,,831389,9,0,5,1,6,,831497,9,0,34 78 105 106 39,1,6,,831475,9,0,5,1,6,,713102,9,0,34 78 105 106 39,1,6,,706809,9,0,5,1,6,,681280,9,0,34 78 105 106 39,1,6,,831386,9,0,5,1,7,,831442,9,0,34 78 105 106 39,1,6,,831425,9,0,5,1,6,,831437,9,0,34 78 105 106 39,1,46,,831458,9,0,5,1,6,,672876,9,0,34 78 105 106 39,1,6,,831480,9,0,5,1,6,,831379,9,0,34 78 105 106 39,1,6,,831486,9,0,5,1,6,,831383,9,0,34 78 105 106 39,1,6,,831408,9,0,5,1,6,,831443,9,0,34 78 105 106 39,1,6,,831485,9,0,5,1,6,,831431,9,0,34 78 105 106 39,1,46,,831506,9,0,5,1,6,,831436,9,0,34 78 105 106 39,1,6,,831516,9,0,5,1,6,,831381,9,0,34 78 105 106 39,1,6,,831406,9,0,5,1,6,,831392,9,0,34 78 105 106 39,1,6,,831433,9,0,5,1,6,,831449,9,0,34 78 105 106 39,1,6,,831502,9,0,5,1,6,,831477,9,0,34 78 105 106 39,1,46,,741861,9,0,5,1,6,,831491,9,0,34 78 105 106 39,1,6,,831468,9,0,5,1,6,,831415,9,0,34 78 105 106 39,1,6,,831514,9,0,5,1,6,,775431,9,0,34 78 105 106 39,1,6,,733322,9,0,5,1,6,,655841,9,0,34 78 105 106 39,1,6,,831515,9,0,5,1,6,,831520,9,0,34 78 105 106 39,1,46,,831524,9,0,5,1,6,,774062,9,0,34 78 105 106 39,1,6,,831399,9,0,5,1,6,,726804,9,0,34 78 105 106 39,1,6,,831498,9,0,5,1,6,,831397,9,0,34 78 105 106 39,1,6,,831484,9,0,5,1,6,,831434,9,0,34 78 105 106 39,1,6,,831427,9,0,5,1,6,,831471,9,0,34 78 105 106 39,1,46,,637608,9,0,5,1,6,,831500,9,0,34 78 105 106 39,1,6,,831492,9,0,5,1,6,,831373,9,0,34 78 105 106 39,1,6,,831510,9,0,5,1,6,,831407,9,0,34 78 105 106 39,1,6,,831447,9,0,5,1,6,,831451,9,0,34 78 105 106 39,1,6,,704949,9,0,5,1,6,,719351,9,0,34 78 105 106 39,1,46,,745360,9,0,5,1,6,,831416,9,0,34 78 105 106 39,1,6,,831391,9,0,5,1,6,,831463,9,0,34 78 105 106 39,1,6,,831440,9,0,5,1,6,,731512,9,0,34 78 105 106 39,1,6,,831378,9,0,5,1,6,,831412,9,0,34 78 105 106 39,1,6,,831488,9,0,5,1,7,,831501,9,0,34 78 105 106 39,1,48,,831413,9,0,5,1,8,,831450,9,0,34 78 105 106 39,1,8,,831503,9,0,5,1,8,,741827,9,0,34 78 105 106 39,1,8,,831374,9,0,5,1,8,,831476,9,0,34 78 105 106 39,1,8,,831511,9,0,5,1,48,,566985,9,0,34 78 105 106 39,1,8,,831380,9,0,5,1,8,,831453,9,0,34 78 105 106 39,1,8,,831388,9,0,5,1,8,,831395,9,0,34 78 105 106 39,1,8,,831441,9,0,5,1,8,,831494,9,0,34 78 105 106 39,1,8,,831400,9,0,5,1,48,,831454,9,0,34 78 105 106 39,1,8,,831403,9,0,5,1,7,,831393,9,0,34 78 105 106 39,1,7,,831448,9,0,5,1,8,,831462,9,0,34 78 105 106 39,1,8,,831505,9,0,5,1,8,,831457,9,0,34 78 105 106 39,1,48,,707485,9,0,5,1,8,,831438,9,0,34 78 105 106 39,1,8,,831495,9,0,5,1,8,,831387,9,0,34 78 105 106 39,1,8,,831375,9,0,5,1,8,,831504,9,0,34 78 105 106 39,1,8,,732913,9,0,5,1,8,,831377,9,0,34 78 105 106 39,1,48,,831417,9,0,5,1,8,,765510,9,0,34 78 105 106 39,1,8,,831490,9,0,5,1,8,,831469,9,0,34 78 105 106 39,1,8,,831398,9,0,5,1,8,,750602,9,0,34 78 105 106 39,1,8,,831423,9,0,5,1,48,,831439,9,0,34 78 105 106 39,1,8,,831496,9,0,5,1,8,,831435,9,0,34 78 105 106 39,1,8,,831518,9,0,5,1,8,,831487,9,0,34 78 105 106 39,1,8,,831445,9,0,5,1,8,,831410,9,0,34 78 105 106 39,1,8,,831402,9,0,5,1,48,,831470,9,0,34 78 105 106 39,1,15,,831478,9,0,5,1,15,,831472,9,0,34 78 105 106 39,1,15,,831446,9,0,5,1,55,,831499,9,0,34 78 105 106 39,1,15,,831444,9,0,5,1
9501,'3',809,,831534,9,0,34 78 105 106 39,1,8,,831641,9,0,5,1,8,,831588,9,0,34 78 105 106 39,1,8,,831629,9,0,5,1,8,,831651,9,0,34 78 105 106 39,1,8,,831613,9,0,5,1,8,,831577,9,0,34 78 105 106 39,1,48,,831642,9,0,5,1,8,,831587,9,0,34 78 105 106 39,1,8,,831625,9,0,5,1,8,,767253,9,0,34 78 105 106 39,1,8,,831570,9,0,5,1,8,,831593,9,0,34 78 105 106 39,1,8,,763311,9,0,5,1,48,,831620,9,0,34 78 105 106 39,1,8,,831544,9,0,5,1,8,,831527,9,0,34 78 105 106 39,1,8,,831525,9,0,5,1,8,,831646,9,0,34 78 105 106 39,1,8,,831645,9,0,5,1,8,,831626,9,0,34 78 105 106 39,1,8,,831575,9,0,5,1,48,,831535,9,0,34 78 105 106 39,1,8,,748438,9,0,5,1,8,,759163,9,0,34 78 105 106 39,1,8,,831553,9,0,5,1,8,,831528,9,0,34 78 105 106 39,1,8,,831605,9,0,5,1,8,,831541,9,0,34 78 105 106 39,1,48,,831557,9,0,5,1,8,,701238,9,0,34 78 105 106 39,1,8,,831603,9,0,5,1,6,,831582,9,0,34 78 105 106 39,1,6,,831560,9,0,5,1,6,,831539,9,0,34 78 105 106 39,1,6,,831572,9,0,5,1,6,,831628,9,0,34 78 105 106 39,1,6,,831583,9,0,5,1,6,,831543,9,0,34 78 105 106 39,1,46,,831565,9,0,5,1,6,,831561,9,0,34 78 105 106 39,1,6,,831595,9,0,5,1,6,,831624,9,0,34 78 105 106 39,1,6,,831633,9,0,5,1,6,,831590,9,0,34 78 105 106 39,1,6,,831611,9,0,5,1,6,,831546,9,0,34 78 105 106 39,1,6,,831585,9,0,5,1,6,,831649,9,0,34 78 105 106 39,1,46,,758893,9,0,5,1,6,,737251,9,0,34 78 105 106 39,1,6,,831586,9,0,5,1,6,,831602,9,0,34 78 105 106 39,1,6,,831636,9,0,5,1,6,,831614,9,0,34 78 105 106 39,1,6,,769507,9,0,5,1,6,,831555,9,0,34 78 105 106 39,1,6,,727367,9,0,5,1,6,,831617,9,0,34 78 105 106 39,1,46,,831526,9,0,5,1,6,,831621,9,0,34 78 105 106 39,1,6,,831579,9,0,5,1,6,,831622,9,0,34 78 105 106 39,1,6,,831648,9,0,5,1,6,,831556,9,0,34 78 105 106 39,1,6,,831618,9,0,5,1,6,,831562,9,0,34 78 105 106 39,1,6,,831551,9,0,5,1,6,,831594,9,0,34 78 105 106 39,1,46,,831540,9,0,5,1,6,,831604,9,0,34 78 105 106 39,1,6,,831536,9,0,5,1,6,,736313,9,0,34 78 105 106 39,1,6,,831576,9,0,5,1,6,,831647,9,0,34 78 105 106 39,1,6,,831563,9,0,5,1,6,,831592,9,0,34 78 105 106 39,1,6,,831564,9,0,5,1,6,,831559,9,0,34 78 105 106 39,1,46,,744874,9,0,5,1,6,,831550,9,0,34 78 105 106 39,1,6,,714324,9,0,5,1,6,,831547,9,0,34 78 105 106 39,1,6,,831635,9,0,5,1,6,,831608,9,0,34 78 105 106 39,1,6,,831529,9,0,5,1,6,,831616,9,0,34 78 105 106 39,1,6,,831574,9,0,5,1,6,,831597,9,0,34 78 105 106 39,1,46,,831632,9,0,5,1,6,,831631,9,0,34 78 105 106 39,1,6,,831630,9,0,5,1,6,,831584,9,0,34 78 105 106 39,1,6,,708692,9,0,5,1,6,,769322,9,0,34 78 105 106 39,1,6,,765812,9,0,5,1,6,,831533,9,0,34 78 105 106 39,1,6,,831640,9,0,5,1,6,,747829,9,0,34 78 105 106 39,1,46,,831623,9,0,5,1,6,,831554,9,0,34 78 105 106 39,1,8,,831606,9,0,5,1,8,,831552,9,0,34 78 105 106 39,1,8,,831612,9,0,5,1,8,,769101,9,0,34 78 105 106 39,1,8,,831531,9,0,5,1,8,,831569,9,0,34 78 105 106 39,1,48,,831558,9,0,5,1,8,,831637,9,0,34 78 105 106 39,1,8,,831619,9,0,5,1,8,,831596,9,0,34 78 105 106 39,1,8,,831542,9,0,5,1,8,,831591,9,0,34 78 105 106 39,1,8,,831598,9,0,5,1,48,,756915,9,0,34 78 105 106 39,1,8,,831599,9,0,5,1,8,,831638,9,0,34 78 105 106 39,1,7,,831545,9,0,5,1,8,,831580,9,0,34 78 105 106 39,1,8,,831581,9,0,5,1,8,,831571,9,0,34 78 105 106 39,1,8,,749952,9,0,5,1,48,,831530,9,0,34 78 105 106 39,1,8,,831615,9,0,5,1,10,,831573,9,0,34 78 105 106 39,1,10,,700872,9,0,5,1,10,,831600,9,0,34 78 105 106 39,1,10,,716039,9,0,5,1,50,,831607,9,0,34 78 105 106 39,1,10,,831609,9,0,5,1,10,,831548,9,0,34 78 105 106 39,1,10,,831549,9,0,5,1,10,,736281,9,0,34 78 105 106 39,1,10,,831538,9,0,5,1,50,,831643,9,0,34 78 105 106 39,1,10,,831566,9,0,5,1,10,,831610,9,0,34 78 105 106 39,1,10,,776481,9,0,5,1,10,,831634,9,0,34 78 105 106 39,1,10,,831568,9,0,5,1,50,,831567,9,0,34 78 105 106 39,1,15,,831578,9,0,5,1,15,,752478,9,0,34 78 105 106 39,1,15,,831532,9,0,5,1,55,,831639,9,0,34 78 105 106 39,1,15,,831650,9,0,5,1
9501,'5',549,,831729,9,0,5,1,51,,606580,9,0,34 78 105 106 39,1,8,,831757,9,0,5,1,8,,831741,9,0,34 78 105 106 39,1,8,,831661,9,0,5,1,8,,831693,9,0,34 78 105 106 39,1,8,,831687,9,0,5,1,8,,576733,9,0,34 78 105 106 39,1,8,,831762,9,0,5,1,48,,831659,9,0,34 78 105 106 39,1,8,,831740,9,0,5,1,8,,831708,9,0,34 78 105 106 39,1,8,,700939,9,0,5,1,8,,831677,9,0,34 78 105 106 39,1,8,,831751,9,0,5,1,8,,831768,9,0,34 78 105 106 39,1,48,,697659,9,0,5,1,9,,831770,9,0,34 78 105 106 39,1,8,,831689,9,0,5,1,8,,831673,9,0,34 78 105 106 39,1,8,,831705,9,0,5,1,8,,831722,9,0,34 78 105 106 39,1,8,,831699,9,0,5,1,8,,726314,9,0,34 78 105 106 39,1,48,,831727,9,0,5,1,8,,831772,9,0,34 78 105 106 39,1,8,,831756,9,0,5,1,8,,702852,9,0,34 78 105 106 39,1,8,,831675,9,0,5,1,8,,754237,9,0,34 78 105 106 39,1,8,,831682,9,0,5,1,48,,763830,9,0,34 78 105 106 39,1,8,,831711,9,0,5,1,8,,831773,9,0,34 78 105 106 39,1,8,,831710,9,0,5,1,8,,698888,9,0,34 78 105 106 39,1,8,,831666,9,0,5,1,8,,831735,9,0,34 78 105 106 39,1,8,,831745,9,0,5,1,48,,831665,9,0,34 78 105 106 39,1,8,,831730,9,0,5,1,8,,732332,9,0,34 78 105 106 39,1,8,,831702,9,0,5,1,8,,831755,9,0,34 78 105 106 39,1,8,,831737,9,0,5,1,8,,769553,9,0,34 78 105 106 39,1,48,,831669,9,0,5,1,8,,831754,9,0,34 78 105 106 39,1,8,,831765,9,0,5,1,6,,748829,9,0,34 78 105 106 39,1,6,,831739,9,0,5,1,6,,722788,9,0,34 78 105 106 39,1,6,,637115,9,0,5,1,6,,831660,9,0,34 78 105 106 39,1,6,,831775,9,0,5,1,6,,831742,9,0,34 78 105 106 39,1,46,,831774,9,0,5,1,6,,831694,9,0,34 78 105 106 39,1,6,,831767,9,0,5,1,6,,831706,9,0,34 78 105 106 39,1,6,,831766,9,0,5,1,6,,831743,9,0,34 78 105 106 39,1,6,,831760,9,0,5,1,6,,831783,9,0,34 78 105 106 39,1,6,,741996,9,0,5,1,6,,831680,9,0,34 78 105 106 39,1,46,,831707,9,0,5,1,6,,831776,9,0,34 78 105 106 39,1,6,,574225,9,0,5,1,6,,713533,9,0,34 78 105 106 39,1,6,,831684,9,0,5,1,6,,831683,9,0,34 78 105 106 39,1,6,,831655,9,0,5,1,6,,831718,9,0,34 78 105 106 39,1,6,,831685,9,0,5,1,6,,668176,9,0,34 78 105 106 39,1,46,,831748,9,0,5,1,6,,831700,9,0,34 78 105 106 39,1,6,,831664,9,0,5,1,6,,831695,9,0,34 78 105 106 39,1,6,,831654,9,0,5,1,6,,701651,9,0,34 78 105 106 39,1,6,,831725,9,0,5,1,6,,831750,9,0,34 78 105 106 39,1,6,,831658,9,0,5,1,6,,710626,9,0,34 78 105 106 39,1,46,,831785,9,0,5,1,6,,711685,9,0,34 78 105 106 39,1,6,,831721,9,0,5,1,6,,831668,9,0,34 78 105 106 39,1,6,,831717,9,0,5,1,6,,831686,9,0,34 78 105 106 39,1,6,,831657,9,0,5,1,6,,831724,9,0,34 78 105 106 39,1,6,,831663,9,0,5,1,6,,831779,9,0,34 78 105 106 39,1,46,,700952,9,0,5,1,6,,652573,9,0,34 78 105 106 39,1,6,,831738,9,0,5,1,6,,831697,9,0,34 78 105 106 39,1,6,,831672,9,0,5,1,6,,831759,9,0,34 78 105 106 39,1,6,,831777,9,0,5,1,6,,831771,9,0,34 78 105 106 39,1,6,,831732,9,0,5,1,6,,831720,9,0,34 78 105 106 39,1,46,,831652,9,0,5,1,6,,831746,9,0,34 78 105 106 39,1,6,,831703,9,0,5,1,6,,831728,9,0,34 78 105 106 39,1,6,,831712,9,0,5,1,6,,831696,9,0,34 78 105 106 39,1,6,,607586,9,0,5,1,6,,831713,9,0,34 78 105 106 39,1,6,,831761,9,0,5,1,6,,831688,9,0,34 78 105 106 39,1,46,,831653,9,0,5,1,6,,754587,9,0,34 78 105 106 39,1,8,,831747,9,0,5,1,8,,831733,9,0,34 78 105 106 39,1,8,,724247,9,0,5,1,8,,831780,9,0,34 78 105 106 39,1,8,,831781,9,0,5,1,8,,831681,9,0,34 78 105 106 39,1,48,,772523,9,0,5,1,8,,713534,9,0,34 78 105 106 39,1,8,,831744,9,0,5,1,8,,552597,9,0,34 78 105 106 39,1,8,,831788,9,0,5,1,8,,831763,9,0,34 78 105 106 39,1,8,,831723,9,0,5,1,48,,831674,9,0,34 78 105 106 39,1,8,,831667,9,0,5,1,8,,831692,9,0,34 78 105 106 39,1,7,,769395,9,0,5,1,8,,831671,9,0,34 78 105 106 39,1,8,,831701,9,0,5,1,8,,831734,9,0,34 78 105 106 39,1,8,,831764,9,0,5,1,48,,831662,9,0,34 78 105 106 39,1,8,,831714,9,0,5,1,10,,831758,9,0,34 78 105 106 39,1,10,,831709,9,0,5,1,10,,831786,9,0,34 78 105 106 39,1,10,,831656,9,0,5,1,50,,759031,9,0,34 78 105 106 39,1,10,,831787,9,0,5,1,10,,831749,9,0,34 78 105 106 39,1,10,,831704,9,0,5,1,10,,710165,9,0,34 78 105 106 39,1,10,,761808,9,0,5,1,50,,831670,9,0,34 78 105 106 39,1,10,,831782,9,0,5,1,10,,831678,9,0,34 78 105 106 39,1,10,,831752,9,0,5,1,10,,831736,9,0,34 78 105 106 39,1,10,,831753,9,0,5,1,50,,831690,9,0,34 78 105 106 39,1,15,,730687,9,0,5,1,15,,831726,9,0,34 78 105 106 39,1,15,,831716,9,0,5,1,55,,831691,9,0,34 78 105 106 39,1,15,,831769,9,0,5,1
11501,'1',617,,841951,10,0,56,1,20,,714731,10,0,56,1,20,,841949,10,0,56,1,60,,841946,10,0,56,1,21,,841927,10,0,56,1,20,,841928,10,0,56,1,60,,841930,10,0,56,1,20,,841934,10,0,56,1,20,,841938,10,0,56,1,65,,841931,10,0,56,1,22,,841941,10,0,56,1,65,,841932,10,0,56,1,25,,776076,10,0,56,1,65,,512760,10,0,56,1,25,,841945,10,0,56,1,25,,841937,10,0,56,1,65,,841935,10,0,56,1,25,,724434,10,0,56,1,65,,760750,10,0,56,1,25,,593338,10,0,56,1,24,,637361,10,0,56,1,60,,841929,10,0,56,1,15,,841943,10,0,56,1,20,,841950,10,0,56,1,60,,841936,10,0,56,1,20,,841923,10,0,56,1,20,,718810,10,0,56,1,60,,720102,10,0,56,1,20,,703799,10,0,56,1,20,,841952,10,0,56,1,60,,611958,10,0,56,1,20,,674180,10,0,56,1,20,,776878,10,0,56,1,60,,841925,10,0,56,1,20,,841939,10,0,56,1,20,,841948,10,0,56,1,60,,560817,10,0,56,1,20,,841944,10,0,56,1,16,,841924,10,0,56,1,65,,841947,10,0,56,1,25,,841940,10,0,56,1,65,,841933,10,0,56,1,25,,841926,10,0,56,1,25,,761129,10,0,56,1,65,,841942,10,0,56,1
11501,'2',615,,841956,10,0,56,1,30,,841969,10,0,56,1,70,,841971,10,0,56,1,25,,841974,10,0,56,1,65,,656391,10,0,56,1,25,,841968,10,0,56,1,25,,736253,10,0,56,1,65,,841955,10,0,56,1,25,,841983,10,0,56,1,65,,756543,10,0,56,1,25,,841980,10,0,56,1,65,,841981,10,0,56,1,25,,841982,10,0,56,1,25,,719297,10,0,56,1,66,,841973,10,0,56,1,30,,841957,10,0,56,1,70,,841954,10,0,56,1,30,,841960,10,0,56,1,70,,841959,10,0,56,1,30,,841964,10,0,56,1,70,,841963,10,0,56,1,30,,841967,10,0,56,1,70,,701096,10,0,56,1,30,,841979,10,0,56,1,70,,841970,10,0,56,1,30,,841953,10,0,56,1,70,,841972,10,0,56,1,30,,841965,10,0,56,1,70,,841978,10,0,56,1,29,,841961,10,0,56,1,65,,841975,10,0,56,1,25,,841976,10,0,56,1,65,,841962,10,0,56,1,25,,841966,10,0,56,1,25,,841977,10,0,56,1,65,,841958,10,0,56,1
11501,'3',740,,842001,10,0,56,1,65,,717779,10,0,56,1,25,,841990,10,0,56,1,25,,841993,10,0,56,1,65,,842007,10,0,56,1,25,,841989,10,0,56,1,65,,842008,10,0,56,1,25,,842006,10,0,56,1,65,,841985,10,0,56,1,25,,841999,10,0,56,1,25,,842010,10,0,56,1,65,,657764,10,0,56,1,25,,841992,10,0,56,1,65,,842000,10,0,56,1,25,,842005,10,0,56,1,25,,719003,10,0,56,1,65,,841987,10,0,56,1,25,,841994,10,0,56,1,65,,841988,10,0,56,1,25,,731571,10,0,56,1,65,,841997,10,0,56,1,25,,841996,10,0,56,1,25,,841995,10,0,56,1,65,,841984,10,0,56,1,25,,697578,10,0,56,1,65,,842004,10,0,56,1,25,,842009,10,0,56,1,25,,841991,10,0,56,1,65,,842003,10,0,56,1,25,,764555,10,0,56,1,65,,841986,10,0,56,1,25,,842011,10,0,56,1,65,,841998,10,0,56,1,25,,756926,10,0,56,1,25,,842002,10,0,56,1,65,,696461,10,0,56,1
11501,'5',615,,842021,10,0,56,1,30,,842040,10,0,56,1,70,,842027,10,0,56,1,25,,728810,10,0,56,1,65,,842042,10,0,56,1,25,,842022,10,0,56,1,25,,842037,10,0,56,1,65,,842025,10,0,56,1,25,,842043,10,0,56,1,65,,842026,10,0,56,1,25,,842015,10,0,56,1,65,,842019,10,0,56,1,25,,777894,10,0,56,1,25,,666208,10,0,56,1,65,,842016,10,0,56,1,25,,842028,10,0,56,1,65,,842017,10,0,56,1,25,,842038,10,0,56,1,25,,842041,10,0,56,1,65,,742935,10,0,56,1,25,,842020,10,0,56,1,65,,842012,10,0,56,1,25,,842032,10,0,56,1,65,,720831,10,0,56,1,25,,842036,10,0,56,1,25,,842014,10,0,56,1,65,,842018,10,0,56,1,25,,771238,10,0,56,1,65,,842034,10,0,56,1,25,,842031,10,0,56,1,25,,842035,10,0,56,1,65,,842013,10,0,56,1,25,,842029,10,0,56,1,65,,842033,10,0,56,1,25,,842024,10,0,56,1,65,,842030,10,0,56,1,25,,842039,10,0,56,1,25,,842023,10,0,56,1,65,,776547,10,0,56,1
12201,'1',555,,717020,10,0,60,1,64,,772811,10,0,60,1,12,,844375,10,0,60,1,12,,844371,10,0,60,1,12,,844405,10,0,60,1,52,,844404,10,0,60,1,12,,844366,10,0,60,1,12,,844388,10,0,60,1,13,,844357,10,0,60,1,12,,564144,10,0,60,1,52,,844389,10,0,60,1,12,,844354,10,0,60,1,12,,844400,10,0,60,1,12,,844407,10,0,60,1,12,,844382,10,0,60,1,52,,844406,10,0,60,1,12,,844390,10,0,60,1,20,,844365,10,0,60,1,60,,732997,10,0,60,1,20,,844411,10,0,60,1,20,,844393,10,0,60,1,60,,844387,10,0,60,1,21,,844372,10,0,60,1,19,,844377,10,0,60,1,60,,844396,10,0,60,1,20,,844378,10,0,60,1,20,,755839,10,0,60,1,60,,844364,10,0,60,1,20,,844402,10,0,60,1,20,,602988,10,0,60,1,60,,844373,10,0,60,1,20,,844380,10,0,60,1,21,,844379,10,0,60,1,10,,844401,10,0,60,1,50,,844359,10,0,60,1,10,,724588,10,0,60,1,10,,844374,10,0,60,1,10,,615209,10,0,60,1,10,,844410,10,0,60,1,10,,700677,10,0,60,1,50,,713881,10,0,60,1,10,,844360,10,0,60,1,10,,844412,10,0,60,1,10,,844383,10,0,60,1,10,,844392,10,0,60,1,10,,844363,10,0,60,1,50,,844391,10,0,60,1,10,,844381,10,0,60,1,10,,844368,10,0,60,1,10,,844370,10,0,60,1,10,,844384,10,0,60,1,10,,720865,10,0,60,1,50,,844395,10,0,60,1,10,,774709,10,0,60,1,10,,844376,10,0,60,1,10,,844353,10,0,60,1,10,,705220,10,0,60,1,8,,735592,10,0,60,1,10,,844408,10,0,60,1,50,,844385,10,0,60,1,10,,844394,10,0,60,1,20,,844409,10,0,60,1,20,,844352,10,0,60,1,60,,720046,10,0,60,1,20,,734112,10,0,60,1,20,,844361,10,0,60,1,60,,844355,10,0,60,1,20,,844356,10,0,60,1,20,,844362,10,0,60,1,60,,844403,10,0,60,1,30,,844369,10,0,60,1,70,,740773,10,0,60,1,30,,844386,10,0,60,1,70,,844351,10,0,60,1,30,,844398,10,0,60,1,70,,844358,10,0,60,1
12201,'2',618,,754682,10,0,60,1,30,,844443,10,0,60,1,70,,844424,10,0,60,1,30,,844430,10,0,60,1,71,,844438,10,0,60,1,30,,844436,10,0,60,1,70,,844428,10,0,60,1,30,,844440,10,0,60,1,70,,844432,10,0,60,1,30,,844446,10,0,60,1,70,,844421,10,0,60,1,30,,844417,10,0,60,1,70,,844419,10,0,60,1,30,,844423,10,0,60,1,70,,844431,10,0,60,1,30,,844413,10,0,60,1,70,,720755,10,0,60,1,30,,844414,10,0,60,1,70,,844427,10,0,60,1,30,,844426,10,0,60,1,70,,844442,10,0,60,1,30,,844415,10,0,60,1,70,,844429,10,0,60,1,30,,844425,10,0,60,1,70,,844422,10,0,60,1,29,,844444,10,0,60,1,70,,844439,10,0,60,1,30,,844433,10,0,60,1,70,,844418,10,0,60,1,30,,725611,10,0,60,1,70,,844437,10,0,60,1,30,,844434,10,0,60,1,71,,844435,10,0,60,1,30,,844441,10,0,60,1,70,,844416,10,0,60,1,30,,844420,10,0,60,1,70,,844445,10,0,60,1,30,,739356,10,0,60,1,70,,737167,10,0,60,1
12201,'3',819,,844467,10,0,60,1,30,,844461,10,0,60,1,70,,773464,10,0,60,1,30,,844456,10,0,60,1,70,,844451,10,0,60,1,30,,844452,10,0,60,1,70,,844459,10,0,60,1,30,,844463,10,0,60,1,70,,844458,10,0,60,1,30,,844473,10,0,60,1,70,,577251,10,0,60,1,30,,699359,10,0,60,1,70,,844470,10,0,60,1,30,,844468,10,0,60,1,70,,701608,10,0,60,1,30,,844475,10,0,60,1,70,,844450,10,0,60,1,30,,844464,10,0,60,1,70,,844469,10,0,60,1,30,,844453,10,0,60,1,70,,844460,10,0,60,1,29,,844465,10,0,60,1,70,,844448,10,0,60,1,30,,844474,10,0,60,1,70,,844449,10,0,60,1,30,,844447,10,0,60,1,70,,844472,10,0,60,1,30,,742830,10,0,60,1,70,,844457,10,0,60,1,30,,844466,10,0,60,1,70,,844471,10,0,60,1,30,,692897,10,0,60,1,70,,727171,10,0,60,1,30,,844454,10,0,60,1,70,,775911,10,0,60,1
12201,'5',619,,844500,10,0,60,1,30,,844504,10,0,60,1,70,,844487,10,0,60,1,30,,735950,10,0,60,1,70,,844502,10,0,60,1,30,,654803,10,0,60,1,70,,844492,10,0,60,1,30,,844493,10,0,60,1,70,,844484,10,0,60,1,30,,844478,10,0,60,1,70,,668893,10,0,60,1,30,,844482,10,0,60,1,70,,844501,10,0,60,1,30,,844507,10,0,60,1,70,,761087,10,0,60,1,30,,844495,10,0,60,1,70,,844503,10,0,60,1,30,,844486,10,0,60,1,70,,844497,10,0,60,1,30,,844481,10,0,60,1,70,,844483,10,0,60,1,30,,844480,10,0,60,1,70,,844485,10,0,60,1,30,,844489,10,0,60,1,70,,844499,10,0,60,1,29,,693819,10,0,60,1,70,,844506,10,0,60,1,30,,844476,10,0,60,1,70,,844479,10,0,60,1,30,,759193,10,0,60,1,70,,744363,10,0,60,1,30,,844505,10,0,60,1,70,,844477,10,0,60,1,30,,844498,10,0,60,1,70,,844488,10,0,60,1,30,,768913,10,0,60,1,70,,844491,10,0,60,1,30,,844496,10,0,60,1,70,,844490,10,0,60,1
39501,'1',449,,766319,9,0,17 103 104,1,70,,741768,9,0,17 103 104,1,16,,859775,9,0,17 103 104,1,2114,,859780,9,0,99 100 101 15,1,70,,859782,9,0,99 100 101 15,1,30,,859781,9,0,99 100 101 15,1,70,,859778,9,0,17 103 104,1
39501,'2',449,,744555,9,0,17 103 104,1,70,,709024,9,0,17 103 104,1,17,,859791,9,0,17 103 104,1,2113,,859788,9,0,99 100 101 15,1,70,,859784,9,0,99 100 101 15,1,30,,859787,9,0,99 100 101 15,1,70,,859785,9,0,99 100 101 15,1
39501,'3',449,,859806,9,0,99 100 101 15,1,70,,859797,9,0,99 100 101 15,1,30,,859800,9,0,99 100 101 15,1,67,,859802,9,0,17 103 104,1,20,,859807,9,0,17 103 104,1,20,,859801,9,0,17 103 104,1,60,,859808,9,0,17 103 104,1,20,,859803,9,0,17 103 104,1,20,,859805,9,0,17 103 104,1,1893,,859798,9,0,99 100 101 15,1,70,,637802,9,0,99 100 101 15,1,30,,859804,9,0,99 100 101 15,1,70,,859795,9,0,17 103 104,1
39501,'5',449,,859809,9,0,17 103 104,1,70,,859814,9,0,17 103 104,1,15,,748492,9,0,17 103 104,1,2115,,859810,9,0,99 100 101 15,1,70,,859817,9,0,99 100 101 15,1,30,,859812,9,0,99 100 101 15,1,70,,739927,9,0,99 100 101 15,1
99501,'1',637,,867873,2,0,78 105 106 39,1,10,,867871,2,0,78 105 106 39,1,10,,772768,2,0,78 105 106 39,1,51,,867870,2,0,78 105 106 39,1,10,,867877,2,0,78 105 106 39,1,10,,867865,2,0,78 105 106 39,1,10,,717498,2,0,78 105 106 39,1,10,,867842,2,0,78 105 106 39,1,10,,867867,2,0,78 105 106 39,1,50,,679179,2,0,78 105 106 39,1,10,,867869,2,0,78 105 106 39,1,10,,867891,2,0,78 105 106 39,1,10,,701719,2,0,78 105 106 39,1,10,,711309,2,0,78 105 106 39,1,10,,867859,2,0,78 105 106 39,1,50,,867890,2,0,78 105 106 39,1,10,,699678,2,0,78 105 106 39,1,10,,867876,2,0,78 105 106 39,1,10,,867846,2,0,78 105 106 39,1,10,,867848,2,0,78 105 106 39,1,10,,716682,2,0,78 105 106 39,1,50,,867875,2,0,78 105 106 39,1,10,,718767,2,0,78 105 106 39,1,10,,867872,2,0,78 105 106 39,1,10,,867857,2,0,78 105 106 39,1,10,,867841,2,0,78 105 106 39,1,10,,867864,2,0,78 105 106 39,1,50,,867866,2,0,78 105 106 39,1,10,,867860,2,0,78 105 106 39,1,10,,867894,2,0,78 105 106 39,1,10,,867883,2,0,78 105 106 39,1,10,,867887,2,0,78 105 106 39,1,10,,867886,2,0,78 105 106 39,1,50,,867847,2,0,78 105 106 39,1,10,,867879,2,0,78 105 106 39,1,10,,696207,2,0,78 105 106 39,1,10,,867850,2,0,78 105 106 39,1,10,,545190,2,0,78 105 106 39,1,10,,698051,2,0,78 105 106 39,1,50,,867853,2,0,78 105 106 39,1,10,,867878,2,0,78 105 106 39,1,10,,867888,2,0,78 105 106 39,1,10,,867863,2,0,78 105 106 39,1,10,,867854,2,0,78 105 106 39,1,10,,867843,2,0,78 105 106 39,1,50,,867858,2,0,78 105 106 39,1,10,,867849,2,0,78 105 106 39,1,10,,867837,2,0,78 105 106 39,1,10,,867884,2,0,78 105 106 39,1,10,,867881,2,0,78 105 106 39,1,10,,653253,2,0,78 105 106 39,1,52,,867889,2,0,78 105 106 39,1,10,,867895,2,0,78 105 106 39,1,10,,867844,2,0,78 105 106 39,1,10,,867892,2,0,78 105 106 39,1,10,,867840,2,0,78 105 106 39,1,50,,617375,2,0,78 105 106 39,1,10,,867882,2,0,78 105 106 39,1,10,,867855,2,0,78 105 106 39,1,10,,867868,2,0,78 105 106 39,1,10,,867885,2,0,78 105 106 39,1,10,,867838,2,0,78 105 106 39,1,50,,867856,2,0,78 105 106 39,1,10,,867839,2,0,78 105 106 39,1,10,,867852,2,0,78 105 106 39,1,10,,867880,2,0,78 105 106 39,1,10,,867851,2,0,78 105 106 39,1,10,,745161,2,0,78 105 106 39,1,50,,867861,2,0,78 105 106 39,1,10,,867874,2,0,78 105 106 39,1,10,,867845,2,0,78 105 106 39,1,10,,867862,2,0,78 105 106 39,1,10,,867893,2,0,78 105 106 39,1,10,,867835,2,0,78 105 106 39,1,50,,867836,2,0,78 105 106 39,1,7,,778394,2,0,78 105 106 39,1
99601,'1',518,,867975,5,0,39 10 8,1,10,,867990,5,0,39 10 8,1,12,,868007,5,0,39 10 8,1,10,,634554,5,0,39 10 8,1,50,,867991,5,0,39 10 8,1,5,,867999,5,0,39 10 8,1,5,,528725,5,0,39 10 8,1,10,,868029,5,0,39 10 8,1,10,,868022,5,0,39 10 8,1,13,,868040,31,0,39 10 8,1,10,,731669,31,0,39 10 8,1,50,,867970,31,0,39 10 8,1,10,,868021,31,0,39 10 8,1,10,,712681,31,0,39 10 8,1,10,,867980,31,0,39 10 8,1,10,,868008,31,0,39 10 8,1,10,,868033,31,0,39 10 8,1,50,,535003,31,0,39 10 8,1,10,,867987,31,0,39 10 8,1,10,,867977,31,0,39 10 8,1,10,,867969,31,0,39 10 8,1,10,,868012,31,0,39 10 8,1,5,,868000,5,0,39 10 8,1,5,,867965,31,0,39 10 8,1,50,,868027,31,0,39 10 8,1,10,,868014,31,0,39 10 8,1,10,,868039,31,0,39 10 8,1,10,,868001,31,0,39 10 8,1,10,,774016,31,0,39 10 8,1,10,,867963,31,0,39 10 8,1,50,,868030,31,0,39 10 8,1,5,,867989,31,0,39 10 8,1,9,,721093,31,0,39 10 8,1,9,,867992,31,0,39 10 8,1,9,,867996,31,0,39 10 8,1,9,,760142,31,0,39 10 8,1,9,,868005,31,0,39 10 8,1,49,,748050,31,0,39 10 8,1,9,,868035,31,0,39 10 8,1,9,,868015,31,0,39 10 8,1,9,,867983,31,0,39 10 8,1,9,,778376,31,0,39 10 8,1,9,,547852,31,0,39 10 8,1,9,,775708,31,0,39 10 8,1,49,,867982,31,0,39 10 8,1,9,,868019,31,0,39 10 8,1,9,,867964,31,0,39 10 8,1,9,,868006,31,0,39 10 8,1,9,,868024,31,0,39 10 8,1,9,,867979,31,0,39 10 8,1,9,,868025,31,0,39 10 8,1,49,,765247,31,0,39 10 8,1,9,,867968,31,0,39 10 8,1,9,,867997,31,0,39 10 8,1,9,,868020,31,0,39 10 8,1,9,,868041,31,0,39 10 8,1,9,,868026,31,0,39 10 8,1,49,,868010,31,0,39 10 8,1,4,,540826,5,0,39 10 8,1,5,,749855,31,0,39 10 8,1,9,,868031,31,0,39 10 8,1,9,,867966,31,0,39 10 8,1,9,,868036,31,0,39 10 8,1,9,,776332,31,0,39 10 8,1,9,,748707,31,0,39 10 8,1,49,,868017,31,0,39 10 8,1,6,,868034,5,0,39 10 8,1,4,,867972,31,0,39 10 8,1,8,,868002,31,0,39 10 8,1,8,,868016,31,0,39 10 8,1,8,,868013,31,0,39 10 8,1,8,,868009,31,0,39 10 8,1,8,,868028,31,0,39 10 8,1,48,,868037,31,0,39 10 8,1,8,,618862,31,0,39 10 8,1,8,,867988,31,0,39 10 8,1,8,,868011,31,0,39 10 8,1,8,,867993,31,0,39 10 8,1,8,,868018,31,0,39 10 8,1,8,,867994,31,0,39 10 8,1,8,,867986,31,0,39 10 8,1,48,,867976,31,0,39 10 8,1,8,,754345,31,0,39 10 8,1,8,,868023,31,0,39 10 8,1,8,,868004,31,0,39 10 8,1,8,,867981,31,0,39 10 8,1,8,,867974,31,0,39 10 8,1,8,,867978,31,0,39 10 8,1,48,,867985,31,0,39 10 8,1,8,,867971,31,0,39 10 8,1,8,,867973,31,0,39 10 8,1,8,,651909,31,0,39 10 8,1,8,,867984,31,0,39 10 8,1,8,,867995,31,0,39 10 8,1,8,,868003,31,0,39 10 8,1,8,,724596,31,0,39 10 8,1
