6002,'1',500,,546580,25,0,31 252,1,20,,634999,25,0,31 252,1,9,,635010,25,0,31 252,1,15,,583311,43,0,31 252,1,7,,635043,25,0,31 252,1,8,,635020,44,0,31 252,1,1698,,635005,44,0,34 86 87,1,64,,634951,44,0,34 86 87,1,24,,634955,44,0,34 86 87,1,64,,573259,44,0,34 86 87,1,24,,377649,44,0,34 86 87,1,24,,503147,44,0,34 86 87,1,64,,544459,44,0,34 86 87,1,23,,634994,44,0,34 86 87,1,67,,634967,44,0,34 86 87,1,47,,634972,44,0,34 86 87,1
6002,'2',525,,635097,43,0,31 252,1,20,,568568,43,0,31 252,1,62,,635125,44,0,31 252,1,43,,635135,44,0,31 252,1,60,,520714,44,0,31 252,1,20,,635083,44,0,31 252,1,20,,635060,44,0,31 252,1,60,,635076,44,0,31 252,1,1136,,635087,44,0,34 86 87,1,60,,635107,44,0,34 86 87,1,20,,635141,44,0,34 86 87,1,20,,582699,44,0,34 86 87,1,60,,635114,44,0,34 86 87,1,20,,635095,44,0,34 86 87,1,20,,541946,44,0,34 86 87,1,60,,635094,44,0,34 86 87,1,20,,635058,44,0,34 86 87,1,13,,635098,44,0,34 86 87,1,16,,635124,44,0,34 86 87,1,60,,635126,44,0,34 86 87,1,20,,635084,44,0,34 86 87,1,20,,635069,44,0,34 86 87,1,60,,545704,44,0,34 86 87,1,20,,635062,44,0,34 86 87,1,20,,635117,44,0,34 86 87,1,60,,492088,44,0,34 86 87,1,20,,547022,44,0,34 86 87,1,20,,635068,44,0,34 86 87,1,60,,635073,44,0,34 86 87,1,21,,635105,44,0,34 86 87,1,21,,635108,44,0,34 86 87,1
6002,'3',1953,,635173,44,0,34 86 87,1,60,,635209,44,0,34 86 87,1,20,,635232,44,0,34 86 87,1,20,,635182,44,0,34 86 87,1,60,,635155,44,0,34 86 87,1,20,,635206,44,0,34 86 87,1,20,,593237,44,0,34 86 87,1,60,,635214,44,0,34 86 87,1,23,,635152,44,0,34 86 87,1,20,,635213,44,0,34 86 87,1,60,,635183,44,0,34 86 87,1,20,,635217,44,0,34 86 87,1,20,,635203,44,0,34 86 87,1,60,,635227,44,0,34 86 87,1,20,,635224,44,0,34 86 87,1,20,,635146,44,0,34 86 87,1,60,,635192,44,0,34 86 87,1,20,,635197,44,0,34 86 87,1,20,,486954,44,0,34 86 87,1,60,,635225,44,0,34 86 87,1,41,,635143,44,0,34 86 87,1
6002,'5',607,,635291,44,0,34 86 87,1,15,,598807,44,0,34 86 87,1,15,,635269,44,0,34 86 87,1,15,,546155,44,0,34 86 87,1,55,,565167,44,0,34 86 87,1,15,,576702,44,0,34 86 87,1,15,,599432,44,0,34 86 87,1,15,,635308,44,0,34 86 87,1,55,,635332,44,0,34 86 87,1,15,,535824,44,0,34 86 87,1,1131,,635233,44,0,34 86 87,1,60,,635287,44,0,34 86 87,1,20,,587553,44,0,34 86 87,1,20,,635279,44,0,34 86 87,1,60,,573376,44,0,34 86 87,1,20,,594032,44,0,34 86 87,1,20,,521645,44,0,34 86 87,1,60,,635301,44,0,34 86 87,1,23,,635274,44,0,34 86 87,1,20,,635329,44,0,34 86 87,1,60,,635310,44,0,34 86 87,1,20,,635242,44,0,34 86 87,1,20,,635275,44,0,34 86 87,1,60,,635253,44,0,34 86 87,1,20,,635248,44,0,34 86 87,1,20,,635282,44,0,34 86 87,1,60,,635328,44,0,34 86 87,1,20,,635280,44,0,34 86 87,1,20,,635290,44,0,34 86 87,1,60,,635295,44,0,34 86 87,1,41,,635271,44,0,34 86 87,1
16602,'1',625,,603735,17,0,156,1,25,,677163,17,0,156,1,65,,591890,17,0,156,1,25,,677158,17,0,156,1,65,,677157,17,0,156,1,25,,677148,17,0,156,1,25,,677153,17,0,156,1,65,,677166,17,0,17 169 8,1,592,,677161,17,0,156,1,25,,677150,17,0,156,1,65,,677156,17,0,156,1,25,,677149,17,0,156,1,25,,677155,17,0,156,1,65,,677164,17,0,156,1,25,,677162,17,0,156,1,65,,677160,17,0,156,1,25,,677159,17,0,156,1,25,,677152,17,0,156,1,65,,677165,17,0,17 169 8,1
38402,'1',2713,,585518,62,0,9 3 49,1,30,,683003,61,0,9 3 49,1,70,,683004,61,0,9 3 49,1,32,,683001,61,0,9 3 49,1,70,,683002,61,0,9 3 49,1
38402,'2',550,,587650,61,0,9 3 49,1,2163,,564459,62,0,9 3 49,1,30,,683006,61,0,9 3 49,1,70,,683005,61,0,9 3 49,1,32,,569528,61,0,9 3 49,1,70,,566198,61,0,9 3 49,1
38402,'3',545,,683014,61,0,9 3 49,1,70,,683009,61,0,9 3 49,1,30,,683010,61,0,9 3 49,1,70,,683012,61,0,9 3 49,1,30,,683011,61,0,9 3 49,1,1968,,683013,62,0,9 3 49,1,30,,583485,61,0,9 3 49,1,70,,548518,61,0,9 3 49,1,32,,683008,61,0,9 3 49,1,70,,683007,61,0,9 3 49,1
38402,'5',545,,540045,61,0,9 3 49,1,2168,,683018,62,0,9 3 49,1,30,,683019,61,0,9 3 49,1,70,,683015,61,0,9 3 49,1,32,,683017,61,0,9 3 49,1,70,,683016,61,0,9 3 49,1
96002,'1',607,,689971,28,0,31 252,1,6,,690001,28,0,31 252,1,7,,689988,28,0,31 252,1,7,,689974,28,0,31 252,1,7,,690002,28,0,31 252,1,7,,539236,28,0,31 252,1,7,,689987,28,0,31 252,1,7,,689991,28,0,31 252,1,47,,689981,28,0,31 252,1,7,,690005,28,0,31 252,1,8,,689929,28,0,31 252,1,10,,689931,28,0,31 252,1,8,,689985,28,0,31 252,1,7,,575948,28,0,31 252,1,10,,690003,28,0,31 252,1,48,,689928,28,0,31 252,1,8,,587019,28,0,31 252,1,8,,471988,28,0,31 252,1,8,,594057,28,0,31 252,1,8,,555382,28,0,31 252,1,8,,513354,28,0,31 252,1,8,,689937,28,0,31 252,1,8,,583886,28,0,31 252,1,48,,689973,28,0,31 252,1,8,,601490,28,0,31 252,1,8,,689935,28,0,31 252,1,8,,689926,28,0,31 252,1,8,,689972,28,0,31 252,1,8,,573230,28,0,31 252,1,8,,689943,28,0,31 252,1,48,,689946,28,0,31 252,1,8,,689939,28,0,31 252,1,9,,689993,28,0,31 252,1,10,,689989,28,0,31 252,1,9,,689965,28,0,31 252,1,10,,689980,28,0,31 252,1,10,,689948,28,0,31 252,1,50,,689970,28,0,31 252,1,10,,689940,28,0,31 252,1,10,,499752,28,0,31 252,1,10,,534526,28,0,31 252,1,10,,689963,28,0,31 252,1,10,,689930,28,0,31 252,1,50,,689968,28,0,31 252,1,10,,689950,28,0,31 252,1,10,,483809,28,0,31 252,1,10,,564757,28,0,31 252,1,10,,689944,28,0,31 252,1,10,,689958,28,0,31 252,1,50,,689999,28,0,31 252,1,10,,599326,28,0,31 252,1,10,,689961,28,0,31 252,1,10,,689977,28,0,31 252,1,10,,689934,28,0,31 252,1,10,,689986,28,0,31 252,1,53,,690004,28,0,31 252,1,8,,689990,28,0,31 252,1,10,,555585,28,0,31 252,1,11,,689992,28,0,31 252,1,14,,689951,28,0,31 252,1,48,,689922,28,0,31 252,1,8,,689957,28,0,31 252,1,8,,689947,28,0,31 252,1,8,,689962,28,0,31 252,1,8,,689953,28,0,31 252,1,8,,689938,28,0,31 252,1,8,,522383,28,0,31 252,1,8,,514487,28,0,31 252,1,45,,587387,28,0,31 252,1,8,,689954,28,0,31 252,1,8,,689923,28,0,31 252,1,8,,690000,28,0,31 252,1,8,,553105,28,0,31 252,1,8,,689997,28,0,31 252,1,8,,690006,28,0,31 252,1,8,,689984,28,0,31 252,1,48,,689996,28,0,31 252,1,8,,522295,28,0,31 252,1,8,,689932,28,0,31 252,1,8,,689994,28,0,31 252,1,8,,603948,28,0,31 252,1,8,,566937,28,0,31 252,1,8,,689941,28,0,31 252,1,48,,689969,28,0,31 252,1,8,,689967,28,0,31 252,1,8,,689925,28,0,31 252,1,8,,689942,28,0,31 252,1,8,,535028,28,0,31 252,1,8,,545602,28,0,31 252,1,8,,689959,28,0,34 86 87,1,8,,689966,28,0,34 86 87,1,48,,487438,28,0,34 86 87,1,8,,689936,28,0,34 86 87,1,8,,689955,28,0,34 86 87,1,8,,401954,28,0,34 86 87,1,8,,488593,28,0,34 86 87,1,8,,603711,28,0,34 86 87,1,8,,689952,28,0,34 86 87,1,49,,689975,28,0,34 86 87,1,6,,689978,28,0,34 86 87,1,5,,689976,28,0,34 86 87,1,6,,689982,28,0,34 86 87,1,4,,689949,28,0,34 86 87,1,8,,689979,28,0,34 86 87,1,10,,577462,28,0,34 86 87,1,10,,689995,28,0,34 86 87,1,50,,689927,28,0,34 86 87,1,10,,689983,28,0,34 86 87,1,10,,689998,28,0,34 86 87,1,10,,560790,28,0,34 86 87,1,10,,689924,28,0,34 86 87,1,10,,689933,28,0,34 86 87,1,50,,689945,28,0,34 86 87,1,10,,689964,28,0,34 86 87,1,10,,689960,28,0,34 86 87,1,10,,689956,28,0,34 86 87,1
96002,'2',841,,601918,28,0,31 252,1,10,,538411,28,0,31 252,1,50,,690008,28,0,31 252,1,10,,690035,28,0,31 252,1,10,,690045,28,0,31 252,1,10,,690009,28,0,31 252,1,10,,690042,28,0,31 252,1,10,,690056,28,0,31 252,1,50,,541197,28,0,31 252,1,10,,690057,28,0,31 252,1,10,,690019,28,0,31 252,1,10,,690007,28,0,31 252,1,10,,521462,28,0,31 252,1,10,,690018,28,0,31 252,1,50,,690053,28,0,31 252,1,10,,690031,28,0,31 252,1,10,,690017,28,0,31 252,1,10,,690029,28,0,31 252,1,10,,690033,28,0,31 252,1,10,,690028,28,0,31 252,1,49,,574138,28,0,31 252,1,13,,690034,28,0,31 252,1,10,,690025,28,0,31 252,1,14,,481434,28,0,31 252,1,10,,690049,28,0,31 252,1,10,,690044,28,0,31 252,1,50,,690010,28,0,31 252,1,10,,690041,28,0,31 252,1,10,,690039,28,0,31 252,1,10,,690052,28,0,31 252,1,10,,690036,28,0,31 252,1,10,,690027,28,0,31 252,1,50,,690021,28,0,31 252,1,10,,690050,28,0,31 252,1,10,,690014,28,0,31 252,1,10,,690047,28,0,31 252,1,10,,690051,28,0,31 252,1,10,,690016,28,0,31 252,1,50,,690011,28,0,31 252,1,10,,690038,28,0,31 252,1,10,,690022,28,0,31 252,1,10,,690023,28,0,31 252,1,10,,690054,28,0,31 252,1,10,,690013,28,0,31 252,1,50,,690020,28,0,31 252,1,10,,376512,28,0,31 252,1,10,,483405,28,0,31 252,1,10,,690046,28,0,31 252,1,10,,556297,28,0,31 252,1,10,,521993,28,0,31 252,1,50,,690030,28,0,31 252,1,10,,690040,28,0,31 252,1,10,,578166,28,0,31 252,1,10,,690032,28,0,31 252,1,10,,690048,28,0,31 252,1,10,,472558,28,0,31 252,1,50,,690055,28,0,31 252,1,10,,690026,28,0,31 252,1,10,,690043,28,0,31 252,1,10,,416261,28,0,31 252,1,10,,690015,28,0,31 252,1,8,,409111,28,0,34 86 87,1,50,,690037,28,0,34 86 87,1,9,,690024,28,0,34 86 87,1,10,,592263,28,0,34 86 87,1,10,,557866,28,0,34 86 87,1,2,,690012,28,0,34 86 87,1
96002,'3',814,,690082,28,0,34 86 87,1,18,,690112,28,0,34 86 87,1,10,,507118,28,0,34 86 87,1,10,,690105,28,0,34 86 87,1,50,,466027,28,0,34 86 87,1,10,,690099,28,0,34 86 87,1,10,,690098,28,0,34 86 87,1,10,,690087,28,0,34 86 87,1,10,,690077,28,0,34 86 87,1,10,,506767,28,0,34 86 87,1,50,,690101,28,0,34 86 87,1,10,,690085,28,0,34 86 87,1,10,,690090,28,0,34 86 87,1,10,,561542,28,0,34 86 87,1,10,,690088,28,0,34 86 87,1,10,,690072,28,0,34 86 87,1,50,,587489,28,0,34 86 87,1,10,,595704,28,0,34 86 87,1,10,,690091,28,0,34 86 87,1,10,,690075,28,0,34 86 87,1,10,,690063,28,0,34 86 87,1,12,,690097,28,0,34 86 87,1,53,,487010,28,0,34 86 87,1,12,,533822,28,0,34 86 87,1,11,,690111,28,0,34 86 87,1,10,,690092,28,0,34 86 87,1,10,,690078,28,0,34 86 87,1,50,,690076,28,0,34 86 87,1,10,,690059,28,0,34 86 87,1,10,,690086,28,0,34 86 87,1,10,,690069,28,0,34 86 87,1,10,,690110,28,0,34 86 87,1,10,,690109,28,0,34 86 87,1,50,,415983,28,0,34 86 87,1,10,,690089,28,0,34 86 87,1,10,,690064,28,0,34 86 87,1,10,,690067,28,0,34 86 87,1,10,,690104,28,0,34 86 87,1,10,,690093,28,0,34 86 87,1,50,,495902,28,0,34 86 87,1,10,,690079,28,0,34 86 87,1,10,,690083,28,0,34 86 87,1,10,,459921,28,0,34 86 87,1,10,,690065,28,0,34 86 87,1,10,,690106,28,0,34 86 87,1,50,,690103,28,0,34 86 87,1,10,,690073,28,0,34 86 87,1,10,,690071,28,0,34 86 87,1,10,,690102,28,0,34 86 87,1,10,,690070,28,0,34 86 87,1,10,,690096,28,0,34 86 87,1,50,,690108,28,0,34 86 87,1,10,,690074,28,0,34 86 87,1,10,,583415,28,0,34 86 87,1,10,,690113,28,0,34 86 87,1,10,,690058,28,0,34 86 87,1,10,,690094,28,0,34 86 87,1,50,,690095,28,0,34 86 87,1,10,,690068,28,0,34 86 87,1,10,,690081,28,0,34 86 87,1,10,,690060,28,0,34 86 87,1,10,,690062,28,0,34 86 87,1,10,,690061,28,0,34 86 87,1,50,,690084,28,0,34 86 87,1,10,,690066,28,0,34 86 87,1,10,,690107,28,0,34 86 87,1,10,,690080,28,0,34 86 87,1,10,,690100,28,0,34 86 87,1
96002,'5',812,,690132,28,0,34 86 87,1,20,,542102,28,0,34 86 87,1,10,,690156,28,0,34 86 87,1,10,,570198,28,0,34 86 87,1,50,,690127,28,0,34 86 87,1,10,,690121,28,0,34 86 87,1,10,,599441,28,0,34 86 87,1,10,,690154,28,0,34 86 87,1,10,,690151,28,0,34 86 87,1,10,,690164,28,0,34 86 87,1,50,,690158,28,0,34 86 87,1,10,,556975,28,0,34 86 87,1,10,,690143,28,0,34 86 87,1,10,,690161,28,0,34 86 87,1,10,,690136,28,0,34 86 87,1,10,,690150,28,0,34 86 87,1,50,,690115,28,0,34 86 87,1,10,,690124,28,0,34 86 87,1,10,,555964,28,0,34 86 87,1,10,,690152,28,0,34 86 87,1,10,,690126,28,0,34 86 87,1,12,,528523,28,0,34 86 87,1,53,,690122,28,0,34 86 87,1,12,,690128,28,0,34 86 87,1,11,,690148,28,0,34 86 87,1,10,,598797,28,0,34 86 87,1,10,,690155,28,0,34 86 87,1,50,,690162,28,0,34 86 87,1,10,,577932,28,0,34 86 87,1,10,,690157,28,0,34 86 87,1,10,,690153,28,0,34 86 87,1,10,,690149,28,0,34 86 87,1,10,,690129,28,0,34 86 87,1,50,,690147,28,0,34 86 87,1,10,,690138,28,0,34 86 87,1,10,,690131,28,0,34 86 87,1,10,,690163,28,0,34 86 87,1,10,,690116,28,0,34 86 87,1,10,,690119,28,0,34 86 87,1,50,,690142,28,0,34 86 87,1,10,,690141,28,0,34 86 87,1,10,,690123,28,0,34 86 87,1,10,,690120,28,0,34 86 87,1,10,,690166,28,0,34 86 87,1,10,,690165,28,0,34 86 87,1,50,,574058,28,0,34 86 87,1,10,,690130,28,0,34 86 87,1,10,,555018,28,0,34 86 87,1,10,,690139,28,0,34 86 87,1,10,,690114,28,0,34 86 87,1,10,,690137,28,0,34 86 87,1,50,,527980,28,0,34 86 87,1,10,,532759,28,0,34 86 87,1,10,,575815,28,0,34 86 87,1,10,,690118,28,0,34 86 87,1,10,,690133,28,0,34 86 87,1,10,,521658,28,0,34 86 87,1,50,,690140,28,0,34 86 87,1,10,,690159,28,0,34 86 87,1,10,,690144,28,0,34 86 87,1,10,,539497,28,0,34 86 87,1,10,,690146,28,0,34 86 87,1,10,,690134,28,0,34 86 87,1,50,,690117,28,0,34 86 87,1,10,,690160,28,0,34 86 87,1,10,,690135,28,0,34 86 87,1,10,,690125,28,0,34 86 87,1,10,,690145,28,0,34 86 87,1
