10103,'1',546,,651257,40,4,,1,69,,690296,40,4,,1,30,,746578,39,4,,1,70,,746562,39,4,,1,30,,746584,39,4,,1,60,,746576,39,4,,1,20,,631943,39,4,,1,15,,746581,39,4,,1,67,,613227,39,4,,1,28,,746566,39,4,,1,69,,746588,39,4,,1,29,,746582,25,4,,1,71,,746593,25,4,,1,30,,746586,25,4,,1,70,,746577,25,4,,1,30,,746595,25,4,,1,70,,746589,25,4,,1,30,,746574,25,4,,1,73,,746571,25,4,,1,33,,746563,25,4,,1,73,,683775,39,4,,1,31,,746592,39,4,,1,77,,746567,39,4,,1,30,,746568,39,4,,1,70,,746564,39,4,,1,30,,746575,39,4,,1,70,,746561,39,4,,1,31,,746565,39,4,,1,65,,746596,39,4,,1,14,,746590,39,4,,1,21,,746591,39,4,,1,78,,746579,25,4,,1,70,,746587,25,4,,1,30,,630128,25,4,,1,73,,746594,25,4,,1,32,,746598,25,4,,1,71,,746585,25,4,,1,31,,746560,25,4,,1,70,,746599,25,4,,1,32,,746583,25,4,,1,71,,746572,25,4,,1
10103,'2',553,,746614,25,4,,1,73,,746600,25,4,,1,30,,746606,25,4,,1,70,,746623,25,4,,1,30,,575400,25,4,,1,70,,746602,25,4,,1,30,,746619,25,4,,1,70,,746604,25,4,,1,31,,746626,25,4,,1,72,,624564,25,4,,1,30,,746618,25,4,,1,71,,746631,25,4,,1,70,,746622,25,4,,1,34,,746611,25,4,,1,70,,599359,25,4,,1,30,,746610,25,4,,1,70,,746616,25,4,,1,30,,746612,25,4,,1,70,,746613,25,4,,1,30,,471819,25,4,,1,70,,746615,25,4,,1,30,,746624,25,4,,1,70,,746630,25,4,,1,30,,746628,25,4,,1,70,,669940,25,4,,1,30,,746625,25,4,,1,70,,633253,25,4,,1,26,,746607,25,4,,1,70,,746621,25,4,,1,30,,746608,25,4,,1,71,,746629,25,4,,1,32,,612004,25,4,,1,72,,746609,25,4,,1,33,,746603,25,4,,1,70,,746605,25,4,,1,30,,746601,25,4,,1,70,,651601,25,4,,1,31,,746617,25,4,,1,71,,651651,25,4,,1
10103,'3',745,,746634,25,4,,1,73,,746645,25,4,,1,11,,746643,25,4,,1,30,,746644,25,4,,1,68,,746651,25,4,,1,73,,746642,25,4,,1,29,,746636,25,4,,1,30,,746658,25,4,,1,71,,746649,25,4,,1,70,,746653,25,4,,1,34,,746646,25,4,,1,70,,746638,25,4,,1,30,,746656,25,4,,1,70,,746647,25,4,,1,30,,491330,25,4,,1,70,,539811,25,4,,1,30,,653146,25,4,,1,70,,604615,25,4,,1,30,,746657,25,4,,1,70,,621652,25,4,,1,30,,746641,25,4,,1,70,,574530,25,4,,1,30,,746639,25,4,,1,70,,746650,25,4,,1,26,,746648,25,4,,1,70,,676528,25,4,,1,30,,630991,25,4,,1,71,,746637,25,4,,1,32,,746640,25,4,,1,72,,746654,25,4,,1,33,,746635,25,4,,1,70,,746633,25,4,,1,30,,746652,25,4,,1,67,,629036,25,4,,1,32,,746632,25,4,,1,73,,656564,25,4,,1
10103,'5',553,,746680,25,4,,1,73,,746666,25,4,,1,30,,746660,25,4,,1,71,,746670,25,4,,1,30,,746682,25,4,,1,72,,559671,25,4,,1,30,,746674,25,4,,1,68,,746694,25,4,,1,32,,746677,25,4,,1,70,,746678,25,4,,1,30,,746693,25,4,,1,71,,746671,25,4,,1,70,,660584,25,4,,1,34,,746695,25,4,,1,70,,746684,25,4,,1,30,,746667,25,4,,1,70,,746683,25,4,,1,30,,746691,25,4,,1,70,,746663,25,4,,1,30,,746673,25,4,,1,70,,746668,25,4,,1,30,,746686,25,4,,1,70,,746661,25,4,,1,30,,646113,25,4,,1,70,,746669,25,4,,1,30,,746696,25,4,,1,70,,746692,25,4,,1,26,,746690,25,4,,1,70,,746679,25,4,,1,30,,746687,25,4,,1,71,,746685,25,4,,1,32,,746676,25,4,,1,72,,746659,25,4,,1,33,,746672,25,4,,1,70,,746689,25,4,,1,30,,746664,25,4,,1,67,,746665,25,4,,1,32,,746662,25,4,,1,73,,746681,25,4,,1
10104,'1',547,,746727,1,0,34 69 8,1,70,,575327,1,0,34 69 8,1,30,,746706,1,0,34 69 8,1,70,,746720,1,0,34 69 8,1,30,,625867,1,0,34 69 8,1,65,,746715,1,0,34 69 8,1,15,,746717,1,0,34 69 8,1,28,,746710,1,0,34 69 8,1,68,,746712,1,0,5 70 71,1,23,,631922,1,0,5 70 71,1,62,,746724,1,0,5 70 71,1,30,,682603,1,0,5 70 71,1,70,,597311,1,0,5 70 71,1,30,,746718,1,0,5 70 71,1,70,,746722,1,0,5 70 71,1,30,,746705,1,0,5 70 71,1,70,,746711,1,0,5 70 71,1,34,,608885,1,0,5 70 71,1,73,,746714,1,0,34 69 8,1,30,,746698,1,0,34 69 8,1,68,,746719,1,0,34 69 8,1,26,,746704,1,0,34 69 8,1,65,,746697,1,0,34 69 8,1,30,,746707,1,0,34 69 8,1,70,,746716,1,0,34 69 8,1,30,,496063,1,0,34 69 8,1,70,,746725,1,0,34 69 8,1,32,,746723,1,0,34 69 8,1,73,,746713,1,0,34 69 8,1,30,,746703,1,0,5 70 71,1,70,,746702,1,0,5 70 71,1,30,,398064,1,0,5 70 71,1,70,,746708,1,0,5 70 71,1,34,,746709,1,0,5 70 71,1,74,,746700,1,0,5 70 71,1,27,,643942,1,0,5 70 71,1,66,,746726,1,0,5 70 71,1,27,,746701,1,0,5 70 71,1,67,,469242,1,0,5 70 71,1,27,,544826,1,0,5 70 71,1,69,,471790,1,0,5 70 71,1
10104,'2',557,,746730,1,0,5 70 71,1,71,,746758,1,0,5 70 71,1,30,,746732,1,0,5 70 71,1,72,,746737,1,0,5 70 71,1,70,,746749,1,0,5 70 71,1,33,,667970,1,0,5 70 71,1,73,,746736,1,0,5 70 71,1,30,,746729,1,0,5 70 71,1,72,,644278,1,0,5 70 71,1,30,,746752,1,0,5 70 71,1,70,,746753,1,0,5 70 71,1,30,,746756,1,0,5 70 71,1,70,,746743,1,0,5 70 71,1,30,,542914,1,0,5 70 71,1,70,,614107,1,0,5 70 71,1,30,,746728,1,0,5 70 71,1,70,,746735,1,0,5 70 71,1,30,,657730,1,0,5 70 71,1,70,,746744,1,0,5 70 71,1,30,,746742,1,0,5 70 71,1,70,,513480,1,0,5 70 71,1,30,,746745,1,0,5 70 71,1,70,,532621,1,0,5 70 71,1,30,,746751,1,0,5 70 71,1,70,,746757,1,0,5 70 71,1,30,,746754,1,0,5 70 71,1,71,,746738,1,0,5 70 71,1,30,,746739,1,0,5 70 71,1,70,,746746,1,0,5 70 71,1,32,,746733,1,0,5 70 71,1,72,,746734,1,0,5 70 71,1,32,,746740,1,0,5 70 71,1,72,,746731,1,0,5 70 71,1,29,,746748,1,0,5 70 71,1,64,,746755,1,0,5 70 71,1,30,,746741,1,0,5 70 71,1,70,,623259,1,0,5 70 71,1,28,,746747,1,0,5 70 71,1,62,,590123,1,0,5 70 71,1
10104,'3',746,,646274,1,0,5 70 71,1,68,,746771,1,0,5 70 71,1,30,,746783,1,0,5 70 71,1,73,,637845,1,0,5 70 71,1,21,,746779,1,0,5 70 71,1,70,,616181,1,0,5 70 71,1,30,,746774,1,0,5 70 71,1,70,,746775,1,0,5 70 71,1,30,,746768,1,0,5 70 71,1,70,,746766,1,0,5 70 71,1,30,,746764,1,0,5 70 71,1,70,,746787,1,0,5 70 71,1,30,,746770,1,0,5 70 71,1,70,,746786,1,0,5 70 71,1,30,,746767,1,0,5 70 71,1,70,,746778,1,0,5 70 71,1,30,,746761,1,0,5 70 71,1,70,,609809,1,0,5 70 71,1,30,,746762,1,0,5 70 71,1,70,,746788,1,0,5 70 71,1,30,,746765,1,0,5 70 71,1,70,,746769,1,0,5 70 71,1,30,,746781,1,0,5 70 71,1,71,,746772,1,0,5 70 71,1,30,,746785,1,0,5 70 71,1,70,,746760,1,0,5 70 71,1,32,,616154,1,0,5 70 71,1,72,,561542,1,0,5 70 71,1,32,,746784,1,0,5 70 71,1,72,,746773,1,0,5 70 71,1,24,,746782,1,0,5 70 71,1,69,,746763,1,0,5 70 71,1,30,,637854,1,0,5 70 71,1,70,,746780,1,0,5 70 71,1,28,,746777,1,0,5 70 71,1,62,,627603,1,0,5 70 71,1
10104,'5',600,,746811,1,0,5 70 71,1,31,,746808,1,0,5 70 71,1,70,,746823,1,0,5 70 71,1,32,,746813,1,0,5 70 71,1,71,,746798,1,0,5 70 71,1,34,,746789,1,0,5 70 71,1,70,,746797,1,0,5 70 71,1,30,,746792,1,0,5 70 71,1,70,,613364,1,0,5 70 71,1,30,,746820,1,0,5 70 71,1,70,,746802,1,0,5 70 71,1,30,,746810,1,0,5 70 71,1,70,,746822,1,0,5 70 71,1,30,,746816,1,0,5 70 71,1,70,,658201,1,0,5 70 71,1,30,,746807,1,0,5 70 71,1,70,,568837,1,0,5 70 71,1,30,,746793,1,0,5 70 71,1,70,,746819,1,0,5 70 71,1,30,,746814,1,0,5 70 71,1,70,,746815,1,0,5 70 71,1,30,,746812,1,0,5 70 71,1,70,,746821,1,0,5 70 71,1,30,,746803,1,0,5 70 71,1,70,,648835,1,0,5 70 71,1,30,,563757,1,0,5 70 71,1,71,,746796,1,0,5 70 71,1,30,,746791,1,0,5 70 71,1,70,,746818,1,0,5 70 71,1,32,,746799,1,0,5 70 71,1,72,,622793,1,0,5 70 71,1,32,,746806,1,0,5 70 71,1,72,,746790,1,0,5 70 71,1,26,,746794,1,0,5 70 71,1,67,,746795,1,0,5 70 71,1,30,,746809,1,0,5 70 71,1,70,,746817,1,0,5 70 71,1,28,,746804,1,0,5 70 71,1,62,,746800,1,0,5 70 71,1
33602,'1',2518,,603945,1,0,17 126 43,1,10,,770177,1,0,17 126 43,1,10,,770179,1,0,17 126 43,1,10,,770176,1,0,17 126 43,1,10,,770178,1,0,11 12 164 170 171,1,50,,770174,1,0,17 126 43,1,10,,770183,1,0,11 12 164 170 171,1,15,,770182,1,0,17 126 43,1
33602,'2',2518,,770197,1,0,17 126 43,1,10,,770200,1,0,17 126 43,1,10,,770192,1,0,17 126 43,1,10,,770188,1,0,17 126 43,1,10,,770190,1,0,11 12 164 170 171,1,50,,770185,1,0,17 126 43,1,10,,770189,1,0,11 12 164 170 171,1,15,,630213,1,0,17 126 43,1
33602,'3',748,,770208,1,0,17 169 8,1,1770,,770203,1,0,17 126 43,1,10,,667110,1,0,17 126 43,1,10,,770221,1,0,17 126 43,1,10,,770213,1,0,17 126 43,1,10,,770209,1,0,11 12 164 170 171,1,50,,616965,1,0,17 126 43,1,10,,770210,1,0,11 12 164 170 171,1,15,,770206,1,0,17 126 43,1
33602,'5',553,,770229,1,0,17 126 43,1,50,,770228,1,0,17 126 43,1,10,,770243,1,0,17 126 43,1,10,,770246,1,0,17 126 43,1,10,,770237,1,0,17 169 8,1,10,,770235,1,0,17 169 8,1,1875,,651208,1,0,17 126 43,1,10,,521645,1,0,17 126 43,1,10,,770242,1,0,17 126 43,1,10,,770240,1,0,17 126 43,1,10,,770239,1,0,11 12 164 170 171,1,50,,770241,1,0,17 126 43,1,10,,770227,1,0,11 12 164 170 171,1,15,,770231,1,0,17 126 43,1
