8402,'1',548,,539232,23,0,5 62 63,1,54,,551178,23,0,5 62 63,1,12,,647947,23,0,5 62 63,1,7,,648003,23,0,28 9,1,5,,578956,23,0,5 62 63,1,5,,647978,23,0,31 82 48 15,1,9,,521869,23,0,5 62 63,1,2,,550990,23,0,5 62 63,1,2,,647971,23,0,28 9,1,6,,514109,23,0,5 62 63,1,6,,647983,23,0,31 82 48 15,1,46,,648001,23,0,5 62 63,1,6,,498252,23,0,28 9,1,4,,647996,23,0,5 62 63,1,2,,647961,23,0,5 62 63,1,6,,647918,23,0,31 82 48 15,1,6,,600754,23,0,5 62 63,1,7,,647952,23,0,28 9,1,7,,648000,23,0,5 62 63,1,8,,647976,23,0,31 82 48 15,1,6,,522433,23,0,5 62 63,1,46,,596049,23,0,28 9,1,6,,647922,23,0,5 62 63,1,6,,647989,23,0,31 82 48 15,1,6,,550423,23,0,5 62 63,1,6,,540914,23,0,28 9,1,6,,647992,23,0,5 62 63,1,6,,647970,23,0,31 82 48 15,1,6,,648021,23,0,5 62 63,1,4,,647949,23,0,5 62 63,1,2,,648015,23,0,28 9,1,6,,647908,23,0,5 62 63,1,46,,647946,23,0,31 82 48 15,1,5,,647995,23,0,5 62 63,1,5,,648027,23,0,28 9,1,7,,647951,23,0,5 62 63,1,7,,576763,23,0,31 82 48 15,1,2,,647909,23,0,5 62 63,1,2,,648013,23,0,5 62 63,1,6,,647999,23,0,5 62 63,1,8,,647945,23,0,5 62 63,1,8,,647977,23,0,5 62 63,1,8,,647956,23,0,5 62 63,1,48,,517179,23,0,5 62 63,1,8,,648034,23,0,5 62 63,1,8,,647906,23,0,5 62 63,1,2,,563004,23,0,5 62 63,1,6,,647988,23,0,5 62 63,1,8,,647932,23,0,5 62 63,1,8,,647926,23,0,5 62 63,1,8,,544406,23,0,5 62 63,1,48,,648018,23,0,5 62 63,1,8,,647943,23,0,5 62 63,1,3,,647907,23,0,5 62 63,1,5,,648011,23,0,5 62 63,1,8,,648008,23,0,5 62 63,1,8,,648014,23,0,5 62 63,1,8,,516252,23,0,5 62 63,1,8,,647948,23,0,5 62 63,1,5,,432851,23,0,5 62 63,1,3,,647958,23,0,5 62 63,1,48,,518402,23,0,5 62 63,1,8,,549884,23,0,5 62 63,1,8,,647936,23,0,5 62 63,1,8,,647985,23,0,5 62 63,1,8,,648024,23,0,5 62 63,1,6,,647993,23,0,5 62 63,1,2,,647981,23,0,5 62 63,1,8,,647982,23,0,5 62 63,1,48,,586799,23,0,5 62 63,1,8,,521015,23,0,5 62 63,1,8,,647919,23,0,5 62 63,1,8,,647904,23,0,5 62 63,1,8,,647950,23,0,5 62 63,1,8,,397743,23,0,5 62 63,1,11,,569211,23,0,5 62 63,1,6,,647927,23,0,5 62 63,1,50,,648020,23,0,5 62 63,1,7,,647962,23,0,5 62 63,1,2,,647933,23,0,5 62 63,1,10,,648025,23,0,5 62 63,1,5,,648004,23,0,28 9,1,10,,603990,23,0,31 82 48 15,1,5,,647968,23,0,5 62 63,1,55,,557825,23,0,28 9,1,3,,648031,23,0,5 62 63,1,2,,602943,23,0,5 62 63,1,5,,551172,23,0,31 82 48 15,1,15,,648022,23,0,5 62 63,1,5,,647935,23,0,28 9,1,10,,647944,23,0,31 82 48 15,1,5,,647973,23,0,5 62 63,1,55,,647997,23,0,28 9,1,2,,528193,23,0,5 62 63,1,3,,647925,23,0,5 62 63,1,5,,647917,23,0,31 82 48 15,1,15,,647921,23,0,5 62 63,1,5,,647934,23,0,28 9,1,10,,647911,23,0,31 82 48 15,1,5,,647980,23,0,5 62 63,1,9,,647916,23,0,5 62 63,1,44,,647914,23,0,28 9,1,7,,647959,23,0,5 62 63,1,5,,525971,23,0,31 82 48 15,1,15,,528733,23,0,5 62 63,1,5,,647974,23,0,28 9,1,8,,647923,23,0,5 62 63,1,2,,648012,23,0,31 82 48 15,1,14,,647994,23,0,5 62 63,1,46,,647965,23,0,28 9,1,5,,647903,23,0,5 62 63,1,5,,647913,23,0,31 82 48 15,1,15,,648029,23,0,5 62 63,1,7,,647937,23,0,5 62 63,1,7,,647963,23,0,5 62 63,1,10,,586628,23,0,5 62 63,1,50,,647938,23,0,5 62 63,1,10,,647972,23,0,5 62 63,1,10,,648016,23,0,5 62 63,1,10,,648023,23,0,5 62 63,1,8,,647990,23,0,5 62 63,1,2,,519342,23,0,5 62 63,1,10,,647912,23,0,5 62 63,1,50,,647924,23,0,5 62 63,1,10,,648010,23,0,5 62 63,1,10,,648007,23,0,5 62 63,1,10,,648030,23,0,5 62 63,1,10,,581984,23,0,5 62 63,1,10,,538317,23,0,5 62 63,1,49,,647969,23,0,5 62 63,1,2,,647966,23,0,5 62 63,1,8,,648019,23,0,5 62 63,1,10,,543631,23,0,5 62 63,1,6,,647931,23,0,5 62 63,1,10,,647954,23,0,5 62 63,1,10,,497831,23,0,5 62 63,1,10,,498371,23,0,5 62 63,1,50,,647905,23,0,5 62 63,1,10,,648017,23,0,5 62 63,1,5,,647940,23,0,5 62 63,1,5,,647991,23,0,5 62 63,1,10,,648005,23,0,5 62 63,1,10,,647998,23,0,5 62 63,1,5,,647967,23,0,5 62 63,1,5,,647930,23,0,5 62 63,1,50,,647953,23,0,5 62 63,1,10,,648033,23,0,5 62 63,1,10,,647920,23,0,5 62 63,1,5,,647984,23,0,5 62 63,1,5,,647979,23,0,5 62 63,1,10,,648032,23,0,5 62 63,1,10,,648036,23,0,5 62 63,1,45,,648009,23,0,5 62 63,1,5,,647928,23,0,5 62 63,1,10,,647957,23,0,5 62 63,1,10,,648035,23,0,5 62 63,1,10,,647941,23,0,5 62 63,1,5,,647986,23,0,5 62 63,1,3,,648002,23,0,5 62 63,1,12,,648026,23,0,5 62 63,1,50,,647987,23,0,5 62 63,1,4,,647929,23,0,5 62 63,1,8,,546918,23,0,5 62 63,1,15,,514636,23,0,5 62 63,1,13,,647975,23,0,5 62 63,1,55,,647910,23,0,5 62 63,1,15,,647915,23,0,5 62 63,1,15,,536381,23,0,5 62 63,1
8402,'2',547,,648170,24,0,5 62 63,1,53,,585590,23,0,5 62 63,1,7,,648093,23,0,5 62 63,1,10,,648083,23,0,5 62 63,1,10,,648038,23,0,5 62 63,1,1,,517232,23,0,5 62 63,1,9,,648153,23,0,5 62 63,1,10,,648136,23,0,5 62 63,1,10,,648172,23,0,5 62 63,1,50,,648069,23,0,5 62 63,1,1,,648130,23,0,5 62 63,1,9,,547278,23,0,5 62 63,1,10,,648050,23,0,5 62 63,1,12,,648059,23,0,5 62 63,1,3,,648114,23,0,5 62 63,1,7,,648132,23,0,5 62 63,1,10,,648065,23,0,5 62 63,1,51,,648048,23,0,5 62 63,1,12,,648154,23,0,5 62 63,1,1,,648115,23,0,5 62 63,1,9,,648146,23,0,5 62 63,1,10,,648107,23,0,5 62 63,1,10,,648099,23,0,5 62 63,1,50,,648135,23,0,5 62 63,1,1,,560842,23,0,5 62 63,1,9,,598686,23,0,5 62 63,1,10,,648088,23,0,5 62 63,1,10,,648123,23,0,5 62 63,1,10,,648072,23,0,5 62 63,1,10,,648124,23,0,5 62 63,1,50,,648149,23,0,5 62 63,1,10,,648062,23,0,5 62 63,1,10,,648043,23,0,5 62 63,1,10,,648086,23,0,5 62 63,1,6,,648057,23,0,5 62 63,1,4,,648157,23,0,5 62 63,1,11,,648039,23,0,5 62 63,1,49,,582396,23,0,5 62 63,1,10,,648082,23,0,5 62 63,1,6,,648152,23,0,5 62 63,1,4,,648117,23,0,5 62 63,1,10,,648118,23,0,5 62 63,1,10,,648100,23,0,5 62 63,1,10,,648179,23,0,5 62 63,1,7,,648140,23,0,5 62 63,1,44,,648166,23,0,5 62 63,1,10,,648129,23,0,5 62 63,1,9,,648112,23,0,5 62 63,1,8,,648106,23,0,5 62 63,1,8,,648075,23,0,5 62 63,1,4,,648055,23,0,5 62 63,1,4,,648090,23,0,5 62 63,1,8,,579011,23,0,5 62 63,1,48,,648150,23,0,5 62 63,1,8,,536519,23,0,5 62 63,1,8,,648044,23,0,5 62 63,1,6,,648046,23,0,5 62 63,1,2,,588427,23,0,5 62 63,1,8,,648060,23,0,5 62 63,1,8,,648126,23,0,5 62 63,1,8,,648163,23,0,5 62 63,1,8,,521556,23,0,5 62 63,1,48,,648079,23,0,5 62 63,1,6,,648156,23,0,5 62 63,1,2,,648109,23,0,5 62 63,1,8,,648095,23,0,5 62 63,1,8,,648087,23,0,5 62 63,1,8,,648167,23,0,5 62 63,1,8,,648064,23,0,5 62 63,1,8,,648054,23,0,5 62 63,1,48,,648108,23,0,5 62 63,1,4,,648174,23,0,5 62 63,1,4,,648116,23,0,5 62 63,1,8,,648041,23,0,5 62 63,1,8,,648071,23,0,5 62 63,1,8,,648133,23,0,5 62 63,1,8,,585779,23,0,5 62 63,1,8,,648141,23,0,5 62 63,1,4,,565857,23,0,5 62 63,1,4,,648138,23,0,5 62 63,1,48,,648049,23,0,5 62 63,1,8,,648148,23,0,5 62 63,1,8,,648084,23,0,5 62 63,1,8,,648073,23,0,5 62 63,1,6,,648142,23,0,5 62 63,1,2,,648113,23,0,5 62 63,1,8,,527052,23,0,5 62 63,1,8,,648122,23,0,5 62 63,1,48,,558573,23,0,5 62 63,1,8,,648134,23,0,5 62 63,1,8,,648159,23,0,5 62 63,1,6,,561364,23,0,5 62 63,1,2,,648096,23,0,5 62 63,1,8,,648127,23,0,5 62 63,1,8,,648151,23,0,5 62 63,1,8,,648040,23,0,5 62 63,1,8,,648173,23,0,5 62 63,1,48,,560840,23,0,5 62 63,1,8,,485635,23,0,5 62 63,1,8,,648171,23,0,5 62 63,1,8,,648111,23,0,5 62 63,1,8,,648052,23,0,5 62 63,1,7,,648080,23,0,5 62 63,1,6,,648143,23,0,5 62 63,1,3,,648125,23,0,5 62 63,1,48,,648063,23,0,5 62 63,1,7,,648051,23,0,5 62 63,1,6,,648121,23,0,5 62 63,1,8,,648058,23,0,5 62 63,1,10,,648092,23,0,5 62 63,1,5,,648165,23,0,5 62 63,1,4,,648042,23,0,5 62 63,1,11,,648158,23,0,5 62 63,1,50,,648068,23,0,5 62 63,1,10,,462332,23,0,5 62 63,1,5,,648105,23,0,5 62 63,1,5,,648177,23,0,5 62 63,1,10,,648119,23,0,5 62 63,1,10,,648045,23,0,5 62 63,1,10,,648102,23,0,5 62 63,1,5,,648056,23,0,5 62 63,1,45,,648155,23,0,5 62 63,1,10,,516429,23,0,5 62 63,1,10,,527702,23,0,5 62 63,1,10,,556225,23,0,5 62 63,1,5,,648147,23,0,5 62 63,1,5,,648104,23,0,5 62 63,1,10,,648103,23,0,5 62 63,1,50,,648139,23,0,5 62 63,1,5,,648047,23,0,5 62 63,1,5,,648178,23,0,5 62 63,1,4,,648101,23,0,5 62 63,1,11,,648169,23,0,5 62 63,1,10,,648067,23,0,5 62 63,1,10,,648164,23,0,5 62 63,1,10,,528859,23,0,5 62 63,1,50,,543320,23,0,5 62 63,1,10,,648175,23,0,5 62 63,1,8,,526067,23,0,5 62 63,1,2,,648061,23,0,5 62 63,1,10,,648144,23,0,5 62 63,1,10,,648081,23,0,5 62 63,1,7,,648160,23,0,5 62 63,1,3,,513835,23,0,5 62 63,1,50,,648074,23,0,5 62 63,1,10,,648120,23,0,5 62 63,1,10,,648162,23,0,5 62 63,1,5,,437236,23,0,5 62 63,1,5,,648085,23,0,5 62 63,1,10,,580135,23,0,5 62 63,1,10,,648161,23,0,5 62 63,1,44,,648053,23,0,5 62 63,1,6,,648066,23,0,5 62 63,1,10,,648131,23,0,5 62 63,1,15,,648128,23,0,5 62 63,1,6,,648094,23,0,5 62 63,1,8,,648091,23,0,5 62 63,1,55,,648168,23,0,5 62 63,1,15,,648098,23,0,5 62 63,1,15,,648076,23,0,5 62 63,1
8402,'3',745,,648230,24,0,5 62 63,1,8,,648270,24,0,5 62 63,1,49,,572268,24,0,5 62 63,1,18,,648244,23,0,5 62 63,1,10,,648196,23,0,5 62 63,1,10,,541972,23,0,5 62 63,1,10,,648232,23,0,5 62 63,1,50,,648250,23,0,5 62 63,1,2,,648204,23,0,5 62 63,1,8,,648215,23,0,5 62 63,1,10,,541395,23,0,5 62 63,1,10,,648227,23,0,5 62 63,1,6,,648249,23,0,5 62 63,1,4,,586181,23,0,5 62 63,1,10,,648222,23,0,5 62 63,1,50,,648273,23,0,5 62 63,1,10,,648184,23,0,5 62 63,1,9,,648237,23,0,5 62 63,1,1,,648183,23,0,5 62 63,1,10,,648201,23,0,5 62 63,1,10,,648205,23,0,5 62 63,1,10,,648214,23,0,5 62 63,1,3,,648210,23,0,5 62 63,1,47,,530890,23,0,5 62 63,1,10,,648264,23,0,5 62 63,1,10,,648288,23,0,5 62 63,1,10,,648290,23,0,5 62 63,1,5,,648247,23,0,5 62 63,1,5,,648193,23,0,5 62 63,1,10,,599211,23,0,5 62 63,1,50,,648285,23,0,5 62 63,1,11,,648261,23,0,5 62 63,1,12,,585804,23,0,5 62 63,1,10,,648263,23,0,5 62 63,1,10,,648185,23,0,5 62 63,1,10,,577783,23,0,5 62 63,1,50,,648260,23,0,5 62 63,1,5,,648209,23,0,5 62 63,1,5,,648286,23,0,5 62 63,1,10,,648275,23,0,5 62 63,1,10,,648276,23,0,5 62 63,1,10,,648226,23,0,5 62 63,1,3,,648189,23,0,5 62 63,1,7,,648278,23,0,5 62 63,1,50,,648281,23,0,5 62 63,1,10,,648225,23,0,5 62 63,1,10,,648291,23,0,5 62 63,1,8,,648277,23,0,5 62 63,1,2,,648255,23,0,5 62 63,1,10,,648233,23,0,5 62 63,1,10,,648248,23,0,5 62 63,1,50,,648298,23,0,5 62 63,1,5,,648266,23,0,5 62 63,1,5,,589743,23,0,5 62 63,1,10,,535750,23,0,5 62 63,1,10,,648216,23,0,5 62 63,1,10,,648296,23,0,5 62 63,1,10,,560489,23,0,5 62 63,1,50,,648197,23,0,5 62 63,1,10,,648251,23,0,5 62 63,1,10,,648267,23,0,5 62 63,1,8,,648220,23,0,5 62 63,1,2,,648254,23,0,5 62 63,1,10,,648218,23,0,5 62 63,1,10,,648279,23,0,5 62 63,1,50,,648211,23,0,5 62 63,1,10,,533046,23,0,5 62 63,1,3,,648253,23,0,5 62 63,1,7,,648280,23,0,5 62 63,1,10,,493788,23,0,5 62 63,1,10,,589158,23,0,5 62 63,1,10,,648292,23,0,5 62 63,1,50,,648293,23,0,5 62 63,1,10,,531594,23,0,5 62 63,1,10,,648245,23,0,5 62 63,1,10,,648202,23,0,5 62 63,1,5,,648219,23,0,5 62 63,1,5,,648187,23,0,5 62 63,1,10,,648212,23,0,5 62 63,1,48,,648274,23,0,5 62 63,1,9,,648191,23,0,5 62 63,1,3,,648223,23,0,5 62 63,1,7,,522623,23,0,5 62 63,1,10,,648252,23,0,5 62 63,1,10,,648224,23,0,5 62 63,1,9,,648271,23,0,5 62 63,1,1,,648221,23,0,5 62 63,1,50,,648241,23,0,5 62 63,1,10,,648235,23,0,5 62 63,1,10,,648265,23,0,5 62 63,1,8,,648268,23,0,5 62 63,1,2,,648238,23,0,5 62 63,1,10,,648208,23,0,5 62 63,1,10,,648239,23,0,5 62 63,1,9,,648192,23,0,5 62 63,1,48,,648257,23,0,5 62 63,1,3,,648272,23,0,5 62 63,1,10,,648262,23,0,5 62 63,1,10,,648231,23,0,5 62 63,1,10,,648188,23,0,5 62 63,1,6,,648229,23,0,5 62 63,1,4,,648234,23,0,5 62 63,1,50,,648289,23,0,5 62 63,1,8,,648182,23,0,5 62 63,1,10,,378374,23,0,5 62 63,1,4,,648240,23,0,5 62 63,1,6,,648243,23,0,5 62 63,1,10,,648203,23,0,5 62 63,1,10,,648186,23,0,5 62 63,1,10,,648284,23,0,5 62 63,1,42,,648200,23,0,5 62 63,1,8,,648198,23,0,5 62 63,1,10,,648194,23,0,5 62 63,1,10,,648282,23,0,5 62 63,1,1,,442078,23,0,5 62 63,1,9,,648206,23,0,5 62 63,1,10,,648207,23,0,5 62 63,1,10,,602018,23,0,5 62 63,1,49,,648246,23,0,5 62 63,1,1,,587492,23,0,5 62 63,1,10,,648181,23,0,5 62 63,1,10,,648195,23,0,5 62 63,1,4,,503628,23,0,5 62 63,1,6,,648294,23,0,5 62 63,1,10,,648287,23,0,5 62 63,1,10,,648259,23,0,5 62 63,1,50,,648180,23,0,5 62 63,1,10,,648228,23,0,5 62 63,1,17,,648199,23,0,5 62 63,1,12,,648217,23,0,5 62 63,1,55,,648283,23,0,5 62 63,1,15,,648190,23,0,5 62 63,1,15,,517559,23,0,5 62 63,1
8402,'5',545,,524665,24,0,5 62 63,1,14,,528493,23,0,5 62 63,1,50,,648335,23,0,5 62 63,1,10,,549469,23,0,5 62 63,1,10,,648408,23,0,5 62 63,1,10,,648407,23,0,5 62 63,1,10,,648315,23,0,5 62 63,1,10,,648405,23,0,5 62 63,1,50,,648383,23,0,5 62 63,1,10,,648313,23,0,5 62 63,1,10,,648344,23,0,5 62 63,1,10,,648330,23,0,5 62 63,1,10,,648314,23,0,5 62 63,1,10,,648301,23,0,5 62 63,1,50,,648368,23,0,5 62 63,1,11,,648357,23,0,5 62 63,1,10,,648328,23,0,5 62 63,1,10,,648358,23,0,5 62 63,1,10,,559648,23,0,5 62 63,1,50,,593500,23,0,5 62 63,1,2,,515657,23,0,5 62 63,1,8,,648333,23,0,5 62 63,1,10,,648412,23,0,5 62 63,1,10,,648354,23,0,5 62 63,1,6,,648365,23,0,5 62 63,1,4,,648404,23,0,5 62 63,1,10,,648428,23,0,5 62 63,1,50,,648431,23,0,5 62 63,1,10,,648305,23,0,5 62 63,1,9,,648366,23,0,5 62 63,1,1,,648361,23,0,5 62 63,1,10,,648364,23,0,5 62 63,1,10,,648353,23,0,5 62 63,1,10,,648312,23,0,5 62 63,1,3,,648387,23,0,5 62 63,1,47,,554815,23,0,5 62 63,1,10,,648337,23,0,5 62 63,1,10,,648400,23,0,5 62 63,1,10,,531659,23,0,5 62 63,1,5,,648332,23,0,5 62 63,1,5,,648432,23,0,5 62 63,1,10,,648423,23,0,5 62 63,1,50,,648420,23,0,5 62 63,1,11,,648393,23,0,5 62 63,1,12,,648410,23,0,5 62 63,1,10,,524700,23,0,5 62 63,1,10,,648318,23,0,5 62 63,1,10,,648403,23,0,5 62 63,1,50,,648342,23,0,5 62 63,1,5,,648303,23,0,5 62 63,1,5,,648382,23,0,5 62 63,1,10,,648326,23,0,5 62 63,1,10,,648392,23,0,5 62 63,1,10,,648421,23,0,5 62 63,1,3,,648386,23,0,5 62 63,1,7,,648310,23,0,5 62 63,1,50,,648350,23,0,5 62 63,1,10,,648433,23,0,5 62 63,1,10,,648362,23,0,5 62 63,1,8,,648373,23,0,5 62 63,1,2,,648334,23,0,5 62 63,1,10,,648424,23,0,5 62 63,1,10,,648370,23,0,5 62 63,1,50,,648331,23,0,5 62 63,1,5,,648363,23,0,5 62 63,1,5,,648399,23,0,5 62 63,1,10,,557759,23,0,5 62 63,1,10,,648325,23,0,5 62 63,1,10,,648360,23,0,5 62 63,1,10,,648422,23,0,5 62 63,1,50,,648329,23,0,5 62 63,1,10,,582315,23,0,5 62 63,1,10,,648327,23,0,5 62 63,1,8,,648371,23,0,5 62 63,1,2,,648324,23,0,5 62 63,1,10,,573017,23,0,5 62 63,1,10,,648347,23,0,5 62 63,1,50,,648309,23,0,5 62 63,1,10,,648401,23,0,5 62 63,1,3,,648304,23,0,5 62 63,1,7,,648414,23,0,5 62 63,1,10,,648323,23,0,5 62 63,1,10,,648378,23,0,5 62 63,1,10,,518509,23,0,5 62 63,1,50,,648306,23,0,5 62 63,1,10,,524209,23,0,5 62 63,1,10,,648321,23,0,5 62 63,1,10,,584582,23,0,5 62 63,1,5,,648419,23,0,5 62 63,1,5,,648394,23,0,5 62 63,1,10,,526760,23,0,5 62 63,1,48,,648395,23,0,5 62 63,1,9,,648418,23,0,5 62 63,1,3,,593087,23,0,5 62 63,1,7,,648389,23,0,5 62 63,1,10,,583162,23,0,5 62 63,1,10,,648391,23,0,5 62 63,1,9,,648356,23,0,5 62 63,1,1,,648320,23,0,5 62 63,1,50,,648398,23,0,5 62 63,1,10,,648311,23,0,5 62 63,1,10,,648377,23,0,5 62 63,1,8,,648367,23,0,5 62 63,1,2,,648381,23,0,5 62 63,1,10,,648359,23,0,5 62 63,1,10,,648372,23,0,5 62 63,1,9,,648319,23,0,5 62 63,1,48,,648374,23,0,5 62 63,1,3,,520838,23,0,5 62 63,1,10,,648343,23,0,5 62 63,1,10,,648300,23,0,5 62 63,1,10,,648380,23,0,5 62 63,1,6,,648402,23,0,5 62 63,1,4,,648322,23,0,5 62 63,1,50,,648355,23,0,5 62 63,1,8,,648384,23,0,5 62 63,1,10,,648340,23,0,5 62 63,1,4,,648427,23,0,5 62 63,1,6,,648339,23,0,5 62 63,1,10,,648416,23,0,5 62 63,1,10,,648348,23,0,5 62 63,1,10,,648385,23,0,5 62 63,1,42,,648341,23,0,5 62 63,1,8,,648351,23,0,5 62 63,1,10,,648411,23,0,5 62 63,1,10,,648317,23,0,5 62 63,1,1,,648396,23,0,5 62 63,1,9,,648417,23,0,5 62 63,1,10,,648316,23,0,5 62 63,1,10,,648376,23,0,5 62 63,1,49,,648426,23,0,5 62 63,1,1,,592514,23,0,5 62 63,1,10,,579117,23,0,5 62 63,1,10,,648425,23,0,5 62 63,1,4,,648338,23,0,5 62 63,1,6,,648349,23,0,5 62 63,1,10,,648352,23,0,5 62 63,1,10,,648307,23,0,5 62 63,1,50,,523851,23,0,5 62 63,1,10,,648429,23,0,5 62 63,1,17,,648415,23,0,5 62 63,1,12,,648375,23,0,5 62 63,1,55,,648369,23,0,5 62 63,1,15,,648397,23,0,5 62 63,1,15,,648390,23,0,5 62 63,1
10602,'1',533,,539513,8,0,47 48 15,1,18,,661840,8,0,47 48 15,1,58,,517664,8,0,47 48 15,1,18,,661847,8,0,47 48 15,1,18,,661851,8,0,47 48 15,1,58,,661864,8,0,47 48 15,1,17,,661852,8,0,47 48 15,1,17,,558831,8,0,47 48 15,1,16,,661853,8,0,47 48 15,1,56,,661837,8,0,47 48 15,1,16,,661839,8,0,47 48 15,1,16,,661836,8,0,47 48 15,1,16,,661856,8,0,47 48 15,1,57,,661871,8,0,47 48 15,1,20,,661850,8,0,47 48 15,1,20,,661874,8,0,47 48 15,1,60,,661831,8,0,47 48 15,1,20,,661860,8,0,47 48 15,1,20,,526241,8,0,47 48 15,1,60,,661841,8,0,47 48 15,1,20,,661826,8,0,47 48 15,1,20,,661842,8,0,47 48 15,1,60,,661846,8,0,47 48 15,1,20,,661859,8,0,47 48 15,1,20,,661835,8,0,47 48 15,1,60,,661873,8,0,47 48 15,1,20,,575284,8,0,47 48 15,1,20,,661870,8,0,47 48 15,1,60,,380562,8,0,47 48 15,1,20,,572760,8,0,47 48 15,1,18,,661834,8,0,47 48 15,1,57,,661854,8,0,47 48 15,1,18,,661848,8,0,47 48 15,1,17,,661849,8,0,47 48 15,1,58,,510688,8,0,47 48 15,1,17,,661838,8,0,47 48 15,1,18,,661855,8,0,47 48 15,1,17,,661862,8,0,47 48 15,1,58,,577845,8,0,47 48 15,1,17,,661845,8,0,47 48 15,1,18,,661866,8,0,47 48 15,1,57,,661869,8,0,47 48 15,1,19,,661857,8,0,47 48 15,1,20,,535898,8,0,47 48 15,1,60,,430074,8,0,47 48 15,1,20,,570781,8,0,47 48 15,1,20,,661832,8,0,47 48 15,1,60,,661827,8,0,47 48 15,1,19,,562550,8,0,47 48 15,1,20,,661843,8,0,47 48 15,1,60,,661863,8,0,47 48 15,1,18,,588030,8,0,47 48 15,1,18,,661833,8,0,47 48 15,1,18,,661858,8,0,47 48 15,1,58,,661865,8,0,47 48 15,1,18,,661828,8,0,47 48 15,1,18,,661867,8,0,47 48 15,1,60,,661868,8,0,47 48 15,1,22,,475140,8,0,47 48 15,1,24,,661872,8,0,47 48 15,1,64,,554727,8,0,47 48 15,1,24,,661844,8,0,47 48 15,1,61,,518219,8,0,47 48 15,1,27,,661861,8,0,47 48 15,1,70,,661830,8,0,47 48 15,1,30,,661829,8,0,47 48 15,1
10602,'2',534,,661915,8,0,47 48 15,1,67,,661892,8,0,47 48 15,1,24,,661876,8,0,47 48 15,1,24,,661878,8,0,47 48 15,1,64,,661887,8,0,47 48 15,1,24,,661879,8,0,47 48 15,1,64,,661897,8,0,47 48 15,1,15,,661902,8,0,47 48 15,1,18,,661904,8,0,47 48 15,1,18,,555394,8,0,47 48 15,1,58,,559916,8,0,47 48 15,1,18,,661922,8,0,47 48 15,1,18,,661903,8,0,47 48 15,1,58,,661895,8,0,47 48 15,1,18,,528246,8,0,47 48 15,1,18,,661900,8,0,47 48 15,1,18,,595739,8,0,47 48 15,1,58,,661917,8,0,47 48 15,1,18,,661907,8,0,47 48 15,1,18,,409372,8,0,47 48 15,1,58,,522469,8,0,47 48 15,1,18,,661885,8,0,47 48 15,1,18,,661910,8,0,47 48 15,1,58,,567011,8,0,47 48 15,1,18,,661884,8,0,47 48 15,1,18,,661889,8,0,47 48 15,1,18,,661890,8,0,47 48 15,1,58,,386819,8,0,47 48 15,1,18,,661908,8,0,47 48 15,1,18,,661924,8,0,47 48 15,1,58,,584391,8,0,47 48 15,1,18,,661906,8,0,47 48 15,1,18,,661882,8,0,47 48 15,1,58,,661896,8,0,47 48 15,1,18,,661920,8,0,47 48 15,1,18,,661916,8,0,47 48 15,1,18,,525792,8,0,47 48 15,1,58,,661891,8,0,47 48 15,1,18,,661893,8,0,47 48 15,1,18,,661881,8,0,47 48 15,1,58,,661888,8,0,47 48 15,1,18,,661911,8,0,47 48 15,1,18,,558168,8,0,47 48 15,1,56,,661886,8,0,47 48 15,1,18,,661921,8,0,47 48 15,1,14,,661905,8,0,47 48 15,1,16,,527741,8,0,47 48 15,1,56,,661913,8,0,47 48 15,1,16,,661912,8,0,47 48 15,1,16,,661918,8,0,47 48 15,1,16,,602734,8,0,47 48 15,1,56,,661901,8,0,47 48 15,1,16,,661923,8,0,47 48 15,1,16,,661880,8,0,47 48 15,1,16,,661899,8,0,47 48 15,1,56,,661909,8,0,47 48 15,1,16,,516734,8,0,47 48 15,1,16,,549918,8,0,47 48 15,1,56,,466877,8,0,47 48 15,1,16,,578657,8,0,47 48 15,1,16,,661898,8,0,47 48 15,1,16,,549942,8,0,47 48 15,1,56,,661894,8,0,47 48 15,1,16,,661914,8,0,47 48 15,1,16,,661877,8,0,47 48 15,1,67,,661875,8,0,47 48 15,1,27,,528244,8,0,47 48 15,1,70,,661919,8,0,47 48 15,1,30,,661883,8,0,47 48 15,1
10602,'3',733,,661942,8,0,47 48 15,1,14,,548443,8,0,47 48 15,1,56,,661951,8,0,47 48 15,1,16,,661950,8,0,47 48 15,1,16,,601608,8,0,47 48 15,1,16,,661972,8,0,47 48 15,1,56,,661933,8,0,47 48 15,1,16,,661978,8,0,47 48 15,1,16,,661970,8,0,47 48 15,1,16,,661974,8,0,47 48 15,1,56,,661940,8,0,47 48 15,1,18,,661946,8,0,47 48 15,1,18,,661955,8,0,47 48 15,1,58,,661954,8,0,47 48 15,1,18,,565594,8,0,47 48 15,1,18,,661932,8,0,47 48 15,1,18,,661925,8,0,47 48 15,1,58,,585177,8,0,47 48 15,1,18,,661964,8,0,47 48 15,1,18,,603823,8,0,47 48 15,1,58,,661973,8,0,47 48 15,1,18,,661957,8,0,47 48 15,1,18,,661959,8,0,47 48 15,1,58,,661929,8,0,47 48 15,1,18,,661976,8,0,47 48 15,1,18,,661944,8,0,47 48 15,1,18,,661939,8,0,47 48 15,1,58,,661962,8,0,47 48 15,1,18,,661956,8,0,47 48 15,1,18,,661937,8,0,47 48 15,1,58,,661975,8,0,47 48 15,1,18,,661934,8,0,47 48 15,1,18,,661943,8,0,47 48 15,1,58,,661947,8,0,47 48 15,1,18,,661948,8,0,47 48 15,1,18,,661935,8,0,47 48 15,1,18,,661961,8,0,47 48 15,1,58,,463033,8,0,47 48 15,1,18,,416878,8,0,47 48 15,1,18,,661938,8,0,47 48 15,1,58,,661953,8,0,47 48 15,1,16,,661931,8,0,47 48 15,1,16,,591600,8,0,47 48 15,1,16,,661926,8,0,47 48 15,1,56,,564666,8,0,47 48 15,1,16,,661966,8,0,47 48 15,1,16,,661969,8,0,47 48 15,1,56,,661963,8,0,47 48 15,1,16,,661949,8,0,47 48 15,1,16,,661960,8,0,47 48 15,1,16,,661930,8,0,47 48 15,1,57,,661945,8,0,47 48 15,1,16,,404569,8,0,47 48 15,1,16,,661941,8,0,47 48 15,1,16,,661979,8,0,47 48 15,1,56,,661968,8,0,47 48 15,1,16,,661958,8,0,47 48 15,1,16,,661928,8,0,47 48 15,1,56,,661977,8,0,47 48 15,1,16,,661965,8,0,47 48 15,1,16,,661952,8,0,47 48 15,1,16,,661927,8,0,47 48 15,1,57,,661971,8,0,47 48 15,1,27,,661936,8,0,47 48 15,1,70,,661967,8,0,47 48 15,1,30,,516627,8,0,47 48 15,1
10602,'5',533,,518500,8,0,47 48 15,1,24,,662037,8,0,47 48 15,1,56,,569998,8,0,47 48 15,1,16,,662001,8,0,47 48 15,1,16,,662026,8,0,47 48 15,1,56,,662000,8,0,47 48 15,1,16,,662010,8,0,47 48 15,1,16,,662030,8,0,47 48 15,1,14,,661998,8,0,47 48 15,1,56,,662033,8,0,47 48 15,1,16,,662009,8,0,47 48 15,1,16,,662013,8,0,47 48 15,1,16,,662015,8,0,47 48 15,1,56,,662027,8,0,47 48 15,1,16,,661995,8,0,47 48 15,1,16,,661990,8,0,47 48 15,1,16,,661986,8,0,47 48 15,1,56,,662036,8,0,47 48 15,1,18,,662029,8,0,47 48 15,1,18,,662005,8,0,47 48 15,1,58,,600004,8,0,47 48 15,1,18,,662014,8,0,47 48 15,1,18,,661996,8,0,47 48 15,1,18,,662003,8,0,47 48 15,1,58,,661982,8,0,47 48 15,1,18,,662032,8,0,47 48 15,1,18,,661988,8,0,47 48 15,1,58,,662016,8,0,47 48 15,1,18,,529892,8,0,47 48 15,1,18,,662031,8,0,47 48 15,1,58,,662038,8,0,47 48 15,1,18,,661983,8,0,47 48 15,1,18,,662006,8,0,47 48 15,1,18,,662041,8,0,47 48 15,1,58,,568918,8,0,47 48 15,1,18,,661980,8,0,47 48 15,1,18,,662022,8,0,47 48 15,1,58,,661997,8,0,47 48 15,1,18,,661992,8,0,47 48 15,1,18,,662035,8,0,47 48 15,1,58,,661993,8,0,47 48 15,1,18,,662017,8,0,47 48 15,1,18,,662025,8,0,47 48 15,1,18,,662004,8,0,47 48 15,1,58,,662021,8,0,47 48 15,1,18,,662019,8,0,47 48 15,1,18,,591311,8,0,47 48 15,1,58,,662028,8,0,47 48 15,1,16,,662034,8,0,47 48 15,1,16,,662007,8,0,47 48 15,1,16,,662039,8,0,47 48 15,1,56,,661985,8,0,47 48 15,1,16,,554850,8,0,47 48 15,1,16,,555941,8,0,47 48 15,1,56,,661999,8,0,47 48 15,1,16,,662020,8,0,47 48 15,1,16,,662040,8,0,47 48 15,1,16,,662008,8,0,47 48 15,1,57,,661987,8,0,47 48 15,1,16,,662002,8,0,47 48 15,1,16,,662012,8,0,47 48 15,1,16,,661991,8,0,47 48 15,1,56,,524230,8,0,47 48 15,1,16,,662023,8,0,47 48 15,1,16,,662024,8,0,47 48 15,1,56,,662011,8,0,47 48 15,1,16,,661981,8,0,47 48 15,1,16,,589243,8,0,47 48 15,1,16,,661989,8,0,47 48 15,1,57,,662018,8,0,47 48 15,1,27,,661994,8,0,47 48 15,1,70,,522741,8,0,47 48 15,1,30,,661984,8,0,47 48 15,1
10802,'1',616,,524816,8,0,34 47 48 15,1,18,,662663,8,0,34 47 48 15,1,18,,662652,8,0,34 47 48 15,1,58,,662624,8,0,34 47 48 15,1,15,,571241,8,0,34 47 48 15,1,22,,465794,8,0,34 47 48 15,1,60,,662610,8,0,34 47 48 15,1,20,,570283,8,0,34 47 48 15,1,20,,662625,8,0,34 47 48 15,1,60,,576918,8,0,34 47 48 15,1,20,,662677,8,0,34 47 48 15,1,20,,662618,8,0,34 47 48 15,1,60,,662655,8,0,34 47 48 15,1,20,,662639,8,0,34 47 48 15,1,20,,485180,8,0,34 47 48 15,1,60,,662669,8,0,34 47 48 15,1,20,,662650,8,0,34 47 48 15,1,20,,662635,8,0,34 47 48 15,1,60,,662645,8,0,34 47 48 15,1,20,,662604,8,0,34 47 48 15,1,20,,662615,8,0,34 47 48 15,1,60,,662619,8,0,34 47 48 15,1,20,,662632,8,0,34 47 48 15,1,21,,489936,8,0,34 47 48 15,1,62,,431430,8,0,34 47 48 15,1,22,,662661,8,0,34 47 48 15,1,22,,593779,8,0,34 47 48 15,1,62,,545599,8,0,34 47 48 15,1,22,,549517,8,0,34 47 48 15,1,62,,540530,8,0,34 47 48 15,1,22,,662651,8,0,34 47 48 15,1,22,,662638,8,0,34 47 48 15,1,62,,662673,8,0,34 47 48 15,1,22,,662609,8,0,34 47 48 15,1,22,,662646,8,0,34 47 48 15,1,62,,551191,8,0,34 47 48 15,1,22,,662656,8,0,34 47 48 15,1,22,,662633,8,0,34 47 48 15,1,62,,662667,8,0,34 47 48 15,1,26,,528173,8,0,34 47 48 15,1,66,,662648,8,0,34 47 48 15,1,26,,662642,8,0,34 47 48 15,1,66,,662614,8,0,34 47 48 15,1,26,,662626,8,0,34 47 48 15,1,26,,662617,8,0,34 47 48 15,1,68,,662671,8,0,34 47 48 15,1,28,,662653,8,0,34 47 48 15,1,70,,662660,8,0,34 47 48 15,1,30,,662606,8,0,34 47 48 15,1,70,,662666,8,0,34 47 48 15,1,30,,662608,8,0,34 47 48 15,1
10802,'2',620,,662687,8,0,34 47 48 15,1,30,,662708,8,0,34 47 48 15,1,70,,662695,8,0,34 47 48 15,1,28,,474323,8,0,34 47 48 15,1,66,,426545,8,0,34 47 48 15,1,26,,662750,8,0,34 47 48 15,1,66,,662694,8,0,34 47 48 15,1,26,,662715,8,0,34 47 48 15,1,26,,662705,8,0,34 47 48 15,1,66,,662722,8,0,34 47 48 15,1,26,,662741,8,0,34 47 48 15,1,66,,536792,8,0,34 47 48 15,1,26,,538594,8,0,34 47 48 15,1,63,,662686,8,0,34 47 48 15,1,25,,662734,8,0,34 47 48 15,1,20,,662712,8,0,34 47 48 15,1,60,,662690,8,0,34 47 48 15,1,20,,662727,8,0,34 47 48 15,1,20,,662719,8,0,34 47 48 15,1,60,,662723,8,0,34 47 48 15,1,20,,662757,8,0,34 47 48 15,1,20,,662732,8,0,34 47 48 15,1,60,,662716,8,0,34 47 48 15,1,20,,662743,8,0,34 47 48 15,1,20,,662698,8,0,34 47 48 15,1,60,,662748,8,0,34 47 48 15,1,20,,662746,8,0,34 47 48 15,1,20,,662703,8,0,34 47 48 15,1,60,,662701,8,0,34 47 48 15,1,20,,662756,8,0,34 47 48 15,1,20,,662747,8,0,34 47 48 15,1,60,,510811,8,0,34 47 48 15,1,20,,662713,8,0,34 47 48 15,1,21,,662691,8,0,34 47 48 15,1,67,,662729,8,0,34 47 48 15,1,26,,662683,8,0,34 47 48 15,1,66,,662728,8,0,34 47 48 15,1,26,,662682,8,0,34 47 48 15,1,66,,662714,8,0,34 47 48 15,1,26,,521991,8,0,34 47 48 15,1,26,,662688,8,0,34 47 48 15,1,67,,662702,8,0,34 47 48 15,1,29,,662693,8,0,34 47 48 15,1,70,,662725,8,0,34 47 48 15,1,30,,662706,8,0,34 47 48 15,1,70,,662742,8,0,34 47 48 15,1,30,,466597,8,0,34 47 48 15,1
10802,'3',814,,662803,8,0,34 47 48 15,1,26,,570528,8,0,34 47 48 15,1,66,,514562,8,0,34 47 48 15,1,26,,662765,8,0,34 47 48 15,1,26,,662811,8,0,34 47 48 15,1,66,,662763,8,0,34 47 48 15,1,26,,542539,8,0,34 47 48 15,1,66,,662805,8,0,34 47 48 15,1,26,,534280,8,0,34 47 48 15,1,62,,414926,8,0,34 47 48 15,1,25,,662760,8,0,34 47 48 15,1,24,,662806,8,0,34 47 48 15,1,64,,557705,8,0,34 47 48 15,1,24,,662766,8,0,34 47 48 15,1,64,,562371,8,0,34 47 48 15,1,24,,662776,8,0,34 47 48 15,1,24,,662780,8,0,34 47 48 15,1,64,,662793,8,0,34 47 48 15,1,24,,584866,8,0,34 47 48 15,1,64,,662773,8,0,34 47 48 15,1,24,,662799,8,0,34 47 48 15,1,24,,662817,8,0,34 47 48 15,1,64,,662783,8,0,34 47 48 15,1,24,,662768,8,0,34 47 48 15,1,64,,662792,8,0,34 47 48 15,1,24,,662800,8,0,34 47 48 15,1,24,,662764,8,0,34 47 48 15,1,66,,526407,8,0,34 47 48 15,1,26,,662816,8,0,34 47 48 15,1,66,,567759,8,0,34 47 48 15,1,26,,662802,8,0,34 47 48 15,1,66,,662784,8,0,34 47 48 15,1,26,,662791,8,0,34 47 48 15,1,26,,662818,8,0,34 47 48 15,1,66,,662820,8,0,34 47 48 15,1,28,,662779,8,0,34 47 48 15,1,70,,493884,8,0,34 47 48 15,1,30,,662795,8,0,34 47 48 15,1,70,,662786,8,0,34 47 48 15,1,30,,662794,8,0,34 47 48 15,1
10802,'5',620,,662878,8,0,34 47 48 15,1,30,,662856,8,0,34 47 48 15,1,70,,532814,8,0,34 47 48 15,1,28,,662896,8,0,34 47 48 15,1,66,,662828,8,0,34 47 48 15,1,26,,662867,8,0,34 47 48 15,1,66,,662853,8,0,34 47 48 15,1,26,,662897,8,0,34 47 48 15,1,26,,662895,8,0,34 47 48 15,1,66,,603877,8,0,34 47 48 15,1,26,,662873,8,0,34 47 48 15,1,66,,662832,8,0,34 47 48 15,1,26,,662863,8,0,34 47 48 15,1,62,,662826,8,0,34 47 48 15,1,25,,662848,8,0,34 47 48 15,1,24,,662866,8,0,34 47 48 15,1,64,,662859,8,0,34 47 48 15,1,24,,662836,8,0,34 47 48 15,1,64,,662880,8,0,34 47 48 15,1,24,,521643,8,0,34 47 48 15,1,24,,582184,8,0,34 47 48 15,1,64,,662854,8,0,34 47 48 15,1,24,,662842,8,0,34 47 48 15,1,64,,662849,8,0,34 47 48 15,1,24,,662879,8,0,34 47 48 15,1,24,,662872,8,0,34 47 48 15,1,64,,662871,8,0,34 47 48 15,1,24,,662852,8,0,34 47 48 15,1,64,,557149,8,0,34 47 48 15,1,24,,662851,8,0,34 47 48 15,1,24,,662831,8,0,34 47 48 15,1,66,,662862,8,0,34 47 48 15,1,26,,662887,8,0,34 47 48 15,1,66,,662841,8,0,34 47 48 15,1,26,,662890,8,0,34 47 48 15,1,66,,662861,8,0,34 47 48 15,1,26,,662847,8,0,34 47 48 15,1,26,,662882,8,0,34 47 48 15,1,66,,662839,8,0,34 47 48 15,1,28,,662876,8,0,34 47 48 15,1,70,,581387,8,0,34 47 48 15,1,30,,662889,8,0,34 47 48 15,1,70,,662892,8,0,34 47 48 15,1,30,,559763,8,0,34 47 48 15,1
38402,'1',521,,683000,24,0,17 62 63,1,2129,,585518,25,0,9 3 49,1,70,,683003,24,0,9 3 49,1,30,,683004,24,0,9 3 49,1,71,,683001,24,0,9 3 49,1,30,,683002,24,0,9 3 49,1
38402,'2',521,,587650,24,0,9 3 49,1,2129,,564459,25,0,9 3 49,1,70,,683006,24,0,9 3 49,1,30,,683005,24,0,9 3 49,1,71,,569528,24,0,9 3 49,1,30,,566198,24,0,9 3 49,1
38402,'3',521,,683014,24,0,9 3 49,1,30,,683009,24,0,9 3 49,1,70,,683010,24,0,9 3 49,1,30,,683012,24,0,9 3 49,1,70,,683011,24,0,9 3 49,1,1929,,683013,25,0,9 3 49,1,70,,583485,24,0,9 3 49,1,30,,548518,24,0,9 3 49,1,71,,683008,24,0,9 3 49,1,30,,683007,24,0,9 3 49,1
38402,'5',521,,540045,24,0,9 3 49,1,2129,,683018,25,0,9 3 49,1,70,,683019,24,0,9 3 49,1,30,,683015,24,0,9 3 49,1,71,,683017,24,0,9 3 49,1,30,,683016,24,0,9 3 49,1
