4603,'1',535,,713383,55,0,9,1,21,,585022,55,0,9,1,53,,713436,55,0,9,1,13,,661245,54,0,9,1,13,,713404,54,0,9,1,13,,643271,54,0,9,1,53,,688163,54,0,9,1,13,,713425,54,0,9,1,13,,645800,54,0,9,1,13,,713391,54,0,9,1,13,,713392,54,0,9,1,53,,629581,54,0,9,1,13,,668206,54,0,9,1,16,,713384,54,0,9,1,18,,713387,54,0,9,1,59,,583770,54,0,9,1,19,,713418,54,0,9,1,19,,713431,54,0,9,1,59,,713432,54,0,9,1,19,,713409,54,0,9,1,19,,580106,54,0,9,1,59,,713424,54,0,9,1,19,,713430,54,0,9,1,19,,678678,54,0,9,1,59,,713429,54,0,9,1,19,,713396,54,0,9,1,19,,713393,54,0,9,1,59,,684871,54,0,9,1,19,,713406,54,0,9,1,19,,713412,54,0,9,1,19,,713419,54,0,9,1,59,,713426,54,0,9,1,19,,713439,54,0,9,1,21,,713394,54,0,9,1,59,,713434,54,0,9,1,16,,713411,54,0,9,1,13,,713395,54,0,9,1,4,,713435,37,0,9,1,9,,713414,54,0,9,1,53,,713416,54,0,9,1,5,,713428,54,0,9,1,9,,645643,54,0,9,1,12,,664259,54,0,9,1,13,,657864,54,0,9,1,53,,713433,54,0,9,1,13,,713408,54,0,9,1,13,,713402,54,0,9,1,13,,713382,54,0,9,1,13,,713397,54,0,9,1,53,,713422,54,0,9,1,13,,713438,54,0,9,1,13,,566942,54,0,9,1,13,,713413,54,0,9,1,13,,713389,54,0,9,1,53,,713427,54,0,9,1,13,,667335,54,0,9,1,13,,713415,54,0,9,1,10,,630656,54,0,9,1,53,,713385,54,0,9,1,11,,713400,54,0,9,1,11,,713421,54,0,9,1,23,,713407,54,0,9,1,63,,713386,54,0,9,1,23,,713403,54,0,9,1,23,,713398,54,0,9,1,63,,713437,54,0,9,1,23,,634019,54,0,9,1,63,,713410,54,0,9,1,23,,713423,54,0,9,1,23,,713405,54,0,9,1,52,,713420,54,0,9,1,5,,713401,30,0,9,1,6,,713417,54,0,9,1,23,,713399,54,0,9,1,23,,713388,54,0,9,1,63,,481981,54,0,9,1,23,,713390,54,0,9,1,67,,626166,54,0,9,1
4603,'2',547,,713486,55,0,9,1,62,,713483,55,0,9,1,21,,713473,54,0,9,1,21,,565383,54,0,9,1,61,,713462,54,0,9,1,21,,713448,54,0,9,1,21,,713466,54,0,9,1,61,,713476,54,0,9,1,21,,713440,54,0,9,1,20,,713442,54,0,9,1,63,,713453,54,0,9,1,22,,713444,54,0,9,1,63,,713445,54,0,9,1,23,,647261,54,0,9,1,23,,713484,54,0,9,1,63,,713475,54,0,9,1,23,,713474,54,0,9,1,23,,713457,54,0,9,1,63,,713469,54,0,9,1,27,,713468,54,0,9,1,64,,713459,54,0,9,1,24,,713449,54,0,9,1,64,,713472,54,0,9,1,24,,713477,54,0,9,1,24,,713478,54,0,9,1,64,,607833,54,0,9,1,24,,713450,54,0,9,1,64,,713470,54,0,9,1,24,,635607,54,0,9,1,24,,713441,54,0,9,1,64,,662955,54,0,9,1,24,,713458,54,0,9,1,64,,713485,54,0,9,1,24,,713461,54,0,9,1,24,,713446,54,0,9,1,64,,713443,54,0,9,1,24,,713454,54,0,9,1,18,,713465,54,0,9,1,62,,713447,54,0,9,1,22,,713452,54,0,9,1,62,,713479,54,0,9,1,22,,713460,54,0,9,1,22,,713482,54,0,9,1,62,,713464,54,0,9,1,19,,713451,54,0,9,1,22,,713481,54,0,9,1,67,,713480,54,0,9,1,27,,713456,54,0,9,1,67,,673228,54,0,9,1,27,,713463,54,0,9,1,69,,713471,54,0,9,1,29,,713467,54,0,9,1,70,,713455,54,0,9,1
4603,'3',839,,713505,54,0,9,1,62,,713503,54,0,9,1,21,,713520,54,0,9,1,21,,713517,54,0,9,1,61,,713496,54,0,9,1,21,,713494,54,0,9,1,21,,686199,54,0,9,1,61,,669254,54,0,9,1,21,,713487,54,0,9,1,21,,713501,54,0,9,1,61,,713518,54,0,9,1,21,,618078,54,0,9,1,25,,713512,54,0,9,1,63,,713515,54,0,9,1,23,,713508,54,0,9,1,63,,713495,54,0,9,1,23,,574296,54,0,9,1,23,,600463,54,0,9,1,63,,622741,54,0,9,1,23,,713506,54,0,9,1,63,,713513,54,0,9,1,23,,713502,54,0,9,1,23,,713488,54,0,9,1,63,,594954,54,0,9,1,23,,639977,54,0,9,1,23,,713511,54,0,9,1,63,,713490,54,0,9,1,23,,713516,54,0,9,1,63,,713493,54,0,9,1,23,,713498,54,0,9,1,19,,713504,54,0,9,1,61,,713514,54,0,9,1,21,,680879,54,0,9,1,21,,678283,54,0,9,1,61,,557895,54,0,9,1,21,,713492,54,0,9,1,21,,421488,54,0,9,1,61,,713497,54,0,9,1,21,,713499,54,0,9,1,20,,713489,54,0,9,1,61,,631653,54,0,9,1,27,,713507,54,0,9,1,67,,713491,54,0,9,1,27,,713510,54,0,9,1,69,,713509,54,0,9,1,29,,713500,54,0,9,1,70,,713519,54,0,9,1
4603,'5',547,,713549,55,0,9,1,69,,645244,54,0,9,1,30,,514012,54,0,9,1,70,,650201,54,0,9,1,21,,713551,54,0,9,1,21,,713541,54,0,9,1,61,,713533,54,0,9,1,21,,713535,54,0,9,1,61,,713539,54,0,9,1,21,,622791,54,0,9,1,21,,713522,54,0,9,1,61,,713542,54,0,9,1,21,,713532,54,0,9,1,21,,713528,54,0,9,1,61,,713547,54,0,9,1,21,,713526,54,0,9,1,21,,685732,54,0,9,1,61,,713530,54,0,9,1,21,,713562,54,0,9,1,25,,609517,54,0,9,1,63,,713555,54,0,9,1,23,,713559,54,0,9,1,63,,690147,54,0,9,1,23,,713556,54,0,9,1,23,,713527,54,0,9,1,63,,713552,54,0,9,1,23,,533876,54,0,9,1,63,,666829,54,0,9,1,23,,713557,54,0,9,1,23,,713531,54,0,9,1,63,,713554,54,0,9,1,23,,713529,54,0,9,1,23,,601409,54,0,9,1,63,,713523,54,0,9,1,23,,713521,54,0,9,1,63,,713544,54,0,9,1,23,,713550,54,0,9,1,19,,713536,54,0,9,1,61,,713558,54,0,9,1,21,,713561,54,0,9,1,21,,713563,54,0,9,1,61,,713543,54,0,9,1,21,,646825,54,0,9,1,21,,713546,54,0,9,1,61,,713537,54,0,9,1,21,,713545,54,0,9,1,20,,713553,54,0,9,1,61,,713560,54,0,9,1,27,,713538,54,0,9,1,67,,713525,54,0,9,1,27,,713540,54,0,9,1,69,,713548,54,0,9,1,29,,713534,54,0,9,1,70,,713524,54,0,9,1
39602,'1',559,,771337,67,0,11 12 86 87 3 9,1,2100,,771339,67,0,11 12 86 87 3 9,1,60,,771336,67,0,11 12 86 87 3 9,1,20,,771333,67,0,11 12 86 87 3 9,1,20,,513790,67,0,11 12 86 87 3 9,1,60,,771340,67,0,11 12 86 87 3 9,1,20,,771338,67,0,11 12 86 87 3 9,1,20,,771335,67,0,11 12 86 87 3 9,1,60,,771332,67,0,11 12 86 87 3 9,1,20,,771334,67,0,11 12 86 87 3 9,1
39602,'2',559,,771341,67,0,11 12 86 87 3 9,1,2100,,673200,67,0,11 12 86 87 3 9,1,60,,771342,67,0,11 12 86 87 3 9,1,20,,771344,67,0,11 12 86 87 3 9,1,20,,771345,67,0,11 12 86 87 3 9,1,60,,771343,67,0,11 12 86 87 3 9,1,20,,771347,67,0,11 12 86 87 3 9,1,20,,771346,67,0,11 12 86 87 3 9,1,60,,656336,67,0,11 12 86 87 3 9,1,20,,771348,67,0,11 12 86 87 3 9,1
39602,'3',559,,771351,67,0,11 12 86 87 3 9,1,2100,,771352,67,0,11 12 86 87 3 9,1,60,,771349,67,0,11 12 86 87 3 9,1,20,,771350,67,0,11 12 86 87 3 9,1,20,,771357,67,0,11 12 86 87 3 9,1,60,,771355,67,0,11 12 86 87 3 9,1,20,,674854,67,0,11 12 86 87 3 9,1,20,,771356,67,0,11 12 86 87 3 9,1,60,,771354,67,0,11 12 86 87 3 9,1,20,,771353,67,0,11 12 86 87 3 9,1
39602,'5',559,,771365,67,0,11 12 86 87 3 9,1,2100,,771361,67,0,11 12 86 87 3 9,1,60,,771358,67,0,11 12 86 87 3 9,1,20,,562032,67,0,11 12 86 87 3 9,1,20,,771360,67,0,11 12 86 87 3 9,1,60,,771359,67,0,11 12 86 87 3 9,1,20,,771363,67,0,11 12 86 87 3 9,1,20,,771366,67,0,11 12 86 87 3 9,1,60,,771364,67,0,11 12 86 87 3 9,1,20,,771362,67,0,11 12 86 87 3 9,1
92703,'1',926,,775337,22,0,34 9,1,9,,775279,22,0,34 9,1,10,,775328,22,0,34 9,1,9,,775281,22,0,34 9,1,50,,541738,22,0,34 9,1,9,,679470,22,0,34 9,1,10,,775315,22,0,34 9,1,9,,775246,22,0,34 9,1,10,,775258,22,0,34 9,1,9,,635565,22,0,34 9,1,50,,611211,22,0,34 9,1,9,,775334,22,0,34 9,1,10,,775282,22,0,34 9,1,9,,775280,22,0,34 9,1,10,,775311,22,0,34 9,1,9,,775254,22,0,34 9,1,10,,775290,22,0,34 9,1,49,,775267,22,0,34 9,1,10,,775320,22,0,34 9,1,9,,584622,22,0,34 9,1,10,,775339,22,0,34 9,1,9,,775293,22,0,34 9,1,10,,775284,22,0,34 9,1,49,,775274,22,0,34 9,1,10,,775350,22,0,34 9,1,9,,775263,22,0,34 9,1,10,,628980,22,0,34 9,1,9,,775303,22,0,34 9,1,10,,775336,22,0,34 9,1,49,,775298,22,0,34 9,1,11,,775301,22,0,34 9,1,11,,775366,22,0,31 9 3 183 100,1,10,,775277,22,0,31 9 3 183 100,1,10,,775335,22,0,31 9 3 183 100,1,8,,775370,22,0,31 9 3 183 100,1,50,,775332,22,0,31 9 3 183 100,1,10,,775253,22,0,31 9 3 183 100,1,10,,775285,22,0,31 9 3 183 100,1,10,,775338,22,0,31 9 3 183 100,1,10,,775374,22,0,31 9 3 183 100,1,10,,775327,22,0,31 9 3 183 100,1,50,,647994,22,0,31 9 3 183 100,1,10,,775312,22,0,31 9 3 183 100,1,10,,775358,22,0,31 9 3 183 100,1,10,,775362,22,0,31 9 3 183 100,1,10,,677523,22,0,31 9 3 183 100,1,10,,775372,22,0,31 9 3 183 100,1,50,,775273,22,0,31 9 3 183 100,1,10,,775353,22,0,31 9 3 183 100,1,10,,668269,22,0,31 9 3 183 100,1,10,,775314,22,0,31 9 3 183 100,1,10,,687879,22,0,31 9 3 183 100,1,9,,775355,22,0,31 9 3 183 100,1,50,,775248,22,0,31 9 3 183 100,1,10,,775296,22,0,31 9 3 183 100,1,7,,683814,22,0,31 9 3 183 100,1,10,,775275,22,0,31 9 3 183 100,1,10,,775371,22,0,31 9 3 183 100,1,10,,667514,22,0,31 9 3 183 100,1,10,,775289,22,0,31 9 3 183 100,1,50,,775359,22,0,31 9 3 183 100,1,9,,775361,22,0,31 9 3 183 100,1,6,,775326,22,0,34 9,1,10,,775260,22,0,34 9,1,8,,775295,22,0,34 9,1,10,,775240,22,0,34 9,1,50,,775348,22,0,34 9,1,10,,775272,22,0,34 9,1,10,,775341,22,0,34 9,1,10,,775354,22,0,34 9,1,10,,775265,22,0,34 9,1,10,,639559,22,0,34 9,1,50,,608338,22,0,34 9,1,10,,775250,22,0,34 9,1,10,,775333,22,0,34 9,1,10,,775369,22,0,34 9,1,10,,775323,22,0,34 9,1,10,,775257,22,0,34 9,1,50,,775351,22,0,34 9,1,9,,775364,22,0,34 9,1,10,,658215,22,0,34 9,1,10,,775347,22,0,34 9,1,8,,775242,22,0,34 9,1,10,,775299,22,0,34 9,1,10,,775310,22,0,34 9,1,52,,495212,22,0,34 9,1,12,,674002,22,0,34 9,1,12,,775373,22,0,34 9,1,12,,677303,22,0,34 9,1,12,,775264,22,0,34 9,1,52,,775309,22,0,34 9,1,12,,775325,22,0,34 9,1,12,,775346,22,0,34 9,1,12,,775317,22,0,34 9,1,12,,775329,22,0,34 9,1,52,,775252,22,0,34 9,1,12,,775276,22,0,34 9,1,12,,775344,22,0,34 9,1,11,,775316,22,0,34 9,1
92703,'2',626,,642196,22,0,34 9,1,11,,562809,22,0,34 9,1,15,,660812,22,0,34 9,1,54,,775391,22,0,34 9,1,15,,775448,22,0,34 9,1,11,,775419,22,0,34 9,1,11,,775402,22,0,34 9,1,11,,775406,22,0,34 9,1,51,,775432,22,0,34 9,1,13,,775392,22,0,34 9,1,11,,775410,22,0,34 9,1,15,,775442,22,0,34 9,1,11,,775461,22,0,34 9,1,51,,775385,22,0,34 9,1,11,,775446,22,0,34 9,1,11,,775429,22,0,34 9,1,11,,775389,22,0,34 9,1,11,,775460,22,0,34 9,1,51,,775449,22,0,34 9,1,11,,628296,22,0,34 9,1,11,,775388,22,0,34 9,1,11,,775401,22,0,34 9,1,11,,634671,22,0,34 9,1,11,,775425,22,0,34 9,1,51,,775393,22,0,34 9,1,11,,775386,22,0,34 9,1,11,,775409,22,0,34 9,1,11,,684654,22,0,34 9,1,11,,775445,22,0,34 9,1,51,,775397,22,0,34 9,1,11,,775376,22,0,34 9,1,11,,775378,22,0,34 9,1,11,,775462,22,0,34 9,1,11,,775453,22,0,34 9,1,9,,775444,22,0,34 9,1,49,,775380,22,0,34 9,1,8,,775438,22,0,34 9,1,8,,775400,22,0,34 9,1,8,,614411,22,0,34 9,1,8,,608551,22,0,34 9,1,8,,674778,22,0,34 9,1,8,,775431,22,0,34 9,1,48,,775379,22,0,34 9,1,8,,775403,22,0,34 9,1,8,,775404,22,0,34 9,1,8,,775464,22,0,34 9,1,8,,634133,22,0,34 9,1,8,,628393,22,0,34 9,1,8,,634284,22,0,34 9,1,8,,775395,22,0,34 9,1,48,,775424,22,0,34 9,1,8,,615374,22,0,34 9,1,8,,549950,22,0,34 9,1,8,,775387,22,0,34 9,1,8,,775427,22,0,34 9,1,8,,775417,22,0,34 9,1,8,,775439,22,0,34 9,1,48,,479547,22,0,34 9,1,8,,775399,22,0,34 9,1,8,,659713,22,0,34 9,1,8,,775430,22,0,34 9,1,8,,775377,22,0,34 9,1,8,,658081,22,0,34 9,1,8,,680090,22,0,34 9,1,8,,657243,22,0,34 9,1,48,,775411,22,0,34 9,1,8,,775441,22,0,34 9,1,8,,775457,22,0,34 9,1,8,,677761,22,0,34 9,1,8,,775434,22,0,34 9,1,8,,775433,22,0,34 9,1,8,,775450,22,0,34 9,1,48,,775456,22,0,34 9,1,8,,775459,22,0,34 9,1,8,,638748,22,0,34 9,1,8,,775384,22,0,34 9,1,8,,576425,22,0,34 9,1,8,,775405,22,0,34 9,1,8,,775447,22,0,34 9,1,8,,775382,22,0,34 9,1,48,,665963,22,0,34 9,1,7,,775428,22,0,34 9,1,7,,645398,22,0,34 9,1,8,,683499,22,0,34 9,1,8,,650064,22,0,34 9,1,6,,775381,22,0,34 9,1,10,,654572,22,0,34 9,1,52,,775412,22,0,34 9,1,12,,775398,22,0,34 9,1,12,,775396,22,0,34 9,1,12,,775418,22,0,34 9,1,12,,775443,22,0,34 9,1,52,,775390,22,0,34 9,1,12,,775437,22,0,34 9,1,12,,775407,22,0,34 9,1,12,,775426,22,0,34 9,1,12,,775421,22,0,34 9,1,52,,775458,22,0,34 9,1,12,,775415,22,0,34 9,1,11,,775420,22,0,34 9,1,9,,775413,22,0,34 9,1,11,,775452,22,0,34 9,1,11,,775408,22,0,34 9,1,51,,775435,22,0,34 9,1,11,,775455,22,0,34 9,1,11,,653409,22,0,34 9,1,11,,775454,22,0,34 9,1,11,,775414,22,0,34 9,1,51,,775394,22,0,34 9,1,11,,775416,22,0,34 9,1,11,,775422,22,0,34 9,1,11,,775440,22,0,34 9,1,11,,613010,22,0,34 9,1,11,,775463,22,0,34 9,1,51,,775451,22,0,34 9,1,11,,775383,22,0,34 9,1,11,,775423,22,0,34 9,1,12,,775436,22,0,34 9,1
92703,'3',844,,775490,22,0,34 9,1,12,,775536,22,0,34 9,1,52,,577580,22,0,34 9,1,12,,775495,22,0,34 9,1,12,,775470,22,0,34 9,1,12,,775472,22,0,34 9,1,10,,626850,22,0,34 9,1,50,,666497,22,0,34 9,1,10,,610665,22,0,34 9,1,10,,775522,22,0,34 9,1,10,,775532,22,0,34 9,1,10,,775535,22,0,34 9,1,10,,775512,22,0,34 9,1,51,,775488,22,0,34 9,1,11,,775494,22,0,34 9,1,11,,775538,22,0,34 9,1,11,,471697,22,0,34 9,1,11,,775476,22,0,34 9,1,51,,675632,22,0,34 9,1,11,,775486,22,0,34 9,1,11,,775519,22,0,34 9,1,11,,775496,22,0,34 9,1,11,,775501,22,0,34 9,1,11,,775478,22,0,34 9,1,51,,775468,22,0,34 9,1,11,,608213,22,0,34 9,1,11,,674566,22,0,34 9,1,11,,775503,22,0,34 9,1,11,,586911,22,0,34 9,1,51,,775518,22,0,34 9,1,11,,775511,22,0,34 9,1,11,,775520,22,0,34 9,1,11,,775480,22,0,34 9,1,11,,775508,22,0,34 9,1,11,,593255,22,0,34 9,1,51,,620652,22,0,34 9,1,11,,775482,22,0,34 9,1,11,,775521,22,0,34 9,1,11,,775474,22,0,34 9,1,11,,775475,22,0,34 9,1,51,,775504,22,0,34 9,1,11,,775505,22,0,34 9,1,11,,775500,22,0,34 9,1,11,,593867,22,0,34 9,1,11,,775530,22,0,34 9,1,11,,775498,22,0,34 9,1,51,,775479,22,0,34 9,1,11,,775509,22,0,34 9,1,11,,775534,22,0,34 9,1,11,,775533,22,0,34 9,1,11,,775502,22,0,34 9,1,51,,775492,22,0,34 9,1,11,,639406,22,0,34 9,1,11,,775514,22,0,34 9,1,11,,658143,22,0,34 9,1,11,,775497,22,0,34 9,1,11,,775524,22,0,34 9,1,51,,775473,22,0,34 9,1,11,,775537,22,0,34 9,1,11,,775539,22,0,34 9,1,8,,775485,22,0,34 9,1,11,,775513,22,0,34 9,1,51,,605415,22,0,34 9,1,12,,775491,22,0,34 9,1,12,,775471,22,0,34 9,1,12,,775484,22,0,34 9,1,12,,775529,22,0,34 9,1,52,,775507,22,0,34 9,1,12,,775465,22,0,34 9,1,12,,775531,22,0,34 9,1,12,,775499,22,0,34 9,1,12,,775517,22,0,34 9,1,52,,775489,22,0,34 9,1,12,,775506,22,0,34 9,1,11,,775466,22,0,34 9,1,10,,651198,22,0,34 9,1,11,,775510,22,0,34 9,1,11,,775477,22,0,34 9,1,51,,775525,22,0,34 9,1,11,,775523,22,0,34 9,1,11,,775526,22,0,34 9,1,11,,674565,22,0,34 9,1,11,,775528,22,0,34 9,1,51,,661939,22,0,34 9,1,11,,775467,22,0,34 9,1,11,,775515,22,0,34 9,1,11,,775483,22,0,34 9,1,11,,775481,22,0,34 9,1,11,,775516,22,0,34 9,1,51,,775469,22,0,34 9,1,11,,775493,22,0,34 9,1,11,,775527,22,0,34 9,1,12,,775487,22,0,34 9,1
92703,'5',704,,775599,22,0,34 9,1,10,,775540,22,0,34 9,1,10,,775550,22,0,34 9,1,10,,775573,22,0,34 9,1,10,,639227,22,0,34 9,1,10,,775564,22,0,34 9,1,50,,775577,22,0,34 9,1,10,,775623,22,0,34 9,1,10,,775596,22,0,34 9,1,10,,775588,22,0,34 9,1,10,,640006,22,0,34 9,1,10,,628685,22,0,34 9,1,50,,655695,22,0,34 9,1,10,,775567,22,0,34 9,1,10,,775548,22,0,34 9,1,10,,604703,22,0,34 9,1,10,,775607,22,0,34 9,1,10,,775544,22,0,34 9,1,50,,775570,22,0,34 9,1,10,,775561,22,0,34 9,1,10,,775582,22,0,34 9,1,10,,775580,22,0,34 9,1,10,,775555,22,0,34 9,1,10,,775569,22,0,34 9,1,51,,649221,22,0,34 9,1,11,,775618,22,0,34 9,1,11,,775546,22,0,34 9,1,11,,775575,22,0,34 9,1,11,,775620,22,0,34 9,1,51,,775566,22,0,34 9,1,11,,775598,22,0,34 9,1,11,,775562,22,0,34 9,1,11,,775624,22,0,34 9,1,11,,775600,22,0,34 9,1,11,,775553,22,0,34 9,1,51,,775560,22,0,34 9,1,11,,775597,22,0,34 9,1,11,,775609,22,0,34 9,1,11,,775541,22,0,34 9,1,11,,647857,22,0,34 9,1,51,,775557,22,0,34 9,1,11,,775574,22,0,34 9,1,11,,630071,22,0,34 9,1,11,,775591,22,0,34 9,1,11,,775594,22,0,34 9,1,11,,775601,22,0,34 9,1,51,,775606,22,0,34 9,1,11,,775576,22,0,34 9,1,11,,775610,22,0,34 9,1,11,,775551,22,0,34 9,1,11,,775581,22,0,34 9,1,51,,775583,22,0,34 9,1,11,,775584,22,0,34 9,1,11,,775602,22,0,34 9,1,11,,775543,22,0,34 9,1,11,,775587,22,0,34 9,1,11,,775585,22,0,34 9,1,51,,775604,22,0,34 9,1,11,,775549,22,0,34 9,1,11,,775617,22,0,34 9,1,11,,561158,22,0,34 9,1,11,,586962,22,0,34 9,1,51,,775612,22,0,34 9,1,11,,775611,22,0,34 9,1,11,,775554,22,0,34 9,1,11,,775595,22,0,34 9,1,11,,775593,22,0,34 9,1,11,,775563,22,0,34 9,1,51,,775559,22,0,34 9,1,11,,775547,22,0,34 9,1,11,,775586,22,0,34 9,1,8,,775578,22,0,34 9,1,11,,775572,22,0,34 9,1,51,,775590,22,0,34 9,1,12,,612188,22,0,34 9,1,12,,659215,22,0,34 9,1,12,,775545,22,0,34 9,1,12,,775622,22,0,34 9,1,52,,775552,22,0,34 9,1,12,,638591,22,0,34 9,1,12,,775565,22,0,34 9,1,12,,670156,22,0,34 9,1,12,,645230,22,0,34 9,1,52,,775605,22,0,34 9,1,12,,775589,22,0,34 9,1,11,,775614,22,0,34 9,1,10,,775619,22,0,34 9,1,11,,775616,22,0,34 9,1,11,,775608,22,0,34 9,1,51,,543038,22,0,34 9,1,11,,554863,22,0,34 9,1,11,,775603,22,0,34 9,1,11,,775568,22,0,34 9,1,11,,775592,22,0,34 9,1,51,,775615,22,0,34 9,1,11,,775621,22,0,34 9,1,11,,775542,22,0,34 9,1,11,,775571,22,0,34 9,1,11,,638601,22,0,34 9,1,11,,775556,22,0,34 9,1,51,,775558,22,0,34 9,1,11,,775613,22,0,34 9,1,11,,529177,22,0,34 9,1,12,,775579,22,0,34 9,1
