3902,'1',517,,708451,43,0,16 15,1,10,,708491,38,0,16 15,1,12,,708507,43,0,16 15,1,10,,708448,38,0,16 15,1,10,,708501,43,0,16 15,1,50,,708539,38,0,16 15,1,10,,638384,43,0,16 15,1,9,,708527,38,0,16 15,1,5,,708547,18,0,16 15,1,4,,690323,43,0,16 15,1,9,,708436,38,0,16 15,1,5,,708510,18,0,16 15,1,4,,708537,43,0,16 15,1,49,,708505,38,0,16 15,1,8,,645931,18,0,16 15,1,6,,708453,43,0,16 15,1,9,,595625,38,0,16 15,1,5,,708530,18,0,16 15,1,5,,655716,43,0,16 15,1,9,,513277,38,0,16 15,1,5,,708497,18,0,16 15,1,4,,708458,43,0,16 15,1,49,,708429,38,0,16 15,1,5,,708502,18,0,16 15,1,4,,667180,43,0,16 15,1,9,,708479,38,0,16 15,1,5,,708541,18,0,16 15,1,4,,708487,43,0,16 15,1,9,,708557,38,0,16 15,1,5,,708534,18,0,16 15,1,4,,708521,43,0,16 15,1,9,,708512,38,0,16 15,1,45,,644226,18,0,16 15,1,4,,708550,43,0,16 15,1,7,,708561,38,0,16 15,1,9,,708499,43,0,16 15,1,8,,460002,38,0,16 15,1,8,,708438,43,0,16 15,1,9,,708533,38,0,16 15,1,9,,708498,43,0,16 15,1,49,,708548,38,0,16 15,1,9,,708549,43,0,16 15,1,9,,708434,38,0,16 15,1,9,,708524,43,0,16 15,1,9,,708514,38,0,16 15,1,9,,708489,43,0,16 15,1,49,,708525,38,0,16 15,1,9,,659581,43,0,16 15,1,9,,708450,38,0,16 15,1,9,,708546,43,0,16 15,1,9,,708473,38,0,16 15,1,9,,708518,43,0,16 15,1,9,,708516,38,0,16 15,1,49,,639546,43,0,16 15,1,9,,708437,38,0,16 15,1,9,,708457,43,0,16 15,1,9,,621436,38,0,16 15,1,9,,642119,43,0,16 15,1,9,,708430,38,0,16 15,1,9,,708480,43,0,16 15,1,49,,631229,38,0,16 15,1,9,,708439,43,0,16 15,1,9,,708511,38,0,16 15,1,9,,708484,43,0,16 15,1,9,,708558,38,0,16 15,1,9,,708543,43,0,16 15,1,5,,608312,18,0,16 15,1,44,,708463,38,0,16 15,1,10,,708540,43,0,16 15,1,5,,708555,18,0,16 15,1,5,,708494,38,0,16 15,1,10,,647950,43,0,16 15,1,5,,708485,18,0,16 15,1,5,,708483,38,0,16 15,1,10,,708509,43,0,16 15,1,5,,708542,18,0,16 15,1,4,,655216,38,0,16 15,1,49,,708526,43,0,16 15,1,5,,708553,18,0,16 15,1,4,,708515,38,0,16 15,1,9,,671402,43,0,16 15,1,5,,708442,18,0,16 15,1,4,,670379,38,0,16 15,1,9,,708474,43,0,16 15,1,5,,708556,18,0,16 15,1,4,,622887,38,0,16 15,1,49,,708460,43,0,16 15,1,5,,605807,18,0,16 15,1,4,,708508,38,0,16 15,1,9,,708432,43,0,16 15,1,5,,708504,18,0,16 15,1,4,,578023,38,0,16 15,1,9,,708459,43,0,16 15,1,5,,708560,18,0,16 15,1,4,,708440,38,0,16 15,1,9,,708464,43,0,16 15,1,45,,708433,18,0,16 15,1,4,,708443,38,0,16 15,1,9,,708468,43,0,16 15,1,5,,708528,18,0,16 15,1,4,,708559,38,0,16 15,1,9,,708470,43,0,16 15,1,5,,708446,18,0,16 15,1,4,,628972,38,0,16 15,1,9,,708481,43,0,16 15,1,5,,708452,18,0,16 15,1,4,,708492,38,0,16 15,1,49,,678674,43,0,16 15,1,5,,708532,18,0,16 15,1,4,,708462,38,0,16 15,1,9,,708500,43,0,16 15,1,5,,708506,18,0,16 15,1,4,,708428,38,0,16 15,1,7,,708517,43,0,16 15,1,7,,708538,38,0,16 15,1,9,,708488,43,0,16 15,1,48,,708562,38,0,16 15,1,9,,708545,43,0,16 15,1,9,,708455,38,0,16 15,1,9,,708531,43,0,16 15,1,9,,708427,38,0,16 15,1,9,,708519,43,0,16 15,1,49,,673010,38,0,16 15,1,9,,675315,43,0,16 15,1,9,,708495,38,0,16 15,1,9,,642911,43,0,16 15,1,9,,708520,38,0,16 15,1,7,,690283,43,0,16 15,1,7,,708523,38,0,16 15,1,8,,708529,43,0,16 15,1,48,,708482,38,0,16 15,1,8,,685374,43,0,16 15,1,8,,708461,38,0,16 15,1,8,,708466,43,0,16 15,1,9,,708441,38,0,16 15,1,9,,708536,43,0,16 15,1,9,,708535,38,0,16 15,1,49,,708465,43,0,16 15,1,9,,708477,38,0,16 15,1,9,,653253,43,0,16 15,1,9,,708476,38,0,16 15,1,10,,708496,43,0,16 15,1,10,,708431,38,0,16 15,1,49,,708472,43,0,16 15,1,8,,708486,38,0,16 15,1,8,,708456,43,0,16 15,1,8,,708551,38,0,16 15,1,9,,708435,43,0,16 15,1,9,,708544,38,0,16 15,1,9,,708467,43,0,16 15,1,49,,685096,38,0,16 15,1,9,,599840,43,0,16 15,1,9,,708475,38,0,16 15,1,9,,708513,43,0,16 15,1,9,,708490,38,0,16 15,1,9,,624389,43,0,16 15,1,9,,708503,38,0,16 15,1,49,,487343,43,0,16 15,1,9,,708449,38,0,16 15,1,9,,689960,43,0,16 15,1,10,,708554,38,0,16 15,1,15,,649871,43,0,16 15,1,55,,640843,38,0,16 15,1,15,,708469,43,0,16 15,1
3902,'2',527,,708633,43,0,16 15,1,15,,708618,38,0,16 15,1,15,,708610,43,0,16 15,1,52,,636011,38,0,16 15,1,7,,708569,43,0,16 15,1,8,,708681,38,0,16 15,1,7,,708604,43,0,16 15,1,8,,708608,38,0,16 15,1,7,,648096,43,0,16 15,1,8,,708584,38,0,16 15,1,47,,708666,43,0,16 15,1,8,,708628,38,0,16 15,1,7,,708683,43,0,16 15,1,8,,649061,38,0,16 15,1,6,,708626,43,0,16 15,1,7,,708616,38,0,16 15,1,7,,708624,43,0,16 15,1,9,,708603,38,0,16 15,1,50,,624026,43,0,16 15,1,9,,708647,38,0,16 15,1,10,,708668,43,0,16 15,1,9,,617264,38,0,16 15,1,10,,708566,43,0,16 15,1,9,,708576,38,0,16 15,1,50,,708605,43,0,16 15,1,9,,708660,38,0,16 15,1,10,,708627,43,0,16 15,1,9,,708653,38,0,16 15,1,10,,657878,43,0,16 15,1,9,,708596,38,0,16 15,1,10,,708639,43,0,16 15,1,49,,708678,38,0,16 15,1,10,,708657,43,0,16 15,1,9,,708611,38,0,16 15,1,9,,708634,43,0,16 15,1,9,,708568,38,0,16 15,1,10,,708663,43,0,16 15,1,49,,708609,38,0,16 15,1,9,,708587,43,0,16 15,1,8,,632804,38,0,16 15,1,9,,708684,43,0,16 15,1,8,,587290,38,0,16 15,1,9,,708651,43,0,16 15,1,8,,708577,38,0,16 15,1,49,,708588,43,0,16 15,1,8,,661262,38,0,16 15,1,9,,556225,43,0,16 15,1,8,,708645,38,0,16 15,1,9,,708613,43,0,16 15,1,8,,686825,38,0,16 15,1,9,,708655,43,0,16 15,1,48,,708682,38,0,16 15,1,9,,708630,43,0,16 15,1,8,,708672,38,0,16 15,1,9,,631972,43,0,16 15,1,8,,708571,38,0,16 15,1,9,,642244,43,0,16 15,1,8,,708637,38,0,16 15,1,49,,708643,43,0,16 15,1,8,,708679,38,0,16 15,1,9,,708632,43,0,16 15,1,8,,687957,38,0,16 15,1,9,,708644,43,0,16 15,1,8,,708601,38,0,16 15,1,9,,708636,43,0,16 15,1,48,,667400,38,0,16 15,1,9,,708641,43,0,16 15,1,8,,708585,38,0,16 15,1,9,,708598,43,0,16 15,1,8,,708648,38,0,16 15,1,9,,708607,43,0,16 15,1,8,,708599,38,0,16 15,1,7,,667808,43,0,16 15,1,48,,708670,38,0,16 15,1,7,,708579,43,0,16 15,1,8,,708615,38,0,16 15,1,7,,708662,43,0,16 15,1,8,,708625,38,0,16 15,1,8,,642646,43,0,16 15,1,9,,708575,38,0,16 15,1,47,,708654,43,0,16 15,1,8,,708591,38,0,16 15,1,8,,708570,43,0,16 15,1,9,,708597,38,0,16 15,1,8,,708589,43,0,16 15,1,9,,708622,38,0,16 15,1,8,,708631,43,0,16 15,1,9,,708674,38,0,16 15,1,48,,708606,43,0,16 15,1,9,,708669,38,0,16 15,1,8,,708646,43,0,16 15,1,9,,597522,38,0,16 15,1,8,,708640,43,0,16 15,1,9,,708677,38,0,16 15,1,8,,708592,43,0,16 15,1,49,,690035,38,0,16 15,1,8,,585381,43,0,16 15,1,9,,608152,38,0,16 15,1,8,,708612,43,0,16 15,1,9,,708620,38,0,16 15,1,8,,708595,43,0,16 15,1,9,,708623,38,0,16 15,1,50,,708582,43,0,16 15,1,5,,708594,38,0,16 15,1,9,,708664,43,0,16 15,1,9,,612031,38,0,16 15,1,10,,708617,43,0,16 15,1,10,,629657,38,0,16 15,1,50,,708650,43,0,16 15,1,10,,708565,38,0,16 15,1,10,,708580,43,0,16 15,1,10,,708614,38,0,16 15,1,10,,708600,43,0,16 15,1,10,,708635,38,0,16 15,1,50,,708652,43,0,16 15,1,8,,708642,43,0,16 15,1,2,,708621,38,0,16 15,1,10,,624028,43,0,16 15,1,10,,708586,38,0,16 15,1,10,,622402,43,0,16 15,1,10,,708567,38,0,16 15,1,49,,708564,43,0,16 15,1,6,,708667,38,0,16 15,1,7,,708659,43,0,16 15,1,5,,608364,38,0,16 15,1,7,,708658,43,0,16 15,1,7,,627423,38,0,16 15,1,7,,708581,43,0,16 15,1,8,,681282,38,0,16 15,1,7,,708578,43,0,16 15,1,48,,708629,38,0,16 15,1,7,,611275,43,0,16 15,1,8,,610228,38,0,16 15,1,7,,463480,43,0,16 15,1,8,,708656,38,0,16 15,1,7,,708572,43,0,16 15,1,8,,708665,38,0,16 15,1,7,,708675,43,0,16 15,1,48,,708619,38,0,16 15,1,7,,708573,43,0,16 15,1,9,,708574,43,0,16 15,1,15,,708602,38,0,16 15,1,15,,471245,43,0,16 15,1,55,,708638,38,0,16 15,1,15,,708673,43,0,16 15,1
3902,'3',527,,684756,43,0,19 6,1,15,,578722,38,0,19 6,1,15,,708712,43,0,19 6,1,52,,666472,38,0,19 6,1,10,,708709,43,0,19 6,1,10,,708800,38,0,19 6,1,10,,708695,43,0,19 6,1,10,,616373,38,0,19 6,1,10,,708773,43,0,19 6,1,50,,708785,38,0,19 6,1,10,,678421,43,0,19 6,1,10,,708791,38,0,19 6,1,10,,708765,43,0,16 15,1,8,,708772,38,0,16 15,1,8,,708716,43,0,16 15,1,48,,708708,38,0,16 15,1,10,,708726,43,0,16 15,1,8,,708749,38,0,16 15,1,8,,708804,43,0,16 15,1,8,,634748,38,0,16 15,1,8,,708713,43,0,16 15,1,8,,708738,38,0,16 15,1,48,,681360,43,0,16 15,1,8,,708691,38,0,16 15,1,8,,708784,43,0,16 15,1,8,,708732,38,0,16 15,1,8,,708789,43,0,16 15,1,8,,708720,38,0,16 15,1,8,,708774,43,0,16 15,1,8,,708714,38,0,16 15,1,48,,708710,43,0,16 15,1,8,,653560,38,0,16 15,1,8,,636735,43,0,16 15,1,8,,708748,38,0,16 15,1,8,,666055,43,0,16 15,1,8,,708763,38,0,16 15,1,8,,708715,43,0,16 15,1,48,,666764,38,0,16 15,1,8,,708703,43,0,16 15,1,8,,645206,38,0,16 15,1,8,,708739,43,0,16 15,1,8,,708783,38,0,16 15,1,8,,708746,43,0,16 15,1,3,,708718,19,0,16 15,1,5,,708764,38,0,16 15,1,8,,708775,43,0,16 15,1,49,,567751,38,0,16 15,1,8,,708803,43,0,16 15,1,9,,708761,38,0,16 15,1,8,,708717,43,0,16 15,1,8,,708700,38,0,16 15,1,8,,708796,43,0,16 15,1,4,,539463,19,0,16 15,1,4,,649583,38,0,16 15,1,48,,708687,43,0,16 15,1,8,,597096,38,0,16 15,1,8,,708728,43,0,16 15,1,8,,708770,38,0,16 15,1,8,,582291,43,0,16 15,1,8,,674671,38,0,16 15,1,8,,708767,43,0,16 15,1,8,,708779,38,0,16 15,1,48,,708754,43,0,16 15,1,8,,708704,38,0,16 15,1,8,,708734,43,0,16 15,1,8,,708798,38,0,16 15,1,8,,380767,43,0,16 15,1,8,,708777,38,0,16 15,1,8,,708702,43,0,16 15,1,48,,708745,38,0,16 15,1,8,,687436,43,0,16 15,1,8,,540013,38,0,16 15,1,8,,708699,43,0,16 15,1,8,,708756,38,0,16 15,1,8,,660868,43,0,16 15,1,8,,708771,38,0,16 15,1,8,,708799,43,0,16 15,1,48,,708697,38,0,16 15,1,8,,708776,43,0,16 15,1,8,,708758,38,0,16 15,1,8,,708744,43,0,16 15,1,8,,708722,38,0,16 15,1,8,,708786,43,0,16 15,1,8,,708735,38,0,16 15,1,48,,708686,43,0,16 15,1,8,,708750,38,0,16 15,1,8,,708694,43,0,16 15,1,8,,708707,38,0,16 15,1,8,,654426,43,0,16 15,1,8,,708747,38,0,16 15,1,8,,581295,43,0,16 15,1,8,,680447,38,0,16 15,1,48,,708731,43,0,16 15,1,8,,660318,38,0,16 15,1,8,,708794,43,0,16 15,1,8,,708711,38,0,16 15,1,8,,708737,43,0,16 15,1,8,,708787,38,0,16 15,1,10,,708757,43,0,16 15,1,49,,708795,38,0,16 15,1,8,,708727,43,0,16 15,1,8,,623800,38,0,16 15,1,9,,708701,43,0,16 15,1,8,,708751,38,0,16 15,1,9,,708689,43,0,16 15,1,8,,708723,38,0,16 15,1,49,,708780,43,0,16 15,1,4,,588322,19,0,16 15,1,4,,708792,38,0,16 15,1,9,,708685,43,0,16 15,1,8,,708742,38,0,16 15,1,9,,658737,43,0,16 15,1,8,,656513,38,0,16 15,1,4,,708719,19,0,16 15,1,5,,708698,43,0,16 15,1,48,,708802,38,0,16 15,1,9,,708741,43,0,16 15,1,8,,708736,38,0,16 15,1,9,,708688,43,0,16 15,1,8,,676977,38,0,16 15,1,9,,575767,43,0,16 15,1,8,,708733,38,0,16 15,1,48,,629942,43,0,16 15,1,5,,672650,38,0,16 15,1,6,,590457,43,0,16 15,1,8,,708762,38,0,16 15,1,8,,708805,43,0,16 15,1,9,,708724,38,0,16 15,1,8,,708730,43,0,16 15,1,9,,708801,38,0,16 15,1,48,,708760,43,0,16 15,1,9,,708705,38,0,16 15,1,8,,708778,43,0,16 15,1,9,,708790,38,0,16 15,1,8,,708788,43,0,16 15,1,9,,529790,38,0,16 15,1,8,,708692,43,0,16 15,1,49,,708769,38,0,16 15,1,8,,708696,43,0,16 15,1,9,,681717,38,0,16 15,1,8,,708721,43,0,16 15,1,9,,708693,38,0,16 15,1,8,,665587,43,0,16 15,1,9,,708743,38,0,16 15,1,48,,708725,43,0,16 15,1,9,,708690,38,0,16 15,1,8,,708797,43,0,16 15,1,15,,708766,38,0,16 15,1,15,,708753,43,0,16 15,1,53,,708740,38,0,16 15,1,15,,708706,43,0,16 15,1
3902,'5',527,,708884,43,0,16 15,1,15,,708874,38,0,16 15,1,15,,708919,43,0,16 15,1,52,,530621,38,0,16 15,1,10,,622182,43,0,16 15,1,10,,708909,38,0,16 15,1,10,,686242,43,0,16 15,1,10,,708808,38,0,16 15,1,10,,664731,43,0,16 15,1,50,,661996,38,0,16 15,1,10,,708862,43,0,16 15,1,10,,708890,38,0,16 15,1,10,,708806,43,0,16 15,1,8,,708897,38,0,16 15,1,8,,708855,43,0,16 15,1,48,,708835,38,0,16 15,1,9,,708877,43,0,16 15,1,9,,708893,38,0,16 15,1,7,,708872,43,0,16 15,1,9,,656630,38,0,16 15,1,8,,708815,43,0,16 15,1,8,,708882,38,0,16 15,1,48,,617026,43,0,16 15,1,8,,552348,38,0,16 15,1,8,,708807,43,0,16 15,1,8,,708928,38,0,16 15,1,8,,665508,43,0,16 15,1,8,,656588,38,0,16 15,1,8,,661577,43,0,16 15,1,8,,708914,38,0,16 15,1,48,,708908,43,0,16 15,1,8,,708870,38,0,16 15,1,8,,543096,43,0,16 15,1,8,,708891,38,0,16 15,1,8,,708834,43,0,16 15,1,8,,667123,38,0,16 15,1,8,,708839,43,0,16 15,1,48,,708904,38,0,16 15,1,8,,708875,43,0,16 15,1,8,,638884,38,0,16 15,1,8,,708858,43,0,16 15,1,8,,646292,38,0,16 15,1,8,,708913,43,0,16 15,1,8,,708833,38,0,16 15,1,8,,708831,43,0,16 15,1,49,,708851,38,0,16 15,1,8,,708848,43,0,16 15,1,9,,708917,38,0,16 15,1,8,,708889,43,0,16 15,1,8,,662152,38,0,16 15,1,8,,708866,43,0,16 15,1,8,,708821,38,0,16 15,1,48,,708886,43,0,16 15,1,8,,708896,38,0,16 15,1,8,,708894,43,0,16 15,1,8,,708849,38,0,16 15,1,8,,708871,43,0,16 15,1,8,,708820,38,0,16 15,1,8,,676009,43,0,16 15,1,8,,708925,38,0,16 15,1,48,,708926,43,0,16 15,1,8,,708879,38,0,16 15,1,8,,708811,43,0,16 15,1,8,,685894,38,0,16 15,1,8,,708885,43,0,16 15,1,8,,708843,38,0,16 15,1,8,,708861,43,0,16 15,1,48,,708828,38,0,16 15,1,8,,708814,43,0,16 15,1,8,,660497,38,0,16 15,1,8,,708899,43,0,16 15,1,8,,708881,38,0,16 15,1,8,,708845,43,0,16 15,1,8,,708856,38,0,16 15,1,8,,708822,43,0,16 15,1,48,,708844,38,0,16 15,1,8,,708812,43,0,16 15,1,8,,708921,38,0,16 15,1,8,,708860,43,0,16 15,1,8,,708868,38,0,16 15,1,8,,613853,43,0,16 15,1,8,,708887,38,0,16 15,1,48,,708911,43,0,16 15,1,8,,708859,38,0,16 15,1,8,,708927,43,0,16 15,1,8,,708929,38,0,16 15,1,8,,708910,43,0,16 15,1,8,,708880,38,0,16 15,1,8,,708901,43,0,16 15,1,8,,708825,38,0,16 15,1,48,,667857,43,0,16 15,1,8,,708888,38,0,16 15,1,8,,708916,43,0,16 15,1,8,,708903,38,0,16 15,1,8,,708900,43,0,16 15,1,8,,708857,38,0,16 15,1,10,,649793,43,0,16 15,1,49,,708818,38,0,16 15,1,8,,522145,43,0,16 15,1,8,,708898,38,0,16 15,1,9,,708869,43,0,16 15,1,8,,708906,38,0,16 15,1,9,,708907,43,0,16 15,1,8,,708864,38,0,16 15,1,49,,708912,43,0,16 15,1,8,,708922,38,0,16 15,1,9,,708915,43,0,16 15,1,8,,708873,38,0,16 15,1,9,,708840,43,0,16 15,1,8,,708892,38,0,16 15,1,9,,708852,43,0,16 15,1,48,,708809,38,0,16 15,1,9,,708854,43,0,16 15,1,8,,708923,38,0,16 15,1,9,,708827,43,0,16 15,1,8,,708826,38,0,16 15,1,9,,708850,43,0,16 15,1,8,,672758,38,0,16 15,1,48,,708819,43,0,16 15,1,5,,708895,38,0,16 15,1,6,,708853,43,0,16 15,1,8,,708810,38,0,16 15,1,8,,708846,43,0,16 15,1,9,,708918,38,0,16 15,1,8,,708816,43,0,16 15,1,9,,708863,38,0,16 15,1,48,,708813,43,0,16 15,1,9,,708824,38,0,16 15,1,8,,708823,43,0,16 15,1,9,,708836,38,0,16 15,1,8,,708883,43,0,16 15,1,9,,708878,38,0,16 15,1,8,,708931,43,0,16 15,1,49,,708832,38,0,16 15,1,8,,708902,43,0,16 15,1,9,,708841,38,0,16 15,1,8,,708876,43,0,16 15,1,9,,708847,38,0,16 15,1,8,,708905,43,0,16 15,1,9,,708817,38,0,16 15,1,48,,708829,43,0,16 15,1,9,,708837,38,0,16 15,1,8,,708932,43,0,16 15,1,15,,708930,38,0,16 15,1,15,,642451,43,0,16 15,1,53,,708830,38,0,16 15,1,15,,708865,43,0,16 15,1
33902,'1',358,,770343,36,0,11 12 16 15,1,60,,770335,36,0,11 12 16 15,1,20,,770341,36,0,11 12 16 15,1,20,,615715,36,0,11 12 16 15,1,50,,770344,36,0,11 12 16 15,1,2130,,770336,44,0,11 12 16 15,1,20,,770340,44,0,11 12 16 15,1,60,,637276,44,0,11 12 16 15,1,20,,686759,44,0,11 12 16 15,1
33902,'2',358,,613679,36,0,11 12 16 15,1,60,,770352,36,0,11 12 16 15,1,20,,770345,36,0,11 12 16 15,1,20,,669644,36,0,11 12 16 15,1,55,,770350,36,0,11 12 16 15,1,2125,,447686,44,0,11 12 16 15,1,20,,770353,44,0,11 12 16 15,1,60,,770354,44,0,11 12 16 15,1,20,,770348,44,0,11 12 16 15,1
33902,'3',358,,770374,36,0,11 12 16 15,1,60,,770372,36,0,11 12 16 15,1,20,,770367,36,0,11 12 16 15,1,20,,770364,36,0,11 12 16 15,1,55,,770361,36,0,11 12 16 15,1,2125,,770373,44,0,11 12 16 15,1,20,,770363,44,0,11 12 16 15,1,60,,548427,44,0,11 12 16 15,1,20,,652456,44,0,11 12 16 15,1
33902,'5',358,,770391,36,0,11 12 16 15,1,60,,770383,36,0,11 12 16 15,1,20,,770382,36,0,11 12 16 15,1,20,,770384,36,0,11 12 16 15,1,55,,770381,36,0,11 12 16 15,1,2125,,770392,44,0,11 12 16 15,1,20,,770376,44,0,11 12 16 15,1,60,,770386,44,0,11 12 16 15,1,20,,770378,44,0,11 12 16 15,1
93902,'1',536,,777652,12,0,34 16 250 8,1,10,,777673,12,0,34 16 250 8,1,10,,777601,12,0,34 16 250 8,1,48,,642533,12,0,34 16 250 8,1,10,,777650,13,0,34 16 250 8,1,3,,777679,8,0,28 16 8,1,7,,777687,13,0,34 16 250 8,1,3,,777633,8,0,28 16 8,1,9,,777606,31,0,28 16 8,1,4,,777651,18,0,34 16 250 8,1,5,,777629,31,0,28 16 8,1,2,,629123,8,0,28 16 8,1,3,,777634,18,0,34 16 250 8,1,5,,660159,31,0,28 16 8,1,45,,777684,18,0,34 16 250 8,1,5,,777707,31,0,28 16 8,1,5,,777714,18,0,34 16 250 8,1,5,,777628,31,0,28 16 8,1,5,,777668,18,0,34 16 250 8,1,2,,626264,31,0,28 16 8,1,2,,777677,12,0,34 16 250 8,1,7,,777593,18,0,34 16 250 8,1,5,,777612,31,0,28 16 8,1,5,,777598,18,0,34 16 250 8,1,5,,777617,31,0,28 16 8,1,5,,777653,18,0,34 16 250 8,1,5,,658486,31,0,28 16 8,1,45,,467318,18,0,34 16 250 8,1,5,,612448,31,0,28 16 8,1,5,,621873,18,0,34 16 250 8,1,5,,670047,31,0,28 16 8,1,5,,777675,18,0,34 16 250 8,1,5,,777619,31,0,28 16 8,1,5,,777604,18,0,34 16 250 8,1,5,,777599,31,0,28 16 8,1,5,,777698,18,0,34 16 250 8,1,5,,777669,31,0,28 16 8,1,5,,607624,18,0,34 16 250 8,1,5,,777696,31,0,28 16 8,1,45,,777638,18,0,34 16 250 8,1,5,,777630,31,0,28 16 8,1,5,,777616,18,0,34 16 250 8,1,5,,777614,31,0,28 16 8,1,5,,777694,18,0,34 16 250 8,1,7,,777636,18,0,34 16 250 8,1,2,,682373,18,0,5 16 8,1,8,,649837,18,0,34 16 250 8,1,7,,567464,18,0,5 16 8,1,8,,605836,18,0,34 16 250 8,1,47,,777635,18,0,5 16 8,1,8,,777700,18,0,34 16 250 8,1,7,,777655,18,0,5 16 8,1,8,,777656,18,0,34 16 250 8,1,7,,777682,18,0,5 16 8,1,8,,777708,18,0,34 16 250 8,1,7,,777594,18,0,5 16 8,1,8,,619533,18,0,34 16 250 8,1,47,,777595,18,0,5 16 8,1,8,,613994,18,0,34 16 250 8,1,7,,777602,18,0,5 16 8,1,8,,608331,18,0,34 16 250 8,1,7,,777607,18,0,5 16 8,1,8,,777719,18,0,34 16 250 8,1,7,,777692,18,0,5 16 8,1,8,,777704,18,0,34 16 250 8,1,47,,777705,18,0,5 16 8,1,8,,777720,18,0,34 16 250 8,1,7,,777631,18,0,5 16 8,1,8,,777672,18,0,34 16 250 8,1,7,,556099,18,0,5 16 8,1,8,,777681,18,0,34 16 250 8,1,7,,777685,18,0,5 16 8,1,8,,777637,18,0,34 16 250 8,1,47,,777622,18,0,5 16 8,1,8,,777716,18,0,34 16 250 8,1,7,,777689,18,0,5 16 8,1,8,,556896,18,0,34 16 250 8,1,7,,524263,18,0,5 16 8,1,8,,777643,18,0,34 16 250 8,1,7,,777645,18,0,5 16 8,1,8,,626193,18,0,34 16 250 8,1,47,,777640,18,0,5 16 8,1,8,,777678,18,0,34 16 250 8,1,7,,680757,18,0,5 16 8,1,5,,777642,8,0,34 16 250 8,1,8,,777626,31,0,28 16 8,1,7,,777695,18,0,34 16 250 8,1,9,,777608,31,0,28 16 8,1,4,,777592,18,0,34 16 250 8,1,7,,777676,8,0,34 16 250 8,1,4,,777657,31,0,28 16 8,1,48,,777591,18,0,34 16 250 8,1,7,,674720,31,0,28 16 8,1,8,,777620,18,0,34 16 250 8,1,7,,777706,31,0,28 16 8,1,8,,777702,18,0,34 16 250 8,1,7,,538205,31,0,28 16 8,1,8,,777691,18,0,34 16 250 8,1,7,,777597,31,0,28 16 8,1,48,,542712,18,0,34 16 250 8,1,7,,777624,31,0,28 16 8,1,8,,687872,18,0,34 16 250 8,1,7,,777654,31,0,28 16 8,1,8,,777603,18,0,34 16 250 8,1,7,,777613,31,0,28 16 8,1,8,,777618,18,0,34 16 250 8,1,7,,777670,31,0,28 16 8,1,48,,777711,18,0,34 16 250 8,1,7,,777663,31,0,28 16 8,1,8,,777709,18,0,34 16 250 8,1,7,,777690,31,0,28 16 8,1,8,,777661,18,0,34 16 250 8,1,7,,777659,31,0,28 16 8,1,8,,777644,18,0,34 16 250 8,1,7,,777623,31,0,28 16 8,1,48,,777671,18,0,34 16 250 8,1,7,,777664,31,0,28 16 8,1,8,,670763,18,0,34 16 250 8,1,7,,777600,31,0,28 16 8,1,8,,777609,18,0,34 16 250 8,1,7,,777693,31,0,28 16 8,1,8,,777649,18,0,34 16 250 8,1,7,,657485,31,0,28 16 8,1,48,,777713,18,0,34 16 250 8,1,7,,777710,31,0,28 16 8,1,8,,777658,18,0,34 16 250 8,1,7,,777660,31,0,28 16 8,1,10,,777715,18,0,34 16 250 8,1,2,,777666,18,0,5 16 8,1,10,,777665,18,0,34 16 250 8,1,50,,648943,18,0,5 16 8,1,10,,777712,18,0,34 16 250 8,1,10,,777680,18,0,5 16 8,1,10,,608872,18,0,34 16 250 8,1,10,,616840,18,0,5 16 8,1,10,,777703,18,0,34 16 250 8,1,50,,777688,18,0,5 16 8,1,10,,777697,18,0,34 16 250 8,1,10,,777610,18,0,5 16 8,1,10,,777611,18,0,34 16 250 8,1,10,,777596,18,0,5 16 8,1,10,,777627,18,0,34 16 250 8,1,50,,668255,18,0,5 16 8,1,10,,777721,18,0,34 16 250 8,1,10,,668219,18,0,5 16 8,1,6,,777647,18,0,5 16 8,1,10,,777722,18,0,5 16 8,1,15,,604205,18,0,5 16 8,1,55,,668217,18,0,5 16 8,1,15,,777621,18,0,5 16 8,1,15,,777639,18,0,5 16 8,1,15,,777648,18,0,5 16 8,1,55,,655743,18,0,5 16 8,1,15,,777641,18,0,5 16 8,1,15,,777686,18,0,5 16 8,1,15,,777646,18,0,5 16 8,1,55,,777615,18,0,5 16 8,1,15,,777699,18,0,5 16 8,1,15,,777662,18,0,5 16 8,1,5,,777667,18,0,5 16 8,1
93902,'2',839,,517866,18,0,34 16 250 8,1,9,,777771,18,0,5 16 8,1,5,,777729,18,0,34 16 250 8,1,50,,777797,18,0,5 16 8,1,10,,777764,18,0,34 16 250 8,1,10,,777796,18,0,5 16 8,1,10,,777740,18,0,34 16 250 8,1,10,,777786,18,0,5 16 8,1,10,,777750,18,0,34 16 250 8,1,50,,777724,18,0,5 16 8,1,10,,777768,18,0,34 16 250 8,1,10,,777745,18,0,5 16 8,1,10,,777763,18,0,34 16 250 8,1,10,,777803,18,0,5 16 8,1,10,,777780,18,0,34 16 250 8,1,50,,654573,18,0,5 16 8,1,10,,777791,18,0,34 16 250 8,1,10,,777788,18,0,5 16 8,1,12,,777778,18,0,34 16 250 8,1,6,,646395,18,0,5 16 8,1,17,,777772,18,0,34 16 250 8,1,48,,777785,18,0,5 16 8,1,8,,777801,18,0,34 16 250 8,1,8,,777762,18,0,5 16 8,1,7,,777752,18,0,34 16 250 8,1,8,,777774,18,0,5 16 8,1,7,,777728,18,0,34 16 250 8,1,8,,611679,18,0,5 16 8,1,7,,777775,18,0,34 16 250 8,1,48,,777733,18,0,5 16 8,1,7,,777802,18,0,34 16 250 8,1,8,,777757,18,0,5 16 8,1,7,,777783,18,0,34 16 250 8,1,8,,777784,18,0,5 16 8,1,7,,777759,18,0,34 16 250 8,1,8,,777795,18,0,5 16 8,1,7,,777798,18,0,34 16 250 8,1,48,,777777,18,0,5 16 8,1,7,,777769,18,0,34 16 250 8,1,8,,634105,18,0,5 16 8,1,7,,777735,18,0,34 16 250 8,1,8,,777761,18,0,5 16 8,1,7,,777793,18,0,34 16 250 8,1,8,,777760,18,0,5 16 8,1,7,,777746,18,0,34 16 250 8,1,48,,622979,18,0,5 16 8,1,7,,777726,18,0,34 16 250 8,1,8,,777779,18,0,5 16 8,1,7,,777754,18,0,34 16 250 8,1,8,,777749,18,0,5 16 8,1,7,,777734,18,0,34 16 250 8,1,8,,777753,18,0,5 16 8,1,7,,777747,18,0,34 16 250 8,1,48,,591375,18,0,5 16 8,1,7,,777792,18,0,34 16 250 8,1,8,,777782,18,0,5 16 8,1,7,,777781,18,0,34 16 250 8,1,8,,777770,18,0,5 16 8,1,7,,777739,18,0,34 16 250 8,1,8,,777723,18,0,5 16 8,1,7,,777789,18,0,34 16 250 8,1,48,,777751,18,0,5 16 8,1,7,,777790,18,0,34 16 250 8,1,8,,777736,18,0,5 16 8,1,7,,547108,18,0,34 16 250 8,1,8,,618409,18,0,5 16 8,1,7,,777776,18,0,34 16 250 8,1,8,,777766,18,0,5 16 8,1,7,,605941,18,0,34 16 250 8,1,48,,777738,18,0,5 16 8,1,7,,777767,18,0,34 16 250 8,1,8,,777727,18,0,5 16 8,1,7,,777773,18,0,34 16 250 8,1,8,,777737,18,0,5 16 8,1,7,,777799,18,0,34 16 250 8,1,8,,777787,18,0,5 16 8,1,7,,777743,18,0,34 16 250 8,1,48,,777755,18,0,5 16 8,1,7,,777725,18,0,34 16 250 8,1,8,,622970,18,0,5 16 8,1,7,,672836,18,0,34 16 250 8,1,8,,632462,18,0,5 16 8,1,7,,777800,18,0,34 16 250 8,1,0,,606741,18,0,5 16 8,1,13,,777748,18,0,5 16 8,1,53,,777744,18,0,5 16 8,1,13,,777741,18,0,5 16 8,1,13,,777731,18,0,5 16 8,1,13,,777758,18,0,5 16 8,1,53,,777804,18,0,5 16 8,1,13,,614834,18,0,5 16 8,1,13,,777732,18,0,5 16 8,1,13,,777794,18,0,5 16 8,1,13,,777742,18,0,5 16 8,1,53,,777730,18,0,5 16 8,1,13,,777765,18,0,5 16 8,1,4,,777756,18,0,5 16 8,1
93902,'3',747,,600483,18,0,5 16 8,1,10,,684181,18,0,5 16 8,1,50,,777842,18,0,34 16 250 8,1,10,,777840,18,0,5 16 8,1,17,,777853,18,0,34 16 250 8,1,10,,777843,18,0,5 16 8,1,10,,777865,18,0,34 16 250 8,1,50,,777864,18,0,5 16 8,1,10,,777821,18,0,34 16 250 8,1,10,,777807,18,0,5 16 8,1,10,,777833,18,0,34 16 250 8,1,10,,609802,18,0,5 16 8,1,10,,777810,18,0,34 16 250 8,1,50,,777830,18,0,5 16 8,1,10,,777870,18,0,34 16 250 8,1,10,,507066,18,0,5 16 8,1,10,,777805,18,0,34 16 250 8,1,10,,532009,18,0,5 16 8,1,10,,777836,18,0,34 16 250 8,1,50,,777827,18,0,5 16 8,1,10,,777868,18,0,34 16 250 8,1,10,,777863,18,0,5 16 8,1,10,,777818,18,0,34 16 250 8,1,9,,553324,18,0,5 16 8,1,11,,625570,18,0,34 16 250 8,1,48,,777854,18,0,5 16 8,1,10,,777826,18,0,34 16 250 8,1,10,,777839,18,0,5 16 8,1,10,,777828,18,0,34 16 250 8,1,10,,777848,18,0,5 16 8,1,10,,777859,18,0,34 16 250 8,1,50,,777850,18,0,5 16 8,1,10,,777811,18,0,34 16 250 8,1,10,,777816,18,0,5 16 8,1,10,,777822,18,0,34 16 250 8,1,10,,777851,18,0,5 16 8,1,10,,777820,18,0,34 16 250 8,1,50,,777857,18,0,5 16 8,1,10,,777823,18,0,34 16 250 8,1,10,,468205,18,0,5 16 8,1,10,,636709,18,0,34 16 250 8,1,10,,777831,18,0,5 16 8,1,10,,777806,18,0,34 16 250 8,1,50,,777809,18,0,5 16 8,1,10,,777855,18,0,34 16 250 8,1,10,,777844,18,0,5 16 8,1,10,,777825,18,0,34 16 250 8,1,10,,777866,18,0,5 16 8,1,10,,777832,18,0,34 16 250 8,1,50,,655457,18,0,5 16 8,1,10,,777856,18,0,34 16 250 8,1,10,,537764,18,0,5 16 8,1,10,,777871,18,0,34 16 250 8,1,10,,777838,18,0,5 16 8,1,10,,777835,18,0,34 16 250 8,1,50,,621220,18,0,5 16 8,1,10,,607129,18,0,34 16 250 8,1,10,,777849,18,0,5 16 8,1,10,,777837,18,0,34 16 250 8,1,10,,777862,18,0,5 16 8,1,10,,777813,18,0,34 16 250 8,1,50,,777829,18,0,5 16 8,1,10,,777867,18,0,34 16 250 8,1,10,,574835,18,0,5 16 8,1,10,,777812,18,0,34 16 250 8,1,10,,777860,18,0,5 16 8,1,10,,777845,18,0,34 16 250 8,1,50,,777852,18,0,5 16 8,1,10,,777808,18,0,34 16 250 8,1,10,,672074,18,0,5 16 8,1,10,,777824,18,0,34 16 250 8,1,10,,777815,18,0,5 16 8,1,4,,777869,18,0,5 16 8,1,13,,777861,18,0,5 16 8,1,53,,777819,18,0,5 16 8,1,13,,777858,18,0,5 16 8,1,13,,777814,18,0,5 16 8,1,13,,777817,18,0,5 16 8,1,53,,635467,18,0,5 16 8,1,13,,608585,18,0,5 16 8,1,13,,777847,18,0,5 16 8,1,13,,777834,18,0,5 16 8,1,13,,777846,18,0,5 16 8,1,53,,541348,18,0,5 16 8,1,13,,777841,18,0,5 16 8,1,9,,610284,18,0,5 16 8,1
93902,'5',803,,777889,18,0,5 16 8,1,10,,777922,18,0,34 16 250 8,1,11,,777940,18,0,5 16 8,1,10,,777920,18,0,34 16 250 8,1,10,,777942,18,0,5 16 8,1,10,,777895,18,0,34 16 250 8,1,50,,777898,18,0,5 16 8,1,10,,674137,18,0,34 16 250 8,1,10,,777933,18,0,5 16 8,1,10,,540104,18,0,34 16 250 8,1,10,,662272,18,0,5 16 8,1,10,,777943,18,0,34 16 250 8,1,50,,647350,18,0,5 16 8,1,10,,777918,18,0,34 16 250 8,1,10,,777874,18,0,5 16 8,1,10,,777877,18,0,34 16 250 8,1,10,,777907,18,0,5 16 8,1,10,,777876,18,0,34 16 250 8,1,50,,777878,18,0,5 16 8,1,10,,777884,18,0,34 16 250 8,1,10,,777919,18,0,5 16 8,1,10,,777892,18,0,34 16 250 8,1,9,,777923,18,0,5 16 8,1,11,,777891,18,0,34 16 250 8,1,48,,777886,18,0,5 16 8,1,10,,777908,18,0,34 16 250 8,1,10,,777905,18,0,5 16 8,1,10,,777944,18,0,34 16 250 8,1,10,,777915,18,0,5 16 8,1,10,,564317,18,0,34 16 250 8,1,50,,777934,18,0,5 16 8,1,10,,777911,18,0,34 16 250 8,1,10,,777903,18,0,5 16 8,1,10,,777921,18,0,34 16 250 8,1,10,,777904,18,0,5 16 8,1,10,,777900,18,0,34 16 250 8,1,50,,777906,18,0,5 16 8,1,10,,777928,18,0,34 16 250 8,1,10,,777946,18,0,5 16 8,1,10,,777896,18,0,34 16 250 8,1,10,,777902,18,0,5 16 8,1,10,,777897,18,0,34 16 250 8,1,50,,777873,18,0,5 16 8,1,10,,777899,18,0,34 16 250 8,1,10,,777872,18,0,5 16 8,1,10,,777930,18,0,34 16 250 8,1,10,,777914,18,0,5 16 8,1,10,,777916,18,0,34 16 250 8,1,50,,777875,18,0,5 16 8,1,10,,650294,18,0,34 16 250 8,1,10,,777883,18,0,5 16 8,1,10,,777929,18,0,34 16 250 8,1,10,,777932,18,0,5 16 8,1,10,,777909,18,0,34 16 250 8,1,50,,777941,18,0,5 16 8,1,10,,777880,18,0,34 16 250 8,1,10,,777879,18,0,5 16 8,1,10,,777885,18,0,34 16 250 8,1,10,,777913,18,0,5 16 8,1,10,,777917,18,0,34 16 250 8,1,50,,611858,18,0,5 16 8,1,10,,629082,18,0,34 16 250 8,1,10,,777901,18,0,5 16 8,1,10,,638614,18,0,34 16 250 8,1,10,,777925,18,0,5 16 8,1,10,,777881,18,0,34 16 250 8,1,50,,777912,18,0,5 16 8,1,10,,777936,18,0,34 16 250 8,1,10,,777890,18,0,5 16 8,1,10,,777939,18,0,34 16 250 8,1,10,,777882,18,0,5 16 8,1,4,,777945,18,0,5 16 8,1,13,,777935,18,0,5 16 8,1,53,,777927,18,0,5 16 8,1,13,,777937,18,0,5 16 8,1,13,,777938,18,0,5 16 8,1,13,,777926,18,0,5 16 8,1,53,,777887,18,0,5 16 8,1,13,,777893,18,0,5 16 8,1,13,,777910,18,0,5 16 8,1,13,,777931,18,0,5 16 8,1,13,,654461,18,0,5 16 8,1,53,,777924,18,0,5 16 8,1,13,,777888,18,0,5 16 8,1,8,,777894,18,0,5 16 8,1
