1202,'1',513,,606626,5,0,5 45 46 15,1,30,,606622,5,0,5 45 46 15,1,70,,606672,5,0,5 45 46 15,1,28,,606653,4,0,5 45 46 15,1,67,,528187,4,0,5 45 46 15,1,24,,606617,4,0,5 45 46 15,1,24,,570008,4,0,5 45 46 15,1,64,,606650,4,0,5 45 46 15,1,24,,606638,4,0,5 45 46 15,1,67,,606680,4,0,5 45 46 15,1,24,,606615,4,0,5 45 46 15,1,65,,606625,4,0,5 45 46 15,1,30,,606657,4,0,5 45 46 15,1,70,,606683,4,0,5 45 46 15,1,30,,606637,4,0,5 45 46 15,1,70,,606620,4,0,5 45 46 15,1,30,,567445,4,0,5 45 46 15,1,70,,606665,4,0,5 45 46 15,1,30,,606635,4,0,5 45 46 15,1,70,,606643,4,0,5 45 46 15,1,30,,606667,4,0,5 45 46 15,1,17,,606673,4,0,5 45 46 15,1,62,,606644,4,0,5 45 46 15,1,22,,606645,4,0,5 45 46 15,1,22,,606618,4,0,5 45 46 15,1,62,,606636,4,0,5 45 46 15,1,22,,598136,4,0,5 45 46 15,1,22,,606651,4,0,5 45 46 15,1,62,,606627,4,0,5 45 46 15,1,22,,606669,4,0,5 45 46 15,1,62,,606675,4,0,5 45 46 15,1,22,,569630,4,0,5 45 46 15,1,26,,606676,4,0,5 45 46 15,1,67,,419850,4,0,5 45 46 15,1,27,,606664,4,0,5 45 46 15,1,67,,528191,4,0,5 45 46 15,1,27,,548919,4,0,5 45 46 15,1,67,,606663,4,0,5 45 46 15,1,27,,561723,4,0,5 45 46 15,1,67,,580103,4,0,5 45 46 15,1,24,,606646,4,0,34 45 46 15,1,21,,606656,4,0,34 45 46 15,1,60,,606628,4,0,34 45 46 15,1,20,,606658,4,0,34 45 46 15,1,20,,592210,4,0,34 45 46 15,1,60,,606630,4,0,34 45 46 15,1,20,,606633,4,0,34 45 46 15,1,20,,606679,4,0,34 45 46 15,1,60,,606629,4,0,34 45 46 15,1,30,,606640,4,0,34 45 46 15,1,70,,606670,4,0,17 121 122,1
1202,'2',525,,576962,5,0,34 45 46 15,1,12,,490716,5,0,5 45 46 15,1,18,,555136,5,0,34 45 46 15,1,52,,606705,4,0,5 45 46 15,1,17,,606730,4,0,34 45 46 15,1,13,,475745,4,0,5 45 46 15,1,17,,606708,4,0,34 45 46 15,1,53,,606718,4,0,5 45 46 15,1,17,,606742,4,0,34 45 46 15,1,13,,606710,4,0,5 45 46 15,1,17,,521995,4,0,34 45 46 15,1,51,,606701,4,0,5 45 46 15,1,15,,606692,4,0,34 45 46 15,1,15,,570819,4,0,5 45 46 15,1,15,,534101,4,0,34 45 46 15,1,55,,606691,4,0,5 45 46 15,1,15,,606686,4,0,34 45 46 15,1,15,,498422,4,0,5 45 46 15,1,15,,606743,4,0,34 45 46 15,1,55,,606744,4,0,5 45 46 15,1,15,,606699,4,0,34 45 46 15,1,15,,606687,4,0,5 45 46 15,1,15,,606707,4,0,34 45 46 15,1,55,,606734,4,0,5 45 46 15,1,15,,606684,4,0,34 45 46 15,1,15,,606685,4,0,5 45 46 15,1,15,,428781,4,0,34 45 46 15,1,54,,606724,4,0,5 45 46 15,1,13,,606737,4,0,34 45 46 15,1,11,,606735,4,0,5 45 46 15,1,16,,606688,4,0,34 45 46 15,1,11,,606740,4,0,5 45 46 15,1,56,,606727,4,0,34 45 46 15,1,11,,597497,4,0,5 45 46 15,1,16,,606709,4,0,34 45 46 15,1,11,,606700,4,0,5 45 46 15,1,56,,606706,4,0,34 45 46 15,1,11,,438394,4,0,5 45 46 15,1,16,,606725,4,0,34 45 46 15,1,11,,442711,4,0,5 45 46 15,1,16,,606698,4,0,34 45 46 15,1,51,,602699,4,0,5 45 46 15,1,16,,529508,4,0,34 45 46 15,1,11,,606715,4,0,5 45 46 15,1,16,,606732,4,0,34 45 46 15,1,51,,606704,4,0,5 45 46 15,1,16,,606731,4,0,34 45 46 15,1,11,,606697,4,0,5 45 46 15,1,16,,606719,4,0,34 45 46 15,1,11,,606723,4,0,5 45 46 15,1,56,,606712,4,0,34 45 46 15,1,11,,606741,4,0,5 45 46 15,1,16,,606694,4,0,34 45 46 15,1,11,,606711,4,0,5 45 46 15,1,56,,606736,4,0,34 45 46 15,1,11,,606690,4,0,5 45 46 15,1,16,,606716,4,0,34 45 46 15,1,11,,549939,4,0,5 45 46 15,1,56,,606728,4,0,34 45 46 15,1,15,,606695,4,0,34 45 46 15,1,16,,606721,4,0,34 45 46 15,1,18,,606722,4,0,34 45 46 15,1,59,,606726,4,0,34 45 46 15,1,18,,606702,4,0,34 45 46 15,1,19,,606703,4,0,34 45 46 15,1,58,,606733,4,0,34 45 46 15,1,19,,606717,4,0,34 45 46 15,1,18,,592438,4,0,34 45 46 15,1,65,,606714,4,0,34 45 46 15,1,20,,524363,4,0,34 45 46 15,1,20,,606729,4,0,34 45 46 15,1,60,,552448,4,0,34 45 46 15,1,20,,606689,4,0,34 45 46 15,1,20,,606739,4,0,34 45 46 15,1,60,,606720,4,0,34 45 46 15,1,20,,606738,4,0,34 45 46 15,1,20,,606696,4,0,34 45 46 15,1,60,,606713,4,0,34 45 46 15,1,30,,557264,4,0,34 45 46 15,1,70,,606693,4,0,17 121 122,1
1202,'3',736,,606749,5,0,5 45 46 15,1,14,,606786,5,0,34 45 46 15,1,55,,606762,5,0,5 45 46 15,1,15,,606788,4,0,34 45 46 15,1,15,,606766,4,0,5 45 46 15,1,21,,606774,4,0,34 45 46 15,1,55,,606754,4,0,5 45 46 15,1,15,,606767,4,0,34 45 46 15,1,15,,606758,4,0,5 45 46 15,1,15,,606778,4,0,34 45 46 15,1,55,,606747,4,0,5 45 46 15,1,15,,606755,4,0,34 45 46 15,1,15,,606791,4,0,5 45 46 15,1,15,,606765,4,0,34 45 46 15,1,55,,606757,4,0,5 45 46 15,1,15,,606797,4,0,34 45 46 15,1,15,,606752,4,0,5 45 46 15,1,15,,606772,4,0,34 45 46 15,1,55,,606783,4,0,5 45 46 15,1,23,,606780,4,0,34 45 46 15,1,13,,606795,4,0,5 45 46 15,1,55,,606792,4,0,34 45 46 15,1,15,,606793,4,0,5 45 46 15,1,15,,606763,4,0,34 45 46 15,1,15,,519201,4,0,5 45 46 15,1,55,,606756,4,0,34 45 46 15,1,15,,606777,4,0,5 45 46 15,1,15,,539159,4,0,34 45 46 15,1,15,,606770,4,0,5 45 46 15,1,55,,534293,4,0,34 45 46 15,1,15,,606771,4,0,5 45 46 15,1,15,,606761,4,0,34 45 46 15,1,15,,606781,4,0,5 45 46 15,1,55,,572235,4,0,34 45 46 15,1,15,,606746,4,0,5 45 46 15,1,15,,606785,4,0,34 45 46 15,1,15,,545800,4,0,5 45 46 15,1,55,,606784,4,0,34 45 46 15,1,15,,572997,4,0,5 45 46 15,1,15,,606776,4,0,34 45 46 15,1,15,,606769,4,0,5 45 46 15,1,55,,606753,4,0,34 45 46 15,1,15,,516331,4,0,5 45 46 15,1,15,,595164,4,0,34 45 46 15,1,15,,553283,4,0,5 45 46 15,1,55,,606789,4,0,34 45 46 15,1,15,,606773,4,0,5 45 46 15,1,18,,606779,4,0,34 45 46 15,1,19,,606760,4,0,34 45 46 15,1,58,,606764,4,0,34 45 46 15,1,19,,489174,4,0,34 45 46 15,1,18,,606768,4,0,34 45 46 15,1,59,,606787,4,0,34 45 46 15,1,18,,606796,4,0,34 45 46 15,1,19,,606750,4,0,34 45 46 15,1,59,,553336,4,0,34 45 46 15,1,20,,606782,4,0,34 45 46 15,1,20,,497386,4,0,34 45 46 15,1,60,,606751,4,0,34 45 46 15,1,20,,606745,4,0,34 45 46 15,1,20,,606790,4,0,34 45 46 15,1,60,,583441,4,0,34 45 46 15,1,20,,606748,4,0,34 45 46 15,1,20,,606794,4,0,34 45 46 15,1,63,,588464,4,0,34 45 46 15,1,30,,606759,4,0,34 45 46 15,1,70,,606775,4,0,17 121 122,1
1202,'5',519,,606810,5,0,34 45 46 15,1,16,,606858,5,0,5 45 46 15,1,15,,606832,5,0,34 45 46 15,1,55,,606803,4,0,5 45 46 15,1,15,,606824,4,0,34 45 46 15,1,15,,606829,4,0,5 45 46 15,1,15,,606850,4,0,34 45 46 15,1,55,,606852,4,0,5 45 46 15,1,15,,547738,4,0,34 45 46 15,1,15,,606843,4,0,5 45 46 15,1,15,,606808,4,0,34 45 46 15,1,55,,606857,4,0,5 45 46 15,1,15,,606814,4,0,34 45 46 15,1,15,,606841,4,0,5 45 46 15,1,21,,539336,4,0,34 45 46 15,1,55,,606809,4,0,5 45 46 15,1,15,,606805,4,0,34 45 46 15,1,15,,550911,4,0,5 45 46 15,1,15,,606820,4,0,34 45 46 15,1,55,,606831,4,0,5 45 46 15,1,15,,555285,4,0,34 45 46 15,1,15,,582477,4,0,5 45 46 15,1,15,,606851,4,0,34 45 46 15,1,55,,606821,4,0,5 45 46 15,1,15,,606837,4,0,34 45 46 15,1,15,,606804,4,0,5 45 46 15,1,15,,606802,4,0,34 45 46 15,1,55,,606840,4,0,5 45 46 15,1,23,,570612,4,0,34 45 46 15,1,13,,606836,4,0,5 45 46 15,1,55,,606799,4,0,34 45 46 15,1,15,,606816,4,0,5 45 46 15,1,15,,606807,4,0,34 45 46 15,1,15,,606845,4,0,5 45 46 15,1,55,,606833,4,0,34 45 46 15,1,15,,606839,4,0,5 45 46 15,1,15,,606827,4,0,34 45 46 15,1,15,,606844,4,0,5 45 46 15,1,55,,606817,4,0,34 45 46 15,1,15,,606826,4,0,5 45 46 15,1,15,,606823,4,0,34 45 46 15,1,15,,606854,4,0,5 45 46 15,1,55,,606842,4,0,34 45 46 15,1,15,,606855,4,0,5 45 46 15,1,15,,515370,4,0,34 45 46 15,1,15,,606847,4,0,5 45 46 15,1,55,,606856,4,0,34 45 46 15,1,15,,606812,4,0,5 45 46 15,1,15,,518340,4,0,34 45 46 15,1,15,,606838,4,0,5 45 46 15,1,55,,535413,4,0,34 45 46 15,1,15,,606811,4,0,5 45 46 15,1,15,,606819,4,0,34 45 46 15,1,15,,606846,4,0,5 45 46 15,1,55,,606801,4,0,34 45 46 15,1,15,,606830,4,0,5 45 46 15,1,18,,601402,4,0,34 45 46 15,1,18,,606798,4,0,34 45 46 15,1,59,,606848,4,0,34 45 46 15,1,18,,606806,4,0,34 45 46 15,1,19,,606822,4,0,34 45 46 15,1,58,,597836,4,0,34 45 46 15,1,19,,606849,4,0,34 45 46 15,1,19,,540772,4,0,34 45 46 15,1,59,,521240,4,0,34 45 46 15,1,20,,606815,4,0,34 45 46 15,1,20,,606818,4,0,34 45 46 15,1,60,,567832,4,0,34 45 46 15,1,20,,606853,4,0,34 45 46 15,1,20,,606834,4,0,34 45 46 15,1,60,,606828,4,0,34 45 46 15,1,20,,606800,4,0,34 45 46 15,1,20,,606835,4,0,34 45 46 15,1,63,,606813,4,0,34 45 46 15,1,30,,563283,4,0,34 45 46 15,1,70,,606825,4,0,17 121 122,1
20104,'1',1005,,680048,4,0,245 46,1,22,,680053,4,0,245 46,1,23,,680059,4,0,245 46,1,62,,680046,4,0,245 46,1,23,,680039,4,0,245 46,1,22,,680042,4,0,245 46,1,63,,534968,4,0,245 46,1,22,,680061,4,0,245 46,1,63,,680054,4,0,245 46,1,22,,680047,4,0,245 46,1,23,,533997,4,0,245 46,1,62,,680058,4,0,245 46,1,23,,680038,4,0,245 46,1,22,,680051,4,0,245 46,1,63,,555116,4,0,245 46,1,22,,680049,4,0,245 46,1,63,,459477,4,0,245 46,1,22,,680040,4,0,245 46,1,23,,680055,4,0,245 46,1,62,,680043,4,0,245 46,1,23,,680052,4,0,245 46,1,22,,680060,4,0,245 46,1,63,,680041,4,0,245 46,1,22,,680062,4,0,245 46,1,63,,680050,4,0,245 46,1,22,,680063,4,0,245 46,1,23,,680045,4,0,245 46,1,62,,680044,4,0,245 46,1,23,,545217,4,0,245 46,1,22,,680057,4,0,245 46,1,63,,680056,4,0,245 46,1,22,,499759,4,0,245 46,1
20104,'2',805,,680072,4,0,245 46,1,15,,680068,4,0,245 46,1,15,,680095,4,0,245 46,1,15,,680079,4,0,245 46,1,55,,680093,4,0,245 46,1,15,,680075,4,0,245 46,1,15,,680097,4,0,245 46,1,15,,680090,4,0,245 46,1,55,,680065,4,0,245 46,1,15,,680081,4,0,245 46,1,15,,680110,4,0,245 46,1,15,,680101,4,0,245 46,1,55,,680100,4,0,245 46,1,15,,680102,4,0,245 46,1,15,,680096,4,0,245 46,1,15,,427755,4,0,245 46,1,56,,680098,4,0,245 46,1,15,,680089,4,0,245 46,1,15,,680094,4,0,245 46,1,15,,478887,4,0,245 46,1,55,,680108,4,0,245 46,1,15,,680103,4,0,245 46,1,15,,680073,4,0,245 46,1,15,,680064,4,0,245 46,1,55,,680088,4,0,245 46,1,15,,680099,4,0,245 46,1,15,,680084,4,0,245 46,1,15,,680091,4,0,245 46,1,55,,596588,4,0,245 46,1,15,,680109,4,0,245 46,1,15,,589570,4,0,245 46,1,15,,680092,4,0,245 46,1,55,,680067,4,0,245 46,1,15,,680082,4,0,245 46,1,15,,680087,4,0,245 46,1,15,,680111,4,0,245 46,1,55,,513857,4,0,245 46,1,15,,591044,4,0,245 46,1,15,,557846,4,0,245 46,1,15,,680078,4,0,245 46,1,55,,680080,4,0,245 46,1,15,,680107,4,0,245 46,1,15,,680076,4,0,245 46,1,15,,680069,4,0,245 46,1,55,,680085,4,0,245 46,1,15,,680070,4,0,245 46,1,15,,680066,4,0,245 46,1,15,,559380,4,0,245 46,1,55,,680083,4,0,245 46,1,15,,680104,4,0,245 46,1,15,,680071,4,0,245 46,1,15,,680074,4,0,245 46,1,55,,680105,4,0,245 46,1,15,,680077,4,0,245 46,1,15,,680086,4,0,245 46,1,15,,680106,4,0,245 46,1
20104,'3',805,,680144,4,0,245 46,1,15,,680134,4,0,245 46,1,15,,680138,4,0,245 46,1,15,,680151,4,0,245 46,1,55,,680132,4,0,245 46,1,15,,680130,4,0,245 46,1,15,,680123,4,0,245 46,1,15,,476937,4,0,245 46,1,55,,680155,4,0,245 46,1,15,,680126,4,0,245 46,1,15,,680149,4,0,245 46,1,15,,680133,4,0,245 46,1,55,,680117,4,0,245 46,1,15,,577772,4,0,245 46,1,15,,680135,4,0,245 46,1,15,,550284,4,0,245 46,1,56,,680116,4,0,245 46,1,15,,680154,4,0,245 46,1,15,,680118,4,0,245 46,1,15,,680112,4,0,245 46,1,55,,680150,4,0,245 46,1,15,,680115,4,0,245 46,1,15,,680139,4,0,245 46,1,15,,680128,4,0,245 46,1,55,,594954,4,0,245 46,1,15,,680143,4,0,245 46,1,15,,680121,4,0,245 46,1,15,,680142,4,0,245 46,1,55,,680146,4,0,245 46,1,15,,680137,4,0,245 46,1,15,,552528,4,0,245 46,1,15,,680141,4,0,245 46,1,55,,680122,4,0,245 46,1,15,,680131,4,0,245 46,1,15,,540687,4,0,245 46,1,15,,680152,4,0,245 46,1,55,,680148,4,0,245 46,1,15,,680136,4,0,245 46,1,15,,548447,4,0,245 46,1,15,,680120,4,0,245 46,1,55,,680119,4,0,245 46,1,15,,680147,4,0,245 46,1,15,,680114,4,0,245 46,1,15,,592468,4,0,245 46,1,55,,680153,4,0,245 46,1,15,,680156,4,0,245 46,1,15,,680145,4,0,245 46,1,15,,680127,4,0,245 46,1,55,,680129,4,0,245 46,1,15,,680140,4,0,245 46,1,15,,680124,4,0,245 46,1,15,,454953,4,0,245 46,1,55,,598745,4,0,245 46,1,15,,550646,4,0,245 46,1,15,,680113,4,0,245 46,1,15,,680125,4,0,245 46,1
20104,'5',805,,680179,4,0,245 46,1,15,,680175,4,0,245 46,1,15,,680190,4,0,245 46,1,15,,680164,4,0,245 46,1,55,,580048,4,0,245 46,1,15,,680181,4,0,245 46,1,15,,553931,4,0,245 46,1,15,,680163,4,0,245 46,1,55,,680196,4,0,245 46,1,15,,680167,4,0,245 46,1,15,,680165,4,0,245 46,1,15,,514284,4,0,245 46,1,55,,680159,4,0,245 46,1,15,,680180,4,0,245 46,1,15,,680182,4,0,245 46,1,15,,680168,4,0,245 46,1,56,,680185,4,0,245 46,1,15,,680197,4,0,245 46,1,15,,680166,4,0,245 46,1,15,,530636,4,0,245 46,1,55,,680172,4,0,245 46,1,15,,680200,4,0,245 46,1,15,,680199,4,0,245 46,1,15,,680160,4,0,245 46,1,55,,680192,4,0,245 46,1,15,,680173,4,0,245 46,1,15,,680186,4,0,245 46,1,15,,680174,4,0,245 46,1,55,,572706,4,0,245 46,1,15,,680158,4,0,245 46,1,15,,580984,4,0,245 46,1,15,,680176,4,0,245 46,1,55,,680161,4,0,245 46,1,15,,680162,4,0,245 46,1,15,,680198,4,0,245 46,1,15,,680187,4,0,245 46,1,55,,585477,4,0,245 46,1,15,,580245,4,0,245 46,1,15,,590624,4,0,245 46,1,15,,680189,4,0,245 46,1,55,,680201,4,0,245 46,1,15,,531722,4,0,245 46,1,15,,680195,4,0,245 46,1,15,,680184,4,0,245 46,1,55,,680170,4,0,245 46,1,15,,680193,4,0,245 46,1,15,,680177,4,0,245 46,1,15,,680188,4,0,245 46,1,55,,531673,4,0,245 46,1,15,,680178,4,0,245 46,1,15,,680191,4,0,245 46,1,15,,680183,4,0,245 46,1,55,,680169,4,0,245 46,1,15,,680171,4,0,245 46,1,15,,680157,4,0,245 46,1,15,,680194,4,0,245 46,1
30002,'1',421,,600307,5,0,34 11 12 250 129,1,5,,680940,5,0,17 11 12 73 15,1,10,,533526,5,0,17 11 12 73 15,1,5,,680937,5,0,17 11 12 73 15,1,10,,680934,5,0,17 68 8,1,5,,531826,5,0,17 68 8,1,50,,680954,5,0,17 68 8,1,5,,562775,5,0,17 68 8,1,10,,680947,5,0,17 130 131 8,1,5,,514491,5,0,17 130 131 8,1,2010,,680941,5,0,34 11 12 250 129,1,15,,680948,5,0,34 11 12 250 129,1,55,,680946,5,0,34 11 12 250 129,1,15,,680930,5,0,34 11 12 250 129,1,15,,680931,5,0,34 11 12 250 129,1,15,,592205,5,0,34 11 12 250 129,1,55,,680936,5,0,34 11 12 250 129,1,15,,680956,5,0,34 11 12 250 129,1,15,,504076,5,0,34 11 12 250 129,1,15,,680955,5,0,34 11 12 250 129,1,55,,680951,5,0,34 11 12 250 129,1
30002,'2',429,,484982,5,0,5 11 12 132 133,1,10,,680957,5,0,17 11 12 73 15,1,20,,680965,5,0,17 68 8,1,50,,680958,5,0,17 68 8,1,20,,680966,5,0,17 130 131 8,1,10,,680964,5,0,17 130 131 8,1,1997,,680962,5,0,34 11 12 250 129,1,23,,680967,5,0,34 11 12 250 129,1,70,,680970,5,0,34 11 12 250 129,1,30,,680971,5,0,34 11 12 250 129,1,70,,680968,5,0,34 11 12 250 129,1,30,,680969,5,0,34 11 12 250 129,1
30002,'3',421,,680998,5,0,34 11 12 250 129,1,10,,680997,5,0,34 11 12 250 129,1,10,,681002,5,0,34 11 12 250 129,1,10,,681010,5,0,34 11 12 250 129,1,50,,592628,5,0,34 11 12 250 129,1,10,,681003,5,0,34 11 12 250 129,1,9,,681022,5,0,34 11 12 250 129,1,9,,681019,5,0,34 11 12 250 129,1,9,,520023,5,0,34 11 12 250 129,1,9,,681017,5,0,34 11 12 250 129,1,9,,681001,5,0,34 11 12 250 129,1,49,,680984,5,0,34 11 12 250 129,1,8,,680991,5,0,34 11 12 250 129,1,8,,681023,5,0,34 11 12 250 129,1,8,,681011,5,0,17 11 12 73 15,1,8,,681027,5,0,17 11 12 73 15,1,8,,681014,5,0,17 11 12 73 15,1,8,,514586,5,0,17 11 12 73 15,1,48,,680981,5,0,17 68 8,1,8,,485149,5,0,17 68 8,1,8,,680980,5,0,17 68 8,1,8,,680994,5,0,17 68 8,1,8,,680985,5,0,17 130 131 8,1,8,,680974,5,0,17 130 131 8,1,1795,,680973,5,0,34 11 12 250 129,1,15,,681015,5,0,34 11 12 250 129,1,55,,597032,5,0,34 11 12 250 129,1,15,,680977,5,0,34 11 12 250 129,1,15,,681005,5,0,34 11 12 250 129,1,15,,681021,5,0,34 11 12 250 129,1,55,,568182,5,0,34 11 12 250 129,1,15,,681016,5,0,34 11 12 250 129,1,15,,681018,5,0,34 11 12 250 129,1,15,,680987,5,0,34 11 12 250 129,1,55,,681004,5,0,34 11 12 250 129,1
30002,'5',429,,518350,5,0,5 11 12 132 133,1,10,,530637,5,0,17 11 12 73 15,1,20,,681034,5,0,17 68 8,1,50,,681045,5,0,17 68 8,1,20,,564686,5,0,17 130 131 8,1,10,,526817,5,0,17 130 131 8,1,1997,,560660,5,0,34 11 12 250 129,1,15,,681040,5,0,34 11 12 250 129,1,55,,681031,5,0,34 11 12 250 129,1,15,,548716,5,0,34 11 12 250 129,1,15,,681049,5,0,34 11 12 250 129,1,15,,681046,5,0,34 11 12 250 129,1,55,,681030,5,0,34 11 12 250 129,1,15,,580049,5,0,34 11 12 250 129,1,15,,681051,5,0,34 11 12 250 129,1,15,,681043,5,0,34 11 12 250 129,1,55,,681033,5,0,34 11 12 250 129,1
