12903,'1',557,,656277,14,0,5 35 36,1,52,,847008,14,0,5 35 36,1,8,,846978,14,0,34 9,1,7,,847009,14,0,5 35 36,1,17,,846982,14,0,5 35 36,1,9,,703562,14,0,34 9,1,8,,847018,14,0,5 35 36,1,55,,847000,14,0,5 35 36,1,8,,847014,14,0,34 9,1,7,,707420,14,0,5 35 36,1,15,,846968,14,0,5 35 36,1,8,,847049,14,0,34 9,1,7,,847010,14,0,5 35 36,1,55,,846977,14,0,5 35 36,1,8,,631836,14,0,34 9,1,7,,847027,14,0,5 35 36,1,15,,686346,14,0,5 35 36,1,8,,846973,14,0,34 9,1,7,,847024,14,0,5 35 36,1,55,,720844,14,0,5 35 36,1,8,,846981,14,0,34 9,1,14,,578516,14,0,5 35 36,1,10,,847005,14,0,34 9,1,10,,847034,14,0,34 9,1,50,,847041,14,0,5 35 36,1,10,,846975,14,0,34 9,1,10,,638394,14,0,34 9,1,10,,846994,14,0,5 35 36,1,10,,755499,14,0,34 9,1,10,,846976,14,0,34 9,1,50,,846959,14,0,5 35 36,1,10,,759944,14,0,34 9,1,10,,847017,14,0,34 9,1,10,,846962,14,0,5 35 36,1,10,,847006,14,0,34 9,1,10,,778237,14,0,34 9,1,50,,754341,14,0,5 35 36,1,10,,727445,14,0,34 9,1,10,,768443,14,0,34 9,1,10,,847026,14,0,5 35 36,1,10,,846998,14,0,34 9,1,10,,846999,14,0,34 9,1,50,,846967,14,0,5 35 36,1,10,,846979,14,0,34 9,1,10,,706703,14,0,34 9,1,10,,586267,14,0,5 35 36,1,10,,846966,14,0,34 9,1,10,,846987,14,0,34 9,1,50,,847053,14,0,5 35 36,1,10,,748686,14,0,34 9,1,10,,846960,14,0,34 9,1,10,,846983,14,0,5 35 36,1,11,,846980,14,0,34 9,1,11,,763029,14,0,5 35 36,1,48,,847020,14,0,34 9,1,7,,847036,14,0,5 35 36,1,14,,846965,14,0,5 35 36,1,7,,847043,14,0,34 9,1,7,,846964,14,0,5 35 36,1,14,,847003,14,0,5 35 36,1,47,,846969,14,0,34 9,1,7,,847047,14,0,5 35 36,1,14,,847023,14,0,5 35 36,1,7,,847029,14,0,34 9,1,7,,732422,14,0,5 35 36,1,14,,759779,14,0,5 35 36,1,7,,659535,14,0,34 9,1,47,,846957,14,0,5 35 36,1,14,,847022,14,0,5 35 36,1,7,,847032,14,0,34 9,1,7,,847002,14,0,5 35 36,1,14,,847031,14,0,5 35 36,1,6,,847028,14,0,34 9,1,48,,736554,14,0,5 35 36,1,14,,639254,14,0,5 35 36,1,7,,758299,14,0,34 9,1,7,,847054,14,0,5 35 36,1,14,,847019,14,0,34 9,1,7,,742133,14,0,34 9,1,7,,846984,14,0,5 35 36,1,53,,847044,14,0,34 9,1,5,,733026,14,0,34 9,1,5,,685595,14,0,5 35 36,1,8,,846991,14,0,34 9,1,10,,641203,14,0,34 9,1,9,,847042,14,0,5 35 36,1,9,,846974,14,0,34 9,1,50,,847001,14,0,34 9,1,9,,846989,14,0,5 35 36,1,9,,846956,14,0,34 9,1,10,,757995,14,0,34 9,1,9,,847033,14,0,5 35 36,1,9,,847046,14,0,34 9,1,50,,847037,14,0,34 9,1,9,,703294,14,0,5 35 36,1,9,,847040,14,0,34 9,1,9,,846958,14,0,34 9,1,9,,471994,14,0,5 35 36,1,9,,847035,14,0,34 9,1,9,,722078,14,0,34 9,1,49,,846985,14,0,5 35 36,1,9,,846961,14,0,34 9,1,9,,717021,14,0,34 9,1,9,,847039,14,0,5 35 36,1,9,,847004,14,0,34 9,1,9,,675152,14,0,34 9,1,9,,847038,14,0,5 35 36,1,50,,847045,14,0,34 9,1,10,,729325,14,0,34 9,1,10,,847011,14,0,5 35 36,1,10,,847052,14,0,34 9,1,10,,846986,14,0,34 9,1,10,,846972,14,0,34 9,1,50,,846995,14,0,34 9,1,10,,721685,14,0,34 9,1,10,,846993,14,0,34 9,1,10,,847051,14,0,34 9,1,10,,847025,14,0,34 9,1,10,,847021,14,0,34 9,1,50,,847013,14,0,34 9,1,10,,846971,14,0,34 9,1,10,,847012,14,0,34 9,1,12,,846997,14,0,34 9,1,15,,846970,14,0,34 9,1,55,,847016,13,0,34 9,1,15,,847030,13,0,34 9,1,15,,847015,13,0,34 9,1
12903,'2',551,,847149,14,0,5 35 36,1,57,,847057,14,0,34 9,1,10,,847151,14,0,5 35 36,1,10,,847081,14,0,34 9,1,10,,847111,14,0,34 9,1,10,,847144,14,0,5 35 36,1,10,,678229,14,0,34 9,1,50,,847058,14,0,34 9,1,10,,847085,14,0,5 35 36,1,10,,847090,14,0,34 9,1,10,,609415,14,0,34 9,1,10,,847138,14,0,5 35 36,1,10,,847066,14,0,34 9,1,52,,847132,14,0,34 9,1,10,,847095,14,0,5 35 36,1,10,,847125,14,0,34 9,1,10,,847134,14,0,34 9,1,10,,847157,14,0,5 35 36,1,50,,847130,14,0,34 9,1,10,,847116,14,0,34 9,1,10,,847135,14,0,5 35 36,1,10,,847092,14,0,34 9,1,10,,847089,14,0,34 9,1,10,,752403,14,0,5 35 36,1,50,,847155,14,0,34 9,1,10,,847088,14,0,34 9,1,10,,734873,14,0,5 35 36,1,10,,847124,14,0,34 9,1,10,,847148,14,0,34 9,1,10,,728675,14,0,5 35 36,1,50,,847117,14,0,34 9,1,10,,847096,14,0,34 9,1,10,,847112,14,0,5 35 36,1,10,,847114,14,0,34 9,1,10,,751376,14,0,34 9,1,10,,654987,14,0,5 35 36,1,50,,847077,14,0,34 9,1,11,,847146,14,0,34 9,1,12,,847153,14,0,5 35 36,1,11,,847074,14,0,34 9,1,10,,847122,14,0,5 35 36,1,10,,847119,14,0,34 9,1,50,,847065,14,0,5 35 36,1,10,,847091,14,0,34 9,1,10,,847094,14,0,5 35 36,1,10,,847101,14,0,34 9,1,10,,847060,14,0,5 35 36,1,10,,847129,14,0,34 9,1,50,,847141,14,0,5 35 36,1,10,,761012,14,0,34 9,1,10,,847115,14,0,5 35 36,1,10,,847082,14,0,34 9,1,10,,847107,14,0,5 35 36,1,10,,847059,14,0,34 9,1,50,,847076,14,0,5 35 36,1,10,,847108,14,0,34 9,1,10,,847139,14,0,5 35 36,1,10,,847073,14,0,34 9,1,10,,847079,14,0,5 35 36,1,10,,756900,14,0,34 9,1,50,,756850,14,0,5 35 36,1,10,,847128,14,0,34 9,1,10,,847133,14,0,5 35 36,1,10,,847061,14,0,34 9,1,10,,847087,14,0,5 35 36,1,10,,847104,14,0,34 9,1,50,,847118,14,0,5 35 36,1,10,,847068,14,0,34 9,1,10,,714293,14,0,5 35 36,1,10,,659271,14,0,34 9,1,10,,847099,14,0,5 35 36,1,10,,847056,14,0,34 9,1,50,,847120,14,0,5 35 36,1,10,,847106,14,0,34 9,1,10,,847084,14,0,5 35 36,1,10,,720241,14,0,34 9,1,10,,714203,14,0,5 35 36,1,10,,847137,14,0,34 9,1,49,,847071,14,0,5 35 36,1,10,,847064,14,0,34 9,1,9,,847140,14,0,5 35 36,1,10,,747107,14,0,34 9,1,10,,847098,14,0,5 35 36,1,10,,745072,14,0,34 9,1,50,,847062,14,0,5 35 36,1,10,,847063,14,0,34 9,1,10,,729698,14,0,5 35 36,1,10,,710292,14,0,34 9,1,10,,847110,14,0,5 35 36,1,10,,716115,14,0,34 9,1,50,,847145,14,0,5 35 36,1,10,,847143,14,0,34 9,1,10,,847156,14,0,5 35 36,1,10,,847147,14,0,34 9,1,10,,847080,14,0,5 35 36,1,10,,847083,14,0,34 9,1,50,,847103,14,0,5 35 36,1,9,,769865,14,0,34 9,1,9,,847126,14,0,5 35 36,1,7,,778847,14,0,34 9,1,10,,847150,14,0,34 9,1,10,,847136,14,0,34 9,1,10,,847123,14,0,34 9,1,50,,847070,14,0,34 9,1,10,,847127,14,0,34 9,1,10,,847131,14,0,34 9,1,10,,847109,14,0,34 9,1,10,,847067,14,0,34 9,1,10,,847152,14,0,34 9,1,50,,847121,14,0,34 9,1,10,,686829,14,0,34 9,1,10,,847142,14,0,34 9,1,10,,847072,14,0,34 9,1,10,,847100,14,0,34 9,1,10,,519464,14,0,34 9,1,50,,847154,14,0,34 9,1,10,,847102,14,0,34 9,1,10,,727357,14,0,34 9,1,14,,847086,14,0,34 9,1,14,,847069,14,0,34 9,1,55,,694546,13,0,34 9,1,15,,847105,13,0,34 9,1,15,,847055,13,0,34 9,1
12903,'3',751,,847245,14,0,5 35 36,1,53,,665102,14,0,34 9,1,10,,847198,14,0,34 9,1,10,,847170,14,0,5 35 36,1,10,,847160,14,0,34 9,1,10,,847216,14,0,34 9,1,10,,768653,14,0,5 35 36,1,50,,847162,14,0,34 9,1,10,,740480,14,0,34 9,1,10,,847165,14,0,5 35 36,1,10,,847219,14,0,34 9,1,10,,847200,14,0,34 9,1,10,,737778,14,0,5 35 36,1,50,,752089,14,0,34 9,1,10,,847230,14,0,34 9,1,10,,847187,14,0,5 35 36,1,10,,847204,14,0,34 9,1,10,,730257,14,0,34 9,1,10,,681083,14,0,5 35 36,1,50,,847192,14,0,34 9,1,10,,847238,14,0,34 9,1,10,,847175,14,0,5 35 36,1,10,,847174,14,0,34 9,1,10,,847182,14,0,34 9,1,10,,847232,14,0,5 35 36,1,50,,847173,14,0,34 9,1,10,,847225,14,0,34 9,1,11,,711645,14,0,5 35 36,1,10,,847236,14,0,34 9,1,10,,847231,14,0,34 9,1,10,,847190,14,0,5 35 36,1,50,,847159,14,0,34 9,1,10,,847181,14,0,34 9,1,10,,744342,14,0,5 35 36,1,10,,847158,14,0,34 9,1,10,,847233,14,0,34 9,1,10,,847188,14,0,5 35 36,1,50,,847191,14,0,34 9,1,10,,757930,14,0,34 9,1,10,,847168,14,0,5 35 36,1,10,,728743,14,0,34 9,1,10,,847176,14,0,34 9,1,10,,847203,14,0,5 35 36,1,50,,847195,14,0,34 9,1,10,,847226,14,0,34 9,1,10,,847220,14,0,5 35 36,1,10,,847183,14,0,34 9,1,10,,847243,14,0,34 9,1,10,,847171,14,0,5 35 36,1,50,,847227,14,0,34 9,1,10,,847244,14,0,34 9,1,10,,712455,14,0,5 35 36,1,10,,847180,14,0,34 9,1,10,,847224,14,0,34 9,1,10,,761399,14,0,5 35 36,1,50,,847186,14,0,34 9,1,10,,847197,14,0,34 9,1,10,,847223,14,0,5 35 36,1,10,,847163,14,0,34 9,1,10,,762922,14,0,34 9,1,10,,847210,14,0,5 35 36,1,50,,701480,14,0,34 9,1,10,,847218,14,0,34 9,1,10,,569559,14,0,5 35 36,1,10,,847167,14,0,34 9,1,10,,847209,14,0,34 9,1,10,,847213,14,0,5 35 36,1,49,,716327,14,0,34 9,1,9,,847237,14,0,34 9,1,9,,847211,14,0,5 35 36,1,10,,847242,14,0,34 9,1,10,,847194,14,0,34 9,1,10,,738236,14,0,5 35 36,1,50,,847234,14,0,34 9,1,10,,769510,14,0,34 9,1,10,,753741,14,0,5 35 36,1,10,,847177,14,0,34 9,1,10,,847239,14,0,34 9,1,10,,847241,14,0,5 35 36,1,50,,847196,14,0,34 9,1,10,,722276,14,0,34 9,1,10,,847222,14,0,5 35 36,1,10,,847184,14,0,34 9,1,10,,724045,14,0,34 9,1,10,,847214,14,0,5 35 36,1,50,,847205,14,0,34 9,1,9,,847169,14,0,34 9,1,9,,696838,14,0,5 35 36,1,7,,734704,14,0,34 9,1,10,,714459,14,0,34 9,1,10,,847235,14,0,34 9,1,10,,847229,14,0,34 9,1,50,,847172,14,0,34 9,1,10,,847193,14,0,34 9,1,10,,847178,14,0,34 9,1,10,,700154,14,0,34 9,1,10,,759491,14,0,34 9,1,10,,847207,14,0,34 9,1,50,,847166,14,0,34 9,1,10,,847228,14,0,34 9,1,10,,847212,14,0,34 9,1,10,,725170,14,0,34 9,1,10,,847221,14,0,34 9,1,10,,847161,14,0,34 9,1,50,,847240,14,0,34 9,1,10,,847164,14,0,34 9,1,10,,847202,14,0,34 9,1,14,,768873,14,0,34 9,1,14,,847215,14,0,34 9,1,55,,847217,13,0,34 9,1,15,,847179,13,0,34 9,1,15,,847201,13,0,34 9,1
12903,'5',554,,847334,14,0,34 9,1,50,,847272,14,0,34 9,1,10,,847300,14,0,34 9,1,10,,746126,14,0,34 9,1,10,,847321,14,0,34 9,1,10,,847297,14,0,34 9,1,10,,756338,14,0,34 9,1,50,,749476,14,0,34 9,1,10,,847335,14,0,34 9,1,10,,847320,14,0,5 35 36,1,10,,847282,14,0,34 9,1,10,,847291,14,0,34 9,1,10,,847342,14,0,5 35 36,1,50,,847317,14,0,34 9,1,10,,847270,14,0,34 9,1,10,,847250,14,0,5 35 36,1,10,,847336,14,0,34 9,1,10,,847257,14,0,34 9,1,10,,847324,14,0,5 35 36,1,50,,847273,14,0,34 9,1,10,,847293,14,0,34 9,1,10,,847302,14,0,5 35 36,1,10,,744374,14,0,34 9,1,10,,847288,14,0,34 9,1,10,,697941,14,0,5 35 36,1,50,,847283,14,0,34 9,1,10,,847326,14,0,34 9,1,10,,847308,14,0,5 35 36,1,10,,847248,14,0,34 9,1,10,,706072,14,0,34 9,1,10,,847258,14,0,5 35 36,1,50,,757224,14,0,34 9,1,10,,847315,14,0,34 9,1,10,,847259,14,0,5 35 36,1,10,,847295,14,0,34 9,1,10,,847344,14,0,34 9,1,10,,847340,14,0,5 35 36,1,50,,847253,14,0,34 9,1,10,,727640,14,0,34 9,1,11,,847284,14,0,5 35 36,1,10,,847343,14,0,34 9,1,10,,847304,14,0,34 9,1,10,,847303,14,0,5 35 36,1,50,,847290,14,0,34 9,1,10,,847267,14,0,34 9,1,10,,847276,14,0,5 35 36,1,10,,847311,14,0,34 9,1,10,,847286,14,0,34 9,1,10,,749626,14,0,5 35 36,1,50,,847278,14,0,34 9,1,10,,847294,14,0,34 9,1,10,,847299,14,0,5 35 36,1,10,,847306,14,0,34 9,1,10,,847268,14,0,34 9,1,10,,847322,14,0,5 35 36,1,50,,847298,14,0,34 9,1,10,,847289,14,0,34 9,1,10,,847265,14,0,5 35 36,1,10,,554610,14,0,34 9,1,10,,737445,14,0,34 9,1,10,,702629,14,0,5 35 36,1,50,,847266,14,0,34 9,1,10,,847256,14,0,34 9,1,10,,763263,14,0,5 35 36,1,10,,847252,14,0,34 9,1,10,,847263,14,0,34 9,1,10,,847316,14,0,5 35 36,1,50,,847269,14,0,34 9,1,10,,718559,14,0,34 9,1,10,,754231,14,0,5 35 36,1,10,,847341,14,0,34 9,1,10,,847314,14,0,34 9,1,10,,847307,14,0,5 35 36,1,50,,847261,14,0,34 9,1,10,,847325,14,0,34 9,1,10,,847277,14,0,5 35 36,1,10,,847346,14,0,34 9,1,10,,847296,14,0,34 9,1,10,,847274,14,0,5 35 36,1,49,,847280,14,0,34 9,1,9,,847247,14,0,34 9,1,9,,847309,14,0,5 35 36,1,10,,847255,14,0,34 9,1,10,,847246,14,0,34 9,1,10,,847332,14,0,5 35 36,1,50,,847339,14,0,34 9,1,10,,847329,14,0,34 9,1,10,,847275,14,0,5 35 36,1,10,,847330,14,0,34 9,1,10,,657146,14,0,34 9,1,10,,847323,14,0,5 35 36,1,50,,694755,14,0,34 9,1,10,,847328,14,0,34 9,1,10,,847319,14,0,5 35 36,1,10,,847338,14,0,34 9,1,10,,847254,14,0,34 9,1,10,,847251,14,0,5 35 36,1,50,,847285,14,0,34 9,1,9,,735356,14,0,34 9,1,9,,847292,14,0,5 35 36,1,7,,847318,14,0,34 9,1,10,,847301,14,0,34 9,1,10,,847313,14,0,34 9,1,10,,847305,14,0,34 9,1,50,,702049,14,0,34 9,1,10,,749462,14,0,34 9,1,10,,847281,14,0,34 9,1,10,,847310,14,0,34 9,1,10,,718673,14,0,34 9,1,10,,847327,14,0,34 9,1,50,,847333,14,0,34 9,1,10,,847312,14,0,34 9,1,10,,847337,14,0,34 9,1,10,,847331,14,0,34 9,1,10,,847262,14,0,34 9,1,10,,847260,14,0,34 9,1,50,,697673,14,0,34 9,1,10,,760340,14,0,34 9,1,10,,847345,14,0,34 9,1,14,,847264,14,0,34 9,1,14,,705074,14,0,34 9,1,55,,847249,13,0,34 9,1,15,,847271,13,0,34 9,1,15,,681102,13,0,34 9,1
13003,'1',548,,847755,8,0,34 9,1,70,,847735,8,0,34 9,1,27,,755490,8,0,34 9,1,63,,847749,8,0,34 9,1,22,,847752,8,0,34 9,1,22,,753956,8,0,34 9,1,62,,847740,8,0,34 9,1,22,,847769,8,0,34 9,1,22,,847741,8,0,34 9,1,62,,847774,8,0,34 9,1,14,,847767,8,0,5 9,1,25,,729999,8,0,5 9,1,65,,847743,8,0,5 9,1,25,,847757,8,0,5 9,1,65,,847768,8,0,5 9,1,25,,847750,8,0,5 9,1,65,,847758,8,0,5 9,1,25,,847764,8,0,5 9,1,25,,847773,8,0,5 9,1,65,,847759,8,0,5 9,1,25,,847746,8,0,5 9,1,65,,847766,8,0,5 9,1,25,,847771,8,0,5 9,1,24,,847756,8,0,5 9,1,69,,847763,8,0,5 9,1,26,,847747,8,0,5 9,1,64,,847744,8,0,5 9,1,22,,847736,8,0,5 9,1,62,,394757,8,0,5 9,1,22,,847775,8,0,5 9,1,22,,847742,8,0,5 9,1,62,,847754,8,0,5 9,1,22,,847772,8,0,5 9,1,22,,847738,8,0,5 9,1,62,,758696,8,0,5 9,1,30,,847745,8,0,5 9,1,70,,847760,8,0,5 9,1,24,,847761,8,0,5 9,1,65,,847762,8,0,5 9,1,25,,847748,8,0,5 9,1,25,,847751,8,0,5 9,1,64,,773550,8,0,5 9,1,26,,739590,8,0,5 9,1,60,,847776,8,0,5 9,1,30,,847770,8,0,5 9,1,70,,847739,8,0,5 9,1,30,,847765,8,0,5 9,1,70,,847737,8,0,5 9,1,24,,847753,8,0,5 9,1
13003,'2',555,,847783,8,0,5 9,1,70,,847777,8,0,5 9,1,30,,847782,8,0,5 9,1,70,,847778,8,0,5 9,1,30,,847779,8,0,5 9,1,70,,847785,8,0,5 9,1,30,,847805,8,0,5 9,1,70,,847790,8,0,5 9,1,30,,847786,8,0,5 9,1,70,,716287,8,0,5 9,1,30,,847788,8,0,5 9,1,70,,847796,8,0,5 9,1,30,,754403,8,0,5 9,1,70,,528238,8,0,5 9,1,30,,847780,8,0,5 9,1,70,,847784,8,0,5 9,1,30,,847798,8,0,5 9,1,70,,847795,8,0,5 9,1,30,,847802,8,0,5 9,1,70,,847797,8,0,5 9,1,30,,731145,8,0,5 9,1,70,,847794,8,0,5 9,1,30,,847807,8,0,5 9,1,70,,847800,8,0,5 9,1,30,,771650,8,0,5 9,1,70,,847787,8,0,5 9,1,30,,847792,8,0,5 9,1,70,,847789,8,0,5 9,1,30,,752024,8,0,5 9,1,70,,847791,8,0,5 9,1,30,,847803,8,0,5 9,1,70,,609929,8,0,5 9,1,30,,847801,8,0,5 9,1,70,,847804,8,0,5 9,1,30,,847793,8,0,5 9,1,70,,767381,8,0,5 9,1,30,,847781,8,0,5 9,1,70,,847806,8,0,5 9,1,30,,847799,8,0,5 9,1,70,,739659,8,0,5 9,1
13003,'3',755,,669462,8,0,5 9,1,70,,759493,8,0,5 9,1,30,,847831,8,0,5 9,1,70,,847832,8,0,5 9,1,30,,847830,8,0,5 9,1,70,,770206,8,0,5 9,1,30,,847828,8,0,5 9,1,70,,847813,8,0,5 9,1,30,,847818,8,0,5 9,1,70,,847809,8,0,5 9,1,30,,847817,8,0,5 9,1,70,,765039,8,0,5 9,1,30,,847829,8,0,5 9,1,70,,847810,8,0,5 9,1,30,,634748,8,0,5 9,1,70,,847824,8,0,5 9,1,30,,847821,8,0,5 9,1,70,,676988,8,0,5 9,1,30,,847815,8,0,5 9,1,70,,847827,8,0,5 9,1,30,,847823,8,0,5 9,1,70,,847816,8,0,5 9,1,30,,756200,8,0,5 9,1,70,,847808,8,0,5 9,1,30,,847822,8,0,5 9,1,70,,847819,8,0,5 9,1,30,,847820,8,0,5 9,1,70,,847812,8,0,5 9,1,30,,697906,8,0,5 9,1,70,,701274,8,0,5 9,1,33,,847814,8,0,5 9,1,70,,847826,8,0,5 9,1,30,,729751,8,0,5 9,1,70,,847811,8,0,5 9,1,30,,847833,8,0,5 9,1,70,,847825,8,0,5 9,1
13003,'5',555,,847845,8,0,5 9,1,70,,847846,8,0,5 9,1,30,,847843,8,0,5 9,1,70,,847854,8,0,5 9,1,30,,847856,8,0,5 9,1,70,,847834,8,0,5 9,1,30,,847858,8,0,5 9,1,70,,847861,8,0,5 9,1,30,,847853,8,0,5 9,1,70,,847841,8,0,5 9,1,30,,847862,8,0,5 9,1,70,,847864,8,0,5 9,1,30,,847857,8,0,5 9,1,70,,847844,8,0,5 9,1,30,,847837,8,0,5 9,1,70,,766281,8,0,5 9,1,30,,847836,8,0,5 9,1,70,,847865,8,0,5 9,1,30,,847847,8,0,5 9,1,70,,725330,8,0,5 9,1,30,,847859,8,0,5 9,1,70,,847840,8,0,5 9,1,30,,847842,8,0,5 9,1,70,,694759,8,0,5 9,1,30,,847852,8,0,5 9,1,70,,847835,8,0,5 9,1,30,,847849,8,0,5 9,1,70,,847839,8,0,5 9,1,30,,618236,8,0,5 9,1,70,,847838,8,0,5 9,1,30,,747414,8,0,5 9,1,70,,847855,8,0,5 9,1,30,,847850,8,0,5 9,1,70,,847851,8,0,5 9,1,30,,763840,8,0,5 9,1,70,,749026,8,0,5 9,1,30,,847863,8,0,5 9,1,70,,847848,8,0,5 9,1,30,,847860,8,0,5 9,1
31603,'1',2701,,857750,51,0,9,1,30,,857749,51,0,9,1,70,,621422,51,0,9,1,30,,857748,51,0,9,1,70,,773778,51,0,9,1,30,,857747,51,0,9,1
31603,'2',2701,,612476,51,0,9,1,30,,857751,51,0,9,1,70,,857754,51,0,9,1,30,,857753,51,0,9,1,70,,754018,51,0,9,1,30,,857752,51,0,9,1
31603,'3',601,,857761,51,0,9,1,30,,857762,51,0,9,1,70,,857756,51,0,9,1,30,,857755,51,0,9,1,1970,,857760,51,0,9,1,30,,681644,51,0,9,1,70,,857758,51,0,9,1,30,,857757,51,0,9,1,70,,734528,51,0,9,1,30,,857759,51,0,9,1
31603,'5',2701,,857765,51,0,9,1,30,,857764,51,0,9,1,70,,857763,51,0,9,1,30,,747409,51,0,9,1,70,,857766,51,0,9,1,30,,717234,51,0,9,1
