11203,'1',544,,751769,29,0,28 166 63,1,58,,751777,29,0,28 166 63,1,19,,751795,66,0,28 166 63,1,20,,751782,65,0,28 166 63,1,62,,751807,65,0,28 166 63,1,22,,623895,65,0,28 166 63,1,22,,751786,65,0,28 166 63,1,62,,751805,65,0,28 166 63,1,22,,751801,65,0,28 166 63,1,22,,751793,65,0,28 166 63,1,62,,651466,65,0,28 166 63,1,22,,751785,65,0,28 166 63,1,21,,751768,65,0,28 166 63,1,58,,660061,65,0,28 166 63,1,18,,751776,65,0,28 166 63,1,23,,751756,65,0,28 166 63,1,63,,609387,65,0,28 166 63,1,23,,751783,65,0,28 166 63,1,63,,751784,65,0,28 166 63,1
11203,'2',559,,751846,29,0,28 166 63,1,61,,751833,29,0,28 166 63,1,20,,751837,65,0,28 166 63,1,62,,618433,65,0,28 166 63,1,21,,751858,65,0,28 166 63,1,21,,751816,65,0,28 166 63,1,61,,751844,65,0,28 166 63,1,21,,568076,65,0,28 166 63,1,21,,751839,65,0,28 166 63,1,61,,666759,65,0,28 166 63,1,19,,659008,65,0,28 166 63,1,19,,751819,65,0,28 166 63,1,59,,751842,65,0,28 166 63,1,19,,751820,65,0,28 166 63,1,19,,495986,65,0,28 166 63,1,59,,511476,65,0,28 166 63,1,19,,629449,65,0,28 166 63,1,19,,655412,65,0,28 166 63,1,19,,751860,65,0,28 166 63,1,59,,655921,65,0,28 166 63,1,19,,751828,65,0,28 166 63,1
11203,'3',810,,751897,29,0,28 166 63,1,22,,638530,29,0,28 166 63,1,13,,609110,65,0,28 166 63,1,68,,751882,65,0,28 166 63,1,22,,751888,65,0,28 166 63,1,22,,674443,65,0,28 166 63,1,62,,751871,65,0,28 166 63,1,22,,751884,65,0,28 166 63,1,62,,751898,65,0,28 166 63,1,22,,751887,65,0,28 166 63,1,22,,613085,65,0,28 166 63,1,62,,663097,65,0,28 166 63,1,22,,751890,65,0,28 166 63,1
11203,'5',614,,751922,29,0,28 166 63,1,28,,751917,65,0,28 166 63,1,59,,751929,65,0,28 166 63,1,22,,751905,65,0,28 166 63,1,22,,666608,65,0,28 166 63,1,62,,751938,65,0,28 166 63,1,22,,542190,65,0,28 166 63,1,22,,514442,65,0,28 166 63,1,62,,751942,65,0,28 166 63,1,22,,751932,65,0,28 166 63,1,22,,751913,65,0,28 166 63,1,62,,751919,65,0,28 166 63,1,22,,751928,65,0,28 166 63,1,62,,751937,65,0,28 166 63,1,22,,585887,65,0,28 166 63,1,22,,751927,65,0,28 166 63,1,62,,751936,65,0,28 166 63,1,22,,751947,65,0,28 166 63,1
11204,'1',1252,,510410,26,0,73 15,1,64,,751992,26,0,73 15,1,24,,752019,26,0,73 15,1,64,,751958,26,0,73 15,1,24,,751978,26,0,73 15,1,24,,752008,26,0,73 15,1,64,,752009,26,0,73 15,1,24,,752021,26,0,73 15,1,64,,622630,26,0,73 15,1,24,,751961,26,0,73 15,1,24,,751974,26,0,73 15,1,64,,751970,26,0,73 15,1,24,,752003,26,0,73 15,1,64,,751998,26,0,73 15,1,21,,751959,26,0,73 15,1,21,,751983,26,0,73 15,1,57,,751962,26,0,73 15,1,17,,752007,26,0,73 15,1,17,,751995,26,0,73 15,1,17,,751985,26,0,73 15,1,57,,374545,26,0,73 15,1,17,,570322,26,0,73 15,1,17,,666887,26,0,73 15,1,57,,752011,26,0,73 15,1,17,,648532,26,0,73 15,1,17,,752000,26,0,73 15,1,14,,751956,26,0,73 15,1,57,,751989,26,0,73 15,1,18,,751963,26,0,73 15,1,14,,465311,26,0,73 15,1,16,,751967,26,0,73 15,1,59,,631284,26,0,73 15,1,22,,752006,26,0,73 15,1,22,,667302,26,0,73 15,1,62,,550950,26,0,73 15,1,22,,752013,26,0,73 15,1,62,,752005,26,0,73 15,1,22,,751954,26,0,73 15,1,22,,751975,26,0,73 15,1,61,,751968,26,0,73 15,1
11204,'2',1258,,752069,26,0,73 15,1,55,,752034,26,0,73 15,1,14,,752038,26,0,73 15,1,14,,752060,26,0,73 15,1,14,,752064,26,0,73 15,1,54,,752025,26,0,73 15,1,14,,752044,26,0,73 15,1,14,,682043,26,0,73 15,1,14,,752063,26,0,73 15,1,54,,752066,26,0,73 15,1,14,,634669,26,0,73 15,1,14,,752057,26,0,73 15,1,14,,752032,26,0,73 15,1,54,,752046,26,0,73 15,1,14,,683482,26,0,73 15,1,14,,752041,26,0,73 15,1,14,,752071,26,0,73 15,1,14,,637528,26,0,73 15,1,54,,752030,26,0,73 15,1,14,,752051,26,0,73 15,1,14,,676078,26,0,73 15,1,14,,752039,26,0,73 15,1,54,,752022,26,0,73 15,1,14,,669374,26,0,73 15,1,13,,752075,26,0,73 15,1,14,,752042,26,0,73 15,1,55,,752072,26,0,73 15,1,18,,752074,26,0,73 15,1,18,,752031,26,0,73 15,1,18,,752023,26,0,73 15,1,58,,752027,26,0,73 15,1,18,,752040,26,0,73 15,1,18,,752048,26,0,73 15,1,58,,752056,26,0,73 15,1,18,,752035,26,0,73 15,1,18,,752068,26,0,73 15,1,58,,659757,26,0,73 15,1,18,,752037,26,0,73 15,1,18,,752036,26,0,73 15,1,17,,752050,26,0,73 15,1,61,,624580,26,0,73 15,1
11204,'3',1255,,752089,26,0,73 15,1,58,,752108,26,0,73 15,1,18,,752084,26,0,73 15,1,18,,752101,26,0,73 15,1,58,,752098,26,0,73 15,1,18,,752076,26,0,73 15,1,18,,752078,26,0,73 15,1,58,,752092,26,0,73 15,1,18,,752094,26,0,73 15,1,18,,752080,26,0,73 15,1,18,,614200,26,0,73 15,1,58,,752083,26,0,73 15,1,18,,752114,26,0,73 15,1,18,,752110,26,0,73 15,1,58,,752112,26,0,73 15,1,18,,752111,26,0,73 15,1,18,,752088,26,0,73 15,1,58,,566262,26,0,73 15,1,18,,752086,26,0,73 15,1,19,,752107,26,0,73 15,1,18,,752081,26,0,73 15,1,58,,752090,26,0,73 15,1,18,,689416,26,0,73 15,1,18,,752095,26,0,73 15,1,58,,752115,26,0,73 15,1,18,,670983,26,0,73 15,1,18,,752109,26,0,73 15,1,58,,752079,26,0,73 15,1,18,,752100,26,0,73 15,1,18,,752117,26,0,73 15,1,18,,554160,26,0,73 15,1,58,,752103,26,0,73 15,1,19,,752087,26,0,73 15,1,23,,752104,26,0,73 15,1,55,,560979,26,0,17 154,1
11204,'5',1255,,752140,26,0,73 15,1,58,,633066,26,0,73 15,1,18,,752134,26,0,73 15,1,18,,752136,26,0,73 15,1,58,,657397,26,0,73 15,1,18,,550366,26,0,73 15,1,18,,752152,26,0,73 15,1,58,,752150,26,0,73 15,1,18,,752149,26,0,73 15,1,18,,752163,26,0,73 15,1,18,,752156,26,0,73 15,1,58,,752139,26,0,73 15,1,18,,752125,26,0,73 15,1,18,,554249,26,0,73 15,1,58,,752159,26,0,73 15,1,18,,611854,26,0,73 15,1,18,,752131,26,0,73 15,1,58,,752137,26,0,73 15,1,18,,752161,26,0,73 15,1,19,,673457,26,0,73 15,1,18,,752129,26,0,73 15,1,58,,752158,26,0,73 15,1,18,,752144,26,0,73 15,1,18,,752126,26,0,73 15,1,58,,752153,26,0,73 15,1,18,,752146,26,0,73 15,1,18,,638325,26,0,73 15,1,58,,752151,26,0,73 15,1,18,,752164,26,0,73 15,1,18,,752148,26,0,73 15,1,18,,752135,26,0,73 15,1,58,,752157,26,0,73 15,1,19,,752128,26,0,73 15,1,23,,752133,26,0,73 15,1,55,,752165,26,0,17 154,1
33401,'1',415,,769839,7,0,5 55 8,1,30,,639255,7,0,5 55 8,1,70,,613529,7,0,17 52 53 8,1,2025,,769848,7,0,5 55 8,1,75,,769847,7,0,5 55 8,1,30,,611467,7,0,5 55 8,1,70,,769854,7,0,5 55 8,1,30,,769852,7,0,5 55 8,1
33401,'2',415,,643356,7,0,5 55 8,1,30,,769873,7,0,5 55 8,1,70,,769877,7,0,17 74 8,1,29,,549902,7,0,17 52 53 8,1,70,,769856,7,0,17 52 53 8,1,1926,,769863,7,0,5 55 8,1,75,,769875,7,0,5 55 8,1,30,,769865,7,0,5 55 8,1,70,,769862,7,0,5 55 8,1,30,,769874,7,0,5 55 8,1
33401,'3',415,,679568,7,0,5 55 8,1,30,,769903,7,0,5 55 8,1,69,,769890,7,0,5 55 8,1,20,,769894,7,0,5 55 8,1,20,,769898,7,0,5 55 8,1,60,,769886,7,0,5 55 8,1,1926,,687441,7,0,5 55 8,1,75,,769899,7,0,5 55 8,1,30,,769892,7,0,5 55 8,1,70,,769884,7,0,5 55 8,1,30,,769905,7,0,5 55 8,1
33401,'5',415,,769926,7,0,5 55 8,1,30,,769927,7,0,5 55 8,1,70,,769913,7,0,17 74 8,1,30,,600566,7,0,17 52 53 8,1,70,,546572,7,0,17 52 53 8,1,1925,,769924,7,0,5 55 8,1,75,,769920,7,0,5 55 8,1,30,,769918,7,0,5 55 8,1,70,,769915,7,0,5 55 8,1,30,,769917,7,0,5 55 8,1
