4303,'1',515,,710734,7,0,5 9,1,10,,710732,7,0,5 9,1,10,,710690,7,0,5 9,1,10,,710771,7,0,5 9,1,10,,496068,7,0,5 9,1,60,,710766,7,0,5 9,1,6,,710770,42,0,5 9,1,10,,710811,42,0,5 9,1,10,,710699,42,0,5 9,1,10,,671659,42,0,5 9,1,50,,710782,42,0,5 9,1,10,,710701,42,0,5 9,1,10,,710716,42,0,5 9,1,13,,604425,42,0,5 9,1,11,,546005,7,0,5 9,1,1,,710803,42,0,5 9,1,10,,710817,42,0,5 9,1,50,,537285,42,0,5 9,1,10,,710693,42,0,5 9,1,10,,710746,42,0,5 9,1,10,,710721,42,0,5 9,1,10,,710796,42,0,5 9,1,10,,710777,42,0,5 9,1,50,,710700,42,0,5 9,1,10,,617740,42,0,5 9,1,10,,637336,42,0,5 9,1,10,,645357,42,0,5 9,1,10,,615722,42,0,5 9,1,10,,710779,42,0,5 9,1,50,,675280,42,0,5 9,1,10,,710808,42,0,5 9,1,10,,710739,42,0,5 9,1,10,,638386,42,0,5 9,1,10,,710785,42,0,5 9,1,10,,710753,42,0,5 9,1,50,,710725,42,0,5 9,1,10,,710783,42,0,5 9,1,10,,710760,42,0,5 9,1,10,,710723,42,0,5 9,1,10,,710820,42,0,5 9,1,10,,710769,42,0,5 9,1,50,,635386,42,0,5 9,1,10,,669333,42,0,5 9,1,10,,710689,42,0,5 9,1,13,,710737,42,0,5 9,1,9,,710819,42,0,5 9,1,10,,710752,42,0,5 9,1,50,,710692,42,0,5 9,1,10,,710727,42,0,5 9,1,10,,710698,42,0,5 9,1,10,,710778,42,0,5 9,1,10,,710751,42,0,5 9,1,10,,710758,42,0,5 9,1,50,,710813,42,0,5 9,1,10,,656748,42,0,5 9,1,10,,710740,42,0,5 9,1,12,,710676,42,0,5 9,1,5,,710726,42,0,5 9,1,10,,644509,42,0,5 9,1,50,,710807,42,0,5 9,1,10,,710767,42,0,5 9,1,10,,667946,42,0,5 9,1,10,,710776,42,0,5 9,1,10,,710720,42,0,5 9,1,10,,670393,42,0,5 9,1,50,,710809,42,0,5 9,1,10,,710707,42,0,5 9,1,10,,710772,42,0,5 9,1,10,,668063,42,0,5 9,1,10,,710724,42,0,5 9,1,10,,710741,42,0,5 9,1,50,,612905,42,0,5 9,1,10,,710762,42,0,5 9,1,10,,710717,42,0,5 9,1,10,,710711,42,0,5 9,1,10,,528625,42,0,5 9,1,10,,710679,42,0,5 9,1,50,,710750,42,0,5 9,1,10,,710681,42,0,5 9,1,10,,640046,42,0,5 9,1,13,,710812,42,0,5 9,1,6,,618362,42,0,5 9,1,10,,710731,42,0,5 9,1,50,,710763,42,0,5 9,1,10,,710754,42,0,5 9,1,10,,710800,42,0,5 9,1,10,,592386,42,0,5 9,1,10,,643975,42,0,5 9,1,10,,710685,42,0,5 9,1,50,,611485,42,0,5 9,1,10,,671131,42,0,5 9,1,10,,710683,42,0,5 9,1,8,,710757,42,0,5 9,1,2,,710818,42,0,5 9,1,7,,597247,42,0,5 9,1,9,,626200,42,0,5 9,1,9,,710729,42,0,5 9,1,49,,583755,42,0,5 9,1,9,,710802,42,0,5 9,1,9,,710775,42,0,5 9,1,9,,710715,42,0,5 9,1,9,,710696,42,0,5 9,1,9,,710738,42,0,5 9,1,49,,620177,42,0,5 9,1,9,,710798,42,0,5 9,1,9,,710677,42,0,5 9,1,9,,710806,42,0,5 9,1,9,,710789,42,0,5 9,1,9,,710774,42,0,5 9,1,9,,710792,42,0,5 9,1,49,,615250,42,0,5 9,1,9,,710748,42,0,5 9,1,11,,710742,42,0,5 9,1,6,,650757,42,0,5 9,1,10,,710719,42,0,5 9,1,10,,710706,42,0,5 9,1,50,,621443,42,0,5 9,1,10,,710791,42,0,5 9,1,10,,710781,42,0,5 9,1,10,,710730,42,0,5 9,1,10,,681257,42,0,5 9,1,10,,604276,42,0,5 9,1,50,,667182,42,0,5 9,1,10,,710680,42,0,5 9,1,10,,614009,42,0,5 9,1,10,,710816,42,0,5 9,1,10,,710728,42,0,5 9,1,10,,710735,42,0,5 9,1,50,,710722,42,0,5 9,1,10,,710682,42,0,5 9,1,10,,710780,42,0,5 9,1,10,,710814,42,0,5 9,1,10,,710804,42,0,5 9,1,5,,710793,42,0,5 9,1
4303,'2',513,,653909,7,0,5 9,1,11,,710839,7,0,5 9,1,10,,710954,7,0,5 9,1,10,,710835,7,0,5 9,1,10,,665885,7,0,5 9,1,60,,710905,7,0,5 9,1,5,,710893,42,0,5 9,1,12,,710875,42,0,5 9,1,10,,710858,42,0,5 9,1,10,,710845,42,0,5 9,1,50,,682080,42,0,5 9,1,10,,710846,42,0,5 9,1,10,,710842,42,0,5 9,1,11,,569317,42,0,5 9,1,11,,710899,42,0,5 9,1,11,,630796,42,0,5 9,1,49,,633303,42,0,5 9,1,1,,710906,7,0,5 9,1,12,,710913,42,0,5 9,1,11,,710919,42,0,5 9,1,10,,710852,42,0,5 9,1,10,,710898,42,0,5 9,1,10,,710908,42,0,5 9,1,50,,710917,42,0,5 9,1,10,,710935,42,0,5 9,1,10,,710897,42,0,5 9,1,10,,710894,42,0,5 9,1,10,,710830,42,0,5 9,1,10,,710888,42,0,5 9,1,50,,710892,42,0,5 9,1,10,,685416,42,0,5 9,1,10,,710837,42,0,5 9,1,10,,710827,42,0,5 9,1,10,,674644,42,0,5 9,1,10,,710929,42,0,5 9,1,50,,710944,42,0,5 9,1,10,,710916,42,0,5 9,1,10,,710923,42,0,5 9,1,10,,710947,42,0,5 9,1,10,,710825,42,0,5 9,1,10,,710953,42,0,5 9,1,50,,710887,42,0,5 9,1,10,,534199,42,0,5 9,1,12,,710956,42,0,5 9,1,14,,710943,42,0,5 9,1,9,,710911,7,0,5 9,1,1,,710853,42,0,5 9,1,52,,710860,42,0,5 9,1,10,,641051,42,0,5 9,1,10,,609437,42,0,5 9,1,10,,710868,42,0,5 9,1,10,,609442,42,0,5 9,1,10,,710883,42,0,5 9,1,50,,620911,42,0,5 9,1,10,,710958,42,0,5 9,1,10,,710871,42,0,5 9,1,10,,710849,42,0,5 9,1,10,,564899,42,0,5 9,1,10,,710866,42,0,5 9,1,50,,639377,42,0,5 9,1,10,,710927,42,0,5 9,1,10,,710961,42,0,5 9,1,10,,710951,42,0,5 9,1,10,,710836,42,0,5 9,1,10,,710930,42,0,5 9,1,50,,710942,42,0,5 9,1,10,,710857,42,0,5 9,1,10,,710922,42,0,5 9,1,10,,710950,42,0,5 9,1,10,,710865,42,0,5 9,1,10,,710886,42,0,5 9,1,50,,710882,42,0,5 9,1,10,,516307,42,0,5 9,1,10,,710926,42,0,5 9,1,10,,710862,42,0,5 9,1,10,,684672,42,0,5 9,1,10,,671171,42,0,5 9,1,50,,710869,42,0,5 9,1,10,,710921,42,0,5 9,1,10,,710838,42,0,5 9,1,10,,710941,42,0,5 9,1,10,,710831,42,0,5 9,1,10,,710847,42,0,5 9,1,50,,710885,42,0,5 9,1,8,,710833,42,0,5 9,1,8,,710937,42,0,5 9,1,8,,641073,7,0,5 9,1,4,,710901,42,0,5 9,1,14,,710902,42,0,5 9,1,53,,710955,42,0,5 9,1,13,,710834,42,0,5 9,1,13,,620551,42,0,5 9,1,11,,710864,7,0,5 9,1,2,,710952,42,0,5 9,1,13,,710948,42,0,5 9,1,52,,672230,42,0,5 9,1,9,,524979,7,0,5 9,1,2,,710912,42,0,5 9,1,13,,710895,42,0,5 9,1,11,,710873,42,0,5 9,1,12,,644554,42,0,5 9,1,52,,710884,42,0,5 9,1,12,,710829,42,0,5 9,1,12,,710821,42,0,5 9,1,12,,476595,42,0,5 9,1,12,,607219,42,0,5 9,1,52,,675375,42,0,5 9,1,6,,710859,42,0,5 9,1,5,,710877,42,0,5 9,1,12,,710957,42,0,5 9,1,11,,710867,42,0,5 9,1,10,,710855,42,0,5 9,1,10,,710920,42,0,5 9,1,50,,612533,42,0,5 9,1,10,,650406,42,0,5 9,1,10,,536041,42,0,5 9,1,10,,710949,42,0,5 9,1,10,,710940,42,0,5 9,1,10,,710924,42,0,5 9,1,50,,656337,42,0,5 9,1,10,,710938,42,0,5 9,1,10,,710876,42,0,5 9,1,10,,710915,42,0,5 9,1,10,,710840,42,0,5 9,1,10,,710931,42,0,5 9,1,50,,710904,42,0,5 9,1,10,,710843,42,0,5 9,1,10,,710936,42,0,5 9,1,10,,710872,42,0,5 9,1,10,,647559,42,0,5 9,1
4303,'3',819,,711040,42,0,5 9,1,10,,710962,42,0,5 9,1,10,,711000,42,0,5 9,1,9,,711034,7,0,5 9,1,1,,711064,42,0,5 9,1,10,,711013,42,0,5 9,1,50,,710967,42,0,5 9,1,11,,711088,42,0,5 9,1,12,,711021,42,0,5 9,1,12,,711030,42,0,5 9,1,12,,711042,42,0,5 9,1,50,,711002,42,0,5 9,1,10,,711047,42,0,5 9,1,10,,653954,42,0,5 9,1,10,,711032,42,0,5 9,1,9,,711012,42,0,5 9,1,11,,711025,42,0,5 9,1,50,,711057,42,0,5 9,1,10,,688266,42,0,5 9,1,10,,711003,42,0,5 9,1,10,,710964,42,0,5 9,1,10,,710990,42,0,5 9,1,10,,711028,42,0,5 9,1,50,,675059,42,0,5 9,1,10,,710966,42,0,5 9,1,10,,711048,42,0,5 9,1,11,,711006,42,0,5 9,1,10,,711044,42,0,5 9,1,10,,537657,42,0,5 9,1,50,,710971,42,0,5 9,1,10,,567133,42,0,5 9,1,10,,711071,42,0,5 9,1,10,,711077,42,0,5 9,1,10,,710975,42,0,5 9,1,10,,711039,42,0,5 9,1,50,,711082,42,0,5 9,1,10,,711049,42,0,5 9,1,10,,637735,42,0,5 9,1,10,,711016,42,0,5 9,1,10,,711026,42,0,5 9,1,10,,711072,42,0,5 9,1,50,,711005,42,0,5 9,1,10,,711004,42,0,5 9,1,10,,710979,42,0,5 9,1,10,,710998,42,0,5 9,1,10,,658672,42,0,5 9,1,10,,710999,42,0,5 9,1,50,,710994,42,0,5 9,1,10,,644709,42,0,5 9,1,10,,711022,42,0,5 9,1,10,,684982,42,0,5 9,1,10,,711041,42,0,5 9,1,5,,711068,7,0,5 9,1,5,,711085,42,0,5 9,1,50,,710997,42,0,5 9,1,5,,711055,7,0,5 9,1,5,,710972,42,0,5 9,1,10,,711061,42,0,5 9,1,10,,711051,42,0,5 9,1,10,,710965,42,0,5 9,1,10,,710970,42,0,5 9,1,50,,711078,42,0,5 9,1,10,,711067,42,0,5 9,1,10,,710981,42,0,5 9,1,10,,711087,42,0,5 9,1,10,,711054,42,0,5 9,1,10,,710985,42,0,5 9,1,50,,711070,42,0,5 9,1,10,,711079,42,0,5 9,1,10,,711052,42,0,5 9,1,5,,656981,42,0,5 9,1,5,,656982,42,0,5 9,1,10,,711009,42,0,5 9,1,10,,710987,42,0,5 9,1,50,,711001,42,0,5 9,1,10,,710984,42,0,5 9,1,10,,711027,42,0,5 9,1,10,,711029,42,0,5 9,1,10,,711069,42,0,5 9,1,10,,710969,42,0,5 9,1,50,,710993,42,0,5 9,1,7,,710989,7,0,5 9,1,3,,710973,42,0,5 9,1,10,,711043,42,0,5 9,1,10,,641586,42,0,5 9,1,10,,711045,42,0,5 9,1,10,,711063,42,0,5 9,1,50,,711089,42,0,5 9,1,10,,711033,42,0,5 9,1,10,,711062,42,0,5 9,1,10,,711073,42,0,5 9,1,10,,662778,42,0,5 9,1,8,,641555,42,0,5 9,1,47,,711080,42,0,5 9,1,10,,711014,42,0,5 9,1,10,,710995,42,0,5 9,1,10,,711008,42,0,5 9,1,10,,562366,42,0,5 9,1,10,,710983,42,0,5 9,1,50,,711050,42,0,5 9,1,10,,616704,42,0,5 9,1,10,,711053,42,0,5 9,1,10,,711065,42,0,5 9,1,10,,710980,42,0,5 9,1,10,,711018,42,0,5 9,1,50,,711023,42,0,5 9,1,10,,675178,42,0,5 9,1,10,,711075,42,0,5 9,1,10,,711011,42,0,5 9,1,10,,710986,42,0,5 9,1,10,,689807,42,0,5 9,1,50,,711076,42,0,5 9,1,10,,710977,42,0,5 9,1,10,,711090,42,0,5 9,1,10,,711056,42,0,5 9,1,10,,711007,42,0,5 9,1,5,,711060,42,0,5 9,1
4303,'5',509,,711234,7,0,5 9,1,10,,711203,7,0,5 9,1,10,,632647,7,0,5 9,1,10,,711235,7,0,5 9,1,10,,711116,7,0,5 9,1,60,,711158,7,0,5 9,1,10,,711096,42,0,5 9,1,10,,711230,42,0,5 9,1,10,,711174,42,0,5 9,1,10,,711183,42,0,5 9,1,10,,711130,42,0,5 9,1,50,,711185,42,0,5 9,1,10,,711221,42,0,5 9,1,10,,711216,42,0,5 9,1,10,,711147,42,0,5 9,1,10,,711231,42,0,5 9,1,10,,711224,42,0,5 9,1,50,,592503,42,0,5 9,1,10,,711091,42,0,5 9,1,10,,711181,42,0,5 9,1,10,,711217,42,0,5 9,1,9,,711223,7,0,5 9,1,1,,711112,42,0,5 9,1,10,,711111,42,0,5 9,1,50,,711215,42,0,5 9,1,11,,711166,42,0,5 9,1,12,,711192,42,0,5 9,1,12,,711138,42,0,5 9,1,12,,711117,42,0,5 9,1,50,,711171,42,0,5 9,1,10,,711209,42,0,5 9,1,10,,711128,42,0,5 9,1,10,,711150,42,0,5 9,1,9,,711233,42,0,5 9,1,11,,711139,42,0,5 9,1,50,,559769,42,0,5 9,1,10,,711186,42,0,5 9,1,10,,711124,42,0,5 9,1,10,,711232,42,0,5 9,1,10,,711142,42,0,5 9,1,10,,711190,42,0,5 9,1,50,,711180,42,0,5 9,1,10,,711133,42,0,5 9,1,10,,711129,42,0,5 9,1,11,,633441,42,0,5 9,1,10,,656085,42,0,5 9,1,10,,711175,42,0,5 9,1,50,,711157,42,0,5 9,1,10,,711125,42,0,5 9,1,10,,711104,42,0,5 9,1,10,,711208,42,0,5 9,1,10,,711160,42,0,5 9,1,10,,570197,42,0,5 9,1,50,,607698,42,0,5 9,1,10,,711155,42,0,5 9,1,10,,711126,42,0,5 9,1,10,,711162,42,0,5 9,1,10,,711204,42,0,5 9,1,10,,711098,42,0,5 9,1,50,,711179,42,0,5 9,1,10,,711195,42,0,5 9,1,10,,711106,42,0,5 9,1,10,,711176,42,0,5 9,1,10,,711226,42,0,5 9,1,10,,711211,42,0,5 9,1,50,,711102,42,0,5 9,1,10,,623113,42,0,5 9,1,10,,711220,42,0,5 9,1,10,,711201,42,0,5 9,1,10,,711121,42,0,5 9,1,10,,711165,42,0,5 9,1,50,,614231,42,0,5 9,1,10,,711191,42,0,5 9,1,10,,711148,42,0,5 9,1,10,,711193,42,0,5 9,1,10,,711143,42,0,5 9,1,10,,634864,42,0,5 9,1,47,,711135,7,0,5 9,1,3,,711167,42,0,5 9,1,10,,679455,42,0,5 9,1,10,,711169,42,0,5 9,1,10,,711136,42,0,5 9,1,6,,711200,7,0,5 9,1,4,,711168,42,0,5 9,1,10,,711170,42,0,5 9,1,50,,711184,42,0,5 9,1,10,,711159,42,0,5 9,1,10,,687800,42,0,5 9,1,5,,711097,42,0,5 9,1,5,,671386,42,0,5 9,1,10,,711113,42,0,5 9,1,10,,711213,42,0,5 9,1,50,,711093,42,0,5 9,1,10,,711197,42,0,5 9,1,10,,711172,42,0,5 9,1,10,,550085,42,0,5 9,1,10,,711237,42,0,5 9,1,10,,711145,42,0,5 9,1,50,,711228,42,0,5 9,1,10,,711225,42,0,5 9,1,10,,711095,42,0,5 9,1,10,,711210,42,0,5 9,1,10,,711206,42,0,5 9,1,10,,711094,42,0,5 9,1,50,,711153,42,0,5 9,1,10,,582787,42,0,5 9,1,10,,711144,42,0,5 9,1,10,,628942,42,0,5 9,1,10,,711219,42,0,5 9,1,8,,711214,42,0,5 9,1,47,,711156,42,0,5 9,1,10,,711236,42,0,5 9,1,10,,711103,42,0,5 9,1,10,,711123,42,0,5 9,1,10,,711131,42,0,5 9,1,10,,711137,42,0,5 9,1,50,,711109,42,0,5 9,1,10,,711207,42,0,5 9,1,10,,711099,42,0,5 9,1,10,,711239,42,0,5 9,1,10,,711187,42,0,5 9,1,10,,711177,42,0,5 9,1,50,,711101,42,0,5 9,1,10,,711107,42,0,5 9,1,10,,711118,42,0,5 9,1,10,,711199,42,0,5 9,1,10,,711134,42,0,5 9,1,10,,711178,42,0,5 9,1,50,,711120,42,0,5 9,1,10,,711188,42,0,5 9,1,10,,711092,42,0,5 9,1,10,,711164,42,0,5 9,1,10,,711212,42,0,5 9,1,5,,665501,42,0,5 9,1
5301,'1',552,,718793,37,0,34 59,1,53,,718715,37,0,34 59,1,11,,718801,37,0,34 59,1,8,,718832,37,0,34 59,1,7,,718835,37,0,34 59,1,8,,641221,37,0,34 59,1,7,,718834,37,0,34 59,1,8,,718719,37,0,34 59,1,47,,718736,37,0,34 59,1,8,,718744,37,0,34 59,1,7,,718773,37,0,34 59,1,8,,678863,37,0,34 59,1,7,,689175,37,0,34 59,1,7,,718792,37,0,34 59,1,6,,718789,37,0,34 59,1,7,,668648,37,0,34 59,1,6,,653737,37,0,34 59,1,47,,718763,37,0,34 59,1,6,,640247,37,0,34 59,1,7,,618351,37,0,34 59,1,6,,718685,37,0,34 59,1,7,,632378,37,0,34 59,1,6,,718718,37,0,34 59,1,7,,718711,37,0,34 59,1,6,,718759,37,0,34 59,1,7,,718814,37,0,34 59,1,46,,718748,37,0,34 59,1,7,,683054,37,0,34 59,1,6,,718694,37,0,34 59,1,7,,718732,37,0,34 59,1,6,,718686,37,0,34 59,1,7,,718821,37,0,34 59,1,3,,623869,37,0,5 142,1,7,,718730,37,0,34 59,1,6,,718774,37,0,34 59,1,7,,718757,37,0,5 142,1,46,,718738,37,0,34 59,1,7,,718808,37,0,34 59,1,6,,718697,37,0,5 142,1,7,,718727,37,0,34 59,1,6,,690455,37,0,34 59,1,7,,718725,37,0,5 142,1,6,,718803,37,0,34 59,1,7,,718728,37,0,34 59,1,6,,718766,37,0,5 142,1,47,,718816,37,0,34 59,1,6,,718776,37,0,34 59,1,7,,718823,37,0,5 142,1,6,,677853,37,0,34 59,1,7,,718809,37,0,34 59,1,6,,718714,37,0,5 142,1,7,,718707,37,0,34 59,1,6,,718746,37,0,34 59,1,7,,718743,37,0,5 142,1,46,,718747,37,0,34 59,1,7,,718794,37,0,34 59,1,6,,718716,37,0,5 142,1,7,,718781,37,0,34 59,1,6,,718761,37,0,34 59,1,7,,718797,37,0,5 142,1,6,,681207,37,0,34 59,1,7,,504699,37,0,34 59,1,6,,718769,37,0,5 142,1,47,,718788,37,0,34 59,1,6,,628088,37,0,34 59,1,7,,718682,37,0,5 142,1,6,,718824,37,0,34 59,1,7,,676158,37,0,34 59,1,6,,718771,37,0,5 142,1,7,,718795,37,0,34 59,1,6,,670381,37,0,34 59,1,7,,643983,37,0,5 142,1,6,,718731,37,0,34 59,1,47,,624498,37,0,34 59,1,6,,536405,37,0,5 142,1,7,,686326,37,0,34 59,1,6,,625360,37,0,34 59,1,7,,718723,37,0,5 142,1,6,,718758,37,0,34 59,1,9,,718699,37,0,5 142,1,10,,718754,37,0,34 59,1,50,,718767,37,0,34 59,1,6,,718800,37,0,34 59,1,7,,718755,37,0,34 59,1,6,,718831,37,0,34 59,1,3,,718704,25,0,34 59,1,3,,718779,37,0,34 59,1,1,,718802,25,0,34 59,1,6,,718750,37,0,34 59,1,7,,718710,37,0,34 59,1,6,,718688,37,0,34 59,1,7,,664240,37,0,34 59,1,46,,718765,37,0,34 59,1,7,,718818,37,0,34 59,1,6,,718693,37,0,34 59,1,7,,718756,37,0,34 59,1,6,,662173,37,0,34 59,1,7,,718713,37,0,34 59,1,6,,718770,37,0,34 59,1,7,,718775,37,0,34 59,1,6,,718829,37,0,34 59,1,47,,718742,37,0,34 59,1,6,,718705,37,0,34 59,1,7,,718709,37,0,34 59,1,6,,718764,37,0,34 59,1,7,,718749,37,0,34 59,1,6,,718812,37,0,34 59,1,7,,718786,37,0,34 59,1,6,,718698,37,0,34 59,1,7,,718783,37,0,34 59,1,46,,718807,37,0,34 59,1,7,,718722,37,0,34 59,1,6,,718782,37,0,34 59,1,7,,718735,37,0,34 59,1,6,,718690,37,0,34 59,1,7,,718703,37,0,34 59,1,6,,718805,37,0,34 59,1,7,,718692,37,0,34 59,1,6,,718745,37,0,34 59,1,5,,718772,37,0,34 59,1,45,,718696,37,0,34 59,1,5,,718790,37,0,34 59,1,4,,718815,37,0,5 142,1,6,,718822,37,0,34 59,1,6,,718729,37,0,34 59,1,6,,718734,37,0,5 142,1,6,,718701,37,0,34 59,1,6,,718777,37,0,34 59,1,6,,718825,37,0,5 142,1,6,,718737,37,0,34 59,1,46,,718827,37,0,34 59,1,6,,605640,37,0,5 142,1,6,,718741,37,0,34 59,1,6,,718806,37,0,34 59,1,6,,718817,37,0,5 142,1,6,,718811,37,0,34 59,1,6,,718717,37,0,34 59,1,6,,718813,37,0,5 142,1,6,,718796,37,0,34 59,1,6,,718799,37,0,34 59,1,46,,718724,37,0,5 142,1,6,,718760,37,0,34 59,1,6,,718708,37,0,34 59,1,6,,718689,37,0,5 142,1,6,,718691,37,0,34 59,1,6,,641015,37,0,34 59,1,6,,718751,37,0,5 142,1,6,,718733,37,0,34 59,1,6,,718739,37,0,34 59,1,6,,683813,37,0,5 142,1,46,,718684,37,0,34 59,1,6,,718721,37,0,34 59,1,6,,718687,37,0,5 142,1,6,,718820,37,0,34 59,1,6,,718726,37,0,34 59,1,7,,718702,37,0,5 142,1,8,,395859,37,0,34 59,1,9,,718810,37,0,5 142,1,10,,668242,37,0,34 59,1,50,,548885,37,0,5 142,1,10,,633524,37,0,34 59,1,10,,718780,37,0,5 142,1,10,,718712,37,0,34 59,1,10,,718830,37,0,5 142,1,10,,718819,37,0,34 59,1,50,,718804,37,0,5 142,1,10,,608481,37,0,34 59,1,10,,718700,37,0,5 142,1,10,,718753,37,0,34 59,1,10,,718784,37,0,5 142,1,10,,718833,37,0,34 59,1,50,,718785,37,0,5 142,1,10,,718828,37,0,34 59,1,10,,718768,37,0,5 142,1,10,,639543,37,0,34 59,1,10,,718762,37,0,5 142,1,10,,718826,37,0,34 59,1,50,,718787,37,0,5 142,1,10,,566556,37,0,34 59,1,7,,718695,37,0,5 142,1,8,,718706,37,0,34 59,1
5301,'2',609,,718850,37,0,5 142,1,17,,718855,37,0,34 59,1,10,,718884,37,0,5 142,1,10,,718900,37,0,34 59,1,10,,617933,37,0,5 142,1,50,,718906,37,0,34 59,1,10,,718926,37,0,5 142,1,10,,718922,37,0,34 59,1,10,,631574,37,0,5 142,1,10,,718878,37,0,34 59,1,10,,718945,37,0,5 142,1,50,,677346,37,0,34 59,1,10,,718901,37,0,5 142,1,10,,718902,37,0,34 59,1,10,,530463,37,0,5 142,1,10,,718843,37,0,34 59,1,10,,718909,37,0,5 142,1,50,,718876,37,0,34 59,1,10,,718871,37,0,5 142,1,10,,607875,37,0,34 59,1,10,,718881,37,0,5 142,1,14,,718913,37,0,34 59,1,50,,718918,37,0,5 142,1,10,,718921,37,0,34 59,1,10,,718839,37,0,5 142,1,10,,718942,37,0,34 59,1,10,,718866,37,0,5 142,1,10,,718853,37,0,34 59,1,50,,667539,37,0,5 142,1,10,,718869,37,0,34 59,1,10,,718854,37,0,5 142,1,10,,563057,37,0,34 59,1,10,,718883,37,0,5 142,1,10,,608930,37,0,34 59,1,50,,718848,37,0,5 142,1,10,,545670,37,0,34 59,1,10,,718846,37,0,5 142,1,10,,664649,37,0,34 59,1,12,,718880,37,0,5 142,1,8,,718905,37,0,34 59,1,8,,718911,37,0,34 59,1,48,,611269,37,0,5 142,1,8,,718861,37,0,34 59,1,8,,718872,37,0,34 59,1,8,,718873,37,0,5 142,1,8,,718849,37,0,34 59,1,8,,718935,37,0,34 59,1,8,,626325,37,0,5 142,1,48,,718868,37,0,34 59,1,8,,718914,37,0,34 59,1,8,,718943,37,0,5 142,1,8,,718865,37,0,34 59,1,8,,718932,37,0,34 59,1,8,,674410,37,0,5 142,1,8,,718874,37,0,34 59,1,8,,718844,37,0,34 59,1,48,,615398,37,0,5 142,1,8,,718887,37,0,34 59,1,8,,718904,37,0,34 59,1,8,,718903,37,0,5 142,1,8,,622008,37,0,34 59,1,8,,718842,37,0,34 59,1,8,,718927,37,0,5 142,1,48,,553637,37,0,34 59,1,8,,718941,37,0,34 59,1,8,,718908,37,0,5 142,1,8,,718919,37,0,34 59,1,8,,620631,37,0,34 59,1,8,,718882,37,0,5 142,1,8,,718858,37,0,34 59,1,8,,718899,37,0,34 59,1,48,,718856,37,0,5 142,1,8,,718936,37,0,34 59,1,8,,718862,37,0,34 59,1,8,,718889,37,0,5 142,1,8,,718912,37,0,34 59,1,8,,718836,37,0,34 59,1,8,,718879,37,0,5 142,1,47,,718934,37,0,34 59,1,9,,718890,37,0,34 59,1,8,,559901,37,0,5 142,1,8,,718837,37,0,34 59,1,8,,619632,37,0,34 59,1,8,,718917,37,0,5 142,1,8,,683958,37,0,34 59,1,8,,718845,37,0,5 142,1,46,,718898,37,0,34 59,1,8,,718938,37,0,5 142,1,8,,718840,37,0,34 59,1,8,,718907,37,0,5 142,1,9,,610966,37,0,34 59,1,10,,718931,37,0,5 142,1,10,,718888,37,0,34 59,1,50,,718864,37,0,5 142,1,10,,718867,37,0,34 59,1,10,,718841,37,0,5 142,1,10,,718920,37,0,34 59,1,10,,718915,37,0,5 142,1,10,,718897,37,0,34 59,1,50,,718838,37,0,5 142,1,10,,658057,37,0,34 59,1,10,,718893,37,0,5 142,1,9,,718863,37,0,34 59,1,9,,718923,37,0,5 142,1,10,,718910,37,0,34 59,1,50,,718937,37,0,5 142,1,10,,718916,37,0,34 59,1,10,,718886,37,0,5 142,1,10,,718860,37,0,34 59,1,10,,718928,37,0,5 142,1,10,,718885,37,0,34 59,1,50,,718930,37,0,5 142,1,10,,689347,37,0,34 59,1,10,,718895,37,0,5 142,1,10,,718891,37,0,34 59,1,10,,718924,37,0,5 142,1,10,,531043,37,0,34 59,1,50,,718857,37,0,5 142,1,10,,718892,37,0,34 59,1,10,,718875,37,0,5 142,1,10,,718933,37,0,34 59,1,10,,641744,37,0,5 142,1,10,,718940,37,0,34 59,1,50,,718851,37,0,5 142,1,10,,656841,37,0,34 59,1,10,,654942,37,0,5 142,1,10,,718859,37,0,34 59,1,10,,718894,37,0,5 142,1,10,,718939,37,0,34 59,1,50,,718944,37,0,5 142,1,10,,718852,37,0,5 142,1,11,,718870,37,0,34 59,1
5301,'3',748,,719039,37,0,34 59,1,9,,718990,37,0,5 142,1,50,,719013,37,0,5 142,1,10,,718966,37,0,34 59,1,10,,718954,37,0,34 59,1,10,,687734,37,0,5 142,1,10,,718993,37,0,34 59,1,10,,718957,37,0,34 59,1,50,,675839,37,0,5 142,1,10,,718994,37,0,34 59,1,10,,718972,37,0,34 59,1,10,,718953,37,0,5 142,1,10,,718969,37,0,34 59,1,10,,719006,37,0,34 59,1,50,,718989,37,0,5 142,1,10,,719037,37,0,34 59,1,10,,622067,37,0,34 59,1,10,,719008,37,0,5 142,1,10,,638233,37,0,34 59,1,10,,719036,37,0,34 59,1,50,,665433,37,0,5 142,1,10,,642351,37,0,34 59,1,10,,678042,37,0,34 59,1,10,,719002,37,0,5 142,1,10,,718946,37,0,34 59,1,10,,719038,37,0,34 59,1,50,,718955,37,0,5 142,1,10,,675619,37,0,34 59,1,12,,719024,37,0,34 59,1,7,,718991,37,0,5 142,1,9,,718985,37,0,34 59,1,10,,719018,37,0,34 59,1,50,,719026,37,0,5 142,1,10,,719001,37,0,34 59,1,10,,718998,37,0,34 59,1,10,,718986,37,0,5 142,1,10,,719010,37,0,34 59,1,10,,719017,37,0,34 59,1,50,,719012,37,0,5 142,1,10,,718949,37,0,34 59,1,10,,719025,37,0,34 59,1,10,,632114,37,0,5 142,1,10,,718979,37,0,34 59,1,10,,718956,37,0,34 59,1,50,,688297,37,0,5 142,1,10,,719000,37,0,34 59,1,10,,719022,37,0,34 59,1,10,,719032,37,0,5 142,1,10,,718967,37,0,34 59,1,10,,719028,37,0,34 59,1,50,,719041,37,0,5 142,1,10,,718980,37,0,34 59,1,10,,719042,37,0,34 59,1,10,,648737,37,0,5 142,1,10,,670283,37,0,34 59,1,10,,719031,37,0,34 59,1,50,,718975,37,0,5 142,1,10,,718983,37,0,34 59,1,10,,718959,37,0,34 59,1,10,,719035,37,0,5 142,1,10,,719015,37,0,34 59,1,10,,718968,37,0,34 59,1,50,,719023,37,0,5 142,1,10,,610261,37,0,34 59,1,10,,719030,37,0,34 59,1,10,,718978,37,0,5 142,1,10,,718950,37,0,34 59,1,10,,657763,37,0,34 59,1,50,,718964,37,0,5 142,1,10,,718997,37,0,34 59,1,9,,718987,37,0,5 142,1,10,,566330,37,0,34 59,1,10,,718996,37,0,5 142,1,10,,718977,37,0,34 59,1,50,,718992,37,0,5 142,1,10,,718973,37,0,34 59,1,10,,718963,37,0,5 142,1,10,,646614,37,0,34 59,1,10,,719004,37,0,5 142,1,10,,719029,37,0,34 59,1,50,,718999,37,0,5 142,1,10,,719003,37,0,34 59,1,10,,719034,37,0,5 142,1,10,,645433,37,0,34 59,1,10,,498647,37,0,5 142,1,10,,718976,37,0,34 59,1,50,,718947,37,0,5 142,1,6,,684139,37,0,34 59,1,10,,719009,37,0,5 142,1,9,,719011,37,0,5 142,1,10,,619233,37,0,34 59,1,10,,718988,37,0,5 142,1,10,,718984,37,0,34 59,1,50,,579238,37,0,5 142,1,10,,718952,37,0,34 59,1,10,,719005,37,0,5 142,1,10,,718960,37,0,34 59,1,10,,719020,37,0,5 142,1,10,,719007,37,0,34 59,1,50,,719040,37,0,5 142,1,10,,718995,37,0,34 59,1,10,,718974,37,0,5 142,1,10,,719019,37,0,34 59,1,10,,718951,37,0,5 142,1,10,,719016,37,0,34 59,1,50,,718970,37,0,5 142,1,10,,718962,37,0,34 59,1,11,,719033,37,0,5 142,1,9,,718982,37,0,34 59,1,13,,718981,37,0,34 59,1,7,,718948,37,0,34 59,1,53,,718961,37,0,34 59,1
5301,'5',610,,719101,37,0,34 59,1,22,,719139,37,0,5 142,1,15,,719068,37,0,34 59,1,10,,719061,37,0,34 59,1,50,,719055,37,0,5 142,1,10,,719118,37,0,34 59,1,10,,677832,37,0,34 59,1,10,,719119,37,0,5 142,1,10,,673966,37,0,34 59,1,10,,719130,37,0,34 59,1,50,,719144,37,0,5 142,1,10,,668893,37,0,34 59,1,10,,719079,37,0,34 59,1,10,,719094,37,0,5 142,1,10,,719124,37,0,34 59,1,10,,719083,37,0,34 59,1,50,,719075,37,0,5 142,1,10,,719136,37,0,34 59,1,10,,719082,37,0,34 59,1,10,,719142,37,0,5 142,1,10,,719108,37,0,34 59,1,10,,719093,37,0,34 59,1,50,,649267,37,0,5 142,1,10,,719080,37,0,34 59,1,10,,719065,37,0,34 59,1,10,,719141,37,0,5 142,1,10,,719097,37,0,34 59,1,10,,578422,37,0,34 59,1,50,,719074,37,0,5 142,1,10,,606595,37,0,34 59,1,10,,719137,37,0,34 59,1,10,,719133,37,0,5 142,1,10,,719090,37,0,34 59,1,10,,562001,37,0,34 59,1,50,,719122,37,0,5 142,1,10,,719117,37,0,34 59,1,12,,719135,37,0,34 59,1,7,,719073,37,0,5 142,1,9,,719052,37,0,34 59,1,10,,552576,37,0,34 59,1,50,,719069,37,0,5 142,1,10,,719100,37,0,34 59,1,10,,719140,37,0,34 59,1,10,,719081,37,0,5 142,1,10,,719091,37,0,34 59,1,10,,719089,37,0,34 59,1,50,,719099,37,0,5 142,1,10,,719126,37,0,34 59,1,10,,719058,37,0,34 59,1,10,,719088,37,0,5 142,1,10,,719057,37,0,34 59,1,10,,618218,37,0,34 59,1,50,,719115,37,0,5 142,1,10,,719092,37,0,34 59,1,10,,519632,37,0,34 59,1,10,,719131,37,0,5 142,1,10,,676624,37,0,34 59,1,10,,719105,37,0,34 59,1,50,,719060,37,0,5 142,1,10,,719050,37,0,34 59,1,10,,719102,37,0,34 59,1,10,,719064,37,0,5 142,1,10,,628654,37,0,34 59,1,10,,719087,37,0,34 59,1,50,,719072,37,0,5 142,1,10,,719043,37,0,34 59,1,10,,719132,37,0,34 59,1,10,,719047,37,0,5 142,1,10,,606574,37,0,34 59,1,10,,719128,37,0,34 59,1,50,,719145,37,0,5 142,1,10,,719110,37,0,34 59,1,10,,719078,37,0,34 59,1,10,,719134,37,0,5 142,1,10,,719146,37,0,34 59,1,10,,719103,37,0,34 59,1,50,,719114,37,0,5 142,1,10,,719116,37,0,34 59,1,9,,719098,37,0,5 142,1,10,,719123,37,0,34 59,1,10,,719054,37,0,5 142,1,10,,719104,37,0,34 59,1,50,,719125,37,0,5 142,1,10,,719067,37,0,34 59,1,10,,631213,37,0,5 142,1,10,,719085,37,0,34 59,1,10,,719143,37,0,5 142,1,10,,719045,37,0,34 59,1,50,,719095,37,0,5 142,1,10,,719044,37,0,34 59,1,10,,719053,37,0,5 142,1,10,,719076,37,0,34 59,1,10,,515106,37,0,5 142,1,10,,719086,37,0,34 59,1,50,,719109,37,0,5 142,1,6,,719059,37,0,34 59,1,10,,719056,37,0,5 142,1,9,,719071,37,0,5 142,1,10,,719096,37,0,34 59,1,10,,719127,37,0,5 142,1,10,,719129,37,0,34 59,1,50,,719077,37,0,5 142,1,10,,719070,37,0,34 59,1,10,,719138,37,0,5 142,1,10,,719063,37,0,34 59,1,10,,719048,37,0,5 142,1,10,,587526,37,0,34 59,1,50,,608433,37,0,5 142,1,10,,637926,37,0,34 59,1,10,,719066,37,0,5 142,1,10,,719113,37,0,34 59,1,10,,719121,37,0,5 142,1,10,,719112,37,0,34 59,1,50,,719049,37,0,5 142,1,10,,719046,37,0,34 59,1,11,,660578,37,0,5 142,1,9,,719111,37,0,34 59,1,13,,719051,37,0,34 59,1,7,,685054,37,0,34 59,1,53,,719120,37,0,34 59,1
5704,'1',447,,669901,3,0,55 15,1,53,,721102,3,0,55 15,1,13,,606649,3,0,55 15,1,13,,721077,3,0,55 15,1,13,,629406,3,0,55 15,1,13,,537216,3,0,55 15,1,53,,721069,3,0,55 15,1,13,,627998,3,0,55 15,1,13,,721112,3,0,55 15,1,13,,721062,3,0,55 15,1,13,,721113,3,0,55 15,1,52,,721094,3,0,55 15,1,11,,687882,3,0,55 15,1,11,,721065,3,0,55 15,1,11,,721060,3,0,55 15,1,11,,622291,3,0,55 15,1,51,,721119,3,0,55 15,1,11,,721116,3,0,55 15,1,11,,721059,3,0,55 15,1,11,,666272,3,0,55 15,1,11,,721100,3,0,55 15,1,11,,721117,3,0,55 15,1,50,,667766,3,0,55 15,1,11,,721098,3,0,55 15,1,11,,721093,3,0,55 15,1,11,,631303,3,0,55 15,1,11,,721118,3,0,55 15,1,51,,721084,3,0,55 15,1,11,,721105,3,0,55 15,1,11,,404098,3,0,55 15,1,11,,721092,3,0,55 15,1,11,,721079,3,0,55 15,1,11,,721070,3,0,55 15,1,51,,721111,3,0,55 15,1,11,,721058,3,0,55 15,1,11,,721074,3,0,55 15,1,11,,721103,3,0,55 15,1,11,,721078,3,0,55 15,1,51,,721075,3,0,55 15,1,11,,721057,3,0,55 15,1,11,,721101,3,0,55 15,1,11,,636125,3,0,55 15,1,11,,721110,3,0,55 15,1,51,,721063,3,0,55 15,1,11,,721061,3,0,55 15,1,11,,604734,3,0,55 15,1,11,,721114,3,0,55 15,1,11,,645819,3,0,55 15,1,11,,634587,3,0,55 15,1,51,,721082,3,0,55 15,1,11,,721080,3,0,55 15,1,11,,721072,3,0,55 15,1,8,,721081,3,0,55 15,1,12,,721083,3,0,55 15,1,52,,721076,3,0,55 15,1,12,,646375,3,0,55 15,1,12,,721055,3,0,55 15,1,12,,721067,3,0,55 15,1,12,,721090,3,0,55 15,1,52,,721087,3,0,55 15,1,12,,721088,3,0,55 15,1,12,,685951,3,0,55 15,1,12,,721066,3,0,55 15,1,12,,721085,3,0,55 15,1,52,,721086,3,0,55 15,1,12,,721106,3,0,55 15,1,12,,721108,3,0,55 15,1,12,,631904,3,0,55 15,1,12,,721089,3,0,55 15,1,52,,721099,3,0,55 15,1,16,,721096,3,0,55 15,1,16,,721107,3,0,55 15,1,16,,721068,3,0,55 15,1,56,,721054,3,0,55 15,1,16,,671460,3,0,55 15,1,16,,721064,3,0,55 15,1,16,,721115,3,0,55 15,1,56,,721097,3,0,55 15,1,16,,721109,3,0,55 15,1,16,,721095,3,0,55 15,1,16,,536936,3,0,55 15,1,56,,721091,3,0,55 15,1,16,,611181,3,0,55 15,1,16,,721104,3,0,55 15,1,56,,721056,3,0,55 15,1,15,,566900,3,0,55 15,1,16,,721073,3,0,55 15,1,24,,623701,3,0,55 15,1,65,,680538,3,0,55 15,1,25,,721071,3,0,55 15,1,65,,599113,3,0,55 15,1,25,,591684,3,0,55 15,1,65,,612346,3,0,55 15,1
5704,'2',545,,721165,3,0,55 15,1,63,,721172,3,0,55 15,1,25,,607858,3,0,55 15,1,25,,721125,3,0,55 15,1,65,,721161,3,0,55 15,1,25,,721167,3,0,55 15,1,58,,721127,3,0,55 15,1,18,,721166,3,0,55 15,1,18,,721150,3,0,55 15,1,58,,721168,3,0,55 15,1,18,,721131,3,0,55 15,1,18,,674639,3,0,55 15,1,18,,721164,3,0,55 15,1,58,,721122,3,0,55 15,1,18,,629435,3,0,55 15,1,18,,721140,3,0,55 15,1,58,,721160,3,0,55 15,1,18,,721129,3,0,55 15,1,18,,721171,3,0,55 15,1,58,,721123,3,0,55 15,1,16,,721133,3,0,55 15,1,15,,721152,3,0,55 15,1,15,,721158,3,0,55 15,1,55,,721173,3,0,55 15,1,15,,644023,3,0,55 15,1,15,,721157,3,0,55 15,1,15,,637558,3,0,55 15,1,55,,721155,3,0,55 15,1,15,,721159,3,0,55 15,1,15,,379784,3,0,55 15,1,15,,721139,3,0,55 15,1,55,,650792,3,0,55 15,1,15,,721175,3,0,55 15,1,15,,721174,3,0,55 15,1,15,,721126,3,0,55 15,1,55,,721121,3,0,55 15,1,15,,721151,3,0,55 15,1,15,,721142,3,0,55 15,1,15,,721169,3,0,55 15,1,55,,652015,3,0,55 15,1,15,,721141,3,0,55 15,1,15,,721156,3,0,55 15,1,15,,721148,3,0,55 15,1,55,,721138,3,0,55 15,1,15,,721163,3,0,55 15,1,15,,721147,3,0,55 15,1,15,,721136,3,0,55 15,1,55,,721162,3,0,55 15,1,15,,721143,3,0,55 15,1,15,,721135,3,0,55 15,1,15,,721128,3,0,55 15,1,55,,721149,3,0,55 15,1,14,,679194,3,0,55 15,1,15,,721120,3,0,55 15,1,17,,721144,3,0,55 15,1,60,,721134,3,0,55 15,1,20,,721176,3,0,55 15,1,20,,721130,3,0,55 15,1,61,,721124,3,0,55 15,1,24,,721145,3,0,55 15,1,24,,721154,3,0,55 15,1,64,,721132,3,0,55 15,1,24,,721146,3,0,55 15,1,64,,721153,3,0,55 15,1,24,,721170,3,0,55 15,1,24,,721137,3,0,55 15,1
5704,'3',724,,721186,3,0,55 15,1,20,,721198,3,0,55 15,1,60,,643095,3,0,55 15,1,20,,721202,3,0,55 15,1,20,,721179,3,0,55 15,1,60,,721189,3,0,55 15,1,20,,721201,3,0,55 15,1,20,,664869,3,0,55 15,1,60,,675848,3,0,55 15,1,20,,721205,3,0,55 15,1,20,,520459,3,0,55 15,1,60,,721211,3,0,55 15,1,20,,644343,3,0,55 15,1,18,,721188,3,0,55 15,1,61,,721180,3,0,55 15,1,22,,721177,3,0,55 15,1,22,,721184,3,0,55 15,1,62,,721204,3,0,55 15,1,22,,721207,3,0,55 15,1,22,,721183,3,0,55 15,1,62,,721196,3,0,55 15,1,22,,721208,3,0,55 15,1,22,,721213,3,0,55 15,1,62,,721191,3,0,55 15,1,22,,721190,3,0,55 15,1,62,,721178,3,0,55 15,1,22,,648284,3,0,55 15,1,22,,721200,3,0,55 15,1,62,,721203,3,0,55 15,1,22,,607543,3,0,55 15,1,22,,721187,3,0,55 15,1,62,,721192,3,0,55 15,1,18,,721212,3,0,55 15,1,65,,640458,3,0,55 15,1,25,,721182,3,0,55 15,1,25,,721199,3,0,55 15,1,65,,721206,3,0,55 15,1,25,,721209,3,0,55 15,1,65,,721195,3,0,55 15,1,25,,721197,3,0,55 15,1,22,,721181,3,0,55 15,1,65,,721193,3,0,55 15,1,25,,721210,3,0,55 15,1,65,,721214,3,0,55 15,1,25,,721185,3,0,55 15,1,25,,617302,3,0,55 15,1,65,,721194,3,0,55 15,1,25,,684267,3,0,55 15,1,70,,573145,3,0,55 15,1
5704,'5',548,,721216,3,0,55 15,1,56,,721239,3,0,55 15,1,20,,721224,3,0,55 15,1,20,,721229,3,0,55 15,1,60,,721218,3,0,55 15,1,20,,721246,3,0,55 15,1,20,,721226,3,0,55 15,1,60,,721238,3,0,55 15,1,20,,582323,3,0,55 15,1,20,,721253,3,0,55 15,1,60,,721249,3,0,55 15,1,20,,721232,3,0,55 15,1,20,,721248,3,0,55 15,1,60,,721225,3,0,55 15,1,20,,605432,3,0,55 15,1,20,,721215,3,0,55 15,1,60,,721245,3,0,55 15,1,20,,721222,3,0,55 15,1,18,,623126,3,0,55 15,1,61,,721250,3,0,55 15,1,22,,721220,3,0,55 15,1,22,,721252,3,0,55 15,1,62,,721251,3,0,55 15,1,22,,721221,3,0,55 15,1,22,,721236,3,0,55 15,1,62,,672426,3,0,55 15,1,22,,721242,3,0,55 15,1,22,,721235,3,0,55 15,1,62,,721247,3,0,55 15,1,22,,721240,3,0,55 15,1,62,,721217,3,0,55 15,1,22,,684433,3,0,55 15,1,22,,609672,3,0,55 15,1,62,,721231,3,0,55 15,1,22,,721230,3,0,55 15,1,22,,721227,3,0,55 15,1,62,,721241,3,0,55 15,1,18,,721254,3,0,55 15,1,65,,721228,3,0,55 15,1,25,,681917,3,0,55 15,1,25,,721233,3,0,55 15,1,65,,721223,3,0,55 15,1,25,,629059,3,0,55 15,1,65,,721234,3,0,55 15,1,25,,615618,3,0,55 15,1,22,,721244,3,0,55 15,1,65,,525679,3,0,55 15,1,25,,721255,3,0,55 15,1,65,,721219,3,0,55 15,1,25,,635488,3,0,55 15,1,25,,605426,3,0,55 15,1,65,,721237,3,0,55 15,1,25,,721243,3,0,55 15,1,70,,637088,3,0,55 15,1
34303,'1',459,,770511,7,0,11 12 9,1,97,,639027,42,0,11 12 9,1,2100,,770510,42,0,11 12 9,1,70,,770508,42,0,11 12 9,1,30,,770509,42,0,11 12 9,1,70,,770507,42,0,11 12 9,1,30,,770505,42,0,11 12 9,1,70,,770506,42,0,11 12 9,1
34303,'2',459,,770517,7,0,11 12 9,1,97,,770513,42,0,11 12 9,1,2100,,770514,42,0,11 12 9,1,70,,770516,42,0,11 12 9,1,30,,622938,42,0,11 12 9,1,70,,770512,42,0,11 12 9,1,30,,669389,42,0,11 12 9,1,70,,770515,42,0,11 12 9,1
34303,'3',459,,770534,7,0,11 12 9,1,53,,770523,7,0,11 12 9,1,10,,654712,7,0,11 12 9,1,10,,770520,7,0,11 12 9,1,10,,770533,7,0,11 12 9,1,10,,656970,7,0,11 12 9,1,4,,770519,42,0,11 12 9,1,56,,770527,7,0,11 12 9,1,7,,770531,42,0,11 12 9,1,10,,770525,42,0,11 12 9,1,10,,770530,42,0,11 12 9,1,10,,770524,42,0,11 12 9,1,10,,593986,42,0,11 12 9,1,50,,770518,42,0,11 12 9,1,10,,770526,42,0,11 12 9,1,10,,770535,42,0,11 12 9,1,10,,770538,42,0,11 12 9,1,10,,594287,42,0,11 12 9,1,10,,770532,42,0,11 12 9,1,50,,770522,42,0,11 12 9,1,1847,,770529,42,0,11 12 9,1,70,,770528,42,0,11 12 9,1,30,,770537,42,0,11 12 9,1,70,,770536,42,0,11 12 9,1,30,,659068,42,0,11 12 9,1,70,,770521,42,0,11 12 9,1
34303,'5',459,,639207,7,0,11 12 9,1,97,,680629,42,0,11 12 9,1,2100,,770542,42,0,11 12 9,1,70,,770541,42,0,11 12 9,1,30,,642898,42,0,11 12 9,1,70,,645625,42,0,11 12 9,1,30,,770539,42,0,11 12 9,1,70,,770540,42,0,11 12 9,1
35301,'1',531,,770699,74,0,11 12 142,1,70,,770702,74,0,11 12 142,1,30,,770698,74,0,11 12 142,1,2019,,770707,4,0,11 12 142,1,70,,644953,75,0,11 12 142,1,30,,651073,74,0,11 12 142,1,70,,770709,74,0,11 12 142,1,30,,770704,74,0,11 12 142,1,70,,770701,74,0,11 12 142,1,25,,770703,74,0,11 12 142,1
35301,'2',744,,770721,74,0,11 12 142,1,1907,,770717,4,0,11 12 142,1,70,,770713,74,0,11 12 142,1,30,,770715,74,0,11 12 142,1,70,,770716,74,0,11 12 142,1,30,,770720,74,0,11 12 142,1,70,,770719,74,0,11 12 142,1,25,,622954,74,0,11 12 142,1
35301,'3',611,,770727,74,0,11 12 142,1,30,,770730,74,0,11 12 142,1,70,,657568,74,0,11 12 142,1,30,,607115,74,0,11 12 142,1,1980,,659313,75,0,11 12 142,1,30,,770729,74,0,11 12 142,1,70,,770722,74,0,11 12 142,1,30,,660393,74,0,11 12 142,1,70,,770728,74,0,11 12 142,1,30,,770734,74,0,11 12 142,1
35301,'5',744,,770740,74,0,11 12 142,1,1907,,770741,4,0,11 12 142,1,70,,770747,74,0,11 12 142,1,30,,770743,74,0,11 12 142,1,70,,770746,74,0,11 12 142,1,30,,770739,74,0,11 12 142,1,70,,641826,74,0,11 12 142,1,25,,770745,74,0,11 12 142,1
