1002,'1',520,,605793,8,0,26 38 15,1,30,,605795,8,0,26 38 15,1,70,,605796,8,0,26 38 15,1,31,,605801,8,0,26 38 15,1,70,,579475,8,0,26 38 15,1,30,,464217,8,0,26 38 15,1,70,,567959,8,0,26 38 15,1,30,,605792,8,0,26 38 15,1,70,,605799,8,0,26 38 15,1,515,,605794,8,0,26 38 15,1,70,,605790,8,0,26 38 15,1,30,,605797,8,0,26 38 15,1,70,,605800,8,0,26 38 15,1,30,,605798,8,0,26 38 15,1,70,,605789,8,0,26 38 15,1,30,,605802,8,0,26 38 15,1,70,,605788,8,0,26 38 15,1,30,,605787,8,0,26 38 15,1,70,,605791,8,0,26 38 15,1
2504,'1',523,,612768,10,0,5 141 8,1,12,,612833,10,0,5 141 8,1,11,,612796,10,0,5 141 8,1,9,,612756,10,0,5 141 8,1,47,,612800,10,0,28 26 38 8,1,9,,612874,10,0,28 26 38 8,1,9,,612927,10,0,28 26 38 8,1,9,,612805,10,0,28 26 38 8,1,9,,612864,10,0,28 26 38 8,1,9,,612882,10,0,28 26 38 8,1,9,,612799,10,0,28 26 38 8,1,49,,612812,10,0,28 26 38 8,1,9,,612797,10,0,28 26 38 8,1,9,,612811,10,0,28 26 38 8,1,9,,533548,10,0,28 26 38 8,1,9,,612778,10,0,28 26 38 8,1,9,,612856,10,0,28 26 38 8,1,9,,612843,10,0,28 26 38 8,1,49,,612934,10,0,28 26 38 8,1,9,,612788,10,0,28 26 38 8,1,9,,612770,10,0,28 26 38 8,1,9,,594598,10,0,28 26 38 8,1,9,,463322,10,0,28 26 38 8,1,9,,612817,10,0,28 26 38 8,1,49,,612786,10,0,28 26 38 8,1,9,,461063,10,0,28 26 38 8,1,10,,612748,10,0,28 26 38 8,1,10,,612776,10,0,28 26 38 8,1,10,,612810,10,0,28 26 38 8,1,10,,558801,10,0,28 26 38 8,1,50,,612831,10,0,28 26 38 8,1,10,,551503,10,0,28 26 38 8,1,10,,612935,10,0,28 26 38 8,1,10,,612895,10,0,28 26 38 8,1,10,,552435,10,0,28 26 38 8,1,10,,612820,10,0,28 26 38 8,1,50,,612829,10,0,28 26 38 8,1,10,,612844,10,0,28 26 38 8,1,10,,488333,10,0,28 26 38 8,1,10,,612814,10,0,28 26 38 8,1,10,,612929,10,0,28 26 38 8,1,10,,612892,10,0,28 26 38 8,1,50,,612863,10,0,28 26 38 8,1,10,,612841,10,0,28 26 38 8,1,10,,612764,10,0,28 26 38 8,1,10,,408591,10,0,28 26 38 8,1,10,,612871,10,0,28 26 38 8,1,10,,612932,10,0,28 26 38 8,1,50,,612842,10,0,28 26 38 8,1,10,,612749,10,0,28 26 38 8,1,10,,612777,10,0,28 26 38 8,1,10,,612815,10,0,28 26 38 8,1,10,,612855,10,0,28 26 38 8,1,10,,612899,10,0,28 26 38 8,1,50,,612857,10,0,28 26 38 8,1,10,,612860,10,0,28 26 38 8,1,10,,612848,10,0,28 26 38 8,1,8,,468849,10,0,28 26 38 8,1,8,,612771,10,0,28 26 38 8,1,8,,612789,10,0,28 26 38 8,1,8,,612821,10,0,28 26 38 8,1,48,,612765,10,0,28 26 38 8,1,9,,612888,10,0,28 26 38 8,1,8,,612845,10,0,28 26 38 8,1,8,,548908,10,0,28 26 38 8,1,8,,387395,10,0,28 26 38 8,1,8,,612873,10,0,28 26 38 8,1,8,,612826,10,0,28 26 38 8,1,8,,544839,10,0,28 26 38 8,1,48,,612885,10,0,28 26 38 8,1,8,,612881,10,0,28 26 38 8,1,8,,612901,10,0,28 26 38 8,1,8,,612839,10,0,28 26 38 8,1,8,,612861,10,0,28 26 38 8,1,8,,529322,10,0,28 26 38 8,1,8,,452719,10,0,28 26 38 8,1,48,,612827,10,0,28 26 38 8,1,8,,612913,10,0,28 26 38 8,1,8,,553547,10,0,28 26 38 8,1,8,,612925,10,0,28 26 38 8,1,8,,612877,10,0,28 26 38 8,1,8,,566139,10,0,28 26 38 8,1,8,,612859,10,0,28 26 38 8,1,8,,612862,10,0,28 26 38 8,1,48,,612813,10,0,28 26 38 8,1,8,,612909,10,0,28 26 38 8,1,8,,612757,10,0,28 26 38 8,1,8,,612900,10,0,28 26 38 8,1,8,,588510,10,0,28 26 38 8,1,8,,509311,10,0,28 26 38 8,1,8,,612750,10,0,28 26 38 8,1,48,,612886,10,0,28 26 38 8,1,9,,612837,10,0,28 26 38 8,1,10,,612858,10,0,28 26 38 8,1,10,,612806,10,0,28 26 38 8,1,10,,546208,10,0,28 26 38 8,1,10,,612910,10,0,28 26 38 8,1,50,,612891,10,0,28 26 38 8,1,10,,612887,10,0,28 26 38 8,1,10,,530403,10,0,28 26 38 8,1,10,,612754,10,0,28 26 38 8,1,10,,612921,10,0,28 26 38 8,1,10,,464317,10,0,28 26 38 8,1,50,,612808,10,0,28 26 38 8,1,10,,612876,10,0,28 26 38 8,1,10,,500858,10,0,28 26 38 8,1,10,,612875,10,0,28 26 38 8,1,10,,530749,10,0,28 26 38 8,1,10,,612884,10,0,28 26 38 8,1,7,,518549,10,0,28 26 38 8,1,50,,612906,10,0,5 141 8,1,10,,552399,10,0,5 141 8,1,10,,612785,10,0,5 141 8,1,10,,612823,10,0,5 141 8,1,10,,612758,10,0,5 141 8,1,10,,612872,10,0,5 141 8,1,50,,612854,10,0,5 141 8,1,10,,612879,10,0,5 141 8,1,10,,481377,10,0,5 141 8,1,10,,494679,10,0,5 141 8,1,10,,612766,10,0,5 141 8,1,10,,612825,10,0,5 141 8,1,50,,563812,10,0,5 141 8,1,10,,612853,10,0,5 141 8,1,10,,534547,10,0,5 141 8,1,10,,612902,10,0,5 141 8,1,10,,612762,10,0,5 141 8,1,10,,612772,10,0,5 141 8,1,50,,547898,10,0,5 141 8,1,15,,612915,10,0,5 141 8,1,13,,612924,10,0,17 26 27 8,1,15,,612870,10,0,28 26 38 8,1,55,,560299,10,0,28 26 38 8,1,15,,612931,10,0,28 26 38 8,1
2504,'2',537,,612977,10,0,5 141 8,1,10,,613019,10,0,5 141 8,1,10,,613025,10,0,5 141 8,1,50,,612978,10,0,5 141 8,1,10,,613004,10,0,5 141 8,1,10,,613033,10,0,5 141 8,1,10,,612964,10,0,5 141 8,1,10,,612994,10,0,5 141 8,1,10,,612959,10,0,5 141 8,1,50,,612963,10,0,5 141 8,1,10,,613003,10,0,5 141 8,1,10,,612968,10,0,5 141 8,1,8,,612938,10,0,5 141 8,1,10,,613014,10,0,5 141 8,1,9,,612965,10,0,5 141 8,1,49,,612951,10,0,5 141 8,1,10,,589546,10,0,5 141 8,1,10,,612958,10,0,5 141 8,1,10,,612953,10,0,5 141 8,1,10,,579860,10,0,5 141 8,1,10,,498167,10,0,5 141 8,1,50,,612976,10,0,5 141 8,1,10,,613021,10,0,5 141 8,1,10,,612980,10,0,5 141 8,1,10,,612996,10,0,5 141 8,1,10,,612992,10,0,5 141 8,1,10,,562836,10,0,5 141 8,1,50,,612989,10,0,5 141 8,1,10,,612993,10,0,5 141 8,1,10,,598200,10,0,5 141 8,1,10,,613029,10,0,5 141 8,1,10,,550539,10,0,5 141 8,1,10,,598718,10,0,5 141 8,1,50,,612969,10,0,5 141 8,1,10,,574804,10,0,5 141 8,1,7,,446165,10,0,5 141 8,1,10,,612983,10,0,5 141 8,1,10,,571305,10,0,5 141 8,1,10,,570835,10,0,5 141 8,1,50,,613013,10,0,5 141 8,1,10,,613028,10,0,5 141 8,1,10,,613010,10,0,5 141 8,1,10,,612986,10,0,5 141 8,1,10,,612979,10,0,5 141 8,1,10,,612956,10,0,5 141 8,1,50,,613032,10,0,5 141 8,1,10,,613031,10,0,5 141 8,1,10,,596951,10,0,5 141 8,1,10,,612988,10,0,5 141 8,1,10,,612967,10,0,5 141 8,1,10,,612970,10,0,5 141 8,1,50,,612973,10,0,5 141 8,1,10,,613023,10,0,5 141 8,1,10,,613034,10,0,5 141 8,1,10,,613001,10,0,5 141 8,1,10,,612944,10,0,5 141 8,1,10,,612948,10,0,5 141 8,1,50,,613027,10,0,5 141 8,1,10,,613035,10,0,5 141 8,1,10,,613017,10,0,5 141 8,1,10,,612942,10,0,5 141 8,1,10,,612966,10,0,5 141 8,1,10,,613030,10,0,5 141 8,1,50,,613009,10,0,5 141 8,1,10,,612936,10,0,5 141 8,1,10,,612975,10,0,5 141 8,1,10,,613037,10,0,5 141 8,1,10,,612995,10,0,5 141 8,1,10,,613008,10,0,5 141 8,1,50,,612982,10,0,5 141 8,1,10,,613006,10,0,5 141 8,1,10,,612937,10,0,5 141 8,1,10,,613016,10,0,5 141 8,1,10,,612974,10,0,5 141 8,1,10,,613012,10,0,5 141 8,1,50,,612947,10,0,5 141 8,1,10,,612961,10,0,5 141 8,1,10,,612950,10,0,5 141 8,1,10,,613002,10,0,5 141 8,1,10,,612971,10,0,5 141 8,1,10,,562593,10,0,5 141 8,1,50,,612941,10,0,5 141 8,1,10,,612991,10,0,5 141 8,1,10,,587674,10,0,5 141 8,1,10,,613024,10,0,5 141 8,1,10,,575742,10,0,5 141 8,1,10,,612957,10,0,5 141 8,1,50,,612954,10,0,5 141 8,1,10,,613036,10,0,5 141 8,1,10,,612962,10,0,5 141 8,1,10,,612985,10,0,5 141 8,1,10,,612952,10,0,5 141 8,1,10,,612960,10,0,5 141 8,1,50,,613000,10,0,5 141 8,1,10,,612940,10,0,5 141 8,1,10,,571605,10,0,5 141 8,1,10,,612943,10,0,5 141 8,1,10,,543288,10,0,5 141 8,1,10,,428960,10,0,5 141 8,1,50,,406095,10,0,5 141 8,1,8,,613026,10,0,5 141 8,1,8,,613015,10,0,5 141 8,1,8,,612981,10,0,5 141 8,1,10,,505002,10,0,5 141 8,1,10,,612984,10,0,5 141 8,1,10,,612997,10,0,5 141 8,1,50,,613007,10,0,5 141 8,1,10,,612990,10,0,5 141 8,1,10,,612955,10,0,5 141 8,1,10,,612972,10,0,5 141 8,1,10,,613011,10,0,5 141 8,1,10,,447259,10,0,5 141 8,1,50,,612998,10,0,5 141 8,1,10,,613020,10,0,5 141 8,1,10,,612999,10,0,5 141 8,1,10,,514943,10,0,5 141 8,1,10,,613022,10,0,5 141 8,1,10,,612949,10,0,5 141 8,1,55,,612945,10,0,5 141 8,1,15,,552014,10,0,5 141 8,1,12,,613018,10,0,17 26 27 8,1,15,,612946,10,0,28 26 38 8,1,55,,612987,10,0,28 26 38 8,1,15,,612939,10,0,28 26 38 8,1
2504,'3',551,,613083,10,0,5 141 8,1,70,,515292,10,0,5 141 8,1,30,,613091,10,0,5 141 8,1,70,,613103,10,0,5 141 8,1,17,,578209,10,0,5 141 8,1,17,,613122,10,0,5 141 8,1,50,,613048,10,0,5 141 8,1,10,,613123,10,0,5 141 8,1,10,,613084,10,0,5 141 8,1,10,,613057,10,0,5 141 8,1,10,,613124,10,0,5 141 8,1,10,,613110,10,0,5 141 8,1,50,,613064,10,0,5 141 8,1,10,,613111,10,0,5 141 8,1,10,,613078,10,0,5 141 8,1,10,,485448,10,0,5 141 8,1,10,,613067,10,0,5 141 8,1,10,,613070,10,0,5 141 8,1,50,,613043,10,0,5 141 8,1,10,,456396,10,0,5 141 8,1,10,,547511,10,0,5 141 8,1,10,,613063,10,0,5 141 8,1,10,,613044,10,0,5 141 8,1,10,,613050,10,0,5 141 8,1,50,,613059,10,0,5 141 8,1,10,,521187,10,0,5 141 8,1,10,,613069,10,0,5 141 8,1,9,,613039,10,0,5 141 8,1,8,,613073,10,0,5 141 8,1,10,,613114,10,0,5 141 8,1,50,,613068,10,0,5 141 8,1,9,,613066,10,0,5 141 8,1,10,,613081,10,0,5 141 8,1,10,,613118,10,0,5 141 8,1,10,,613092,10,0,5 141 8,1,10,,613088,10,0,5 141 8,1,50,,467783,10,0,5 141 8,1,10,,613077,10,0,5 141 8,1,10,,500899,10,0,5 141 8,1,10,,613116,10,0,5 141 8,1,10,,613046,10,0,5 141 8,1,10,,613090,10,0,5 141 8,1,50,,613098,10,0,5 141 8,1,10,,613105,10,0,5 141 8,1,10,,561501,10,0,5 141 8,1,10,,613097,10,0,5 141 8,1,10,,613071,10,0,5 141 8,1,10,,613120,10,0,5 141 8,1,50,,613109,10,0,5 141 8,1,10,,516765,10,0,5 141 8,1,10,,613086,10,0,5 141 8,1,10,,613051,10,0,5 141 8,1,10,,613112,10,0,5 141 8,1,10,,613065,10,0,5 141 8,1,50,,613045,10,0,5 141 8,1,10,,570473,10,0,5 141 8,1,10,,613126,10,0,5 141 8,1,10,,613099,10,0,5 141 8,1,10,,613096,10,0,5 141 8,1,10,,613076,10,0,5 141 8,1,50,,546691,10,0,5 141 8,1,10,,613125,10,0,5 141 8,1,10,,613047,10,0,5 141 8,1,10,,589223,10,0,5 141 8,1,10,,613117,10,0,5 141 8,1,10,,613053,10,0,5 141 8,1,50,,529719,10,0,5 141 8,1,10,,613061,10,0,5 141 8,1,10,,613058,10,0,5 141 8,1,12,,574569,10,0,5 141 8,1,11,,613042,10,0,5 141 8,1,10,,613104,10,0,5 141 8,1,51,,613085,10,0,5 141 8,1,10,,528366,10,0,5 141 8,1,10,,382683,10,0,5 141 8,1,10,,613101,10,0,5 141 8,1,10,,613062,10,0,5 141 8,1,10,,613072,10,0,5 141 8,1,50,,613054,10,0,5 141 8,1,10,,613127,10,0,5 141 8,1,10,,613115,10,0,5 141 8,1,10,,382418,10,0,5 141 8,1,10,,613052,10,0,5 141 8,1,10,,613094,10,0,5 141 8,1,50,,613074,10,0,5 141 8,1,10,,613079,10,0,5 141 8,1,11,,613093,10,0,5 141 8,1,11,,613080,10,0,5 141 8,1,11,,613095,10,0,5 141 8,1,10,,567756,10,0,5 141 8,1,50,,613082,10,0,5 141 8,1,10,,613108,10,0,5 141 8,1,10,,613102,10,0,5 141 8,1,10,,613119,10,0,5 141 8,1,10,,613055,10,0,5 141 8,1,10,,613100,10,0,5 141 8,1,50,,613113,10,0,5 141 8,1,10,,513558,10,0,5 141 8,1,10,,613107,10,0,5 141 8,1,10,,613106,10,0,5 141 8,1,10,,552031,10,0,5 141 8,1,10,,613075,10,0,5 141 8,1,50,,613038,10,0,5 141 8,1,10,,613060,10,0,5 141 8,1,10,,532412,10,0,5 141 8,1,10,,613089,10,0,5 141 8,1,10,,613040,10,0,5 141 8,1,10,,613049,10,0,5 141 8,1,50,,613056,10,0,5 141 8,1,15,,613121,10,0,5 141 8,1,13,,613041,10,0,17 26 27 8,1,15,,593255,10,0,28 26 38 8,1,55,,613087,10,0,28 26 38 8,1,15,,472443,10,0,28 26 38 8,1
2504,'5',539,,581939,10,0,5 141 8,1,10,,613166,10,0,5 141 8,1,10,,600592,10,0,5 141 8,1,50,,613204,10,0,5 141 8,1,10,,613164,10,0,5 141 8,1,10,,613138,10,0,5 141 8,1,10,,593893,10,0,5 141 8,1,10,,613142,10,0,5 141 8,1,10,,613202,10,0,5 141 8,1,50,,613220,10,0,5 141 8,1,10,,613188,10,0,5 141 8,1,10,,540785,10,0,5 141 8,1,10,,613161,10,0,5 141 8,1,10,,518196,10,0,5 141 8,1,6,,613146,10,0,5 141 8,1,50,,554667,10,0,5 141 8,1,10,,517610,10,0,5 141 8,1,10,,613141,10,0,5 141 8,1,10,,613148,10,0,5 141 8,1,10,,613181,10,0,5 141 8,1,10,,613137,10,0,5 141 8,1,50,,613153,10,0,5 141 8,1,10,,613224,10,0,5 141 8,1,10,,613158,10,0,5 141 8,1,10,,613171,10,0,5 141 8,1,10,,613184,10,0,5 141 8,1,10,,599417,10,0,5 141 8,1,50,,539067,10,0,5 141 8,1,10,,613176,10,0,5 141 8,1,10,,613209,10,0,5 141 8,1,10,,613179,10,0,5 141 8,1,10,,613216,10,0,5 141 8,1,10,,613133,10,0,5 141 8,1,50,,587526,10,0,5 141 8,1,10,,613221,10,0,5 141 8,1,10,,613214,10,0,5 141 8,1,9,,613140,10,0,5 141 8,1,8,,613210,10,0,5 141 8,1,10,,613223,10,0,5 141 8,1,50,,613143,10,0,5 141 8,1,9,,613187,10,0,5 141 8,1,10,,613139,10,0,5 141 8,1,10,,613152,10,0,5 141 8,1,10,,613182,10,0,5 141 8,1,10,,613183,10,0,5 141 8,1,50,,613175,10,0,5 141 8,1,10,,555971,10,0,5 141 8,1,10,,613190,10,0,5 141 8,1,10,,613219,10,0,5 141 8,1,10,,613169,10,0,5 141 8,1,10,,613208,10,0,5 141 8,1,50,,613132,10,0,5 141 8,1,10,,560645,10,0,5 141 8,1,10,,613186,10,0,5 141 8,1,10,,603232,10,0,5 141 8,1,10,,613149,10,0,5 141 8,1,10,,613211,10,0,5 141 8,1,50,,613191,10,0,5 141 8,1,10,,613150,10,0,5 141 8,1,10,,613217,10,0,5 141 8,1,10,,613212,10,0,5 141 8,1,10,,527316,10,0,5 141 8,1,10,,613205,10,0,5 141 8,1,50,,613145,10,0,5 141 8,1,10,,613167,10,0,5 141 8,1,10,,613128,10,0,5 141 8,1,10,,613192,10,0,5 141 8,1,10,,535809,10,0,5 141 8,1,10,,613172,10,0,5 141 8,1,50,,613144,10,0,5 141 8,1,10,,546741,10,0,5 141 8,1,10,,520054,10,0,5 141 8,1,10,,613196,10,0,5 141 8,1,10,,613155,10,0,5 141 8,1,10,,613129,10,0,5 141 8,1,50,,613213,10,0,5 141 8,1,10,,613199,10,0,5 141 8,1,10,,613157,10,0,5 141 8,1,12,,613135,10,0,5 141 8,1,11,,613136,10,0,5 141 8,1,10,,591117,10,0,5 141 8,1,51,,564376,10,0,5 141 8,1,10,,613130,10,0,5 141 8,1,10,,613159,10,0,5 141 8,1,10,,613170,10,0,5 141 8,1,10,,532464,10,0,5 141 8,1,10,,613185,10,0,5 141 8,1,50,,613173,10,0,5 141 8,1,10,,613162,10,0,5 141 8,1,10,,613207,10,0,5 141 8,1,10,,613203,10,0,5 141 8,1,10,,613163,10,0,5 141 8,1,10,,613160,10,0,5 141 8,1,50,,613178,10,0,5 141 8,1,10,,613189,10,0,5 141 8,1,11,,613197,10,0,5 141 8,1,11,,613156,10,0,5 141 8,1,11,,613180,10,0,5 141 8,1,10,,593130,10,0,5 141 8,1,50,,613198,10,0,5 141 8,1,10,,613195,10,0,5 141 8,1,10,,613154,10,0,5 141 8,1,10,,613215,10,0,5 141 8,1,10,,580925,10,0,5 141 8,1,10,,613165,10,0,5 141 8,1,50,,521744,10,0,5 141 8,1,10,,613151,10,0,5 141 8,1,10,,613206,10,0,5 141 8,1,10,,583209,10,0,5 141 8,1,10,,613218,10,0,5 141 8,1,10,,613134,10,0,5 141 8,1,50,,613200,10,0,5 141 8,1,10,,563730,10,0,5 141 8,1,10,,613131,10,0,5 141 8,1,10,,613194,10,0,5 141 8,1,10,,581405,10,0,5 141 8,1,10,,613193,10,0,5 141 8,1,50,,613168,10,0,5 141 8,1,15,,613177,10,0,5 141 8,1,13,,613147,10,0,17 26 27 8,1,15,,613174,10,0,28 26 38 8,1,55,,588490,10,0,28 26 38 8,1,15,,613201,10,0,28 26 38 8,1
16902,'1',935,,677836,45,0,5 26 38 15,1,70,,677852,45,0,5 26 38 15,1,30,,677856,45,0,5 26 38 15,1,70,,677847,45,0,5 26 38 15,1,30,,677861,45,0,5 26 38 15,1,70,,677846,45,0,5 26 38 15,1,30,,545600,45,0,5 26 38 15,1,70,,677839,45,0,5 26 38 15,1,30,,677854,45,0,5 26 38 15,1,71,,677842,45,0,5 26 38 15,1,527,,677858,45,0,5 26 38 15,1,70,,552637,45,0,5 26 38 15,1,30,,677860,45,0,5 26 38 15,1,70,,677845,45,0,5 26 38 15,1,30,,677840,45,0,5 26 38 15,1,70,,527639,45,0,5 26 38 15,1,29,,579144,45,0,5 26 38 15,1,70,,677855,45,0,5 26 38 15,1,30,,525410,45,0,5 26 38 15,1,70,,522770,45,0,5 26 38 15,1,30,,677857,45,0,5 26 38 15,1,70,,592207,45,0,5 26 38 15,1,30,,677853,45,0,5 26 38 15,1
16902,'2',634,,677876,45,0,5 26 38 15,1,70,,677887,45,0,5 26 38 15,1,30,,677881,45,0,5 26 38 15,1,70,,677882,45,0,5 26 38 15,1,29,,677862,45,0,5 26 38 15,1,70,,677883,45,0,5 26 38 15,1,30,,525779,45,0,5 26 38 15,1,70,,677863,45,0,5 26 38 15,1,30,,677869,45,0,5 26 38 15,1,70,,677871,45,0,5 26 38 15,1,30,,677880,45,0,5 26 38 15,1,71,,677868,45,0,5 26 38 15,1,32,,677870,45,0,5 26 38 15,1,70,,677873,45,0,5 26 38 15,1,30,,543374,45,0,5 26 38 15,1,70,,677886,45,0,5 26 38 15,1,30,,677879,45,0,5 26 38 15,1,70,,677888,45,0,5 26 38 15,1,30,,559390,45,0,5 26 38 15,1,70,,552902,45,0,5 26 38 15,1,30,,677865,45,0,5 26 38 15,1,70,,395176,45,0,5 26 38 15,1,30,,677875,45,0,5 26 38 15,1,70,,677867,45,0,5 26 38 15,1,30,,677878,45,0,5 26 38 15,1,70,,677864,45,0,5 26 38 15,1,26,,677866,45,0,5 26 38 15,1,70,,677877,45,0,5 26 38 15,1,30,,677874,45,0,5 26 38 15,1,70,,677884,45,0,5 26 38 15,1,30,,677872,45,0,5 26 38 15,1,70,,505224,45,0,5 26 38 15,1,30,,677885,45,0,5 26 38 15,1
16902,'3',802,,677908,45,0,5 26 38 15,1,30,,677903,45,0,5 26 38 15,1,70,,677889,45,0,5 26 38 15,1,30,,677906,45,0,5 26 38 15,1,70,,677898,45,0,5 26 38 15,1,30,,677911,45,0,5 26 38 15,1,70,,677900,45,0,5 26 38 15,1,30,,548477,45,0,5 26 38 15,1,71,,677895,45,0,5 26 38 15,1,32,,677914,45,0,5 26 38 15,1,70,,533056,45,0,5 26 38 15,1,30,,677896,45,0,5 26 38 15,1,70,,677902,45,0,5 26 38 15,1,30,,596624,45,0,5 26 38 15,1,70,,677910,45,0,5 26 38 15,1,30,,677892,45,0,5 26 38 15,1,70,,524160,45,0,5 26 38 15,1,30,,677894,45,0,5 26 38 15,1,70,,677897,45,0,5 26 38 15,1,30,,677909,45,0,5 26 38 15,1,70,,677912,45,0,5 26 38 15,1,30,,677891,45,0,5 26 38 15,1,70,,677904,45,0,5 26 38 15,1,29,,677890,45,0,5 26 38 15,1,70,,677907,45,0,5 26 38 15,1,30,,677899,45,0,5 26 38 15,1,70,,677913,45,0,5 26 38 15,1,30,,677893,45,0,5 26 38 15,1,70,,677901,45,0,5 26 38 15,1,30,,677905,45,0,5 26 38 15,1
16902,'5',702,,677928,45,0,5 26 38 15,1,30,,677922,45,0,5 26 38 15,1,70,,677934,45,0,5 26 38 15,1,30,,677938,45,0,5 26 38 15,1,70,,677940,45,0,5 26 38 15,1,30,,677924,45,0,5 26 38 15,1,70,,677915,45,0,5 26 38 15,1,30,,677925,45,0,5 26 38 15,1,70,,677937,45,0,5 26 38 15,1,30,,677923,45,0,5 26 38 15,1,71,,677919,45,0,5 26 38 15,1,32,,677917,45,0,5 26 38 15,1,70,,596015,45,0,5 26 38 15,1,30,,677939,45,0,5 26 38 15,1,70,,587250,45,0,5 26 38 15,1,30,,677929,45,0,5 26 38 15,1,70,,545541,45,0,5 26 38 15,1,30,,677936,45,0,5 26 38 15,1,70,,677920,45,0,5 26 38 15,1,30,,677927,45,0,5 26 38 15,1,70,,677916,45,0,5 26 38 15,1,30,,677932,45,0,5 26 38 15,1,70,,677931,45,0,5 26 38 15,1,30,,518697,45,0,5 26 38 15,1,70,,677926,45,0,5 26 38 15,1,29,,677918,45,0,5 26 38 15,1,70,,588148,45,0,5 26 38 15,1,30,,677933,45,0,5 26 38 15,1,70,,677921,45,0,5 26 38 15,1,30,,523018,45,0,5 26 38 15,1,70,,677930,45,0,5 26 38 15,1,30,,677935,45,0,5 26 38 15,1
32504,'1',451,,681703,10,0,11 12 147,1,56,,681701,10,0,11 12 147,1,2144,,681702,10,0,11 12 147,1,70,,681705,10,0,11 12 147,1,30,,681699,10,0,11 12 147,1,70,,571128,10,0,11 12 147,1
32504,'2',451,,681711,10,0,11 12 147,1,58,,583795,10,0,11 12 147,1,2142,,681712,10,0,11 12 147,1,70,,681710,10,0,11 12 147,1,30,,467168,10,0,11 12 147,1,70,,493188,10,0,11 12 147,1
32504,'3',451,,681715,10,0,11 12 147,1,68,,567212,10,0,11 12 147,1,2132,,681717,10,0,11 12 147,1,70,,539778,10,0,11 12 147,1,30,,681714,10,0,11 12 147,1,70,,681716,10,0,11 12 147,1
32504,'5',452,,589787,10,0,11 12 147,1,59,,681722,10,0,11 12 147,1,2140,,597849,10,0,11 12 147,1,70,,681723,10,0,11 12 147,1,30,,681721,10,0,11 12 147,1,70,,681718,10,0,11 12 147,1
