8502,'1',509,,736531,17,0,26 38 15,1,21,,736586,17,0,26 38 15,1,18,,736572,17,0,26 38 15,1,58,,736593,17,0,26 38 15,1,17,,736529,17,0,26 38 15,1,14,,736567,17,0,26 38 15,1,15,,621804,17,0,26 38 15,1,57,,736538,17,0,26 38 15,1,18,,620209,17,0,26 38 15,1,18,,668046,17,0,26 38 15,1,58,,736576,17,0,26 38 15,1,18,,736558,17,0,26 38 15,1,18,,676712,17,0,26 38 15,1,17,,613547,17,0,26 38 15,1,58,,658450,17,0,26 38 15,1,15,,736548,17,0,26 38 15,1,15,,736585,17,0,26 38 15,1,15,,645941,17,0,26 38 15,1,55,,736579,17,0,26 38 15,1,15,,736591,17,0,26 38 15,1,15,,664466,17,0,26 38 15,1,15,,736550,17,0,26 38 15,1,55,,736495,17,0,26 38 15,1,15,,736545,17,0,26 38 15,1,15,,736589,17,0,26 38 15,1,15,,736500,17,0,26 38 15,1,55,,736492,17,0,26 38 15,1,15,,599491,17,0,26 38 15,1,15,,736546,17,0,26 38 15,1,15,,736513,17,0,26 38 15,1,55,,736523,17,0,26 38 15,1,15,,595200,17,0,26 38 15,1,15,,736528,17,0,26 38 15,1,15,,736491,17,0,26 38 15,1,55,,736501,17,0,26 38 15,1,15,,736573,17,0,26 38 15,1,17,,736507,17,0,26 38 15,1,58,,643991,17,0,26 38 15,1,18,,736493,17,0,26 38 15,1,18,,549813,17,0,26 38 15,1,18,,736557,17,0,26 38 15,1,58,,736504,17,0,26 38 15,1,18,,736535,17,0,26 38 15,1,18,,736512,17,0,26 38 15,1,58,,736509,17,0,26 38 15,1,18,,736498,17,0,26 38 15,1,18,,736566,17,0,26 38 15,1,58,,736494,17,0,26 38 15,1,18,,736544,17,0,26 38 15,1,18,,621382,17,0,26 38 15,1,17,,736519,17,0,26 38 15,1,57,,664012,17,0,26 38 15,1,15,,736489,17,0,26 38 15,1,15,,736541,17,0,26 38 15,1,15,,633871,17,0,26 38 15,1,55,,736516,17,0,26 38 15,1,14,,736540,17,0,26 38 15,1,15,,736542,17,0,26 38 15,1,15,,736517,17,0,26 38 15,1,55,,736555,17,0,26 38 15,1,15,,736584,17,0,26 38 15,1,15,,668978,17,0,26 38 15,1,60,,736537,17,0,26 38 15,1,20,,649864,17,0,26 38 15,1,20,,736574,17,0,26 38 15,1,60,,736569,17,0,26 38 15,1,20,,430303,17,0,26 38 15,1,20,,736533,17,0,26 38 15,1,60,,736581,17,0,26 38 15,1,20,,736552,17,0,26 38 15,1,20,,597281,17,0,26 38 15,1,70,,736497,17,0,26 38 15,1,9,,736515,16,0,17 175 63,1,19,,736590,17,0,26 38 15,1,15,,736503,16,0,17 175 63,1
8502,'2',508,,680416,17,0,26 38 15,1,21,,736723,17,0,26 38 15,1,20,,736618,17,0,26 38 15,1,60,,602283,17,0,26 38 15,1,20,,736710,17,0,26 38 15,1,20,,736601,17,0,26 38 15,1,60,,736701,17,0,26 38 15,1,23,,639357,17,0,26 38 15,1,12,,736696,17,0,26 38 15,1,13,,666423,17,0,26 38 15,1,54,,675824,17,0,26 38 15,1,16,,736669,17,0,26 38 15,1,16,,736712,17,0,26 38 15,1,16,,736627,17,0,26 38 15,1,56,,736689,17,0,26 38 15,1,16,,620244,17,0,26 38 15,1,16,,736643,17,0,26 38 15,1,56,,736625,17,0,26 38 15,1,16,,736602,17,0,26 38 15,1,16,,736594,17,0,26 38 15,1,16,,736611,17,0,26 38 15,1,56,,736671,17,0,26 38 15,1,15,,736624,17,0,26 38 15,1,14,,736596,17,0,26 38 15,1,16,,736608,17,0,26 38 15,1,56,,736686,17,0,26 38 15,1,12,,669207,17,0,26 38 15,1,12,,736595,17,0,26 38 15,1,12,,736617,17,0,26 38 15,1,12,,736644,17,0,26 38 15,1,52,,628219,17,0,26 38 15,1,12,,736642,17,0,26 38 15,1,12,,736676,17,0,26 38 15,1,12,,653092,17,0,26 38 15,1,12,,736675,17,0,26 38 15,1,52,,736610,17,0,26 38 15,1,12,,736706,17,0,26 38 15,1,12,,736636,17,0,26 38 15,1,12,,736658,17,0,26 38 15,1,12,,736665,17,0,26 38 15,1,52,,736639,17,0,26 38 15,1,12,,736692,17,0,26 38 15,1,12,,736673,17,0,26 38 15,1,12,,736687,17,0,26 38 15,1,12,,736635,17,0,26 38 15,1,52,,736690,17,0,26 38 15,1,12,,736688,17,0,26 38 15,1,12,,736598,17,0,26 38 15,1,12,,736708,17,0,26 38 15,1,12,,736722,17,0,26 38 15,1,52,,687352,17,0,26 38 15,1,12,,736680,17,0,26 38 15,1,12,,736681,17,0,26 38 15,1,12,,736718,17,0,26 38 15,1,12,,736613,17,0,26 38 15,1,52,,736638,17,0,26 38 15,1,12,,736633,17,0,26 38 15,1,12,,736668,17,0,26 38 15,1,12,,736626,17,0,26 38 15,1,12,,654567,17,0,26 38 15,1,56,,632015,17,0,26 38 15,1,20,,736660,17,0,26 38 15,1,20,,736614,17,0,26 38 15,1,60,,632874,17,0,26 38 15,1,20,,736622,17,0,26 38 15,1,20,,736631,17,0,26 38 15,1,60,,736719,17,0,26 38 15,1,20,,736679,17,0,26 38 15,1,20,,736677,17,0,26 38 15,1,60,,468974,17,0,26 38 15,1,20,,736694,17,0,26 38 15,1,20,,736621,17,0,26 38 15,1,60,,736695,17,0,26 38 15,1,20,,736691,17,0,26 38 15,1,20,,736609,17,0,26 38 15,1,60,,736599,17,0,26 38 15,1,20,,455408,17,0,26 38 15,1,20,,736721,17,0,26 38 15,1,60,,736702,17,0,26 38 15,1,29,,736632,17,0,26 38 15,1,15,,666402,16,0,17 175 63,1
8502,'3',727,,640428,17,0,26 38 15,1,14,,736798,17,0,26 38 15,1,61,,736819,17,0,26 38 15,1,20,,736733,17,0,26 38 15,1,20,,736803,17,0,26 38 15,1,60,,736830,17,0,26 38 15,1,20,,736800,17,0,26 38 15,1,20,,679842,17,0,26 38 15,1,60,,736743,17,0,26 38 15,1,16,,736788,17,0,26 38 15,1,16,,736795,17,0,26 38 15,1,16,,736759,17,0,26 38 15,1,56,,736823,17,0,26 38 15,1,15,,736828,17,0,26 38 15,1,16,,736731,17,0,26 38 15,1,16,,673599,17,0,26 38 15,1,54,,592118,17,0,26 38 15,1,12,,736838,17,0,26 38 15,1,12,,736766,17,0,26 38 15,1,12,,736787,17,0,26 38 15,1,12,,736794,17,0,26 38 15,1,52,,736817,17,0,26 38 15,1,12,,668427,17,0,26 38 15,1,12,,736776,17,0,26 38 15,1,12,,736834,17,0,26 38 15,1,12,,736827,17,0,26 38 15,1,52,,736789,17,0,26 38 15,1,12,,689806,17,0,26 38 15,1,12,,736816,17,0,26 38 15,1,12,,736745,17,0,26 38 15,1,12,,736821,17,0,26 38 15,1,52,,736833,17,0,26 38 15,1,12,,736780,17,0,26 38 15,1,12,,736781,17,0,26 38 15,1,12,,736756,17,0,26 38 15,1,12,,736769,17,0,26 38 15,1,52,,736793,17,0,26 38 15,1,12,,736744,17,0,26 38 15,1,12,,736740,17,0,26 38 15,1,12,,681643,17,0,26 38 15,1,12,,736813,17,0,26 38 15,1,52,,736836,17,0,26 38 15,1,12,,736818,17,0,26 38 15,1,12,,736747,17,0,26 38 15,1,12,,614141,17,0,26 38 15,1,12,,736771,17,0,26 38 15,1,52,,642798,17,0,26 38 15,1,12,,736761,17,0,26 38 15,1,12,,675255,17,0,26 38 15,1,12,,561541,17,0,26 38 15,1,12,,672340,17,0,26 38 15,1,57,,736810,17,0,26 38 15,1,20,,736767,17,0,26 38 15,1,20,,736796,17,0,26 38 15,1,60,,666054,17,0,26 38 15,1,20,,736806,17,0,26 38 15,1,20,,736826,17,0,26 38 15,1,60,,736730,17,0,26 38 15,1,20,,736777,17,0,26 38 15,1,20,,672062,17,0,26 38 15,1,61,,736775,17,0,26 38 15,1,20,,736822,17,0,26 38 15,1,20,,736772,17,0,26 38 15,1,60,,564481,17,0,26 38 15,1,20,,736840,17,0,26 38 15,1,20,,736755,17,0,26 38 15,1,60,,736754,17,0,26 38 15,1,20,,736748,17,0,26 38 15,1,20,,736815,17,0,26 38 15,1,60,,736751,17,0,26 38 15,1,28,,736737,17,0,26 38 15,1,15,,675427,16,0,17 175 63,1
8502,'5',509,,736885,17,0,26 38 15,1,19,,736842,17,0,26 38 15,1,20,,736856,17,0,26 38 15,1,60,,736890,17,0,26 38 15,1,20,,736883,17,0,26 38 15,1,20,,736971,17,0,26 38 15,1,60,,736898,17,0,26 38 15,1,20,,736958,17,0,26 38 15,1,15,,736881,17,0,26 38 15,1,59,,634387,17,0,26 38 15,1,20,,736861,17,0,26 38 15,1,20,,736937,17,0,26 38 15,1,60,,662548,17,0,26 38 15,1,20,,736874,17,0,26 38 15,1,20,,736950,17,0,26 38 15,1,60,,736912,17,0,26 38 15,1,16,,736860,17,0,26 38 15,1,16,,675082,17,0,26 38 15,1,16,,736896,17,0,26 38 15,1,56,,736915,17,0,26 38 15,1,15,,736901,17,0,26 38 15,1,16,,736905,17,0,26 38 15,1,16,,636949,17,0,26 38 15,1,54,,736961,17,0,26 38 15,1,12,,736931,17,0,26 38 15,1,12,,736956,17,0,26 38 15,1,12,,736865,17,0,26 38 15,1,12,,736899,17,0,26 38 15,1,52,,736894,17,0,26 38 15,1,12,,736863,17,0,26 38 15,1,12,,736954,17,0,26 38 15,1,12,,736859,17,0,26 38 15,1,12,,736955,17,0,26 38 15,1,52,,516814,17,0,26 38 15,1,12,,736851,17,0,26 38 15,1,12,,629210,17,0,26 38 15,1,12,,736873,17,0,26 38 15,1,12,,736944,17,0,26 38 15,1,52,,736927,17,0,26 38 15,1,12,,736857,17,0,26 38 15,1,12,,736943,17,0,26 38 15,1,12,,736858,17,0,26 38 15,1,12,,736938,17,0,26 38 15,1,52,,736906,17,0,26 38 15,1,12,,736959,17,0,26 38 15,1,12,,736929,17,0,26 38 15,1,12,,736843,17,0,26 38 15,1,12,,736886,17,0,26 38 15,1,52,,657365,17,0,26 38 15,1,12,,676599,17,0,26 38 15,1,12,,736960,17,0,26 38 15,1,12,,736928,17,0,26 38 15,1,12,,669267,17,0,26 38 15,1,52,,736869,17,0,26 38 15,1,12,,736965,17,0,26 38 15,1,12,,736948,17,0,26 38 15,1,12,,736866,17,0,26 38 15,1,12,,736933,17,0,26 38 15,1,57,,736946,17,0,26 38 15,1,20,,736947,17,0,26 38 15,1,20,,736853,17,0,26 38 15,1,60,,627705,17,0,26 38 15,1,20,,736921,17,0,26 38 15,1,20,,736849,17,0,26 38 15,1,60,,736953,17,0,26 38 15,1,20,,736872,17,0,26 38 15,1,20,,736910,17,0,26 38 15,1,61,,736941,17,0,26 38 15,1,20,,736920,17,0,26 38 15,1,20,,736892,17,0,26 38 15,1,60,,736949,17,0,26 38 15,1,20,,736925,17,0,26 38 15,1,20,,736868,17,0,26 38 15,1,60,,736913,17,0,26 38 15,1,20,,736871,17,0,26 38 15,1,20,,736877,17,0,26 38 15,1,60,,736963,17,0,26 38 15,1,28,,736939,17,0,26 38 15,1,15,,530660,16,0,17 175 63,1
20003,'2',816,,767818,12,0,67,1,20,,767832,12,0,67,1,20,,767810,12,0,67,1,60,,767801,12,0,67,1,20,,767820,12,0,67,1,20,,767814,12,0,67,1,60,,563867,12,0,67,1,20,,767809,12,0,67,1,20,,767827,12,0,67,1,60,,767812,12,0,67,1,20,,647634,12,0,67,1,20,,767824,12,0,67,1,60,,767802,12,0,67,1,20,,767823,12,0,67,1,20,,767828,12,0,67,1,60,,767804,12,0,67,1,20,,767815,12,0,67,1,20,,767829,12,0,67,1,60,,767831,12,0,67,1,20,,767807,12,0,67,1,20,,610150,12,0,67,1,60,,767825,12,0,67,1,20,,767826,12,0,67,1,20,,767830,12,0,67,1,60,,767806,12,0,67,1,20,,659013,12,0,67,1,20,,767813,12,0,67,1,60,,767805,12,0,67,1,20,,520671,12,0,67,1,20,,620590,12,0,67,1,60,,767808,12,0,67,1,20,,767803,12,0,67,1,20,,767816,12,0,67,1,60,,767817,12,0,67,1,20,,767819,12,0,67,1,20,,767811,12,0,67,1,60,,603524,12,0,67,1,20,,767821,12,0,67,1,20,,767822,12,0,67,1
20003,'3',816,,565576,12,0,67,1,20,,767842,12,0,67,1,20,,767841,12,0,67,1,60,,767847,12,0,67,1,20,,684270,12,0,67,1,20,,654010,12,0,67,1,60,,767846,12,0,67,1,20,,767854,12,0,67,1,20,,652471,12,0,67,1,60,,617461,12,0,67,1,20,,767855,12,0,67,1,20,,767836,12,0,67,1,60,,767862,12,0,67,1,20,,767853,12,0,67,1,20,,767851,12,0,67,1,60,,767861,12,0,67,1,20,,767852,12,0,67,1,20,,767835,12,0,67,1,60,,767834,12,0,67,1,20,,767843,12,0,67,1,20,,767860,12,0,67,1,60,,767856,12,0,67,1,20,,767858,12,0,67,1,20,,552742,12,0,67,1,60,,767840,12,0,67,1,20,,767838,12,0,67,1,20,,767857,12,0,67,1,60,,767850,12,0,67,1,20,,767848,12,0,67,1,20,,767849,12,0,67,1,60,,767839,12,0,67,1,20,,767845,12,0,67,1,20,,596125,12,0,67,1,60,,767837,12,0,67,1,20,,679546,12,0,67,1,20,,767844,12,0,67,1,60,,661008,12,0,67,1,20,,767859,12,0,67,1,20,,767833,12,0,67,1
20003,'5',816,,767863,12,0,67,1,20,,767879,12,0,67,1,20,,767871,12,0,67,1,60,,767872,12,0,67,1,20,,517983,12,0,67,1,20,,660501,12,0,67,1,60,,639209,12,0,67,1,20,,767891,12,0,67,1,20,,767890,12,0,67,1,60,,767885,12,0,67,1,20,,680350,12,0,67,1,20,,767867,12,0,67,1,60,,639222,12,0,67,1,20,,767881,12,0,67,1,20,,767880,12,0,67,1,60,,767866,12,0,67,1,20,,767886,12,0,67,1,20,,612705,12,0,67,1,60,,767888,12,0,67,1,20,,767878,12,0,67,1,20,,767874,12,0,67,1,60,,607302,12,0,67,1,20,,682764,12,0,67,1,20,,767868,12,0,67,1,60,,767882,12,0,67,1,20,,683246,12,0,67,1,20,,767884,12,0,67,1,60,,767883,12,0,67,1,20,,767877,12,0,67,1,20,,767887,12,0,67,1,60,,767889,12,0,67,1,20,,767875,12,0,67,1,20,,767873,12,0,67,1,60,,767865,12,0,67,1,20,,767876,12,0,67,1,20,,767869,12,0,67,1,60,,525951,12,0,67,1,20,,767864,12,0,67,1,20,,767870,12,0,67,1
38502,'1',411,,681148,17,0,11 12 96 15,1,30,,771146,17,0,11 12 96 15,1,2170,,658945,17,0,11 12 96 15,1,30,,771145,17,0,11 12 96 15,1,70,,629260,17,0,11 12 96 15,1,30,,771143,17,0,11 12 96 15,1
38502,'2',411,,628177,17,0,11 12 96 15,1,30,,771147,17,0,11 12 96 15,1,2170,,771152,17,0,11 12 96 15,1,30,,771148,17,0,11 12 96 15,1,70,,771149,17,0,11 12 96 15,1,30,,771150,17,0,11 12 96 15,1
38502,'3',411,,656461,17,0,11 12 96 15,1,30,,771156,17,0,11 12 96 15,1,70,,771165,17,0,11 12 96 15,1,21,,771162,17,0,11 12 96 15,1,20,,771154,17,0,11 12 96 15,1,60,,771161,17,0,11 12 96 15,1,20,,771159,17,0,11 12 96 15,1,20,,771164,17,0,11 12 96 15,1,60,,771158,17,0,11 12 96 15,1,1899,,771155,17,0,11 12 96 15,1,30,,665596,17,0,11 12 96 15,1,70,,771160,17,0,11 12 96 15,1,30,,771163,17,0,11 12 96 15,1
38502,'5',411,,771166,17,0,11 12 96 15,1,30,,601421,17,0,11 12 96 15,1,2170,,771169,17,0,11 12 96 15,1,30,,771168,17,0,11 12 96 15,1,70,,771171,17,0,11 12 96 15,1,30,,771170,17,0,11 12 96 15,1
