3504,'1',525,,618373,35,0,34 52 53 8,1,5,,618240,29,0,5 52 53 8,1,7,,584616,35,0,34 52 53 8,1,5,,568948,29,0,5 52 53 8,1,6,,618254,35,0,34 52 53 8,1,6,,618297,29,0,5 52 53 8,1,5,,618340,35,0,34 52 53 8,1,46,,618324,29,0,5 52 53 8,1,6,,618368,35,0,34 52 53 8,1,6,,544657,30,0,5 52 53 8,1,6,,580658,36,0,34 52 53 8,1,6,,561192,30,0,5 52 53 8,1,6,,618290,36,0,34 52 53 8,1,6,,618345,30,0,5 52 53 8,1,6,,618251,36,0,34 52 53 8,1,6,,618360,30,0,5 52 53 8,1,47,,618252,36,0,34 52 53 8,1,9,,618267,30,0,5 52 53 8,1,8,,618247,36,0,34 52 53 8,1,6,,618362,30,0,5 52 53 8,1,8,,618275,36,0,34 52 53 8,1,7,,618261,30,0,5 52 53 8,1,8,,618332,36,0,34 52 53 8,1,7,,618354,30,0,5 52 53 8,1,48,,490908,36,0,34 52 53 8,1,7,,618298,30,0,5 52 53 8,1,8,,618299,36,0,34 52 53 8,1,7,,618273,30,0,5 52 53 8,1,8,,618264,36,0,34 52 53 8,1,7,,618268,30,0,5 52 53 8,1,8,,618338,36,0,34 52 53 8,1,7,,618330,30,0,5 52 53 8,1,48,,618342,36,0,34 52 53 8,1,6,,618361,30,0,5 52 53 8,1,8,,618313,36,0,34 52 53 8,1,7,,618276,30,0,5 52 53 8,1,5,,618367,36,0,34 52 53 8,1,6,,618256,30,0,5 52 53 8,1,9,,618365,36,0,34 52 53 8,1,8,,538269,30,0,5 52 53 8,1,9,,618343,36,0,34 52 53 8,1,48,,618274,30,0,5 52 53 8,1,9,,618286,36,0,34 52 53 8,1,8,,618243,30,0,5 52 53 8,1,9,,618303,36,0,34 52 53 8,1,8,,618309,30,0,5 52 53 8,1,9,,618280,36,0,34 52 53 8,1,8,,601476,30,0,5 52 53 8,1,49,,467264,36,0,34 52 53 8,1,8,,618374,30,0,5 52 53 8,1,9,,618246,36,0,34 52 53 8,1,8,,618371,30,0,5 52 53 8,1,9,,545190,36,0,34 52 53 8,1,8,,618259,30,0,5 52 53 8,1,9,,618272,36,0,34 52 53 8,1,49,,618305,30,0,5 52 53 8,1,10,,568974,36,0,34 52 53 8,1,8,,564129,30,0,5 52 53 8,1,9,,618339,36,0,34 52 53 8,1,8,,618379,30,0,5 52 53 8,1,9,,618239,36,0,34 52 53 8,1,8,,618352,30,0,5 52 53 8,1,49,,618302,36,0,34 52 53 8,1,8,,618260,30,0,5 52 53 8,1,8,,618249,36,0,34 52 53 8,1,9,,618346,30,0,5 52 53 8,1,8,,537152,36,0,34 52 53 8,1,9,,618291,30,0,5 52 53 8,1,8,,618357,36,0,34 52 53 8,1,49,,550114,30,0,5 52 53 8,1,8,,618335,36,0,34 52 53 8,1,6,,618292,30,0,5 52 53 8,1,8,,618350,36,0,34 52 53 8,1,5,,573247,30,0,5 52 53 8,1,8,,618300,36,0,34 52 53 8,1,9,,618245,30,0,5 52 53 8,1,7,,618308,36,0,34 52 53 8,1,49,,618321,30,0,5 52 53 8,1,7,,618316,36,0,34 52 53 8,1,8,,618348,30,0,5 52 53 8,1,7,,601500,36,0,34 52 53 8,1,8,,556064,30,0,5 52 53 8,1,7,,618334,36,0,34 52 53 8,1,8,,618349,30,0,5 52 53 8,1,7,,618320,36,0,34 52 53 8,1,48,,618279,30,0,5 52 53 8,1,7,,618323,36,0,34 52 53 8,1,8,,618306,30,0,5 52 53 8,1,7,,505078,36,0,34 52 53 8,1,8,,618294,30,0,5 52 53 8,1,7,,618325,36,0,34 52 53 8,1,8,,618250,30,0,5 52 53 8,1,7,,618329,36,0,34 52 53 8,1,47,,618336,30,0,5 52 53 8,1,7,,618269,36,0,34 52 53 8,1,7,,618353,30,0,5 52 53 8,1,7,,618328,36,0,34 52 53 8,1,7,,618262,30,0,5 52 53 8,1,3,,618284,30,0,5 52 53 8,1,4,,618372,36,0,34 52 53 8,1,8,,618366,30,0,5 52 53 8,1,7,,618310,36,0,34 52 53 8,1,48,,618351,30,0,5 52 53 8,1,7,,618376,36,0,34 52 53 8,1,8,,618317,30,0,5 52 53 8,1,7,,618370,36,0,34 52 53 8,1,4,,599622,30,0,5 52 53 8,1,4,,618311,30,0,5 52 53 8,1,7,,561775,36,0,34 52 53 8,1,8,,618289,30,0,5 52 53 8,1,7,,618304,36,0,34 52 53 8,1,44,,575292,30,0,5 52 53 8,1,1,,597364,30,0,5 52 53 8,1,2,,618278,30,0,5 52 53 8,1,4,,618293,36,0,34 52 53 8,1,2,,618285,30,0,5 52 53 8,1,4,,514835,30,0,5 52 53 8,1,7,,618347,36,0,34 52 53 8,1,6,,618359,30,0,5 52 53 8,1,9,,618327,36,0,34 52 53 8,1,4,,618358,30,0,5 52 53 8,1,4,,618296,30,0,5 52 53 8,1,9,,618333,36,0,34 52 53 8,1,48,,618375,30,0,5 52 53 8,1,9,,618318,36,0,34 52 53 8,1,4,,585525,30,0,5 52 53 8,1,4,,618344,30,0,5 52 53 8,1,9,,618283,36,0,34 52 53 8,1,4,,618295,30,0,5 52 53 8,1,4,,618287,30,0,5 52 53 8,1,4,,618312,30,0,5 52 53 8,1,5,,618248,36,0,34 52 53 8,1,4,,618258,30,0,5 52 53 8,1,4,,618282,30,0,5 52 53 8,1,49,,533985,36,0,34 52 53 8,1,8,,618326,30,0,5 52 53 8,1,9,,618378,36,0,34 52 53 8,1,4,,618301,30,0,5 52 53 8,1,4,,544256,30,0,5 52 53 8,1,9,,618271,36,0,34 52 53 8,1,7,,618315,30,0,5 52 53 8,1,5,,618369,30,0,5 52 53 8,1,5,,618277,36,0,34 52 53 8,1,7,,618331,30,0,5 52 53 8,1,1,,618319,30,0,5 52 53 8,1,45,,618241,36,0,34 52 53 8,1,4,,514828,30,0,5 52 53 8,1,6,,618364,30,0,5 52 53 8,1,4,,618257,30,0,5 52 53 8,1,5,,618337,36,0,34 52 53 8,1,10,,546968,30,0,5 52 53 8,1,10,,490566,36,0,34 52 53 8,1,5,,618266,30,0,5 52 53 8,1,5,,491999,30,0,5 52 53 8,1,50,,618270,36,0,34 52 53 8,1,10,,618356,30,0,5 52 53 8,1,10,,618341,36,0,34 52 53 8,1,10,,618281,30,0,5 52 53 8,1,10,,618380,36,0,34 52 53 8,1,5,,602169,30,0,5 52 53 8,1,5,,618307,30,0,5 52 53 8,1,5,,618377,30,0,5 52 53 8,1,45,,618244,36,0,34 52 53 8,1,5,,618314,30,0,5 52 53 8,1,5,,618322,30,0,5 52 53 8,1,5,,618263,30,0,5 52 53 8,1,5,,540150,36,0,34 52 53 8,1,10,,486811,30,0,5 52 53 8,1,10,,525586,36,0,34 52 53 8,1,4,,618253,30,0,5 52 53 8,1,5,,618355,30,0,5 52 53 8,1,51,,618288,36,0,34 52 53 8,1,10,,547990,30,0,5 52 53 8,1,10,,384014,36,0,34 52 53 8,1,10,,618265,30,0,5 52 53 8,1,14,,618363,30,0,5 52 53 8,1,54,,618242,30,0,5 52 53 8,1,15,,618255,30,0,17 74,1
3504,'2',537,,400996,35,0,34 52 53 8,1,9,,618468,29,0,5 52 53 8,1,11,,618489,35,0,34 52 53 8,1,49,,618428,29,0,5 52 53 8,1,10,,618463,36,0,34 52 53 8,1,10,,618381,30,0,5 52 53 8,1,10,,618393,36,0,34 52 53 8,1,10,,618506,30,0,5 52 53 8,1,10,,618476,36,0,34 52 53 8,1,50,,618493,30,0,5 52 53 8,1,10,,618442,36,0,34 52 53 8,1,12,,618505,30,0,5 52 53 8,1,10,,575050,36,0,34 52 53 8,1,9,,560392,30,0,5 52 53 8,1,8,,542423,36,0,34 52 53 8,1,50,,618501,30,0,5 52 53 8,1,10,,618427,36,0,34 52 53 8,1,10,,589090,30,0,5 52 53 8,1,10,,618509,36,0,34 52 53 8,1,10,,474640,30,0,5 52 53 8,1,10,,618413,36,0,34 52 53 8,1,50,,618444,30,0,5 52 53 8,1,10,,463203,36,0,34 52 53 8,1,10,,618420,30,0,5 52 53 8,1,10,,600790,36,0,34 52 53 8,1,10,,618490,30,0,5 52 53 8,1,10,,618409,36,0,34 52 53 8,1,50,,618416,30,0,5 52 53 8,1,10,,618473,36,0,34 52 53 8,1,10,,508162,30,0,5 52 53 8,1,10,,562811,36,0,34 52 53 8,1,10,,555437,30,0,5 52 53 8,1,10,,618459,36,0,34 52 53 8,1,50,,618500,30,0,5 52 53 8,1,10,,618418,36,0,34 52 53 8,1,10,,618503,30,0,5 52 53 8,1,10,,516754,36,0,34 52 53 8,1,10,,618485,30,0,5 52 53 8,1,4,,618439,30,0,5 52 53 8,1,5,,618437,36,0,34 52 53 8,1,50,,618391,30,0,5 52 53 8,1,10,,618496,36,0,34 52 53 8,1,10,,618487,30,0,5 52 53 8,1,11,,618440,36,0,34 52 53 8,1,6,,618408,30,0,5 52 53 8,1,6,,618443,36,0,34 52 53 8,1,3,,618511,30,0,5 52 53 8,1,4,,618447,30,0,5 52 53 8,1,48,,618392,36,0,34 52 53 8,1,3,,618450,30,0,5 52 53 8,1,4,,618452,30,0,5 52 53 8,1,8,,618457,36,0,34 52 53 8,1,7,,618488,30,0,5 52 53 8,1,8,,618421,36,0,34 52 53 8,1,7,,477261,30,0,5 52 53 8,1,4,,618429,30,0,5 52 53 8,1,4,,594078,36,0,34 52 53 8,1,7,,618402,30,0,5 52 53 8,1,48,,618433,36,0,34 52 53 8,1,7,,618510,30,0,5 52 53 8,1,8,,618382,36,0,34 52 53 8,1,7,,618448,30,0,5 52 53 8,1,8,,618482,36,0,34 52 53 8,1,7,,618483,30,0,5 52 53 8,1,8,,406432,36,0,34 52 53 8,1,7,,618460,30,0,5 52 53 8,1,48,,590051,36,0,34 52 53 8,1,7,,618445,30,0,5 52 53 8,1,8,,618508,36,0,34 52 53 8,1,7,,618386,30,0,5 52 53 8,1,8,,618432,36,0,34 52 53 8,1,7,,618422,30,0,5 52 53 8,1,8,,618479,36,0,34 52 53 8,1,7,,618423,30,0,5 52 53 8,1,48,,493154,36,0,34 52 53 8,1,7,,416846,30,0,5 52 53 8,1,8,,618394,36,0,34 52 53 8,1,7,,401011,30,0,5 52 53 8,1,8,,618385,36,0,34 52 53 8,1,8,,618497,30,0,5 52 53 8,1,7,,618405,36,0,34 52 53 8,1,8,,618389,30,0,5 52 53 8,1,48,,576995,36,0,34 52 53 8,1,7,,618507,30,0,5 52 53 8,1,9,,618431,36,0,34 52 53 8,1,9,,618465,30,0,5 52 53 8,1,4,,618397,30,0,5 52 53 8,1,5,,618472,36,0,34 52 53 8,1,9,,618461,30,0,5 52 53 8,1,8,,618434,36,0,34 52 53 8,1,49,,618504,30,0,5 52 53 8,1,8,,618424,36,0,34 52 53 8,1,9,,618449,30,0,5 52 53 8,1,4,,618466,30,0,5 52 53 8,1,4,,564446,36,0,34 52 53 8,1,9,,618491,30,0,5 52 53 8,1,4,,618430,30,0,5 52 53 8,1,4,,531902,36,0,34 52 53 8,1,5,,618462,30,0,5 52 53 8,1,4,,548224,30,0,5 52 53 8,1,2,,618407,30,0,5 52 53 8,1,45,,618455,36,0,34 52 53 8,1,9,,618396,30,0,5 52 53 8,1,7,,618514,36,0,34 52 53 8,1,8,,618417,30,0,5 52 53 8,1,7,,618471,36,0,34 52 53 8,1,4,,618410,30,0,5 52 53 8,1,4,,618474,30,0,5 52 53 8,1,7,,618399,36,0,34 52 53 8,1,8,,574475,30,0,5 52 53 8,1,50,,473736,36,0,34 52 53 8,1,4,,618475,30,0,5 52 53 8,1,6,,618406,30,0,5 52 53 8,1,4,,618411,30,0,5 52 53 8,1,6,,618456,36,0,34 52 53 8,1,4,,618383,30,0,5 52 53 8,1,6,,618512,30,0,5 52 53 8,1,4,,618404,30,0,5 52 53 8,1,6,,559375,36,0,34 52 53 8,1,10,,618492,30,0,5 52 53 8,1,50,,618451,36,0,34 52 53 8,1,10,,618454,30,0,5 52 53 8,1,4,,618400,30,0,5 52 53 8,1,6,,618477,36,0,34 52 53 8,1,10,,618469,30,0,5 52 53 8,1,10,,618441,36,0,34 52 53 8,1,4,,618484,30,0,5 52 53 8,1,6,,618458,30,0,5 52 53 8,1,1,,618395,30,0,5 52 53 8,1,49,,618453,36,0,34 52 53 8,1,1,,618384,30,0,5 52 53 8,1,6,,618438,30,0,5 52 53 8,1,3,,618502,30,0,5 52 53 8,1,7,,618513,36,0,34 52 53 8,1,10,,618425,30,0,5 52 53 8,1,10,,618403,36,0,34 52 53 8,1,4,,516756,30,0,5 52 53 8,1,6,,618481,30,0,5 52 53 8,1,50,,618388,36,0,34 52 53 8,1,10,,618390,30,0,5 52 53 8,1,10,,618470,36,0,34 52 53 8,1,10,,618426,30,0,5 52 53 8,1,10,,618446,36,0,34 52 53 8,1,4,,618495,30,0,5 52 53 8,1,6,,618464,30,0,5 52 53 8,1,4,,618419,30,0,5 52 53 8,1,46,,618498,36,0,34 52 53 8,1,4,,618387,30,0,5 52 53 8,1,6,,618494,30,0,5 52 53 8,1,4,,618414,30,0,5 52 53 8,1,6,,430149,36,0,34 52 53 8,1,10,,618401,30,0,5 52 53 8,1,10,,618436,36,0,34 52 53 8,1,4,,618415,30,0,5 52 53 8,1,6,,618467,30,0,5 52 53 8,1,50,,618435,36,0,34 52 53 8,1,10,,618499,30,0,5 52 53 8,1,10,,618398,36,0,34 52 53 8,1,11,,618412,30,0,5 52 53 8,1,13,,618486,30,0,5 52 53 8,1,55,,618478,30,0,5 52 53 8,1,15,,618480,30,0,17 74,1
3504,'3',716,,618558,29,0,5 52 53 8,1,10,,618575,35,0,34 52 53 8,1,10,,618515,29,0,5 52 53 8,1,10,,618617,35,0,34 52 53 8,1,11,,618546,29,0,5 52 53 8,1,51,,618520,35,0,34 52 53 8,1,11,,618613,30,0,5 52 53 8,1,10,,618555,36,0,34 52 53 8,1,10,,618586,30,0,5 52 53 8,1,10,,424803,36,0,34 52 53 8,1,10,,532380,30,0,5 52 53 8,1,50,,618545,36,0,34 52 53 8,1,10,,559067,30,0,5 52 53 8,1,10,,618547,36,0,34 52 53 8,1,10,,544155,30,0,5 52 53 8,1,10,,618578,36,0,34 52 53 8,1,10,,527851,30,0,5 52 53 8,1,50,,618557,36,0,34 52 53 8,1,10,,618596,30,0,5 52 53 8,1,10,,518846,36,0,34 52 53 8,1,10,,618594,30,0,5 52 53 8,1,10,,618570,36,0,34 52 53 8,1,10,,618583,30,0,5 52 53 8,1,50,,618577,36,0,34 52 53 8,1,10,,376780,30,0,5 52 53 8,1,10,,576482,36,0,34 52 53 8,1,10,,618551,30,0,5 52 53 8,1,9,,493713,30,0,5 52 53 8,1,8,,618606,30,0,5 52 53 8,1,49,,618519,36,0,34 52 53 8,1,8,,618614,30,0,5 52 53 8,1,9,,618554,36,0,34 52 53 8,1,8,,618573,30,0,5 52 53 8,1,9,,618530,36,0,34 52 53 8,1,3,,618620,30,0,5 52 53 8,1,6,,618604,30,0,5 52 53 8,1,9,,434204,36,0,34 52 53 8,1,43,,618592,30,0,5 52 53 8,1,6,,618568,30,0,5 52 53 8,1,9,,618603,36,0,34 52 53 8,1,9,,618591,30,0,5 52 53 8,1,9,,490475,36,0,34 52 53 8,1,3,,618597,30,0,5 52 53 8,1,6,,525648,30,0,5 52 53 8,1,9,,618552,36,0,34 52 53 8,1,49,,618576,30,0,5 52 53 8,1,9,,618528,36,0,34 52 53 8,1,9,,618616,30,0,5 52 53 8,1,9,,618562,36,0,34 52 53 8,1,9,,618534,30,0,5 52 53 8,1,9,,558410,36,0,34 52 53 8,1,9,,552281,30,0,5 52 53 8,1,49,,618609,36,0,34 52 53 8,1,9,,618533,30,0,5 52 53 8,1,9,,618599,36,0,34 52 53 8,1,9,,618626,30,0,5 52 53 8,1,9,,513510,36,0,34 52 53 8,1,9,,618561,30,0,5 52 53 8,1,9,,618524,36,0,34 52 53 8,1,49,,618518,30,0,5 52 53 8,1,9,,618593,36,0,34 52 53 8,1,9,,618605,30,0,5 52 53 8,1,9,,618621,36,0,34 52 53 8,1,9,,618574,30,0,5 52 53 8,1,9,,618553,36,0,34 52 53 8,1,49,,618580,30,0,5 52 53 8,1,9,,618627,36,0,34 52 53 8,1,8,,618619,30,0,5 52 53 8,1,9,,561024,36,0,34 52 53 8,1,9,,575762,30,0,5 52 53 8,1,10,,581267,36,0,34 52 53 8,1,4,,618549,30,0,5 52 53 8,1,6,,618602,30,0,5 52 53 8,1,50,,618523,36,0,34 52 53 8,1,10,,552762,30,0,5 52 53 8,1,6,,618536,30,0,5 52 53 8,1,4,,618618,36,0,34 52 53 8,1,10,,618556,30,0,5 52 53 8,1,3,,618542,30,0,5 52 53 8,1,7,,618548,36,0,34 52 53 8,1,2,,618566,30,0,5 52 53 8,1,8,,618601,30,0,5 52 53 8,1,50,,618565,36,0,34 52 53 8,1,10,,618579,30,0,5 52 53 8,1,10,,540668,36,0,34 52 53 8,1,10,,618564,30,0,5 52 53 8,1,4,,529677,30,0,5 52 53 8,1,6,,415440,36,0,34 52 53 8,1,10,,618623,30,0,5 52 53 8,1,50,,618625,36,0,34 52 53 8,1,3,,618539,30,0,5 52 53 8,1,7,,618538,30,0,5 52 53 8,1,3,,618529,30,0,5 52 53 8,1,7,,537698,36,0,34 52 53 8,1,3,,618589,30,0,5 52 53 8,1,7,,618584,30,0,5 52 53 8,1,3,,618537,30,0,5 52 53 8,1,7,,618615,36,0,34 52 53 8,1,10,,618610,30,0,5 52 53 8,1,50,,618569,36,0,34 52 53 8,1,10,,618550,30,0,5 52 53 8,1,10,,618540,36,0,34 52 53 8,1,3,,618612,30,0,5 52 53 8,1,7,,618590,30,0,5 52 53 8,1,10,,618582,36,0,34 52 53 8,1,3,,618567,30,0,5 52 53 8,1,7,,618560,30,0,5 52 53 8,1,0,,618587,30,0,5 52 53 8,1,50,,532061,30,0,5 52 53 8,1,7,,529053,30,0,5 52 53 8,1,2,,618588,30,0,5 52 53 8,1,8,,618572,36,0,34 52 53 8,1,10,,618608,30,0,5 52 53 8,1,10,,618563,36,0,34 52 53 8,1,10,,618544,30,0,5 52 53 8,1,5,,618516,30,0,5 52 53 8,1,45,,618571,36,0,34 52 53 8,1,10,,618622,30,0,5 52 53 8,1,10,,618525,36,0,34 52 53 8,1,10,,618581,30,0,5 52 53 8,1,10,,618531,36,0,34 52 53 8,1,5,,618611,30,0,5 52 53 8,1,5,,618559,30,0,5 52 53 8,1,5,,618522,30,0,5 52 53 8,1,45,,618585,36,0,34 52 53 8,1,5,,618535,30,0,5 52 53 8,1,5,,618600,30,0,5 52 53 8,1,5,,618526,30,0,5 52 53 8,1,5,,547294,36,0,34 52 53 8,1,10,,618624,30,0,5 52 53 8,1,10,,618521,36,0,34 52 53 8,1,5,,618532,30,0,5 52 53 8,1,5,,533019,30,0,5 52 53 8,1,50,,587068,36,0,34 52 53 8,1,10,,618598,30,0,5 52 53 8,1,10,,618607,36,0,34 52 53 8,1,10,,618541,30,0,5 52 53 8,1,14,,618595,30,0,5 52 53 8,1,55,,595245,30,0,5 52 53 8,1,15,,618543,30,0,17 74,1
3504,'5',539,,618722,35,0,34 52 53 8,1,15,,618670,29,0,5 52 53 8,1,55,,586566,35,0,34 52 53 8,1,9,,618631,30,0,5 52 53 8,1,10,,618700,36,0,34 52 53 8,1,10,,618744,30,0,5 52 53 8,1,10,,618643,36,0,34 52 53 8,1,10,,618749,30,0,5 52 53 8,1,50,,618637,36,0,34 52 53 8,1,10,,618632,30,0,5 52 53 8,1,10,,618649,36,0,34 52 53 8,1,10,,618635,30,0,5 52 53 8,1,10,,618747,36,0,34 52 53 8,1,11,,618638,30,0,5 52 53 8,1,50,,618661,36,0,34 52 53 8,1,10,,618646,30,0,5 52 53 8,1,10,,618716,36,0,34 52 53 8,1,10,,618734,30,0,5 52 53 8,1,10,,618688,36,0,34 52 53 8,1,10,,618671,30,0,5 52 53 8,1,50,,618658,36,0,34 52 53 8,1,10,,618720,30,0,5 52 53 8,1,10,,618707,36,0,34 52 53 8,1,10,,618691,30,0,5 52 53 8,1,10,,618660,36,0,34 52 53 8,1,10,,618729,30,0,5 52 53 8,1,50,,584050,36,0,34 52 53 8,1,10,,618751,30,0,5 52 53 8,1,10,,618714,36,0,34 52 53 8,1,10,,618730,30,0,5 52 53 8,1,10,,618736,36,0,34 52 53 8,1,10,,618630,30,0,5 52 53 8,1,50,,618699,36,0,34 52 53 8,1,10,,618647,30,0,5 52 53 8,1,10,,618652,36,0,34 52 53 8,1,10,,618692,30,0,5 52 53 8,1,9,,618733,30,0,5 52 53 8,1,8,,618706,30,0,5 52 53 8,1,49,,521302,36,0,34 52 53 8,1,8,,618758,30,0,5 52 53 8,1,9,,618676,36,0,34 52 53 8,1,8,,618663,30,0,5 52 53 8,1,9,,618650,36,0,34 52 53 8,1,3,,539008,30,0,5 52 53 8,1,6,,618681,30,0,5 52 53 8,1,9,,618701,36,0,34 52 53 8,1,43,,561157,30,0,5 52 53 8,1,6,,618715,30,0,5 52 53 8,1,9,,618697,36,0,34 52 53 8,1,9,,618673,30,0,5 52 53 8,1,9,,618639,36,0,34 52 53 8,1,3,,618748,30,0,5 52 53 8,1,6,,618705,30,0,5 52 53 8,1,9,,618644,36,0,34 52 53 8,1,49,,618711,30,0,5 52 53 8,1,9,,618718,36,0,34 52 53 8,1,9,,618717,30,0,5 52 53 8,1,9,,618719,36,0,34 52 53 8,1,9,,618703,30,0,5 52 53 8,1,9,,618731,36,0,34 52 53 8,1,9,,618662,30,0,5 52 53 8,1,49,,618654,36,0,34 52 53 8,1,9,,549759,30,0,5 52 53 8,1,9,,618732,36,0,34 52 53 8,1,9,,618680,30,0,5 52 53 8,1,9,,583521,36,0,34 52 53 8,1,9,,618746,30,0,5 52 53 8,1,9,,618687,36,0,34 52 53 8,1,49,,618737,30,0,5 52 53 8,1,9,,618743,36,0,34 52 53 8,1,9,,618672,30,0,5 52 53 8,1,9,,618642,36,0,34 52 53 8,1,9,,591993,30,0,5 52 53 8,1,9,,618713,36,0,34 52 53 8,1,49,,618738,30,0,5 52 53 8,1,9,,618675,36,0,34 52 53 8,1,8,,549153,30,0,5 52 53 8,1,9,,618665,36,0,34 52 53 8,1,9,,618633,30,0,5 52 53 8,1,10,,618725,36,0,34 52 53 8,1,4,,618689,30,0,5 52 53 8,1,6,,618666,30,0,5 52 53 8,1,50,,575267,36,0,34 52 53 8,1,10,,618756,30,0,5 52 53 8,1,6,,563710,30,0,5 52 53 8,1,4,,618679,36,0,34 52 53 8,1,10,,618655,30,0,5 52 53 8,1,3,,618656,30,0,5 52 53 8,1,7,,618641,36,0,34 52 53 8,1,2,,572442,30,0,5 52 53 8,1,8,,618629,30,0,5 52 53 8,1,50,,618742,36,0,34 52 53 8,1,10,,618667,30,0,5 52 53 8,1,10,,597225,36,0,34 52 53 8,1,10,,618678,30,0,5 52 53 8,1,4,,618636,30,0,5 52 53 8,1,6,,618664,36,0,34 52 53 8,1,10,,618704,30,0,5 52 53 8,1,50,,618739,36,0,34 52 53 8,1,3,,618648,30,0,5 52 53 8,1,7,,618727,30,0,5 52 53 8,1,3,,618710,30,0,5 52 53 8,1,7,,618653,36,0,34 52 53 8,1,3,,618709,30,0,5 52 53 8,1,7,,545492,30,0,5 52 53 8,1,3,,618753,30,0,5 52 53 8,1,7,,618634,36,0,34 52 53 8,1,10,,554249,30,0,5 52 53 8,1,50,,618724,36,0,34 52 53 8,1,10,,618686,30,0,5 52 53 8,1,10,,561711,36,0,34 52 53 8,1,3,,618695,30,0,5 52 53 8,1,7,,618712,30,0,5 52 53 8,1,10,,618669,36,0,34 52 53 8,1,3,,618755,30,0,5 52 53 8,1,7,,618702,30,0,5 52 53 8,1,0,,618651,30,0,5 52 53 8,1,50,,618693,30,0,5 52 53 8,1,7,,618726,30,0,5 52 53 8,1,2,,618684,30,0,5 52 53 8,1,8,,618677,36,0,34 52 53 8,1,10,,618685,30,0,5 52 53 8,1,10,,618754,36,0,34 52 53 8,1,10,,593317,30,0,5 52 53 8,1,5,,618741,30,0,5 52 53 8,1,45,,618683,36,0,34 52 53 8,1,10,,618728,30,0,5 52 53 8,1,10,,618640,36,0,34 52 53 8,1,10,,618698,30,0,5 52 53 8,1,10,,515371,36,0,34 52 53 8,1,5,,618645,30,0,5 52 53 8,1,5,,618659,30,0,5 52 53 8,1,5,,571939,30,0,5 52 53 8,1,45,,618750,36,0,34 52 53 8,1,5,,618757,30,0,5 52 53 8,1,5,,618723,30,0,5 52 53 8,1,5,,618690,30,0,5 52 53 8,1,5,,618657,36,0,34 52 53 8,1,10,,618674,30,0,5 52 53 8,1,10,,582336,36,0,34 52 53 8,1,5,,618752,30,0,5 52 53 8,1,5,,618694,30,0,5 52 53 8,1,50,,618740,36,0,34 52 53 8,1,10,,618721,30,0,5 52 53 8,1,10,,618696,36,0,34 52 53 8,1,10,,618628,30,0,5 52 53 8,1,14,,618708,30,0,5 52 53 8,1,55,,572463,30,0,5 52 53 8,1,15,,618745,30,0,17 74,1
33504,'1',509,,570342,33,0,11 12 75 15,1,2122,,682074,30,0,11 12 75 15,1,18,,682072,30,0,11 12 75 15,1,60,,682073,33,0,11 12 75 15,1,20,,411767,33,0,11 12 75 15,1,20,,589446,33,0,11 12 75 15,1,60,,682069,33,0,11 12 75 15,1,20,,682075,33,0,11 12 75 15,1,20,,682068,33,0,11 12 75 15,1
33504,'2',509,,682080,33,0,11 12 75 15,1,16,,682077,33,0,11 12 75 15,1,2106,,548962,30,0,11 12 75 15,1,18,,559477,30,0,11 12 75 15,1,60,,682076,33,0,11 12 75 15,1,20,,682078,33,0,11 12 75 15,1,20,,682079,33,0,11 12 75 15,1,60,,682084,33,0,11 12 75 15,1,20,,682082,33,0,11 12 75 15,1,20,,577228,33,0,11 12 75 15,1
33504,'3',509,,682100,33,0,11 12 75 15,1,20,,682095,33,0,11 12 75 15,1,25,,532373,33,0,11 12 75 15,1,61,,682089,33,0,11 12 75 15,1,20,,682091,33,0,11 12 75 15,1,20,,682096,33,0,11 12 75 15,1,1976,,682099,30,0,11 12 75 15,1,18,,682086,30,0,11 12 75 15,1,60,,682088,33,0,11 12 75 15,1,20,,682097,33,0,11 12 75 15,1,20,,682094,33,0,11 12 75 15,1,60,,682087,33,0,11 12 75 15,1,20,,682098,33,0,11 12 75 15,1,20,,682092,33,0,11 12 75 15,1
33504,'5',509,,682104,33,0,11 12 75 15,1,16,,564520,33,0,11 12 75 15,1,2106,,682103,30,0,11 12 75 15,1,18,,682102,30,0,11 12 75 15,1,60,,682106,33,0,11 12 75 15,1,20,,577823,33,0,11 12 75 15,1,20,,682108,33,0,11 12 75 15,1,60,,682107,33,0,11 12 75 15,1,20,,682109,33,0,11 12 75 15,1,20,,548845,33,0,11 12 75 15,1
93504,'1',520,,688451,10,0,75 8,1,12,,531296,10,0,75 8,1,14,,688456,10,0,75 8,1,12,,688447,10,0,75 8,1,52,,688457,10,0,75 8,1,12,,688459,10,0,75 8,1,12,,688510,10,0,75 8,1,12,,541634,10,0,75 8,1,12,,688455,10,0,75 8,1,46,,688533,10,0,75 8,1,7,,597397,10,0,75 8,1,12,,688450,10,0,75 8,1,6,,688479,10,0,75 8,1,6,,400789,10,0,75 8,1,12,,688496,10,0,75 8,1,6,,688458,10,0,75 8,1,6,,688466,10,0,75 8,1,52,,688520,10,0,75 8,1,6,,688483,10,0,75 8,1,6,,688475,10,0,75 8,1,6,,554340,10,0,75 8,1,6,,688503,10,0,75 8,1,12,,589965,10,0,75 8,1,6,,688477,10,0,75 8,1,6,,688454,10,0,75 8,1,52,,688497,10,0,75 8,1,6,,688467,10,0,75 8,1,7,,688448,10,0,75 8,1,15,,688489,10,0,75 8,1,7,,688452,10,0,75 8,1,8,,688512,10,0,75 8,1,47,,688493,10,0,75 8,1,8,,688480,10,0,75 8,1,7,,688528,10,0,75 8,1,8,,688474,10,0,75 8,1,15,,688473,10,0,75 8,1,15,,688495,10,0,75 8,1,47,,540913,10,0,75 8,1,8,,688492,10,0,75 8,1,7,,688469,10,0,75 8,1,8,,688515,10,0,75 8,1,15,,688476,10,0,75 8,1,7,,564763,10,0,75 8,1,8,,688460,10,0,75 8,1,47,,688502,10,0,75 8,1,8,,688465,10,0,75 8,1,7,,688445,10,0,75 8,1,8,,444230,10,0,75 8,1,15,,688488,10,0,75 8,1,7,,688514,10,0,75 8,1,8,,688524,10,0,75 8,1,47,,688516,10,0,75 8,1,8,,531753,10,0,75 8,1,15,,512022,10,0,75 8,1,7,,688501,10,0,75 8,1,8,,688532,10,0,75 8,1,7,,688509,10,0,75 8,1,8,,688494,10,0,75 8,1,47,,688531,10,0,75 8,1,8,,688486,10,0,75 8,1,7,,688463,10,0,75 8,1,8,,688470,10,0,75 8,1,10,,688529,10,0,75 8,1,8,,688506,10,0,75 8,1,11,,688498,10,0,75 8,1,48,,688484,10,0,75 8,1,6,,688491,10,0,75 8,1,6,,688525,10,0,75 8,1,12,,688518,10,0,75 8,1,12,,688453,10,0,75 8,1,6,,688505,10,0,75 8,1,6,,522322,10,0,75 8,1,52,,688490,10,0,75 8,1,12,,688522,10,0,75 8,1,12,,688511,10,0,75 8,1,6,,688485,10,0,75 8,1,6,,688499,10,0,75 8,1,12,,688523,10,0,75 8,1,6,,688530,10,0,75 8,1,46,,688471,10,0,75 8,1,11,,688519,10,0,75 8,1,6,,536936,10,0,75 8,1,6,,688468,10,0,75 8,1,4,,549528,10,0,75 8,1,6,,575599,10,0,75 8,1,12,,688500,10,0,75 8,1,12,,688517,10,0,75 8,1,47,,688526,10,0,75 8,1,5,,544112,10,0,75 8,1,12,,515962,10,0,75 8,1,6,,688508,10,0,75 8,1,6,,547868,10,0,75 8,1,12,,688478,10,0,75 8,1,6,,569643,10,0,75 8,1,6,,688487,10,0,75 8,1,49,,688482,10,0,75 8,1,4,,567482,10,0,75 8,1,6,,469797,10,0,75 8,1,5,,688504,10,0,75 8,1,8,,688472,10,0,75 8,1,15,,688449,10,0,75 8,1,7,,688507,10,0,75 8,1,48,,688521,10,0,75 8,1,7,,688446,10,0,75 8,1,8,,688513,10,0,75 8,1,7,,530382,10,0,75 8,1,8,,583939,10,0,75 8,1,7,,379508,10,0,75 8,1,8,,547866,10,0,75 8,1,7,,688462,10,0,75 8,1,48,,688461,10,0,75 8,1,15,,382470,10,0,75 8,1,7,,525731,10,0,75 8,1,8,,688464,10,0,75 8,1,15,,528632,10,0,75 8,1,55,,688527,10,0,75 8,1,14,,688481,10,0,75 8,1
93504,'2',820,,688575,10,0,75 8,1,5,,688589,10,0,75 8,1,5,,688564,10,0,75 8,1,10,,688568,10,0,75 8,1,5,,688546,10,0,75 8,1,5,,525807,10,0,75 8,1,5,,688603,10,0,75 8,1,45,,688611,10,0,75 8,1,10,,688571,10,0,75 8,1,5,,688606,10,0,75 8,1,5,,688574,10,0,75 8,1,10,,688556,10,0,75 8,1,5,,688622,10,0,75 8,1,5,,688550,10,0,75 8,1,10,,688590,10,0,75 8,1,50,,688552,10,0,75 8,1,5,,688583,10,0,75 8,1,5,,688578,10,0,75 8,1,10,,582935,10,0,75 8,1,5,,688605,10,0,75 8,1,5,,688570,10,0,75 8,1,5,,603778,10,0,75 8,1,5,,688551,10,0,75 8,1,10,,688565,10,0,75 8,1,5,,688579,10,0,75 8,1,45,,688563,10,0,75 8,1,10,,688548,10,0,75 8,1,5,,688618,10,0,75 8,1,5,,688588,10,0,75 8,1,10,,486229,10,0,75 8,1,10,,688543,10,0,75 8,1,10,,688594,10,0,75 8,1,50,,582044,10,0,75 8,1,7,,688602,10,0,75 8,1,5,,688623,10,0,75 8,1,9,,688613,10,0,75 8,1,6,,688537,10,0,75 8,1,3,,688544,10,0,75 8,1,3,,530487,10,0,75 8,1,3,,688592,10,0,75 8,1,4,,688566,10,0,75 8,1,7,,437585,10,0,75 8,1,7,,509597,10,0,75 8,1,3,,688586,10,0,75 8,1,44,,688577,10,0,75 8,1,7,,688595,10,0,75 8,1,7,,688580,10,0,75 8,1,3,,688608,10,0,75 8,1,4,,572141,10,0,75 8,1,7,,688591,10,0,75 8,1,7,,507050,10,0,75 8,1,7,,688562,10,0,75 8,1,7,,688610,10,0,75 8,1,7,,548281,10,0,75 8,1,47,,570384,10,0,75 8,1,7,,688621,10,0,75 8,1,7,,688541,10,0,75 8,1,3,,543329,10,0,75 8,1,4,,593561,10,0,75 8,1,3,,688569,10,0,75 8,1,4,,598437,10,0,75 8,1,7,,688545,10,0,75 8,1,7,,688554,10,0,75 8,1,3,,688620,10,0,75 8,1,4,,688538,10,0,75 8,1,47,,596107,10,0,75 8,1,3,,688536,10,0,75 8,1,4,,516954,10,0,75 8,1,3,,688584,10,0,75 8,1,4,,688534,10,0,75 8,1,3,,688615,10,0,75 8,1,4,,688612,10,0,75 8,1,7,,514159,10,0,75 8,1,7,,688609,10,0,75 8,1,7,,688582,10,0,75 8,1,7,,688572,10,0,75 8,1,3,,688542,10,0,75 8,1,4,,688561,10,0,75 8,1,47,,495431,10,0,75 8,1,7,,586855,10,0,75 8,1,7,,688596,10,0,75 8,1,7,,688560,10,0,75 8,1,3,,688616,10,0,75 8,1,4,,688601,10,0,75 8,1,7,,688617,10,0,75 8,1,3,,688553,10,0,75 8,1,4,,688557,10,0,75 8,1,7,,688573,10,0,75 8,1,3,,688599,10,0,75 8,1,4,,688558,10,0,75 8,1,46,,688585,10,0,75 8,1,2,,688540,10,0,75 8,1,4,,688549,10,0,75 8,1,6,,537603,10,0,75 8,1,6,,688614,10,0,75 8,1,7,,688539,10,0,75 8,1,7,,688587,10,0,75 8,1,3,,688576,10,0,75 8,1,4,,688593,10,0,75 8,1,7,,688581,10,0,75 8,1,7,,688598,10,0,75 8,1,47,,688597,10,0,75 8,1,7,,688604,10,0,75 8,1,3,,688559,10,0,75 8,1,4,,572195,10,0,75 8,1,3,,688625,10,0,75 8,1,4,,514347,10,0,75 8,1,7,,576008,10,0,75 8,1,3,,688600,10,0,75 8,1,4,,688555,10,0,75 8,1,7,,560427,10,0,75 8,1,3,,688547,10,0,75 8,1,4,,688624,10,0,75 8,1,47,,688535,10,0,75 8,1,5,,688619,10,0,75 8,1,7,,688607,10,0,75 8,1
93504,'3',814,,688629,10,0,75 8,1,10,,688695,10,0,75 8,1,5,,688708,10,0,75 8,1,5,,688634,10,0,75 8,1,10,,688712,10,0,75 8,1,5,,688681,10,0,75 8,1,5,,688675,10,0,75 8,1,5,,688682,10,0,75 8,1,45,,388753,10,0,75 8,1,10,,580501,10,0,75 8,1,5,,688639,10,0,75 8,1,5,,688686,10,0,75 8,1,5,,688644,10,0,75 8,1,5,,688654,10,0,75 8,1,10,,525170,10,0,75 8,1,10,,688665,10,0,75 8,1,5,,688688,10,0,75 8,1,45,,484641,10,0,75 8,1,10,,688653,10,0,75 8,1,5,,688666,10,0,75 8,1,5,,688706,10,0,75 8,1,5,,688678,10,0,75 8,1,5,,688650,10,0,75 8,1,10,,688655,10,0,75 8,1,5,,688646,10,0,75 8,1,5,,505169,10,0,75 8,1,5,,527241,10,0,75 8,1,45,,688626,10,0,75 8,1,10,,688693,10,0,75 8,1,10,,688662,10,0,75 8,1,10,,688669,10,0,75 8,1,5,,688714,10,0,75 8,1,5,,688671,10,0,75 8,1,10,,528368,10,0,75 8,1,5,,521638,10,0,75 8,1,45,,688700,10,0,75 8,1,10,,688633,10,0,75 8,1,11,,688709,10,0,75 8,1,1,,688664,10,0,75 8,1,9,,688636,10,0,75 8,1,8,,688647,10,0,75 8,1,4,,688680,10,0,75 8,1,4,,688661,10,0,75 8,1,4,,523257,10,0,75 8,1,4,,688672,10,0,75 8,1,48,,688689,10,0,75 8,1,8,,688699,10,0,75 8,1,8,,688627,10,0,75 8,1,8,,688704,10,0,75 8,1,8,,555466,10,0,75 8,1,3,,688648,10,0,75 8,1,5,,568217,10,0,75 8,1,8,,688679,10,0,75 8,1,48,,688701,10,0,75 8,1,2,,593829,10,0,75 8,1,2,,688673,10,0,75 8,1,4,,688685,10,0,75 8,1,8,,688683,10,0,75 8,1,8,,688659,10,0,75 8,1,4,,566686,10,0,75 8,1,4,,688705,10,0,75 8,1,2,,688707,10,0,75 8,1,3,,593853,10,0,75 8,1,3,,688711,10,0,75 8,1,8,,688657,10,0,75 8,1,4,,688628,10,0,75 8,1,4,,688690,10,0,75 8,1,48,,567669,10,0,75 8,1,8,,688656,10,0,75 8,1,8,,688710,10,0,75 8,1,8,,688668,10,0,75 8,1,4,,688631,10,0,75 8,1,4,,688645,10,0,75 8,1,8,,688713,10,0,75 8,1,8,,688660,10,0,75 8,1,48,,688698,10,0,75 8,1,8,,688643,10,0,75 8,1,8,,688632,10,0,75 8,1,4,,688637,10,0,75 8,1,4,,688697,10,0,75 8,1,4,,514745,10,0,75 8,1,4,,688638,10,0,75 8,1,4,,688684,10,0,75 8,1,4,,688658,10,0,75 8,1,4,,688667,10,0,75 8,1,4,,688702,10,0,75 8,1,8,,688670,10,0,75 8,1,48,,688696,10,0,75 8,1,8,,688694,10,0,75 8,1,3,,688674,10,0,75 8,1,4,,688635,10,0,75 8,1,8,,688677,10,0,75 8,1,8,,688640,10,0,75 8,1,8,,688630,10,0,75 8,1,8,,688651,10,0,75 8,1,5,,688641,10,0,75 8,1,43,,688687,10,0,75 8,1,5,,522073,10,0,75 8,1,3,,688676,10,0,75 8,1,4,,688691,10,0,75 8,1,4,,468202,10,0,75 8,1,7,,688703,10,0,75 8,1,1,,400228,10,0,75 8,1,8,,688642,10,0,75 8,1,8,,688652,10,0,75 8,1,8,,552496,10,0,75 8,1,8,,688692,10,0,75 8,1,48,,688663,10,0,75 8,1,8,,688649,10,0,75 8,1
93504,'5',824,,578412,10,0,75 8,1,5,,688722,10,0,75 8,1,5,,688794,10,0,75 8,1,10,,688792,10,0,75 8,1,5,,688747,10,0,75 8,1,5,,688798,10,0,75 8,1,5,,688753,10,0,75 8,1,45,,688771,10,0,75 8,1,10,,529975,10,0,75 8,1,5,,688742,10,0,75 8,1,5,,688772,10,0,75 8,1,5,,688749,10,0,75 8,1,5,,688759,10,0,75 8,1,10,,688756,10,0,75 8,1,10,,521262,10,0,75 8,1,5,,688721,10,0,75 8,1,45,,524652,10,0,75 8,1,10,,688730,10,0,75 8,1,5,,688780,10,0,75 8,1,5,,688790,10,0,75 8,1,5,,688802,10,0,75 8,1,5,,688734,10,0,75 8,1,10,,535868,10,0,75 8,1,5,,688762,10,0,75 8,1,5,,688738,10,0,75 8,1,5,,688758,10,0,75 8,1,45,,688770,10,0,75 8,1,10,,688786,10,0,75 8,1,10,,688746,10,0,75 8,1,10,,519697,10,0,75 8,1,5,,578457,10,0,75 8,1,5,,688781,10,0,75 8,1,10,,688736,10,0,75 8,1,5,,688717,10,0,75 8,1,45,,688724,10,0,75 8,1,10,,688797,10,0,75 8,1,11,,688793,10,0,75 8,1,1,,688787,10,0,75 8,1,9,,688799,10,0,75 8,1,8,,688763,10,0,75 8,1,4,,688804,10,0,75 8,1,4,,566777,10,0,75 8,1,4,,688795,10,0,75 8,1,4,,688801,10,0,75 8,1,48,,688775,10,0,75 8,1,8,,688748,10,0,75 8,1,8,,688768,10,0,75 8,1,8,,688776,10,0,75 8,1,8,,688800,10,0,75 8,1,3,,688773,10,0,75 8,1,5,,688723,10,0,75 8,1,8,,688783,10,0,75 8,1,48,,688789,10,0,75 8,1,2,,688716,10,0,75 8,1,2,,688760,10,0,75 8,1,4,,542703,10,0,75 8,1,8,,688765,10,0,75 8,1,8,,688778,10,0,75 8,1,4,,556442,10,0,75 8,1,4,,688774,10,0,75 8,1,2,,688757,10,0,75 8,1,3,,602895,10,0,75 8,1,3,,688785,10,0,75 8,1,8,,688766,10,0,75 8,1,4,,688751,10,0,75 8,1,4,,688796,10,0,75 8,1,48,,688741,10,0,75 8,1,8,,688782,10,0,75 8,1,8,,688743,10,0,75 8,1,8,,688752,10,0,75 8,1,4,,601001,10,0,75 8,1,4,,688803,10,0,75 8,1,8,,688720,10,0,75 8,1,8,,553477,10,0,75 8,1,48,,688727,10,0,75 8,1,8,,688740,10,0,75 8,1,8,,688732,10,0,75 8,1,4,,688725,10,0,75 8,1,4,,688739,10,0,75 8,1,4,,533909,10,0,75 8,1,4,,688731,10,0,75 8,1,4,,688779,10,0,75 8,1,4,,688737,10,0,75 8,1,4,,688764,10,0,75 8,1,4,,556050,10,0,75 8,1,8,,688769,10,0,75 8,1,48,,688767,10,0,75 8,1,8,,688719,10,0,75 8,1,3,,688754,10,0,75 8,1,4,,688715,10,0,75 8,1,8,,688729,10,0,75 8,1,8,,586557,10,0,75 8,1,8,,688784,10,0,75 8,1,8,,688788,10,0,75 8,1,5,,688718,10,0,75 8,1,43,,594569,10,0,75 8,1,5,,688726,10,0,75 8,1,3,,688745,10,0,75 8,1,4,,688805,10,0,75 8,1,4,,688761,10,0,75 8,1,4,,688755,10,0,75 8,1,4,,688744,10,0,75 8,1,8,,688750,10,0,75 8,1,8,,688777,10,0,75 8,1,8,,688791,10,0,75 8,1,8,,688733,10,0,75 8,1,48,,688728,10,0,75 8,1,8,,688735,10,0,75 8,1
