9602,'1',535,,744086,7,0,5 123 124,1,6,,744076,7,0,34 257,1,6,,744051,7,0,5 123 124,1,6,,744078,7,0,34 257,1,6,,744012,7,0,5 123 124,1,46,,580265,7,0,34 257,1,6,,743987,7,0,5 123 124,1,6,,744088,7,0,34 257,1,6,,636320,7,0,5 123 124,1,6,,743991,7,0,34 257,1,6,,609702,7,0,5 123 124,1,6,,743980,7,0,34 257,1,6,,744025,7,0,5 123 124,1,6,,656711,7,0,34 257,1,6,,743993,7,0,5 123 124,1,46,,744013,7,0,34 257,1,6,,744006,7,0,5 123 124,1,6,,744065,7,0,34 257,1,6,,744033,7,0,5 123 124,1,6,,627075,7,0,34 257,1,6,,743999,7,0,5 123 124,1,6,,743995,7,0,34 257,1,6,,744055,7,0,5 123 124,1,6,,744084,7,0,34 257,1,6,,743984,7,0,5 123 124,1,46,,626575,7,0,34 257,1,6,,744038,7,0,5 123 124,1,6,,744007,7,0,34 257,1,6,,744047,7,0,5 123 124,1,6,,744024,7,0,34 257,1,6,,533211,7,0,5 123 124,1,6,,744056,7,0,34 257,1,6,,744027,7,0,5 123 124,1,6,,689727,7,0,34 257,1,6,,744023,7,0,5 123 124,1,46,,641222,7,0,34 257,1,7,,744021,7,0,5 123 124,1,8,,744031,7,0,34 257,1,9,,743979,7,0,5 123 124,1,8,,633079,7,0,34 257,1,9,,744062,7,0,5 123 124,1,8,,687561,7,0,34 257,1,49,,744063,7,0,5 123 124,1,8,,667910,7,0,34 257,1,9,,651525,7,0,5 123 124,1,8,,599457,7,0,34 257,1,9,,744034,7,0,5 123 124,1,8,,743985,7,0,34 257,1,9,,660083,7,0,5 123 124,1,48,,602960,7,0,34 257,1,9,,744001,7,0,5 123 124,1,8,,743996,7,0,34 257,1,9,,648528,7,0,5 123 124,1,8,,744016,7,0,34 257,1,9,,743982,7,0,5 123 124,1,8,,744044,7,0,34 257,1,49,,744018,7,0,5 123 124,1,8,,743994,7,0,34 257,1,9,,650685,7,0,5 123 124,1,8,,604764,7,0,34 257,1,9,,744075,7,0,5 123 124,1,8,,744053,7,0,34 257,1,9,,452727,7,0,5 123 124,1,48,,744085,7,0,34 257,1,9,,744061,7,0,5 123 124,1,8,,744068,7,0,34 257,1,9,,744026,7,0,5 123 124,1,8,,744019,7,0,34 257,1,9,,685094,7,0,5 123 124,1,8,,744049,7,0,34 257,1,49,,744060,7,0,5 123 124,1,8,,744010,7,0,34 257,1,9,,744087,7,0,5 123 124,1,8,,744020,7,0,34 257,1,9,,744035,7,0,5 123 124,1,8,,744036,7,0,34 257,1,9,,744029,7,0,5 123 124,1,48,,744014,7,0,34 257,1,9,,744064,7,0,5 123 124,1,7,,684484,7,0,34 257,1,8,,744003,7,0,5 123 124,1,7,,744009,7,0,34 257,1,9,,744043,7,0,5 123 124,1,7,,744041,7,0,34 257,1,8,,744008,7,0,5 123 124,1,47,,403441,7,0,34 257,1,8,,744057,7,0,5 123 124,1,7,,616786,7,0,34 257,1,8,,606668,7,0,5 123 124,1,7,,744052,7,0,34 257,1,8,,662307,7,0,5 123 124,1,7,,637134,7,0,34 257,1,8,,744004,7,0,5 123 124,1,47,,744070,7,0,34 257,1,8,,521334,7,0,5 123 124,1,7,,537255,7,0,34 257,1,8,,744042,7,0,5 123 124,1,7,,659525,7,0,34 257,1,8,,744022,7,0,5 123 124,1,7,,744083,7,0,34 257,1,8,,744037,7,0,5 123 124,1,47,,579635,7,0,34 257,1,8,,744071,7,0,5 123 124,1,7,,744074,7,0,34 257,1,8,,676203,7,0,5 123 124,1,7,,664235,7,0,34 257,1,8,,744002,7,0,5 123 124,1,7,,743986,7,0,34 257,1,8,,744058,7,0,5 123 124,1,47,,744005,7,0,34 257,1,7,,744066,7,0,5 123 124,1,9,,743977,7,0,34 257,1,9,,743978,7,0,5 123 124,1,9,,744050,7,0,34 257,1,9,,744059,7,0,5 123 124,1,9,,744082,7,0,34 257,1,49,,744046,7,0,5 123 124,1,9,,612433,7,0,34 257,1,9,,744000,7,0,5 123 124,1,9,,744015,7,0,34 257,1,9,,744039,7,0,5 123 124,1,9,,744067,7,0,34 257,1,9,,744048,7,0,5 123 124,1,49,,621811,7,0,34 257,1,9,,743997,7,0,5 123 124,1,9,,744017,7,0,34 257,1,8,,743989,7,0,5 123 124,1,9,,744040,7,0,34 257,1,9,,487099,7,0,5 123 124,1,9,,743983,7,0,34 257,1,45,,744077,7,0,5 123 124,1,10,,743998,7,0,34 257,1,10,,532886,7,0,5 123 124,1,10,,616487,7,0,34 257,1,10,,688454,7,0,5 123 124,1,10,,744028,7,0,34 257,1,50,,743981,7,0,5 123 124,1,10,,743988,7,0,34 257,1,10,,744089,7,0,5 123 124,1,10,,744032,7,0,34 257,1,10,,744080,7,0,5 123 124,1,10,,744030,7,0,34 257,1,50,,744081,7,0,5 123 124,1,10,,744072,7,0,34 257,1,10,,743990,7,0,17 126 43 8,1,10,,744045,7,0,34 257,1,10,,743992,7,0,17 126 43 8,1,10,,550985,7,0,34 257,1,50,,744079,7,0,17 126 43 8,1,14,,744073,7,0,34 257,1,15,,744054,7,0,34 257,1,15,,654226,7,0,17 126 43 8,1,55,,673687,7,0,17 126 43 8,1
9602,'2',524,,744108,8,0,5 123 124,1,11,,744119,7,0,34 257,1,10,,651339,7,0,5 123 124,1,10,,744214,7,0,34 257,1,50,,744198,7,0,5 123 124,1,10,,744103,7,0,34 257,1,10,,744201,7,0,5 123 124,1,10,,637492,7,0,34 257,1,10,,744151,7,0,5 123 124,1,10,,744143,7,0,34 257,1,50,,744231,7,0,5 123 124,1,10,,481428,7,0,34 257,1,10,,744196,7,0,5 123 124,1,10,,744172,7,0,34 257,1,10,,744123,7,0,5 123 124,1,10,,744230,7,0,34 257,1,49,,744202,7,0,5 123 124,1,9,,653852,7,0,34 257,1,12,,744221,7,0,5 123 124,1,10,,744096,7,0,34 257,1,10,,744130,7,0,5 123 124,1,10,,684941,7,0,34 257,1,50,,744207,7,0,5 123 124,1,4,,744213,7,0,34 257,1,6,,744211,7,0,31 123 124,1,6,,744181,7,0,34 257,1,8,,744218,7,0,31 123 124,1,8,,744154,7,0,34 257,1,8,,744090,7,0,31 123 124,1,8,,744199,7,0,34 257,1,48,,744125,7,0,31 123 124,1,8,,744147,7,0,34 257,1,8,,744106,7,0,31 123 124,1,8,,744146,7,0,34 257,1,8,,744095,7,0,31 123 124,1,8,,744121,7,0,34 257,1,8,,744142,7,0,31 123 124,1,8,,744168,7,0,34 257,1,48,,624541,7,0,31 123 124,1,8,,744178,7,0,34 257,1,8,,744187,7,0,31 123 124,1,8,,744132,7,0,34 257,1,8,,744223,7,0,31 123 124,1,8,,744145,7,0,34 257,1,8,,744183,7,0,31 123 124,1,48,,744208,7,0,34 257,1,9,,744128,7,0,31 123 124,1,6,,744122,7,0,34 257,1,6,,744170,7,0,31 123 124,1,6,,744174,7,0,34 257,1,6,,744200,7,0,31 123 124,1,6,,744111,7,0,34 257,1,6,,683528,7,0,31 123 124,1,6,,744212,7,0,34 257,1,6,,637458,7,0,31 123 124,1,46,,744204,7,0,34 257,1,6,,563086,7,0,31 123 124,1,6,,744150,7,0,34 257,1,6,,744179,7,0,31 123 124,1,6,,744195,7,0,34 257,1,6,,612045,7,0,31 123 124,1,6,,744229,7,0,34 257,1,6,,744153,7,0,31 123 124,1,6,,744133,7,0,34 257,1,6,,744141,7,0,31 123 124,1,46,,744144,7,0,34 257,1,6,,744216,7,0,31 123 124,1,6,,744152,7,0,34 257,1,6,,744102,7,0,31 123 124,1,6,,744225,7,0,34 257,1,6,,744209,7,0,31 123 124,1,6,,744175,7,0,34 257,1,6,,744177,7,0,31 123 124,1,6,,744165,7,0,34 257,1,6,,744155,7,0,31 123 124,1,46,,744173,7,0,34 257,1,6,,744093,7,0,31 123 124,1,6,,744099,7,0,34 257,1,6,,633542,7,0,31 123 124,1,6,,744156,7,0,34 257,1,6,,744113,7,0,31 123 124,1,6,,744219,7,0,34 257,1,6,,744131,7,0,31 123 124,1,6,,744194,7,0,34 257,1,6,,744135,7,0,31 123 124,1,46,,744185,7,0,34 257,1,6,,744220,7,0,31 123 124,1,6,,744159,7,0,34 257,1,6,,744176,7,0,31 123 124,1,6,,744193,7,0,34 257,1,6,,744226,7,0,31 123 124,1,6,,744124,7,0,34 257,1,6,,744148,7,0,31 123 124,1,6,,744222,7,0,34 257,1,6,,643068,7,0,31 123 124,1,46,,744110,7,0,34 257,1,6,,549010,7,0,31 123 124,1,6,,744120,7,0,34 257,1,6,,744161,7,0,31 123 124,1,6,,744104,7,0,34 257,1,6,,744107,7,0,31 123 124,1,6,,675580,7,0,34 257,1,6,,744180,7,0,31 123 124,1,6,,744190,7,0,34 257,1,6,,744215,7,0,31 123 124,1,46,,744092,7,0,34 257,1,6,,744138,7,0,31 123 124,1,6,,744162,7,0,34 257,1,6,,744126,7,0,31 123 124,1,6,,744140,7,0,34 257,1,6,,744115,7,0,31 123 124,1,6,,744118,7,0,34 257,1,6,,744136,7,0,31 123 124,1,6,,744210,7,0,34 257,1,6,,744109,7,0,31 123 124,1,46,,669386,7,0,34 257,1,6,,744116,7,0,31 123 124,1,7,,618513,7,0,34 257,1,7,,744163,7,0,31 123 124,1,7,,552190,7,0,34 257,1,7,,744192,7,0,31 123 124,1,7,,744171,7,0,34 257,1,7,,744100,7,0,31 123 124,1,7,,744197,7,0,34 257,1,47,,744117,7,0,31 123 124,1,7,,625484,7,0,34 257,1,7,,744164,7,0,31 123 124,1,7,,744097,7,0,34 257,1,7,,744227,7,0,31 123 124,1,7,,744149,7,0,34 257,1,7,,663622,7,0,31 123 124,1,7,,744205,7,0,34 257,1,47,,621990,7,0,31 123 124,1,7,,744191,7,0,34 257,1,7,,587035,7,0,31 123 124,1,7,,744157,7,0,34 257,1,7,,744184,7,0,31 123 124,1,6,,744217,7,0,34 257,1,8,,744167,7,0,31 123 124,1,11,,744139,7,0,34 257,1,49,,635106,7,0,5 123 124,1,10,,744228,7,0,34 257,1,10,,744094,7,0,5 123 124,1,10,,744101,7,0,34 257,1,10,,744114,7,0,5 123 124,1,10,,624140,7,0,34 257,1,50,,744129,7,0,5 123 124,1,10,,744134,7,0,34 257,1,10,,744137,7,0,5 123 124,1,10,,744169,7,0,34 257,1,10,,744112,7,0,5 123 124,1,10,,744224,7,0,34 257,1,50,,744186,7,0,5 123 124,1,10,,744158,7,0,34 257,1,10,,744098,7,0,17 126 43 8,1,10,,629927,7,0,34 257,1,10,,744105,7,0,17 126 43 8,1,10,,744206,7,0,34 257,1,50,,744188,7,0,17 126 43 8,1,15,,649961,7,0,34 257,1,15,,744182,7,0,34 257,1,15,,744160,7,0,17 126 43 8,1,55,,650013,7,0,17 126 43 8,1
9602,'3',533,,744328,8,0,34 257,1,12,,744278,8,0,5 123 124,1,12,,744256,8,0,34 257,1,52,,744303,8,0,5 123 124,1,12,,744284,8,0,34 257,1,12,,637690,8,0,5 123 124,1,12,,744304,8,0,34 257,1,12,,744280,8,0,5 123 124,1,52,,744338,8,0,34 257,1,12,,539450,8,0,5 123 124,1,12,,610704,7,0,34 257,1,12,,744325,8,0,5 123 124,1,12,,744295,7,0,34 257,1,52,,655529,7,0,5 123 124,1,12,,744248,7,0,34 257,1,12,,744238,7,0,5 123 124,1,12,,744272,7,0,34 257,1,12,,744307,7,0,5 123 124,1,52,,478096,7,0,34 257,1,2,,744317,7,0,31 123 124,1,3,,744258,7,0,34 257,1,9,,744290,7,0,31 123 124,1,9,,744259,7,0,34 257,1,9,,744276,7,0,31 123 124,1,9,,744250,7,0,34 257,1,9,,744257,7,0,31 123 124,1,49,,744279,7,0,34 257,1,9,,744306,7,0,31 123 124,1,9,,744346,7,0,34 257,1,9,,660710,7,0,31 123 124,1,9,,744245,7,0,34 257,1,9,,744337,7,0,31 123 124,1,49,,744265,7,0,34 257,1,9,,744309,7,0,31 123 124,1,9,,613771,7,0,34 257,1,9,,744344,7,0,31 123 124,1,9,,744310,7,0,34 257,1,9,,744274,7,0,31 123 124,1,8,,744285,7,0,34 257,1,48,,744271,7,0,31 123 124,1,7,,744312,7,0,34 257,1,8,,533849,7,0,31 123 124,1,7,,744300,7,0,34 257,1,8,,744340,7,0,31 123 124,1,7,,498438,7,0,34 257,1,8,,744297,7,0,31 123 124,1,7,,744314,7,0,34 257,1,48,,744268,7,0,31 123 124,1,7,,744320,7,0,34 257,1,8,,744264,7,0,31 123 124,1,7,,744270,7,0,34 257,1,8,,744289,7,0,31 123 124,1,7,,744313,7,0,34 257,1,8,,680472,7,0,31 123 124,1,7,,677670,7,0,34 257,1,48,,744305,7,0,31 123 124,1,7,,744246,7,0,34 257,1,8,,744343,7,0,31 123 124,1,7,,622717,7,0,34 257,1,8,,744299,7,0,31 123 124,1,7,,744347,7,0,34 257,1,8,,744316,7,0,31 123 124,1,7,,744266,7,0,34 257,1,48,,744236,7,0,31 123 124,1,7,,744232,7,0,34 257,1,8,,744263,7,0,31 123 124,1,7,,744301,7,0,34 257,1,8,,744234,7,0,31 123 124,1,7,,744322,7,0,34 257,1,8,,744294,7,0,31 123 124,1,7,,744254,7,0,34 257,1,48,,744318,7,0,31 123 124,1,7,,744269,7,0,34 257,1,8,,744342,7,0,31 123 124,1,7,,583038,7,0,34 257,1,8,,744251,7,0,31 123 124,1,7,,744296,7,0,34 257,1,8,,744298,7,0,31 123 124,1,7,,744302,7,0,34 257,1,48,,627489,7,0,31 123 124,1,7,,620991,7,0,34 257,1,8,,744261,7,0,31 123 124,1,7,,744315,7,0,34 257,1,8,,744319,7,0,31 123 124,1,7,,744241,7,0,34 257,1,8,,744283,7,0,31 123 124,1,7,,744327,7,0,34 257,1,48,,744277,7,0,31 123 124,1,7,,744242,7,0,34 257,1,8,,744286,7,0,31 123 124,1,7,,744247,7,0,34 257,1,8,,744255,7,0,31 123 124,1,7,,744292,7,0,34 257,1,8,,645185,7,0,31 123 124,1,7,,744330,7,0,34 257,1,50,,744239,7,0,31 123 124,1,10,,744335,7,0,34 257,1,10,,641991,7,0,31 123 124,1,9,,744326,7,0,34 257,1,9,,682499,7,0,31 123 124,1,9,,744288,7,0,34 257,1,49,,744293,7,0,31 123 124,1,9,,744336,7,0,34 257,1,9,,667248,7,0,31 123 124,1,9,,621664,7,0,34 257,1,9,,744244,7,0,31 123 124,1,9,,744243,7,0,34 257,1,9,,744334,7,0,31 123 124,1,49,,744252,7,0,34 257,1,9,,744253,7,0,31 123 124,1,9,,744329,7,0,34 257,1,9,,744235,7,0,31 123 124,1,8,,744345,7,0,34 257,1,9,,744341,7,0,31 123 124,1,9,,744260,7,0,34 257,1,47,,744324,7,0,5 123 124,1,10,,637859,7,0,34 257,1,10,,744339,7,0,5 123 124,1,10,,744333,7,0,34 257,1,10,,744233,7,0,5 123 124,1,10,,744348,7,0,34 257,1,50,,744308,7,0,5 123 124,1,10,,625177,7,0,34 257,1,10,,654680,7,0,5 123 124,1,10,,744273,7,0,34 257,1,10,,744291,7,0,5 123 124,1,10,,665122,7,0,34 257,1,50,,744321,7,0,5 123 124,1,10,,744240,7,0,34 257,1,10,,744331,7,0,17 126 43 8,1,10,,744262,7,0,34 257,1,10,,744267,7,0,17 126 43 8,1,10,,744311,7,0,34 257,1,50,,744275,7,0,17 126 43 8,1,15,,744282,7,0,34 257,1,15,,744323,7,0,34 257,1,15,,744287,7,0,17 126 43 8,1,55,,744237,7,0,17 126 43 8,1
9602,'5',545,,744405,7,0,5 123 124,1,12,,744366,7,0,34 257,1,52,,744415,7,0,5 123 124,1,12,,744417,7,0,34 257,1,12,,744370,7,0,5 123 124,1,12,,744379,7,0,34 257,1,12,,613156,7,0,5 123 124,1,52,,744403,7,0,34 257,1,12,,744374,7,0,5 123 124,1,12,,744369,7,0,34 257,1,12,,744431,7,0,5 123 124,1,12,,659455,7,0,34 257,1,52,,684351,7,0,5 123 124,1,12,,634543,7,0,34 257,1,12,,744412,7,0,5 123 124,1,12,,744426,7,0,34 257,1,12,,744355,7,0,5 123 124,1,52,,744452,7,0,34 257,1,2,,744433,7,0,31 123 124,1,3,,744391,7,0,34 257,1,9,,744377,7,0,31 123 124,1,9,,637077,7,0,34 257,1,9,,615635,7,0,31 123 124,1,9,,625704,7,0,34 257,1,9,,658423,7,0,31 123 124,1,49,,744402,7,0,34 257,1,9,,744382,7,0,31 123 124,1,9,,744388,7,0,34 257,1,9,,744423,7,0,31 123 124,1,9,,744435,7,0,34 257,1,9,,744457,7,0,31 123 124,1,49,,744416,7,0,34 257,1,9,,744409,7,0,31 123 124,1,9,,744393,7,0,34 257,1,9,,744392,7,0,31 123 124,1,9,,744451,7,0,34 257,1,9,,744418,7,0,31 123 124,1,8,,744359,7,0,34 257,1,48,,607575,7,0,31 123 124,1,7,,744364,7,0,34 257,1,8,,744443,7,0,31 123 124,1,7,,744441,7,0,34 257,1,8,,744368,7,0,31 123 124,1,7,,632651,7,0,34 257,1,8,,744440,7,0,31 123 124,1,7,,744406,7,0,34 257,1,48,,652251,7,0,31 123 124,1,7,,744401,7,0,34 257,1,8,,744353,7,0,31 123 124,1,7,,635687,7,0,34 257,1,8,,744349,7,0,31 123 124,1,7,,744378,7,0,34 257,1,8,,744427,7,0,31 123 124,1,7,,605757,7,0,34 257,1,48,,608012,7,0,31 123 124,1,7,,744389,7,0,34 257,1,8,,744413,7,0,31 123 124,1,7,,744397,7,0,34 257,1,8,,744361,7,0,31 123 124,1,7,,744363,7,0,34 257,1,8,,629557,7,0,31 123 124,1,7,,536672,7,0,34 257,1,48,,744380,7,0,31 123 124,1,7,,744437,7,0,34 257,1,8,,634908,7,0,31 123 124,1,7,,636883,7,0,34 257,1,8,,744400,7,0,31 123 124,1,7,,744439,7,0,34 257,1,8,,744436,7,0,31 123 124,1,7,,744383,7,0,34 257,1,48,,612739,7,0,31 123 124,1,7,,744351,7,0,34 257,1,8,,744447,7,0,31 123 124,1,7,,744375,7,0,34 257,1,8,,744365,7,0,31 123 124,1,7,,744362,7,0,34 257,1,8,,673805,7,0,31 123 124,1,7,,744356,7,0,34 257,1,48,,744445,7,0,31 123 124,1,7,,744376,7,0,34 257,1,8,,653675,7,0,31 123 124,1,7,,644117,7,0,34 257,1,8,,744421,7,0,31 123 124,1,7,,744352,7,0,34 257,1,8,,667263,7,0,31 123 124,1,7,,744456,7,0,34 257,1,48,,744411,7,0,31 123 124,1,7,,744396,7,0,34 257,1,8,,744408,7,0,31 123 124,1,7,,744448,7,0,34 257,1,8,,625715,7,0,31 123 124,1,7,,744372,7,0,34 257,1,8,,744357,7,0,31 123 124,1,7,,632186,7,0,34 257,1,50,,744360,7,0,31 123 124,1,10,,568804,7,0,34 257,1,10,,514060,7,0,31 123 124,1,9,,744407,7,0,34 257,1,9,,744394,7,0,31 123 124,1,9,,744444,7,0,34 257,1,49,,663934,7,0,31 123 124,1,9,,744367,7,0,34 257,1,9,,744424,7,0,31 123 124,1,9,,744446,7,0,34 257,1,9,,744371,7,0,31 123 124,1,9,,744442,7,0,34 257,1,9,,744449,7,0,31 123 124,1,49,,744381,7,0,34 257,1,9,,744399,7,0,31 123 124,1,9,,744395,7,0,34 257,1,9,,744354,7,0,31 123 124,1,8,,744390,7,0,34 257,1,9,,744404,7,0,31 123 124,1,9,,744387,7,0,34 257,1,47,,744358,7,0,5 123 124,1,10,,744420,7,0,34 257,1,10,,627771,7,0,5 123 124,1,10,,744438,7,0,34 257,1,10,,744398,7,0,5 123 124,1,10,,744385,7,0,34 257,1,50,,744428,7,0,5 123 124,1,10,,744350,7,0,34 257,1,10,,744384,7,0,5 123 124,1,10,,744410,7,0,34 257,1,10,,744419,7,0,5 123 124,1,10,,744459,7,0,34 257,1,50,,744414,7,0,5 123 124,1,10,,744455,7,0,34 257,1,10,,744450,7,0,17 126 43 8,1,10,,578826,7,0,34 257,1,10,,744434,7,0,17 126 43 8,1,10,,744422,7,0,34 257,1,50,,744430,7,0,17 126 43 8,1,15,,744453,7,0,34 257,1,15,,658811,7,0,34 257,1,15,,744458,7,0,17 126 43 8,1,55,,744429,7,0,17 126 43 8,1
16502,'1',526,,571994,7,0,9,1,6,,436780,7,0,9,1,6,,764824,7,0,9,1,6,,673362,7,0,9,1,6,,764856,7,0,9,1,6,,764828,7,0,9,1,46,,764826,7,0,9,1,6,,686090,7,0,9,1,6,,597322,7,0,9,1,6,,764729,7,0,9,1,6,,764787,7,0,9,1,6,,764800,7,0,9,1,6,,764854,7,0,9,1,6,,611544,7,0,9,1,6,,764776,7,0,9,1,6,,764765,7,0,9,1,46,,764836,7,0,9,1,6,,764753,7,0,9,1,6,,764834,7,0,9,1,6,,764803,7,0,9,1,6,,764731,7,0,9,1,6,,764796,7,0,9,1,6,,764736,7,0,9,1,6,,764775,7,0,9,1,6,,663472,7,0,9,1,6,,764771,7,0,9,1,46,,764799,7,0,9,1,6,,764850,7,0,9,1,6,,764774,7,0,9,1,6,,764778,7,0,9,1,6,,764770,7,0,9,1,6,,764805,7,0,9,1,6,,764798,7,0,9,1,6,,764754,7,0,9,1,6,,764795,7,0,9,1,6,,764745,7,0,9,1,46,,764786,7,0,9,1,6,,588965,7,0,9,1,8,,635742,7,0,9,1,8,,764788,7,0,9,1,9,,764851,7,0,9,1,8,,764777,7,0,9,1,9,,764752,7,0,9,1,8,,690285,7,0,9,1,49,,764785,7,0,9,1,8,,663185,7,0,9,1,9,,764749,7,0,9,1,8,,764821,7,0,9,1,9,,764791,7,0,9,1,8,,651561,7,0,9,1,9,,764839,7,0,9,1,48,,764748,7,0,9,1,9,,685607,7,0,9,1,8,,764759,7,0,9,1,9,,764746,7,0,9,1,8,,764724,7,0,9,1,9,,621833,7,0,9,1,8,,764730,7,0,9,1,49,,764764,7,0,9,1,8,,764843,7,0,9,1,9,,764793,7,0,9,1,8,,764814,7,0,9,1,9,,764747,7,0,9,1,8,,764855,7,0,9,1,9,,764743,7,0,9,1,48,,764760,7,0,9,1,9,,764849,7,0,9,1,8,,764808,7,0,9,1,9,,515947,7,0,9,1,8,,764773,7,0,9,1,9,,764755,7,0,9,1,8,,764820,7,0,9,1,49,,530727,7,0,9,1,9,,764847,7,0,9,1,8,,764766,7,0,9,1,7,,764841,7,0,9,1,8,,764794,7,0,9,1,8,,764823,7,0,9,1,7,,764751,7,0,9,1,7,,764806,7,0,9,1,47,,673350,7,0,9,1,8,,764852,7,0,9,1,7,,655280,7,0,9,1,8,,764848,7,0,9,1,7,,764816,7,0,9,1,8,,764735,7,0,9,1,7,,764813,7,0,9,1,8,,764726,7,0,9,1,47,,764840,7,0,9,1,8,,657492,7,0,9,1,7,,764750,7,0,9,1,8,,764830,7,0,9,1,7,,668583,7,0,9,1,8,,670785,7,0,9,1,7,,764763,7,0,9,1,8,,608866,7,0,9,1,47,,764768,7,0,9,1,8,,764780,7,0,9,1,7,,764790,7,0,9,1,8,,764781,7,0,9,1,7,,630133,7,0,9,1,8,,764756,7,0,9,1,7,,764817,7,0,9,1,8,,764737,7,0,9,1,47,,764818,7,0,9,1,8,,764772,7,0,9,1,7,,659253,7,0,9,1,8,,764810,7,0,9,1,7,,764853,7,0,9,1,8,,764769,7,0,9,1,7,,764723,7,0,9,1,8,,764837,7,0,9,1,46,,649304,7,0,9,1,9,,764835,7,0,9,1,9,,764792,7,0,9,1,9,,621932,7,0,9,1,9,,764819,7,0,9,1,9,,664006,7,0,9,1,9,,657997,7,0,9,1,49,,764733,7,0,9,1,9,,583931,7,0,9,1,9,,764811,7,0,9,1,9,,764804,7,0,9,1,9,,764802,7,0,9,1,9,,764832,7,0,9,1,49,,645368,7,0,9,1,9,,764789,7,0,9,1,9,,764738,7,0,9,1,9,,672776,7,0,9,1,9,,764831,7,0,9,1,9,,764783,7,0,9,1,9,,764784,7,0,9,1,47,,764725,7,0,9,1,6,,620522,7,0,9,1,10,,764827,7,0,9,1,10,,764801,7,0,9,1,10,,764740,7,0,9,1,10,,764838,7,0,9,1,10,,665533,7,0,9,1,50,,764767,7,0,9,1,10,,764757,7,0,9,1,10,,663757,7,0,9,1,10,,764809,7,0,9,1,10,,764842,7,0,9,1,10,,764782,7,0,9,1,50,,764779,7,0,9,1,10,,764844,7,0,9,1,10,,605122,7,0,9,1,10,,764815,7,0,9,1,10,,638374,7,0,9,1,10,,764761,7,0,9,1,53,,764728,7,0,9,1,15,,764797,7,0,9,1,15,,764741,7,0,9,1,15,,764762,7,0,9,1,55,,764732,7,0,9,1
16502,'2',536,,764885,7,0,9,1,20,,764966,7,0,9,1,54,,764922,7,0,9,1,10,,764889,7,0,9,1,10,,642243,7,0,9,1,10,,605184,7,0,9,1,10,,764867,7,0,9,1,50,,764923,7,0,9,1,10,,764990,7,0,9,1,10,,764972,7,0,9,1,10,,764873,7,0,9,1,10,,651984,7,0,9,1,10,,764905,7,0,9,1,50,,764961,7,0,9,1,10,,764870,7,0,9,1,10,,764891,7,0,9,1,10,,764857,7,0,9,1,10,,764908,7,0,9,1,10,,764925,7,0,9,1,50,,646013,7,0,9,1,9,,764968,7,0,9,1,10,,764981,7,0,9,1,10,,611638,7,0,9,1,12,,764896,7,0,9,1,8,,764913,7,0,9,1,8,,764963,7,0,9,1,48,,764916,7,0,9,1,8,,764954,7,0,9,1,8,,764869,7,0,9,1,8,,764964,7,0,9,1,8,,764965,7,0,9,1,8,,764946,7,0,9,1,8,,764907,7,0,9,1,48,,764920,7,0,9,1,8,,637383,7,0,9,1,8,,764879,7,0,9,1,8,,764899,7,0,9,1,8,,764900,7,0,9,1,8,,764887,7,0,9,1,8,,764997,7,0,9,1,7,,670875,7,0,9,1,50,,764933,7,0,9,1,3,,672222,7,0,9,1,4,,687691,7,0,9,1,6,,764930,7,0,9,1,6,,764977,7,0,9,1,6,,585376,7,0,9,1,6,,622683,7,0,9,1,6,,764986,7,0,9,1,6,,764974,7,0,9,1,6,,764868,7,0,9,1,46,,764975,7,0,9,1,6,,764890,7,0,9,1,6,,764988,7,0,9,1,6,,764875,7,0,9,1,6,,764914,7,0,9,1,6,,764924,7,0,9,1,6,,764904,7,0,9,1,6,,764895,7,0,9,1,6,,629873,7,0,9,1,6,,642593,7,0,9,1,46,,764909,7,0,9,1,6,,764882,7,0,9,1,6,,611234,7,0,9,1,6,,764894,7,0,9,1,6,,586141,7,0,9,1,6,,764955,7,0,9,1,6,,764943,7,0,9,1,6,,764897,7,0,9,1,6,,764888,7,0,9,1,6,,556240,7,0,9,1,46,,764898,7,0,9,1,6,,764860,7,0,9,1,6,,764858,7,0,9,1,6,,764935,7,0,9,1,6,,639030,7,0,9,1,6,,764944,7,0,9,1,6,,764937,7,0,9,1,6,,764991,7,0,9,1,6,,764866,7,0,9,1,6,,764865,7,0,9,1,46,,764862,7,0,9,1,6,,764976,7,0,9,1,6,,764951,7,0,9,1,6,,673544,7,0,9,1,6,,764969,7,0,9,1,6,,764984,7,0,9,1,6,,674388,7,0,9,1,6,,764982,7,0,9,1,6,,764940,7,0,9,1,6,,764871,7,0,9,1,46,,764957,7,0,9,1,6,,764953,7,0,9,1,6,,764877,7,0,9,1,6,,588051,7,0,9,1,6,,764874,7,0,9,1,6,,764915,7,0,9,1,6,,616116,7,0,9,1,6,,665089,7,0,9,1,6,,764980,7,0,9,1,6,,764876,7,0,9,1,46,,469887,7,0,9,1,6,,764902,7,0,9,1,6,,764918,7,0,9,1,6,,764959,7,0,9,1,6,,764861,7,0,9,1,6,,611252,7,0,9,1,6,,764931,7,0,9,1,6,,764950,7,0,9,1,6,,764921,7,0,9,1,8,,764994,7,0,9,1,45,,764903,7,0,9,1,5,,621545,7,0,9,1,7,,449039,7,0,9,1,7,,764996,7,0,9,1,7,,764970,7,0,9,1,7,,764901,7,0,9,1,7,,764926,7,0,9,1,7,,764864,7,0,9,1,7,,764934,7,0,9,1,47,,764872,7,0,9,1,7,,764919,7,0,9,1,7,,764962,7,0,9,1,7,,764967,7,0,9,1,7,,764906,7,0,9,1,7,,604834,7,0,9,1,7,,764880,7,0,9,1,7,,649047,7,0,9,1,7,,764971,7,0,9,1,47,,764995,7,0,9,1,7,,764917,7,0,9,1,7,,764952,7,0,9,1,7,,764893,7,0,9,1,7,,764979,7,0,9,1,7,,686842,7,0,9,1,7,,764948,7,0,9,1,7,,764941,7,0,9,1,46,,764886,7,0,9,1,8,,764949,7,0,9,1,10,,764938,7,0,9,1,10,,764859,7,0,9,1,10,,764932,7,0,9,1,10,,633203,7,0,9,1,10,,481292,7,0,9,1,50,,686873,7,0,9,1,10,,764993,7,0,9,1,10,,638175,7,0,9,1,10,,764960,7,0,9,1,10,,764936,7,0,9,1,10,,764878,7,0,9,1,50,,764973,7,0,9,1,10,,651971,7,0,9,1,10,,764883,7,0,9,1,10,,764945,7,0,9,1,10,,764978,7,0,9,1,10,,764911,7,0,9,1,53,,764985,7,0,9,1,15,,764983,7,0,9,1,15,,764884,7,0,9,1,15,,764989,7,0,9,1,55,,606458,7,0,9,1
16502,'3',815,,765076,7,0,9,1,9,,544739,7,0,9,1,9,,615532,7,0,9,1,9,,765099,7,0,9,1,9,,765047,7,0,9,1,49,,765038,7,0,9,1,9,,572370,7,0,9,1,9,,765084,7,0,9,1,9,,765041,7,0,9,1,9,,765075,7,0,9,1,9,,765070,7,0,9,1,9,,765096,7,0,9,1,49,,765063,7,0,9,1,9,,677625,7,0,9,1,9,,765040,7,0,9,1,9,,765004,7,0,9,1,9,,765050,7,0,9,1,9,,765054,7,0,9,1,9,,765082,7,0,9,1,49,,544153,7,0,9,1,9,,765062,7,0,9,1,9,,630296,7,0,9,1,9,,607552,7,0,9,1,9,,765011,7,0,9,1,10,,765092,7,0,9,1,48,,765008,7,0,9,1,10,,765088,7,0,9,1,10,,765101,7,0,9,1,9,,765068,7,0,9,1,7,,765037,7,0,9,1,8,,765032,7,0,9,1,7,,765017,7,0,9,1,8,,765015,7,0,9,1,47,,765035,7,0,9,1,8,,765060,7,0,9,1,7,,765107,7,0,9,1,8,,765007,7,0,9,1,7,,635867,7,0,9,1,8,,765065,7,0,9,1,7,,765083,7,0,9,1,8,,465164,7,0,9,1,47,,765091,7,0,9,1,8,,656001,7,0,9,1,7,,765023,7,0,9,1,8,,765086,7,0,9,1,7,,765028,7,0,9,1,8,,765071,7,0,9,1,7,,765003,7,0,9,1,8,,765026,7,0,9,1,47,,464176,7,0,9,1,8,,765108,7,0,9,1,7,,765039,7,0,9,1,8,,765049,7,0,9,1,7,,765097,7,0,9,1,8,,604598,7,0,9,1,7,,623598,7,0,9,1,8,,765061,7,0,9,1,47,,765000,7,0,9,1,8,,765033,7,0,9,1,7,,429565,7,0,9,1,8,,765020,7,0,9,1,7,,765046,7,0,9,1,8,,765115,7,0,9,1,7,,575780,7,0,9,1,8,,608785,7,0,9,1,47,,765064,7,0,9,1,8,,765112,7,0,9,1,7,,547311,7,0,9,1,8,,646254,7,0,9,1,7,,765067,7,0,9,1,8,,765031,7,0,9,1,7,,765055,7,0,9,1,8,,764999,7,0,9,1,47,,765095,7,0,9,1,8,,765042,7,0,9,1,6,,765058,7,0,9,1,9,,765057,7,0,9,1,7,,765024,7,0,9,1,8,,765029,7,0,9,1,6,,765016,7,0,9,1,9,,765018,7,0,9,1,46,,765027,7,0,9,1,7,,765066,7,0,9,1,9,,765081,7,0,9,1,9,,765005,7,0,9,1,9,,765078,7,0,9,1,9,,765102,7,0,9,1,9,,765048,7,0,9,1,49,,765069,7,0,9,1,9,,765006,7,0,9,1,9,,765110,7,0,9,1,9,,765010,7,0,9,1,9,,765087,7,0,9,1,9,,605388,7,0,9,1,49,,765072,7,0,9,1,9,,765052,7,0,9,1,9,,765111,7,0,9,1,9,,765103,7,0,9,1,9,,765009,7,0,9,1,9,,607534,7,0,9,1,9,,765093,7,0,9,1,48,,765012,7,0,9,1,7,,671352,7,0,9,1,10,,765080,7,0,9,1,10,,765104,7,0,9,1,10,,765079,7,0,9,1,10,,765030,7,0,9,1,10,,765074,7,0,9,1,50,,765045,7,0,9,1,10,,765001,7,0,9,1,10,,765013,7,0,9,1,10,,765022,7,0,9,1,10,,765002,7,0,9,1,10,,765116,7,0,9,1,50,,765098,7,0,9,1,10,,765043,7,0,9,1,10,,765019,7,0,9,1,10,,765034,7,0,9,1,10,,765051,7,0,9,1,10,,765106,7,0,9,1,53,,765044,7,0,9,1,15,,765109,7,0,9,1,15,,765077,7,0,9,1,15,,681470,7,0,9,1,55,,765089,7,0,9,1
16502,'5',532,,765135,7,0,9,1,19,,765139,7,0,9,1,64,,765128,7,0,9,1,24,,652793,7,0,9,1,64,,765209,7,0,9,1,24,,765187,7,0,9,1,24,,765224,7,0,9,1,55,,580945,7,0,9,1,9,,765210,7,0,9,1,9,,664741,7,0,9,1,9,,619375,7,0,9,1,9,,765129,7,0,9,1,9,,765172,7,0,9,1,49,,765186,7,0,9,1,9,,765127,7,0,9,1,9,,765126,7,0,9,1,9,,765140,7,0,9,1,9,,765178,7,0,9,1,9,,765151,7,0,9,1,9,,765213,7,0,9,1,49,,765217,7,0,9,1,9,,765164,7,0,9,1,9,,765225,7,0,9,1,9,,620433,7,0,9,1,9,,765144,7,0,9,1,9,,765152,7,0,9,1,9,,765149,7,0,9,1,49,,629727,7,0,9,1,9,,765141,7,0,9,1,9,,765133,7,0,9,1,9,,765222,7,0,9,1,9,,575845,7,0,9,1,10,,765195,7,0,9,1,48,,765188,7,0,9,1,10,,765122,7,0,9,1,10,,651037,7,0,9,1,9,,765189,7,0,9,1,7,,765211,7,0,9,1,8,,765231,7,0,9,1,7,,765216,7,0,9,1,8,,677055,7,0,9,1,47,,765120,7,0,9,1,8,,765230,7,0,9,1,7,,765232,7,0,9,1,8,,765196,7,0,9,1,7,,765163,7,0,9,1,8,,620394,7,0,9,1,7,,765130,7,0,9,1,8,,655600,7,0,9,1,47,,571966,7,0,9,1,8,,765215,7,0,9,1,7,,765118,7,0,9,1,8,,765136,7,0,9,1,7,,765159,7,0,9,1,8,,529219,7,0,9,1,7,,765161,7,0,9,1,8,,765219,7,0,9,1,47,,765147,7,0,9,1,8,,765208,7,0,9,1,7,,765184,7,0,9,1,8,,765201,7,0,9,1,7,,765214,7,0,9,1,8,,765192,7,0,9,1,7,,613367,7,0,9,1,8,,765143,7,0,9,1,47,,765226,7,0,9,1,8,,765170,7,0,9,1,7,,765191,7,0,9,1,8,,592014,7,0,9,1,7,,673796,7,0,9,1,8,,765148,7,0,9,1,7,,638023,7,0,9,1,8,,675197,7,0,9,1,47,,765198,7,0,9,1,8,,570657,7,0,9,1,7,,765200,7,0,9,1,8,,553001,7,0,9,1,7,,765119,7,0,9,1,8,,765168,7,0,9,1,7,,611462,7,0,9,1,8,,765177,7,0,9,1,47,,765174,7,0,9,1,8,,765218,7,0,9,1,6,,765131,7,0,9,1,9,,765194,7,0,9,1,7,,765185,7,0,9,1,8,,765193,7,0,9,1,6,,765179,7,0,9,1,9,,614284,7,0,9,1,46,,668567,7,0,9,1,7,,679592,7,0,9,1,9,,625688,7,0,9,1,9,,765142,7,0,9,1,9,,765162,7,0,9,1,9,,765145,7,0,9,1,9,,765173,7,0,9,1,49,,765157,7,0,9,1,9,,627720,7,0,9,1,9,,765227,7,0,9,1,9,,765146,7,0,9,1,9,,765233,7,0,9,1,9,,765175,7,0,9,1,49,,765156,7,0,9,1,9,,765182,7,0,9,1,9,,765203,7,0,9,1,9,,765132,7,0,9,1,9,,765206,7,0,9,1,9,,765137,7,0,9,1,9,,765205,7,0,9,1,48,,765124,7,0,9,1,7,,765117,7,0,9,1,10,,765165,7,0,9,1,10,,765150,7,0,9,1,10,,765197,7,0,9,1,10,,765160,7,0,9,1,10,,765167,7,0,9,1,50,,678805,7,0,9,1,10,,765171,7,0,9,1,10,,765166,7,0,9,1,10,,765229,7,0,9,1,10,,630386,7,0,9,1,10,,765220,7,0,9,1,50,,765199,7,0,9,1,10,,765158,7,0,9,1,10,,765123,7,0,9,1,10,,765204,7,0,9,1,10,,765138,7,0,9,1,10,,614613,7,0,9,1,53,,765181,7,0,9,1,15,,765169,7,0,9,1,15,,765202,7,0,9,1,15,,765125,7,0,9,1,55,,765190,7,0,9,1
39602,'1',519,,771337,8,0,11 12 86 87 3 9,1,2100,,771339,8,0,11 12 86 87 3 9,1,20,,771336,8,0,11 12 86 87 3 9,1,20,,771333,8,0,11 12 86 87 3 9,1,60,,513790,8,0,11 12 86 87 3 9,1,20,,771340,8,0,11 12 86 87 3 9,1,20,,771338,8,0,11 12 86 87 3 9,1,60,,771335,8,0,11 12 86 87 3 9,1,20,,771332,8,0,11 12 86 87 3 9,1,20,,771334,8,0,11 12 86 87 3 9,1
39602,'2',519,,771341,8,0,11 12 86 87 3 9,1,2100,,673200,8,0,11 12 86 87 3 9,1,20,,771342,8,0,11 12 86 87 3 9,1,20,,771344,8,0,11 12 86 87 3 9,1,60,,771345,8,0,11 12 86 87 3 9,1,20,,771343,8,0,11 12 86 87 3 9,1,20,,771347,8,0,11 12 86 87 3 9,1,60,,771346,8,0,11 12 86 87 3 9,1,20,,656336,8,0,11 12 86 87 3 9,1,20,,771348,8,0,11 12 86 87 3 9,1
39602,'3',519,,771351,8,0,11 12 86 87 3 9,1,2100,,771352,8,0,11 12 86 87 3 9,1,20,,771349,8,0,11 12 86 87 3 9,1,20,,771350,8,0,11 12 86 87 3 9,1,60,,771357,8,0,11 12 86 87 3 9,1,20,,771355,8,0,11 12 86 87 3 9,1,20,,674854,8,0,11 12 86 87 3 9,1,60,,771356,8,0,11 12 86 87 3 9,1,20,,771354,8,0,11 12 86 87 3 9,1,20,,771353,8,0,11 12 86 87 3 9,1
39602,'5',519,,771365,8,0,11 12 86 87 3 9,1,2100,,771361,8,0,11 12 86 87 3 9,1,20,,771358,8,0,11 12 86 87 3 9,1,20,,562032,8,0,11 12 86 87 3 9,1,60,,771360,8,0,11 12 86 87 3 9,1,20,,771359,8,0,11 12 86 87 3 9,1,20,,771363,8,0,11 12 86 87 3 9,1,60,,771366,8,0,11 12 86 87 3 9,1,20,,771364,8,0,11 12 86 87 3 9,1,20,,771362,8,0,11 12 86 87 3 9,1
