4503,'1',441,,753283,20,0,5 9,1,60,,778114,20,0,5 9,1,17,,730806,20,0,5 9,1,10,,710712,20,0,5 9,1,10,,801563,20,0,5 9,1,21,,801566,19,0,5 9,1,49,,801628,19,0,5 9,1,10,,694153,19,0,5 9,1,10,,801552,19,0,5 9,1,10,,801579,19,0,5 9,1,10,,706229,19,0,5 9,1,10,,801561,19,0,5 9,1,50,,801541,19,0,5 9,1,13,,737543,19,0,5 9,1,10,,801607,19,0,5 9,1,10,,650365,19,0,5 9,1,10,,699791,19,0,5 9,1,50,,719282,19,0,5 9,1,10,,801592,19,0,5 9,1,10,,571976,19,0,5 9,1,10,,801578,19,0,5 9,1,10,,655215,19,0,5 9,1,10,,801550,19,0,5 9,1,50,,801556,19,0,5 9,1,10,,677972,19,0,5 9,1,10,,801580,19,0,5 9,1,12,,801622,19,0,5 9,1,10,,779398,19,0,5 9,1,10,,767333,19,0,5 9,1,50,,801604,19,0,5 9,1,10,,801551,19,0,5 9,1,10,,801590,19,0,5 9,1,10,,801603,19,0,5 9,1,10,,801625,19,0,5 9,1,10,,801600,19,0,5 9,1,50,,801595,19,0,5 9,1,10,,801629,19,0,5 9,1,10,,801612,19,0,5 9,1,10,,801593,19,0,5 9,1,10,,801572,19,0,5 9,1,10,,634027,19,0,5 9,1,50,,801633,19,0,5 9,1,10,,801574,19,0,5 9,1,10,,801594,19,0,5 9,1,10,,801602,19,0,5 9,1,10,,801577,19,0,5 9,1,10,,777320,19,0,5 9,1,50,,801618,19,0,5 9,1,10,,801619,19,0,5 9,1,10,,801608,19,0,5 9,1,10,,801548,19,0,5 9,1,10,,801614,19,0,5 9,1,10,,801555,19,0,5 9,1,50,,801549,19,0,5 9,1,14,,801623,19,0,5 9,1,13,,801588,19,0,5 9,1,10,,721648,19,0,5 9,1,10,,801591,19,0,5 9,1,8,,801570,19,0,5 9,1,42,,801613,19,0,5 9,1,10,,632318,19,0,5 9,1,10,,801621,19,0,5 9,1,10,,801631,19,0,5 9,1,10,,801573,19,0,5 9,1,10,,801546,19,0,5 9,1,50,,801542,19,0,5 9,1,10,,801596,19,0,5 9,1,10,,771239,19,0,5 9,1,10,,801543,19,0,5 9,1,10,,801598,19,0,5 9,1,10,,801597,19,0,5 9,1,50,,801589,19,0,5 9,1,10,,773295,19,0,5 9,1,10,,801575,19,0,5 9,1,10,,723410,19,0,5 9,1,10,,801576,19,0,5 9,1,10,,801609,19,0,5 9,1,50,,801635,19,0,5 9,1,10,,651086,19,0,5 9,1,7,,749083,19,0,5 9,1,10,,801630,19,0,5 9,1,10,,801624,19,0,5 9,1,10,,801545,19,0,5 9,1,10,,605297,19,0,5 9,1,50,,801558,19,0,5 9,1,10,,801571,19,0,5 9,1,10,,801634,19,0,5 9,1,10,,801610,19,0,5 9,1,10,,801617,19,0,5 9,1,10,,801540,19,0,5 9,1,50,,801564,19,0,5 9,1,10,,801557,19,0,5 9,1,10,,801539,19,0,5 9,1,10,,801626,19,0,5 9,1,10,,801547,19,0,5 9,1,10,,721621,19,0,5 9,1,50,,801565,19,0,5 9,1,13,,619468,19,0,5 9,1,10,,801605,19,0,5 9,1,10,,801616,19,0,5 9,1,10,,801632,19,0,5 9,1,50,,801544,19,0,5 9,1,10,,801583,19,0,5 9,1,10,,801562,19,0,5 9,1,10,,764327,19,0,5 9,1,10,,801586,19,0,5 9,1,10,,801584,19,0,5 9,1,50,,801567,19,0,5 9,1,10,,801587,19,0,5 9,1,13,,801611,19,0,5 9,1,10,,801568,19,0,5 9,1,10,,801601,19,0,5 9,1,10,,801553,19,0,5 9,1,50,,801585,19,0,5 9,1,10,,801615,19,0,5 9,1,10,,801620,19,0,5 9,1,10,,801599,19,0,5 9,1,10,,801559,19,0,5 9,1,10,,801560,19,0,5 9,1,50,,801581,19,0,5 9,1,10,,801554,19,0,5 9,1,10,,801606,19,0,5 9,1,10,,760965,19,0,5 9,1,10,,801627,19,0,5 9,1,10,,743089,19,0,5 9,1,50,,801569,19,0,5 9,1,10,,801582,19,0,5 9,1,17,,801538,19,0,5 9,1
4503,'2',554,,801665,19,0,5 9,1,49,,801653,19,0,5 9,1,9,,801680,19,0,5 9,1,10,,636544,19,0,5 9,1,9,,801677,19,0,5 9,1,10,,801667,19,0,5 9,1,9,,801660,19,0,5 9,1,50,,801691,19,0,5 9,1,9,,801738,19,0,5 9,1,10,,801669,19,0,5 9,1,9,,801705,19,0,5 9,1,10,,801721,19,0,5 9,1,16,,801733,19,0,5 9,1,49,,801718,19,0,5 9,1,10,,801683,19,0,5 9,1,9,,801703,19,0,5 9,1,10,,801725,19,0,5 9,1,9,,801696,19,0,5 9,1,10,,801671,19,0,5 9,1,49,,801646,19,0,5 9,1,10,,608364,19,0,5 9,1,9,,801707,19,0,5 9,1,10,,752935,19,0,5 9,1,9,,731769,19,0,5 9,1,10,,801710,19,0,5 9,1,9,,801687,19,0,5 9,1,50,,801679,19,0,5 9,1,9,,701859,19,0,5 9,1,10,,801689,19,0,5 9,1,9,,801657,19,0,5 9,1,10,,801670,19,0,5 9,1,9,,801719,19,0,5 9,1,50,,752657,19,0,5 9,1,9,,801729,19,0,5 9,1,10,,711435,19,0,5 9,1,9,,801692,19,0,5 9,1,10,,711531,19,0,5 9,1,9,,801731,19,0,5 9,1,49,,801723,19,0,5 9,1,10,,801673,19,0,5 9,1,11,,801699,19,0,5 9,1,12,,801661,19,0,5 9,1,9,,801663,19,0,5 9,1,10,,801732,19,0,5 9,1,49,,801728,19,0,5 9,1,10,,801690,19,0,5 9,1,9,,801647,19,0,5 9,1,10,,801714,19,0,5 9,1,9,,801697,19,0,5 9,1,10,,773377,19,0,5 9,1,9,,801644,19,0,5 9,1,50,,801637,19,0,5 9,1,9,,801736,19,0,5 9,1,10,,801674,19,0,5 9,1,9,,801712,19,0,5 9,1,10,,801658,19,0,5 9,1,9,,801666,19,0,5 9,1,50,,450305,19,0,5 9,1,9,,776678,19,0,5 9,1,10,,738136,19,0,5 9,1,9,,671717,19,0,5 9,1,10,,801708,19,0,5 9,1,9,,801727,19,0,5 9,1,50,,801638,19,0,5 9,1,9,,801650,19,0,5 9,1,10,,801686,19,0,5 9,1,9,,711969,19,0,5 9,1,10,,801735,19,0,5 9,1,9,,801706,19,0,5 9,1,10,,743211,19,0,5 9,1,49,,801668,19,0,5 9,1,10,,801711,19,0,5 9,1,9,,801717,19,0,5 9,1,10,,742254,19,0,5 9,1,9,,801675,19,0,5 9,1,10,,801645,19,0,5 9,1,49,,801655,19,0,5 9,1,10,,632861,19,0,5 9,1,9,,801662,19,0,5 9,1,10,,801698,19,0,5 9,1,9,,801693,19,0,5 9,1,10,,801702,19,0,5 9,1,6,,801676,19,0,5 9,1,49,,801726,19,0,5 9,1,7,,801720,19,0,5 9,1,9,,801715,19,0,5 9,1,10,,801716,19,0,5 9,1,9,,746321,19,0,5 9,1,10,,801656,19,0,5 9,1,49,,801685,19,0,5 9,1,10,,801700,19,0,5 9,1,9,,801643,19,0,5 9,1,10,,801639,19,0,5 9,1,9,,801640,19,0,5 9,1,10,,578615,19,0,5 9,1,9,,801642,19,0,5 9,1,45,,801651,19,0,5 9,1,8,,801734,19,0,5 9,1,9,,801737,19,0,5 9,1,10,,754077,19,0,5 9,1,9,,761749,19,0,5 9,1,10,,801641,19,0,5 9,1,9,,801659,19,0,5 9,1,50,,801654,19,0,5 9,1,9,,697069,19,0,5 9,1,10,,801724,19,0,5 9,1,9,,801722,19,0,5 9,1,10,,677272,19,0,5 9,1,9,,801695,19,0,5 9,1,50,,801704,19,0,5 9,1,9,,801649,19,0,5 9,1,10,,801648,19,0,5 9,1,9,,745045,19,0,5 9,1,10,,739290,19,0,5 9,1,9,,801681,19,0,5 9,1,50,,801730,19,0,5 9,1,9,,801701,19,0,5 9,1,10,,801652,19,0,5 9,1,9,,801684,19,0,5 9,1,10,,801713,19,0,5 9,1,9,,801664,19,0,5 9,1,50,,801709,19,0,5 9,1,9,,801678,19,0,5 9,1,10,,801688,19,0,5 9,1,9,,801682,19,0,5 9,1,10,,801694,19,0,5 9,1,9,,801636,19,0,5 9,1,10,,611674,19,0,5 9,1,49,,605930,19,0,5 9,1,10,,801739,19,0,5 9,1,16,,801672,19,0,5 9,1
4503,'3',812,,801786,19,0,5 9,1,13,,801776,19,0,5 9,1,10,,774568,19,0,5 9,1,10,,801800,19,0,5 9,1,10,,801822,19,0,5 9,1,50,,801824,19,0,5 9,1,10,,801740,19,0,5 9,1,10,,801775,19,0,5 9,1,10,,648695,19,0,5 9,1,10,,801767,19,0,5 9,1,10,,801747,19,0,5 9,1,50,,801756,19,0,5 9,1,10,,801793,19,0,5 9,1,10,,745627,19,0,5 9,1,10,,801748,19,0,5 9,1,10,,801784,19,0,5 9,1,10,,801814,19,0,5 9,1,50,,756679,19,0,5 9,1,10,,801744,19,0,5 9,1,10,,801742,19,0,5 9,1,10,,801751,19,0,5 9,1,11,,801807,19,0,5 9,1,10,,727602,19,0,5 9,1,50,,801762,19,0,5 9,1,10,,801753,19,0,5 9,1,10,,801827,19,0,5 9,1,10,,801806,19,0,5 9,1,10,,801750,19,0,5 9,1,10,,801774,19,0,5 9,1,50,,801810,19,0,5 9,1,10,,801792,19,0,5 9,1,10,,801761,19,0,5 9,1,10,,801812,19,0,5 9,1,10,,801754,19,0,5 9,1,10,,801801,19,0,5 9,1,50,,801749,19,0,5 9,1,10,,801741,19,0,5 9,1,10,,801799,19,0,5 9,1,10,,801743,19,0,5 9,1,10,,801805,19,0,5 9,1,10,,801794,19,0,5 9,1,50,,801771,19,0,5 9,1,10,,801808,19,0,5 9,1,10,,801745,19,0,5 9,1,10,,801791,19,0,5 9,1,10,,801790,19,0,5 9,1,10,,801758,19,0,5 9,1,50,,801764,19,0,5 9,1,10,,801773,19,0,5 9,1,10,,801769,19,0,5 9,1,10,,767711,19,0,5 9,1,10,,801746,19,0,5 9,1,10,,772934,19,0,5 9,1,50,,801817,19,0,5 9,1,10,,801798,19,0,5 9,1,10,,801809,19,0,5 9,1,10,,801772,19,0,5 9,1,10,,801781,19,0,5 9,1,10,,801811,19,0,5 9,1,49,,801813,19,0,5 9,1,10,,801823,19,0,5 9,1,10,,801826,19,0,5 9,1,10,,801821,19,0,5 9,1,10,,801788,19,0,5 9,1,10,,750929,19,0,5 9,1,50,,801819,19,0,5 9,1,10,,801782,19,0,5 9,1,10,,801779,19,0,5 9,1,10,,740495,19,0,5 9,1,10,,801803,19,0,5 9,1,10,,701970,19,0,5 9,1,50,,801816,19,0,5 9,1,10,,801815,19,0,5 9,1,10,,801804,19,0,5 9,1,10,,801789,19,0,5 9,1,10,,801766,19,0,5 9,1,10,,801759,19,0,5 9,1,50,,801768,19,0,5 9,1,10,,801770,19,0,5 9,1,10,,801757,19,0,5 9,1,9,,776198,19,0,5 9,1,10,,801778,19,0,5 9,1,10,,801783,19,0,5 9,1,50,,801787,19,0,5 9,1,9,,801780,19,0,5 9,1,10,,661768,19,0,5 9,1,10,,738223,19,0,5 9,1,10,,763135,19,0,5 9,1,10,,801818,19,0,5 9,1,50,,801763,19,0,5 9,1,10,,801820,19,0,5 9,1,10,,801760,19,0,5 9,1,10,,801797,19,0,5 9,1,11,,801777,19,0,5 9,1,11,,801755,19,0,5 9,1,50,,801825,19,0,5 9,1,10,,801796,19,0,5 9,1,10,,801795,19,0,5 9,1,10,,801765,19,0,5 9,1,10,,801752,19,0,5 9,1,10,,801802,19,0,5 9,1,55,,801785,19,0,5 9,1
4503,'5',555,,778987,19,0,5 9,1,63,,801907,19,0,5 9,1,20,,715544,19,0,5 9,1,20,,801849,19,0,5 9,1,60,,514442,19,0,5 9,1,20,,663951,19,0,5 9,1,20,,801847,19,0,5 9,1,57,,801872,19,0,5 9,1,10,,801882,19,0,5 9,1,10,,801888,19,0,5 9,1,10,,801864,19,0,5 9,1,10,,801909,19,0,5 9,1,50,,801865,19,0,5 9,1,10,,801868,19,0,5 9,1,10,,801846,19,0,5 9,1,10,,801828,19,0,5 9,1,10,,801852,19,0,5 9,1,10,,697671,19,0,5 9,1,50,,801913,19,0,5 9,1,10,,801903,19,0,5 9,1,10,,801875,19,0,5 9,1,10,,801897,19,0,5 9,1,10,,801898,19,0,5 9,1,10,,801834,19,0,5 9,1,50,,684439,19,0,5 9,1,10,,801874,19,0,5 9,1,10,,801855,19,0,5 9,1,10,,801871,19,0,5 9,1,9,,801906,19,0,5 9,1,9,,801851,19,0,5 9,1,50,,801884,19,0,5 9,1,13,,801879,19,0,5 9,1,10,,743418,19,0,5 9,1,10,,801877,19,0,5 9,1,10,,801911,19,0,5 9,1,10,,801887,19,0,5 9,1,50,,801892,19,0,5 9,1,10,,801837,19,0,5 9,1,10,,801863,19,0,5 9,1,10,,801859,19,0,5 9,1,10,,801862,19,0,5 9,1,10,,801836,19,0,5 9,1,50,,801848,19,0,5 9,1,10,,801891,19,0,5 9,1,10,,725448,19,0,5 9,1,10,,801866,19,0,5 9,1,10,,801895,19,0,5 9,1,10,,801901,19,0,5 9,1,50,,801886,19,0,5 9,1,10,,801910,19,0,5 9,1,10,,801894,19,0,5 9,1,10,,755439,19,0,5 9,1,10,,765130,19,0,5 9,1,10,,801912,19,0,5 9,1,50,,657059,19,0,5 9,1,10,,801840,19,0,5 9,1,10,,801857,19,0,5 9,1,10,,674915,19,0,5 9,1,10,,695832,19,0,5 9,1,10,,801845,19,0,5 9,1,50,,801870,19,0,5 9,1,10,,801869,19,0,5 9,1,10,,801853,19,0,5 9,1,10,,801830,19,0,5 9,1,10,,706940,19,0,5 9,1,10,,575852,19,0,5 9,1,50,,801843,19,0,5 9,1,9,,707599,19,0,5 9,1,10,,801856,19,0,5 9,1,10,,801831,19,0,5 9,1,10,,801839,19,0,5 9,1,10,,801899,19,0,5 9,1,50,,801844,19,0,5 9,1,10,,801916,19,0,5 9,1,10,,801905,19,0,5 9,1,10,,769259,19,0,5 9,1,10,,801876,19,0,5 9,1,10,,801861,19,0,5 9,1,50,,801885,19,0,5 9,1,10,,801880,19,0,5 9,1,10,,724086,19,0,5 9,1,10,,801889,19,0,5 9,1,10,,801858,19,0,5 9,1,10,,801850,19,0,5 9,1,50,,801881,19,0,5 9,1,10,,801890,19,0,5 9,1,10,,801873,19,0,5 9,1,10,,801854,19,0,5 9,1,10,,801914,19,0,5 9,1,10,,801902,19,0,5 9,1,50,,801835,19,0,5 9,1,9,,801841,19,0,5 9,1,9,,801893,19,0,5 9,1,10,,801896,19,0,5 9,1,10,,801867,19,0,5 9,1,10,,801904,19,0,5 9,1,50,,801900,19,0,5 9,1,10,,706017,19,0,5 9,1,10,,801878,19,0,5 9,1,10,,801832,19,0,5 9,1,10,,801842,19,0,5 9,1,12,,708325,19,0,5 9,1,50,,801829,19,0,5 9,1,10,,801915,19,0,5 9,1,10,,801838,19,0,5 9,1,10,,801860,19,0,5 9,1,10,,801883,19,0,5 9,1,10,,801908,19,0,5 9,1,55,,801833,19,0,5 9,1
14503,'1',549,,850076,20,0,132 133 227 228,1,61,,850085,20,0,132 133 227 228,1,20,,850074,20,0,132 133 227 228,1,17,,850081,20,0,132 133 227 228,1,60,,850068,20,0,132 133 227 228,1,29,,551439,20,0,132 133 227 228,1,20,,850087,20,0,132 133 227 228,1,60,,850082,20,0,132 133 227 228,1,20,,713810,20,0,132 133 227 228,1,20,,850077,20,0,132 133 227 228,1,60,,850083,20,0,132 133 227 228,1,15,,850086,20,0,132 133 227 228,1,18,,850073,20,0,132 133 227 228,1,60,,850075,20,0,132 133 227 228,1,20,,775711,20,0,132 133 227 228,1,20,,850066,20,0,132 133 227 228,1,60,,737011,20,0,132 133 227 228,1,20,,737001,20,0,132 133 227 228,1,20,,850069,20,0,132 133 227 228,1,60,,695558,20,0,132 133 227 228,1,19,,723449,20,0,132 133 227 228,1,20,,850072,20,0,132 133 227 228,1,60,,850090,20,0,132 133 227 228,1,20,,758381,20,0,132 133 227 228,1,17,,727954,20,0,132 133 227 228,1,58,,850071,20,0,132 133 227 228,1,30,,850084,20,0,132 133 227 228,1,20,,761874,20,0,132 133 227 228,1,60,,721627,20,0,132 133 227 228,1,20,,850079,20,0,132 133 227 228,1,20,,850080,20,0,132 133 227 228,1,60,,850067,20,0,132 133 227 228,1,20,,850078,20,0,132 133 227 228,1,20,,850070,20,0,132 133 227 228,1,60,,721267,20,0,132 133 227 228,1,20,,624936,20,0,132 133 227 228,1,20,,850089,20,0,132 133 227 228,1,60,,756838,20,0,132 133 227 228,1,14,,850088,20,0,132 133 227 228,1
34503,'1',2708,,859143,48,0,9,1,30,,859142,48,0,9,1,70,,859141,48,0,9,1,30,,859146,48,0,9,1,70,,859144,48,0,9,1
34503,'2',2708,,859150,48,0,9,1,30,,733048,48,0,9,1,70,,859147,48,0,9,1,30,,859148,48,0,9,1,70,,710923,48,0,9,1
34503,'3',603,,859155,48,0,9,1,30,,859158,48,0,9,1,70,,859162,48,0,9,1,30,,859160,48,0,9,1,70,,859154,48,0,9,1,1737,,859161,21,0,9,1,70,,859151,21,0,9,1,30,,859153,48,0,9,1,68,,859163,48,0,9,1,30,,859157,48,0,9,1,70,,757401,48,0,9,1,30,,859159,48,0,9,1
34503,'5',2540,,641620,21,0,9,1,70,,777131,21,0,9,1,30,,859166,48,0,9,1,68,,859167,48,0,9,1,30,,859165,48,0,9,1,70,,859164,48,0,9,1,30,,859169,48,0,9,1
94503,'1',630,,740025,5,0,9,1,7,,866749,5,0,9,1,7,,866732,5,0,9,1,10,,756437,5,0,9,1,50,,866756,5,0,9,1,15,,866736,5,0,9,1,10,,866741,5,0,9,1,10,,866763,5,0,9,1,10,,732454,5,0,9,1,10,,866739,5,0,9,1,50,,703531,5,0,9,1,10,,866730,5,0,9,1,10,,866758,5,0,9,1,10,,866747,5,0,9,1,10,,866738,5,0,9,1,10,,866750,5,0,9,1,50,,731072,5,0,9,1,10,,866727,5,0,9,1,530,,866757,5,0,9,1,10,,866746,5,0,9,1,50,,866761,5,0,9,1,10,,866765,5,0,9,1,10,,866755,5,0,9,1,10,,744781,5,0,9,1,10,,866737,5,0,9,1,10,,714989,5,0,9,1,50,,866753,5,0,9,1,10,,866729,5,0,9,1,10,,734118,5,0,9,1,10,,866760,5,0,9,1,10,,866742,5,0,9,1,10,,866726,5,0,9,1,50,,866728,5,0,9,1,10,,866734,5,0,9,1,10,,768959,5,0,9,1,10,,866733,5,0,9,1,10,,866764,5,0,9,1,10,,866766,5,0,9,1,50,,866731,5,0,9,1,9,,866759,5,0,9,1,7,,866743,5,0,9,1,10,,866744,5,0,9,1,10,,866751,5,0,9,1,10,,866754,5,0,9,1,50,,866752,5,0,9,1,10,,866740,5,0,9,1,10,,866748,5,0,9,1,10,,866745,5,0,9,1,10,,866762,5,0,9,1,10,,701053,5,0,9,1,49,,866735,5,0,9,1
