3902,'1',454,,708451,9,0,16 15,1,60,,708507,9,0,16 15,1,17,,708501,9,0,16 15,1,19,,638384,9,0,16 15,1,58,,690323,9,0,16 15,1,18,,708537,9,0,16 15,1,18,,708453,9,0,16 15,1,15,,655716,9,0,16 15,1,58,,708458,9,0,16 15,1,18,,667180,9,0,16 15,1,18,,708487,9,0,16 15,1,58,,708521,9,0,16 15,1,18,,708550,9,0,16 15,1,18,,708499,9,0,16 15,1,58,,708438,9,0,16 15,1,18,,708498,9,0,16 15,1,18,,708549,9,0,16 15,1,18,,708524,9,0,16 15,1,58,,708489,9,0,16 15,1,18,,659581,9,0,16 15,1,18,,708546,9,0,16 15,1,58,,708518,9,0,16 15,1,18,,639546,9,0,16 15,1,18,,708457,9,0,16 15,1,58,,642119,9,0,16 15,1,18,,708480,9,0,16 15,1,18,,708439,9,0,16 15,1,18,,708484,9,0,16 15,1,58,,708543,9,0,16 15,1,18,,708540,9,0,16 15,1,18,,647950,9,0,16 15,1,59,,708509,9,0,16 15,1,18,,708526,9,0,16 15,1,18,,671402,9,0,16 15,1,58,,708474,9,0,16 15,1,18,,708460,9,0,16 15,1,18,,708432,9,0,16 15,1,58,,708459,9,0,16 15,1,18,,708464,9,0,16 15,1,18,,708468,9,0,16 15,1,18,,708470,9,0,16 15,1,58,,708481,9,0,16 15,1,18,,678674,9,0,16 15,1,18,,708500,9,0,16 15,1,58,,708517,9,0,16 15,1,19,,708488,9,0,16 15,1,19,,708545,9,0,16 15,1,58,,708531,9,0,16 15,1,18,,708519,9,0,16 15,1,18,,675315,9,0,16 15,1,18,,642911,9,0,16 15,1,58,,690283,9,0,16 15,1,16,,708529,9,0,16 15,1,16,,685374,9,0,16 15,1,56,,708466,9,0,16 15,1,18,,708536,9,0,16 15,1,18,,708465,9,0,16 15,1,18,,653253,9,0,16 15,1,59,,708496,9,0,16 15,1,20,,708472,9,0,16 15,1,18,,708456,9,0,16 15,1,59,,708435,9,0,16 15,1,18,,708467,9,0,16 15,1,18,,599840,9,0,16 15,1,58,,708513,9,0,16 15,1,18,,624389,9,0,16 15,1,18,,487343,9,0,16 15,1,58,,689960,9,0,16 15,1,25,,649871,9,0,16 15,1,30,,708469,9,0,16 15,1
3902,'2',504,,708633,9,0,16 15,1,27,,708610,9,0,16 15,1,18,,708569,9,0,16 15,1,55,,708604,9,0,16 15,1,15,,648096,9,0,16 15,1,15,,708666,9,0,16 15,1,15,,708683,9,0,16 15,1,54,,708626,9,0,16 15,1,11,,708624,9,0,16 15,1,15,,624026,9,0,16 15,1,19,,708668,9,0,16 15,1,59,,708566,9,0,16 15,1,19,,708605,9,0,16 15,1,19,,708627,9,0,16 15,1,59,,657878,9,0,16 15,1,19,,708639,9,0,16 15,1,19,,708657,9,0,16 15,1,58,,708634,9,0,16 15,1,17,,708663,9,0,16 15,1,16,,708587,9,0,16 15,1,17,,708684,9,0,16 15,1,57,,708651,9,0,16 15,1,17,,708588,9,0,16 15,1,17,,556225,9,0,16 15,1,17,,708613,9,0,16 15,1,57,,708655,9,0,16 15,1,17,,708630,9,0,16 15,1,17,,631972,9,0,16 15,1,57,,642244,9,0,16 15,1,17,,708643,9,0,16 15,1,17,,708632,9,0,16 15,1,17,,708644,9,0,16 15,1,57,,708636,9,0,16 15,1,17,,708641,9,0,16 15,1,17,,708598,9,0,16 15,1,57,,708607,9,0,16 15,1,15,,667808,9,0,16 15,1,15,,708579,9,0,16 15,1,15,,708662,9,0,16 15,1,56,,642646,9,0,16 15,1,17,,708654,9,0,16 15,1,17,,708570,9,0,16 15,1,17,,708589,9,0,16 15,1,57,,708631,9,0,16 15,1,17,,708606,9,0,16 15,1,17,,708646,9,0,16 15,1,57,,708640,9,0,16 15,1,17,,708592,9,0,16 15,1,17,,585381,9,0,16 15,1,17,,708612,9,0,16 15,1,57,,708595,9,0,16 15,1,19,,708582,9,0,16 15,1,20,,708664,9,0,16 15,1,60,,708617,9,0,16 15,1,20,,708650,9,0,16 15,1,20,,708580,9,0,16 15,1,60,,708600,9,0,16 15,1,20,,708652,9,0,16 15,1,8,,708642,9,0,16 15,1,12,,624028,9,0,16 15,1,60,,622402,9,0,16 15,1,19,,708564,9,0,16 15,1,15,,708659,9,0,16 15,1,55,,708658,9,0,16 15,1,15,,708581,9,0,16 15,1,15,,708578,9,0,16 15,1,15,,611275,9,0,16 15,1,55,,463480,9,0,16 15,1,15,,708572,9,0,16 15,1,15,,708675,9,0,16 15,1,15,,708573,9,0,16 15,1,9,,708574,9,0,16 15,1,70,,471245,9,0,16 15,1,30,,708673,9,0,16 15,1
3902,'3',504,,684756,9,0,19 6,1,25,,708712,9,0,19 6,1,21,,708709,9,0,19 6,1,60,,708695,9,0,19 6,1,20,,708773,9,0,19 6,1,20,,678421,9,0,19 6,1,60,,708765,9,0,16 15,1,16,,708716,9,0,16 15,1,16,,708726,9,0,16 15,1,15,,708804,9,0,16 15,1,56,,708713,9,0,16 15,1,16,,681360,9,0,16 15,1,16,,708784,9,0,16 15,1,56,,708789,9,0,16 15,1,16,,708774,9,0,16 15,1,16,,708710,9,0,16 15,1,16,,636735,9,0,16 15,1,56,,666055,9,0,16 15,1,16,,708715,9,0,16 15,1,16,,708703,9,0,16 15,1,16,,708739,9,0,16 15,1,56,,708746,9,0,16 15,1,16,,708775,9,0,16 15,1,16,,708803,9,0,16 15,1,16,,708717,9,0,16 15,1,56,,708796,9,0,16 15,1,16,,708687,9,0,16 15,1,16,,708728,9,0,16 15,1,56,,582291,9,0,16 15,1,16,,708767,9,0,16 15,1,16,,708754,9,0,16 15,1,16,,708734,9,0,16 15,1,56,,380767,9,0,16 15,1,16,,708702,9,0,16 15,1,16,,687436,9,0,16 15,1,16,,708699,9,0,16 15,1,56,,660868,9,0,16 15,1,16,,708799,9,0,16 15,1,16,,708776,9,0,16 15,1,16,,708744,9,0,16 15,1,56,,708786,9,0,16 15,1,16,,708686,9,0,16 15,1,16,,708694,9,0,16 15,1,56,,654426,9,0,16 15,1,16,,581295,9,0,16 15,1,16,,708731,9,0,16 15,1,16,,708794,9,0,16 15,1,56,,708737,9,0,16 15,1,18,,708757,9,0,16 15,1,20,,708727,9,0,16 15,1,58,,708701,9,0,16 15,1,17,,708689,9,0,16 15,1,17,,708780,9,0,16 15,1,17,,708685,9,0,16 15,1,57,,658737,9,0,16 15,1,17,,708698,9,0,16 15,1,17,,708741,9,0,16 15,1,57,,708688,9,0,16 15,1,17,,575767,9,0,16 15,1,17,,629942,9,0,16 15,1,14,,590457,9,0,16 15,1,57,,708805,9,0,16 15,1,17,,708730,9,0,16 15,1,17,,708760,9,0,16 15,1,17,,708778,9,0,16 15,1,57,,708788,9,0,16 15,1,17,,708692,9,0,16 15,1,17,,708696,9,0,16 15,1,57,,708721,9,0,16 15,1,17,,665587,9,0,16 15,1,17,,708725,9,0,16 15,1,17,,708797,9,0,16 15,1,70,,708753,9,0,16 15,1,30,,708706,9,0,16 15,1
3902,'5',504,,708884,9,0,16 15,1,25,,708919,9,0,16 15,1,21,,622182,9,0,16 15,1,60,,686242,9,0,16 15,1,20,,664731,9,0,16 15,1,20,,708862,9,0,16 15,1,60,,708806,9,0,16 15,1,16,,708855,9,0,16 15,1,16,,708877,9,0,16 15,1,15,,708872,9,0,16 15,1,56,,708815,9,0,16 15,1,16,,617026,9,0,16 15,1,16,,708807,9,0,16 15,1,56,,665508,9,0,16 15,1,16,,661577,9,0,16 15,1,16,,708908,9,0,16 15,1,16,,543096,9,0,16 15,1,56,,708834,9,0,16 15,1,16,,708839,9,0,16 15,1,16,,708875,9,0,16 15,1,16,,708858,9,0,16 15,1,56,,708913,9,0,16 15,1,16,,708831,9,0,16 15,1,16,,708848,9,0,16 15,1,16,,708889,9,0,16 15,1,56,,708866,9,0,16 15,1,16,,708886,9,0,16 15,1,16,,708894,9,0,16 15,1,56,,708871,9,0,16 15,1,16,,676009,9,0,16 15,1,16,,708926,9,0,16 15,1,16,,708811,9,0,16 15,1,56,,708885,9,0,16 15,1,16,,708861,9,0,16 15,1,16,,708814,9,0,16 15,1,16,,708899,9,0,16 15,1,56,,708845,9,0,16 15,1,16,,708822,9,0,16 15,1,16,,708812,9,0,16 15,1,16,,708860,9,0,16 15,1,56,,613853,9,0,16 15,1,16,,708911,9,0,16 15,1,16,,708927,9,0,16 15,1,56,,708910,9,0,16 15,1,16,,708901,9,0,16 15,1,16,,667857,9,0,16 15,1,16,,708916,9,0,16 15,1,56,,708900,9,0,16 15,1,18,,649793,9,0,16 15,1,20,,522145,9,0,16 15,1,58,,708869,9,0,16 15,1,17,,708907,9,0,16 15,1,17,,708912,9,0,16 15,1,17,,708915,9,0,16 15,1,57,,708840,9,0,16 15,1,17,,708852,9,0,16 15,1,17,,708854,9,0,16 15,1,57,,708827,9,0,16 15,1,17,,708850,9,0,16 15,1,17,,708819,9,0,16 15,1,14,,708853,9,0,16 15,1,57,,708846,9,0,16 15,1,17,,708816,9,0,16 15,1,17,,708813,9,0,16 15,1,17,,708823,9,0,16 15,1,57,,708883,9,0,16 15,1,17,,708931,9,0,16 15,1,17,,708902,9,0,16 15,1,57,,708876,9,0,16 15,1,17,,708905,9,0,16 15,1,17,,708829,9,0,16 15,1,17,,708932,9,0,16 15,1,70,,642451,9,0,16 15,1,30,,708865,9,0,16 15,1
33401,'1',2714,,609390,111,0,34 16 3 57,1,30,,640095,109,0,34 16 3 57,1,70,,769850,107,0,34 16 3 57,1,30,,769843,107,0,34 16 3 57,1,70,,769849,107,0,34 16 3 57,1,30,,684575,107,0,34 16 3 57,1
33401,'2',2714,,769876,111,0,34 16 3 57,1,30,,769864,109,0,34 16 3 57,1,70,,769872,107,0,34 16 3 57,1,30,,769857,107,0,34 16 3 57,1,70,,769867,107,0,34 16 3 57,1,30,,523641,107,0,34 16 3 57,1
33401,'3',614,,467814,107,0,34 16 3 57,1,30,,769900,107,0,34 16 3 57,1,64,,769906,107,0,34 16 3 57,1,23,,769893,109,0,34 16 3 57,1,20,,769881,109,0,34 16 3 57,1,1963,,769885,111,0,34 16 3 57,1,30,,769909,109,0,34 16 3 57,1,70,,536157,107,0,34 16 3 57,1,30,,769879,107,0,34 16 3 57,1,70,,769889,107,0,34 16 3 57,1,30,,769901,107,0,34 16 3 57,1
33401,'5',2714,,769925,111,0,34 16 3 57,1,30,,769930,109,0,34 16 3 57,1,70,,769931,107,0,34 16 3 57,1,30,,769911,107,0,34 16 3 57,1,70,,769921,107,0,34 16 3 57,1,30,,769919,107,0,34 16 3 57,1
35301,'1',551,,770699,104,0,11 12 142,1,70,,770702,104,0,11 12 142,1,30,,770698,104,0,11 12 142,1,2059,,770707,34,0,11 12 142,1,30,,644953,105,0,11 12 142,1,70,,651073,104,0,11 12 142,1,30,,770709,104,0,11 12 142,1,70,,770704,104,0,11 12 142,1,30,,770701,104,0,11 12 142,1,65,,770703,104,0,11 12 142,1
35301,'2',804,,770721,104,0,11 12 142,1,1907,,770717,34,0,11 12 142,1,30,,770713,104,0,11 12 142,1,70,,770715,104,0,11 12 142,1,30,,770716,104,0,11 12 142,1,70,,770720,104,0,11 12 142,1,30,,770719,104,0,11 12 142,1,65,,622954,104,0,11 12 142,1
35301,'3',631,,770727,104,0,11 12 142,1,70,,770730,104,0,11 12 142,1,30,,657568,104,0,11 12 142,1,70,,607115,104,0,11 12 142,1,1940,,659313,105,0,11 12 142,1,70,,770729,104,0,11 12 142,1,30,,770722,104,0,11 12 142,1,70,,660393,104,0,11 12 142,1,30,,770728,104,0,11 12 142,1,70,,770734,104,0,11 12 142,1
35301,'5',804,,770740,104,0,11 12 142,1,1907,,770741,34,0,11 12 142,1,30,,770747,104,0,11 12 142,1,70,,770743,104,0,11 12 142,1,30,,770746,104,0,11 12 142,1,70,,770739,104,0,11 12 142,1,30,,641826,104,0,11 12 142,1,65,,770745,104,0,11 12 142,1
93902,'1',605,,777606,13,0,28 16 8,1,9,,777629,13,0,28 16 8,1,10,,660159,13,0,28 16 8,1,10,,777707,13,0,28 16 8,1,10,,777628,13,0,28 16 8,1,7,,626264,13,0,28 16 8,1,8,,777612,13,0,28 16 8,1,50,,777617,13,0,28 16 8,1,10,,658486,13,0,28 16 8,1,10,,612448,13,0,28 16 8,1,10,,670047,13,0,28 16 8,1,10,,777619,13,0,28 16 8,1,10,,777599,13,0,28 16 8,1,50,,777669,13,0,28 16 8,1,10,,777696,13,0,28 16 8,1,10,,777630,13,0,28 16 8,1,10,,777614,13,0,28 16 8,1,510,,777626,13,0,28 16 8,1,56,,777608,13,0,28 16 8,1,15,,777657,13,0,28 16 8,1,15,,674720,13,0,28 16 8,1,15,,777706,13,0,28 16 8,1,55,,538205,13,0,28 16 8,1,15,,777597,13,0,28 16 8,1,15,,777624,13,0,28 16 8,1,15,,777654,13,0,28 16 8,1,55,,777613,13,0,28 16 8,1,15,,777670,13,0,28 16 8,1,15,,777663,13,0,28 16 8,1,15,,777690,13,0,28 16 8,1,55,,777659,13,0,28 16 8,1,15,,777623,13,0,28 16 8,1,15,,777664,13,0,28 16 8,1,15,,777600,13,0,28 16 8,1,55,,777693,13,0,28 16 8,1,15,,657485,13,0,28 16 8,1,15,,777710,13,0,28 16 8,1,15,,777660,13,0,28 16 8,1
