1201,'1',555,,606424,28,0,5 55 15,1,65,,606374,33,0,5 55 15,1,30,,606429,33,0,5 55 15,1,66,,606370,33,0,5 55 15,1,24,,606383,33,0,5 55 15,1,64,,606390,33,0,5 55 15,1,24,,606368,33,0,5 55 15,1,24,,606412,33,0,5 55 15,1,64,,606404,33,0,5 55 15,1,27,,606377,33,0,5 55 15,1,70,,606431,33,0,5 55 15,1,30,,606379,33,0,5 55 15,1,70,,606418,33,0,5 55 15,1,30,,606434,33,0,5 55 15,1,70,,606410,33,0,5 55 15,1,30,,606413,33,0,5 55 15,1,70,,520280,33,0,5 55 15,1,30,,606428,33,0,5 55 15,1,70,,606389,33,0,5 55 15,1,30,,606381,33,0,5 55 15,1,66,,606420,33,0,5 55 15,1,22,,597381,33,0,5 55 15,1,22,,606395,33,0,5 55 15,1,62,,606421,33,0,5 55 15,1,22,,600327,33,0,5 55 15,1,22,,581009,33,0,5 55 15,1,62,,606375,33,0,5 55 15,1,22,,606388,33,0,5 55 15,1,62,,606402,33,0,5 55 15,1,22,,606400,33,0,5 55 15,1,22,,460649,33,0,5 55 15,1,57,,588767,33,0,5 55 15,1,27,,574100,33,0,5 55 15,1,67,,606419,33,0,5 55 15,1,27,,606393,33,0,5 55 15,1,27,,606411,33,0,5 55 15,1,67,,606394,33,0,5 55 15,1,27,,536752,33,0,5 55 15,1,66,,606403,33,0,5 55 15,1,22,,606391,34,0,34 55 15,1,20,,606366,34,0,34 55 15,1,60,,584633,34,0,34 55 15,1,20,,606406,34,0,34 55 15,1,20,,606415,34,0,34 55 15,1,60,,606396,34,0,34 55 15,1,20,,606392,34,0,34 55 15,1,20,,606408,34,0,34 55 15,1,60,,606373,34,0,34 55 15,1,20,,606409,34,0,34 55 15,1,65,,579635,34,0,34 55 15,1,30,,494689,34,0,34 55 15,1
1201,'2',554,,606491,28,0,5 55 15,1,61,,606437,34,0,34 55 15,1,15,,606472,33,0,5 55 15,1,15,,606464,34,0,34 55 15,1,55,,464658,33,0,5 55 15,1,15,,606477,34,0,34 55 15,1,15,,606445,33,0,5 55 15,1,15,,563057,34,0,34 55 15,1,55,,606486,33,0,5 55 15,1,15,,606487,34,0,34 55 15,1,18,,571641,33,0,5 55 15,1,15,,606490,34,0,34 55 15,1,55,,606488,33,0,5 55 15,1,15,,578110,34,0,34 55 15,1,15,,606458,33,0,5 55 15,1,15,,606468,34,0,34 55 15,1,55,,562833,33,0,5 55 15,1,15,,606478,34,0,34 55 15,1,15,,606473,33,0,5 55 15,1,15,,606482,34,0,34 55 15,1,55,,606484,33,0,5 55 15,1,15,,606489,34,0,34 55 15,1,15,,606496,33,0,5 55 15,1,15,,541825,34,0,34 55 15,1,55,,606456,33,0,5 55 15,1,15,,606454,34,0,34 55 15,1,18,,606438,33,0,5 55 15,1,12,,606444,34,0,34 55 15,1,56,,587037,33,0,5 55 15,1,11,,606474,34,0,34 55 15,1,16,,606483,33,0,5 55 15,1,11,,606479,34,0,34 55 15,1,16,,606465,33,0,5 55 15,1,51,,606441,34,0,34 55 15,1,16,,606497,33,0,5 55 15,1,11,,606446,34,0,34 55 15,1,16,,606462,33,0,5 55 15,1,51,,549930,34,0,34 55 15,1,16,,606485,33,0,5 55 15,1,11,,606439,34,0,34 55 15,1,16,,606471,33,0,5 55 15,1,11,,606452,34,0,34 55 15,1,56,,606492,33,0,5 55 15,1,11,,563485,34,0,34 55 15,1,16,,606443,33,0,5 55 15,1,11,,606451,34,0,34 55 15,1,56,,499958,33,0,5 55 15,1,11,,606493,34,0,34 55 15,1,16,,606440,33,0,5 55 15,1,11,,606436,34,0,34 55 15,1,56,,606466,33,0,5 55 15,1,11,,606476,34,0,34 55 15,1,16,,606457,33,0,5 55 15,1,11,,606460,34,0,34 55 15,1,16,,606475,33,0,5 55 15,1,51,,606467,34,0,34 55 15,1,16,,606463,33,0,5 55 15,1,14,,606498,34,0,34 55 15,1,18,,606469,34,0,34 55 15,1,59,,606455,34,0,34 55 15,1,18,,606442,34,0,34 55 15,1,19,,606501,34,0,34 55 15,1,58,,474406,34,0,34 55 15,1,19,,606450,34,0,34 55 15,1,18,,606481,34,0,34 55 15,1,59,,606470,34,0,34 55 15,1,18,,606453,34,0,34 55 15,1,14,,606495,34,0,34 55 15,1,20,,606449,34,0,34 55 15,1,60,,606447,34,0,34 55 15,1,20,,606480,34,0,34 55 15,1,20,,541827,34,0,34 55 15,1,60,,606459,34,0,34 55 15,1,20,,606494,34,0,34 55 15,1,20,,606499,34,0,34 55 15,1,60,,532347,34,0,34 55 15,1,20,,606461,34,0,34 55 15,1,65,,606500,34,0,34 55 15,1,30,,606448,34,0,34 55 15,1
1201,'3',747,,606549,28,0,5 55 15,1,56,,606537,34,0,34 55 15,1,17,,606541,28,0,5 55 15,1,14,,606503,33,0,5 55 15,1,23,,606544,33,0,5 55 15,1,58,,606504,34,0,34 55 15,1,16,,606532,33,0,5 55 15,1,14,,606539,34,0,34 55 15,1,56,,606515,33,0,5 55 15,1,14,,519192,34,0,34 55 15,1,16,,606516,33,0,5 55 15,1,14,,606530,34,0,34 55 15,1,56,,606525,33,0,5 55 15,1,14,,606527,34,0,34 55 15,1,16,,606558,33,0,5 55 15,1,14,,606510,34,0,34 55 15,1,56,,606538,33,0,5 55 15,1,14,,606502,34,0,34 55 15,1,18,,503069,33,0,5 55 15,1,14,,606536,34,0,34 55 15,1,56,,580821,33,0,5 55 15,1,14,,606545,34,0,34 55 15,1,16,,606517,33,0,5 55 15,1,14,,606533,34,0,34 55 15,1,56,,606535,33,0,5 55 15,1,14,,606528,34,0,34 55 15,1,16,,606522,33,0,5 55 15,1,14,,606512,34,0,34 55 15,1,56,,527268,33,0,5 55 15,1,14,,606507,34,0,34 55 15,1,16,,606553,33,0,5 55 15,1,14,,606511,34,0,34 55 15,1,56,,513513,33,0,5 55 15,1,14,,509117,34,0,34 55 15,1,16,,606556,33,0,5 55 15,1,14,,606505,34,0,34 55 15,1,56,,606526,33,0,5 55 15,1,14,,606550,34,0,34 55 15,1,16,,606551,33,0,5 55 15,1,14,,606514,34,0,34 55 15,1,56,,545792,33,0,5 55 15,1,14,,606540,34,0,34 55 15,1,16,,606521,33,0,5 55 15,1,14,,463549,34,0,34 55 15,1,56,,606529,33,0,5 55 15,1,14,,606554,34,0,34 55 15,1,17,,606508,34,0,34 55 15,1,19,,606543,34,0,34 55 15,1,58,,606548,34,0,34 55 15,1,19,,606520,34,0,34 55 15,1,18,,606506,34,0,34 55 15,1,59,,606546,34,0,34 55 15,1,18,,606519,34,0,34 55 15,1,19,,606557,34,0,34 55 15,1,58,,606555,34,0,34 55 15,1,19,,606509,34,0,34 55 15,1,11,,477085,34,0,34 55 15,1,20,,606547,34,0,34 55 15,1,60,,606542,34,0,34 55 15,1,20,,606518,34,0,34 55 15,1,20,,606552,34,0,34 55 15,1,60,,502935,34,0,34 55 15,1,20,,606534,34,0,34 55 15,1,20,,606523,34,0,34 55 15,1,60,,606513,34,0,34 55 15,1,22,,542543,34,0,34 55 15,1,67,,606524,34,0,34 55 15,1,30,,606531,34,0,34 55 15,1
1201,'5',553,,606609,28,0,5 55 15,1,65,,606581,34,0,34 55 15,1,16,,606566,33,0,5 55 15,1,14,,525888,34,0,34 55 15,1,56,,606590,33,0,5 55 15,1,14,,606564,34,0,34 55 15,1,16,,606605,33,0,5 55 15,1,14,,606603,34,0,34 55 15,1,56,,606563,33,0,5 55 15,1,14,,525237,34,0,34 55 15,1,16,,606575,33,0,5 55 15,1,21,,606612,33,0,5 55 15,1,60,,606589,34,0,34 55 15,1,16,,529969,33,0,5 55 15,1,14,,606583,34,0,34 55 15,1,56,,556517,33,0,5 55 15,1,14,,606577,34,0,34 55 15,1,16,,590750,33,0,5 55 15,1,14,,606599,34,0,34 55 15,1,56,,606598,33,0,5 55 15,1,14,,606561,34,0,34 55 15,1,16,,517082,33,0,5 55 15,1,14,,606565,34,0,34 55 15,1,56,,606560,33,0,5 55 15,1,14,,606578,34,0,34 55 15,1,18,,580981,33,0,5 55 15,1,14,,606569,34,0,34 55 15,1,56,,606606,33,0,5 55 15,1,14,,521207,34,0,34 55 15,1,16,,606613,33,0,5 55 15,1,14,,606604,34,0,34 55 15,1,56,,550046,33,0,5 55 15,1,14,,587240,34,0,34 55 15,1,16,,606600,33,0,5 55 15,1,14,,606571,34,0,34 55 15,1,56,,606601,33,0,5 55 15,1,14,,552074,34,0,34 55 15,1,16,,606567,33,0,5 55 15,1,14,,606597,34,0,34 55 15,1,56,,549146,33,0,5 55 15,1,14,,606594,34,0,34 55 15,1,16,,606573,33,0,5 55 15,1,14,,606570,34,0,34 55 15,1,56,,606585,33,0,5 55 15,1,14,,606611,34,0,34 55 15,1,16,,606602,33,0,5 55 15,1,14,,606584,34,0,34 55 15,1,56,,606587,33,0,5 55 15,1,14,,606568,34,0,34 55 15,1,16,,521281,33,0,5 55 15,1,14,,606592,34,0,34 55 15,1,56,,606596,33,0,5 55 15,1,14,,606576,34,0,34 55 15,1,16,,514767,34,0,34 55 15,1,19,,606595,34,0,34 55 15,1,58,,606574,34,0,34 55 15,1,19,,564006,34,0,34 55 15,1,18,,606559,34,0,34 55 15,1,59,,606608,34,0,34 55 15,1,18,,606591,34,0,34 55 15,1,19,,606593,34,0,34 55 15,1,58,,606586,34,0,34 55 15,1,19,,606610,34,0,34 55 15,1,12,,606607,34,0,34 55 15,1,20,,606572,34,0,34 55 15,1,60,,606580,34,0,34 55 15,1,20,,606588,34,0,34 55 15,1,20,,592665,34,0,34 55 15,1,60,,594711,34,0,34 55 15,1,20,,606579,34,0,34 55 15,1,20,,606582,34,0,34 55 15,1,60,,551692,34,0,34 55 15,1,22,,606562,34,0,34 55 15,1,67,,606614,34,0,34 55 15,1,30,,546757,34,0,34 55 15,1
20103,'1',1032,,528693,9,0,55 8,1,22,,463606,9,0,55 8,1,63,,531864,9,0,55 8,1,22,,679890,9,0,55 8,1,63,,679888,9,0,55 8,1,22,,679895,9,0,55 8,1,23,,679885,9,0,55 8,1,62,,679893,9,0,55 8,1,23,,679891,9,0,55 8,1,22,,603716,9,0,55 8,1,63,,679880,9,0,55 8,1,22,,679894,9,0,55 8,1,63,,519820,9,0,55 8,1,22,,569625,9,0,55 8,1,23,,679879,9,0,55 8,1,62,,679886,9,0,55 8,1,23,,679882,9,0,55 8,1,22,,558822,9,0,55 8,1,63,,679887,9,0,55 8,1,22,,679883,9,0,55 8,1,63,,679892,9,0,55 8,1,22,,679881,9,0,55 8,1,23,,679889,9,0,55 8,1,62,,566510,9,0,55 8,1,23,,514837,9,0,55 8,1,22,,679898,9,0,55 8,1,63,,546389,9,0,55 8,1,22,,679878,9,0,55 8,1,63,,679896,9,0,55 8,1,22,,679877,9,0,55 8,1,23,,679897,9,0,55 8,1,65,,679884,9,0,55 8,1
20103,'2',830,,679931,9,0,55 8,1,15,,679922,9,0,55 8,1,55,,519905,9,0,55 8,1,15,,679907,9,0,55 8,1,15,,679924,9,0,55 8,1,15,,679930,9,0,55 8,1,55,,679911,9,0,55 8,1,15,,679926,9,0,55 8,1,15,,541851,9,0,55 8,1,15,,519454,9,0,55 8,1,55,,679917,9,0,55 8,1,15,,570856,9,0,55 8,1,15,,679937,9,0,55 8,1,15,,679923,9,0,55 8,1,55,,679905,9,0,55 8,1,16,,679903,9,0,55 8,1,15,,679929,9,0,55 8,1,15,,679904,9,0,55 8,1,55,,679915,9,0,55 8,1,15,,456315,9,0,55 8,1,15,,679928,9,0,55 8,1,15,,523613,9,0,55 8,1,55,,679913,9,0,55 8,1,15,,679916,9,0,55 8,1,15,,551238,9,0,55 8,1,15,,679912,9,0,55 8,1,55,,679935,9,0,55 8,1,15,,679927,9,0,55 8,1,15,,679910,9,0,55 8,1,15,,679934,9,0,55 8,1,55,,679920,9,0,55 8,1,15,,679919,9,0,55 8,1,15,,582558,9,0,55 8,1,15,,679902,9,0,55 8,1,55,,679936,9,0,55 8,1,15,,679918,9,0,55 8,1,15,,591733,9,0,55 8,1,15,,679899,9,0,55 8,1,55,,593806,9,0,55 8,1,15,,555190,9,0,55 8,1,15,,679900,9,0,55 8,1,15,,679909,9,0,55 8,1,55,,585598,9,0,55 8,1,15,,679908,9,0,55 8,1,15,,679901,9,0,55 8,1,15,,679914,9,0,55 8,1,55,,679925,9,0,55 8,1,15,,679933,9,0,55 8,1,15,,577207,9,0,55 8,1,15,,679921,9,0,55 8,1,55,,571615,9,0,55 8,1,15,,570851,9,0,55 8,1,15,,561811,9,0,55 8,1,15,,679932,9,0,55 8,1,55,,579977,9,0,55 8,1,15,,679906,9,0,55 8,1
20103,'3',829,,679964,9,0,55 8,1,15,,679950,9,0,55 8,1,15,,679983,9,0,55 8,1,55,,679940,9,0,55 8,1,15,,679941,9,0,55 8,1,15,,679969,9,0,55 8,1,15,,679980,9,0,55 8,1,55,,679987,9,0,55 8,1,15,,556342,9,0,55 8,1,15,,679973,9,0,55 8,1,15,,679979,9,0,55 8,1,55,,679970,9,0,55 8,1,15,,679939,9,0,55 8,1,15,,679956,9,0,55 8,1,15,,679958,9,0,55 8,1,57,,679953,9,0,55 8,1,15,,594002,9,0,55 8,1,15,,679959,9,0,55 8,1,55,,679962,9,0,55 8,1,15,,679952,9,0,55 8,1,15,,376955,9,0,55 8,1,15,,589748,9,0,55 8,1,55,,679968,9,0,55 8,1,15,,679982,9,0,55 8,1,15,,679974,9,0,55 8,1,15,,679943,9,0,55 8,1,55,,679976,9,0,55 8,1,15,,679975,9,0,55 8,1,15,,679971,9,0,55 8,1,15,,679946,9,0,55 8,1,55,,679948,9,0,55 8,1,15,,679965,9,0,55 8,1,15,,679957,9,0,55 8,1,15,,679978,9,0,55 8,1,55,,679961,9,0,55 8,1,15,,679967,9,0,55 8,1,15,,679938,9,0,55 8,1,15,,679949,9,0,55 8,1,55,,507368,9,0,55 8,1,15,,679986,9,0,55 8,1,15,,679947,9,0,55 8,1,15,,679984,9,0,55 8,1,55,,679942,9,0,55 8,1,15,,679960,9,0,55 8,1,15,,679985,9,0,55 8,1,15,,679972,9,0,55 8,1,55,,679945,9,0,55 8,1,15,,679944,9,0,55 8,1,15,,679966,9,0,55 8,1,15,,679981,9,0,55 8,1,55,,679963,9,0,55 8,1,15,,679955,9,0,55 8,1,15,,679977,9,0,55 8,1,15,,679951,9,0,55 8,1,55,,679954,9,0,55 8,1,15,,595919,9,0,55 8,1
20103,'5',829,,680030,9,0,55 8,1,15,,680003,9,0,55 8,1,15,,680017,9,0,55 8,1,55,,679990,9,0,55 8,1,15,,680018,9,0,55 8,1,15,,680020,9,0,55 8,1,15,,679994,9,0,55 8,1,55,,579782,9,0,55 8,1,15,,680008,9,0,55 8,1,15,,679995,9,0,55 8,1,15,,680004,9,0,55 8,1,55,,680012,9,0,55 8,1,15,,680026,9,0,55 8,1,15,,679992,9,0,55 8,1,15,,680000,9,0,55 8,1,57,,679998,9,0,55 8,1,15,,680014,9,0,55 8,1,15,,680005,9,0,55 8,1,55,,680033,9,0,55 8,1,15,,680023,9,0,55 8,1,15,,680037,9,0,55 8,1,15,,680034,9,0,55 8,1,55,,599759,9,0,55 8,1,15,,680011,9,0,55 8,1,15,,593086,9,0,55 8,1,15,,680015,9,0,55 8,1,55,,680002,9,0,55 8,1,15,,680028,9,0,55 8,1,15,,680031,9,0,55 8,1,15,,680024,9,0,55 8,1,55,,530344,9,0,55 8,1,15,,680025,9,0,55 8,1,15,,679996,9,0,55 8,1,15,,679997,9,0,55 8,1,55,,680036,9,0,55 8,1,15,,679991,9,0,55 8,1,15,,680009,9,0,55 8,1,15,,680029,9,0,55 8,1,55,,680035,9,0,55 8,1,15,,679993,9,0,55 8,1,15,,679999,9,0,55 8,1,15,,514455,9,0,55 8,1,55,,679988,9,0,55 8,1,15,,588703,9,0,55 8,1,15,,680007,9,0,55 8,1,15,,680027,9,0,55 8,1,55,,680021,9,0,55 8,1,15,,680032,9,0,55 8,1,15,,679989,9,0,55 8,1,15,,680013,9,0,55 8,1,55,,680022,9,0,55 8,1,15,,680016,9,0,55 8,1,15,,680001,9,0,55 8,1,15,,680010,9,0,55 8,1,55,,680019,9,0,55 8,1,15,,680006,9,0,55 8,1
31603,'1',2643,,681209,28,0,9,1,70,,430303,28,0,9,1,30,,681207,28,0,9,1,70,,681210,28,0,9,1,30,,681208,28,0,9,1,70,,681206,28,0,9,1
31603,'2',2643,,681215,28,0,9,1,70,,378992,28,0,9,1,30,,681214,28,0,9,1,70,,681211,28,0,9,1,30,,681213,28,0,9,1,70,,681212,28,0,9,1
31603,'3',543,,681217,28,0,9,1,70,,681224,28,0,9,1,30,,681222,28,0,9,1,70,,681218,28,0,9,1,1930,,681219,28,0,9,1,70,,681220,28,0,9,1,30,,681216,28,0,9,1,70,,681223,28,0,9,1,30,,681225,28,0,9,1,70,,681221,28,0,9,1
31603,'5',2643,,681226,28,0,9,1,70,,573021,28,0,9,1,30,,514267,28,0,9,1,70,,681227,28,0,9,1,30,,548627,28,0,9,1,70,,554820,28,0,9,1
