6001,'1',459,,634621,11,0,16 15,1,54,,516128,11,0,16 15,1,1708,,634563,11,0,16 15,1,12,,634626,11,0,16 15,1,12,,634642,11,0,16 15,1,12,,634612,11,0,16 15,1,64,,634570,11,0,16 15,1,24,,535975,11,0,16 15,1,64,,634627,11,0,16 15,1,24,,634617,11,0,16 15,1,24,,634558,11,0,16 15,1,62,,634568,11,0,16 15,1,25,,634607,11,0,16 15,1,65,,634616,11,0,16 15,1
6001,'2',537,,634740,15,0,16 15,1,20,,634656,15,0,16 15,1,69,,634650,15,0,16 15,1,20,,634721,15,0,16 15,1,60,,634703,15,0,16 15,1,20,,431326,15,0,16 15,1,20,,634697,15,0,16 15,1,60,,541128,15,0,16 15,1,1138,,634701,11,0,16 15,1,60,,634668,11,0,16 15,1,20,,526360,11,0,16 15,1,20,,634700,11,0,16 15,1,60,,634725,11,0,16 15,1,20,,634696,11,0,16 15,1,20,,634658,11,0,16 15,1,60,,577491,11,0,16 15,1,30,,634741,11,0,16 15,1,20,,548119,11,0,16 15,1,60,,634676,11,0,16 15,1,20,,449268,11,0,16 15,1,20,,634673,11,0,16 15,1,60,,634690,11,0,16 15,1,20,,634734,11,0,16 15,1,20,,634729,11,0,16 15,1,59,,634682,11,0,16 15,1,21,,549003,11,0,16 15,1,20,,634711,11,0,16 15,1,60,,634695,11,0,16 15,1
6001,'3',1917,,634808,11,0,16 15,1,10,,634746,11,0,16 15,1,10,,634778,11,0,16 15,1,10,,634799,11,0,16 15,1,10,,634788,11,0,16 15,1,57,,634813,11,0,16 15,1,20,,634755,11,0,16 15,1,20,,634775,11,0,16 15,1,60,,634771,11,0,16 15,1,20,,634787,11,0,16 15,1,23,,634773,11,0,16 15,1,63,,585153,11,0,16 15,1,20,,634754,11,0,16 15,1,60,,634779,11,0,16 15,1,20,,634832,11,0,16 15,1,20,,634783,11,0,16 15,1,60,,634794,11,0,16 15,1,20,,634762,11,0,16 15,1,20,,571682,11,0,16 15,1,60,,634841,11,0,16 15,1,20,,560061,11,0,16 15,1,20,,634781,11,0,16 15,1,60,,634828,11,0,16 15,1,13,,634798,11,0,16 15,1
6001,'5',613,,634898,11,0,16 15,1,15,,634936,11,0,16 15,1,15,,601700,11,0,16 15,1,15,,634880,11,0,16 15,1,55,,634895,11,0,16 15,1,15,,634860,11,0,16 15,1,15,,634885,11,0,16 15,1,15,,634935,11,0,16 15,1,1156,,529096,11,0,16 15,1,10,,634868,11,0,16 15,1,10,,634919,11,0,16 15,1,10,,634939,11,0,16 15,1,10,,634947,11,0,16 15,1,60,,598321,11,0,16 15,1,20,,634850,11,0,16 15,1,20,,634879,11,0,16 15,1,60,,634854,11,0,16 15,1,20,,634861,11,0,16 15,1,23,,576292,11,0,16 15,1,63,,634941,11,0,16 15,1,20,,634859,11,0,16 15,1,60,,634842,11,0,16 15,1,20,,634913,11,0,16 15,1,20,,634872,11,0,16 15,1,60,,634909,11,0,16 15,1,20,,634943,11,0,16 15,1,20,,634928,11,0,16 15,1,60,,634920,11,0,16 15,1,20,,571915,11,0,16 15,1,20,,634915,11,0,16 15,1,60,,634849,11,0,16 15,1,13,,591156,11,0,16 15,1
16601,'1',535,,475699,11,0,47 48 8,1,65,,603346,11,0,47 48 8,1,25,,537097,11,0,47 48 8,1,25,,677139,11,0,47 48 8,1,65,,677144,11,0,47 48 8,1,25,,677137,11,0,47 48 8,1,65,,677141,11,0,47 48 8,1,25,,677140,11,0,47 48 8,1,25,,677134,11,0,47 48 8,1,597,,677135,11,0,47 48 8,1,65,,677136,11,0,47 48 8,1,25,,677138,11,0,47 48 8,1,65,,538147,11,0,47 48 8,1,25,,677143,11,0,47 48 8,1,25,,677147,11,0,47 48 8,1,65,,603974,11,0,47 48 8,1,25,,677133,11,0,47 48 8,1,65,,574113,11,0,47 48 8,1,25,,677146,11,0,47 48 8,1,65,,677145,11,0,47 48 8,1
38401,'1',428,,515732,6,0,19,1,25,,599474,6,0,11 12 96 15,1,50,,682978,6,0,11 12 96 15,1,2128,,682980,6,0,19,1,70,,682979,6,0,19,1,30,,682981,6,0,19,1,27,,461618,6,0,19,1
38401,'2',428,,682983,6,0,19,1,74,,564606,6,0,11 12 96 15,1,2129,,682986,6,0,19,1,70,,682985,6,0,19,1,30,,682982,6,0,19,1,27,,682984,6,0,19,1
38401,'3',428,,682989,6,0,19,1,30,,682987,6,0,19,1,70,,682992,6,0,19,1,30,,682991,6,0,19,1,70,,682993,6,0,19,1,30,,603122,6,0,19,1,1973,,682994,6,0,19,1,70,,682995,6,0,19,1,30,,682990,6,0,19,1,27,,682988,6,0,19,1
38401,'5',428,,682996,6,0,19,1,73,,578456,6,0,11 12 96 15,1,2130,,682997,6,0,19,1,70,,529287,6,0,19,1,30,,682998,6,0,19,1,27,,682999,6,0,19,1
96001,'1',533,,689695,15,0,16 8,1,8,,562541,15,0,16 8,1,8,,519770,15,0,16 8,1,9,,689716,15,0,16 8,1,49,,689674,15,0,16 8,1,8,,689696,15,0,16 8,1,8,,689749,15,0,16 8,1,7,,518931,15,0,16 8,1,7,,689742,15,0,16 8,1,7,,689708,15,0,16 8,1,7,,689748,15,0,16 8,1,7,,689731,15,0,16 8,1,47,,689670,15,0,16 8,1,7,,689679,15,0,16 8,1,8,,689693,15,0,16 8,1,8,,689730,15,0,16 8,1,8,,542359,15,0,16 8,1,8,,689706,15,0,16 8,1,8,,689751,15,0,16 8,1,48,,689736,15,0,16 8,1,8,,689713,15,0,16 8,1,8,,689744,15,0,16 8,1,8,,689724,15,0,16 8,1,8,,689745,15,0,16 8,1,8,,689743,15,0,16 8,1,8,,689675,15,0,16 8,1,8,,516911,15,0,16 8,1,48,,589403,15,0,16 8,1,8,,689700,15,0,16 8,1,8,,689684,15,0,16 8,1,8,,689711,15,0,16 8,1,8,,689699,15,0,16 8,1,8,,516576,15,0,16 8,1,8,,689694,15,0,16 8,1,48,,689672,15,0,16 8,1,8,,689729,15,0,16 8,1,7,,689691,15,0,16 8,1,10,,689715,15,0,16 8,1,10,,689689,15,0,16 8,1,10,,689725,15,0,16 8,1,10,,689698,15,0,16 8,1,50,,689704,15,0,16 8,1,10,,689733,15,0,16 8,1,10,,689753,15,0,16 8,1,10,,573212,15,0,16 8,1,10,,689739,15,0,16 8,1,10,,689722,15,0,16 8,1,50,,689686,15,0,16 8,1,10,,689754,15,0,16 8,1,10,,550160,15,0,16 8,1,10,,689703,15,0,16 8,1,10,,557999,15,0,16 8,1,10,,689728,15,0,16 8,1,50,,554409,15,0,16 8,1,10,,689752,15,0,16 8,1,10,,578066,15,0,16 8,1,9,,579941,15,0,16 8,1,9,,549557,15,0,16 8,1,9,,689737,15,0,16 8,1,49,,689697,15,0,16 8,1,10,,689718,15,0,16 8,1,8,,564729,15,0,16 8,1,8,,689681,15,0,16 8,1,8,,689701,15,0,16 8,1,8,,689707,15,0,16 8,1,9,,531021,15,0,16 8,1,48,,540528,15,0,16 8,1,4,,689727,15,0,16 8,1,8,,689709,15,0,16 8,1,8,,689747,15,0,16 8,1,8,,689714,15,0,16 8,1,8,,689680,15,0,16 8,1,8,,689723,15,0,16 8,1,8,,689677,15,0,16 8,1,48,,579160,15,0,16 8,1,8,,573648,15,0,16 8,1,8,,689688,15,0,16 8,1,8,,689720,15,0,16 8,1,8,,547983,15,0,16 8,1,8,,539920,15,0,16 8,1,8,,689726,15,0,16 8,1,8,,689678,15,0,16 8,1,48,,689735,15,0,16 8,1,8,,558708,15,0,16 8,1,8,,689712,15,0,16 8,1,8,,689710,15,0,16 8,1,8,,533701,15,0,16 8,1,8,,689692,15,0,16 8,1,8,,544101,15,0,16 8,1,48,,689687,15,0,16 8,1,8,,560259,15,0,16 8,1,8,,689671,15,0,16 8,1,8,,689740,15,0,16 8,1,8,,462262,15,0,16 8,1,8,,689676,15,0,16 8,1,8,,689721,15,0,16 8,1,9,,689732,15,0,16 8,1,49,,554397,15,0,16 8,1,9,,689705,15,0,16 8,1,5,,689738,11,0,16 8,1,8,,584687,11,0,16 8,1,12,,540866,11,0,16 8,1,10,,689673,11,0,16 8,1,51,,562548,11,0,16 8,1,10,,689685,11,0,16 8,1,13,,689717,11,0,16 8,1,10,,689734,11,0,16 8,1,10,,689750,11,0,16 8,1,10,,689702,11,0,16 8,1,50,,689746,11,0,16 8,1,10,,689690,11,0,16 8,1,10,,689741,11,0,16 8,1,10,,689682,11,0,16 8,1,10,,689683,11,0,16 8,1,10,,531027,11,0,16 8,1,50,,689719,11,0,16 8,1,10,,402709,11,0,16 8,1
96001,'2',816,,557648,15,0,16 8,1,10,,689787,15,0,16 8,1,10,,555402,15,0,16 8,1,10,,534088,15,0,16 8,1,10,,511477,15,0,16 8,1,50,,689783,15,0,16 8,1,10,,689760,15,0,16 8,1,10,,689780,15,0,16 8,1,10,,689771,15,0,16 8,1,10,,689755,15,0,16 8,1,10,,689793,15,0,16 8,1,50,,689785,15,0,16 8,1,10,,689778,15,0,16 8,1,10,,587666,15,0,16 8,1,10,,689801,15,0,16 8,1,10,,601863,15,0,16 8,1,10,,551586,15,0,16 8,1,50,,689798,15,0,16 8,1,10,,689781,15,0,16 8,1,10,,689795,15,0,16 8,1,12,,689788,15,0,16 8,1,10,,689762,15,0,16 8,1,10,,689770,15,0,16 8,1,50,,544504,15,0,16 8,1,10,,596959,15,0,16 8,1,10,,689786,15,0,16 8,1,10,,689790,15,0,16 8,1,10,,689764,15,0,16 8,1,10,,689768,15,0,16 8,1,50,,689797,15,0,16 8,1,10,,689789,15,0,16 8,1,10,,551595,15,0,16 8,1,10,,553681,15,0,16 8,1,10,,689773,15,0,16 8,1,10,,516296,15,0,16 8,1,50,,689769,15,0,16 8,1,10,,689772,15,0,16 8,1,10,,689767,15,0,16 8,1,10,,556761,15,0,16 8,1,10,,574505,15,0,16 8,1,10,,689779,15,0,16 8,1,50,,689791,15,0,16 8,1,10,,689765,15,0,16 8,1,10,,689784,15,0,16 8,1,10,,689794,15,0,16 8,1,10,,564634,15,0,16 8,1,10,,580768,15,0,16 8,1,50,,689800,15,0,16 8,1,10,,689766,15,0,16 8,1,10,,689761,15,0,16 8,1,10,,538507,15,0,16 8,1,10,,689763,15,0,16 8,1,10,,689759,15,0,16 8,1,50,,689774,15,0,16 8,1,10,,689776,15,0,16 8,1,10,,582425,15,0,16 8,1,10,,689799,15,0,16 8,1,10,,689757,15,0,16 8,1,10,,689758,15,0,16 8,1,50,,689782,15,0,16 8,1,10,,589626,15,0,16 8,1,10,,689802,15,0,16 8,1,10,,689796,15,0,16 8,1,10,,689756,15,0,16 8,1,10,,689777,15,0,16 8,1,50,,689775,15,0,16 8,1,8,,689792,15,0,16 8,1
96001,'3',808,,689816,11,0,16 8,1,10,,689811,11,0,16 8,1,10,,689833,11,0,16 8,1,10,,689829,11,0,16 8,1,10,,689844,11,0,16 8,1,10,,689815,11,0,16 8,1,50,,689841,11,0,16 8,1,10,,689835,11,0,16 8,1,10,,525132,11,0,16 8,1,10,,689804,11,0,16 8,1,10,,689861,11,0,16 8,1,10,,689809,11,0,16 8,1,50,,595920,11,0,16 8,1,10,,689839,11,0,16 8,1,10,,517540,11,0,16 8,1,10,,551629,11,0,16 8,1,10,,689821,11,0,16 8,1,10,,689803,11,0,16 8,1,50,,689812,11,0,16 8,1,10,,689851,11,0,16 8,1,10,,689837,11,0,16 8,1,7,,689827,11,0,16 8,1,7,,689855,11,0,16 8,1,10,,689807,11,0,16 8,1,50,,689848,11,0,16 8,1,10,,689820,11,0,16 8,1,10,,689818,11,0,16 8,1,10,,689831,11,0,16 8,1,10,,689823,11,0,16 8,1,10,,689822,11,0,16 8,1,50,,689814,11,0,16 8,1,10,,689843,11,0,16 8,1,10,,689824,11,0,16 8,1,10,,689806,11,0,16 8,1,10,,689858,11,0,16 8,1,10,,689854,11,0,16 8,1,50,,689825,11,0,16 8,1,10,,689830,11,0,16 8,1,10,,533388,11,0,16 8,1,10,,516622,11,0,16 8,1,10,,689847,11,0,16 8,1,10,,689856,11,0,16 8,1,50,,689819,11,0,16 8,1,10,,689805,11,0,16 8,1,10,,689860,11,0,16 8,1,10,,689842,11,0,16 8,1,10,,547423,11,0,16 8,1,10,,689849,11,0,16 8,1,50,,689810,11,0,16 8,1,10,,689846,11,0,16 8,1,10,,689859,11,0,16 8,1,10,,689826,11,0,16 8,1,10,,689845,11,0,16 8,1,10,,689832,11,0,16 8,1,50,,389562,11,0,16 8,1,10,,689862,11,0,16 8,1,10,,689836,11,0,16 8,1,10,,689850,11,0,16 8,1,10,,689853,11,0,16 8,1,10,,689840,11,0,16 8,1,50,,689834,11,0,16 8,1,10,,689808,11,0,16 8,1,10,,689857,11,0,16 8,1,10,,689813,11,0,16 8,1,10,,689852,11,0,16 8,1,10,,689817,11,0,16 8,1,50,,689828,11,0,16 8,1,10,,689838,11,0,16 8,1
96001,'5',758,,689886,11,0,16 8,1,50,,689864,11,0,16 8,1,10,,689872,11,0,16 8,1,10,,689911,11,0,16 8,1,10,,689878,11,0,16 8,1,10,,528452,11,0,16 8,1,10,,689881,11,0,16 8,1,50,,689915,11,0,16 8,1,10,,689863,11,0,16 8,1,10,,689910,11,0,16 8,1,10,,689889,11,0,16 8,1,10,,689868,11,0,16 8,1,10,,689891,11,0,16 8,1,50,,589309,11,0,16 8,1,10,,689877,11,0,16 8,1,10,,689906,11,0,16 8,1,10,,689890,11,0,16 8,1,10,,689875,11,0,16 8,1,10,,689918,11,0,16 8,1,50,,689921,11,0,16 8,1,10,,520120,11,0,16 8,1,10,,689908,11,0,16 8,1,7,,689913,11,0,16 8,1,7,,689903,11,0,16 8,1,10,,689884,11,0,16 8,1,50,,689865,11,0,16 8,1,10,,689901,11,0,16 8,1,10,,689887,11,0,16 8,1,10,,689869,11,0,16 8,1,10,,552576,11,0,16 8,1,10,,689917,11,0,16 8,1,50,,689894,11,0,16 8,1,10,,689900,11,0,16 8,1,10,,689904,11,0,16 8,1,10,,689888,11,0,16 8,1,10,,567814,11,0,16 8,1,10,,689873,11,0,16 8,1,50,,689919,11,0,16 8,1,10,,689892,11,0,16 8,1,10,,689895,11,0,16 8,1,10,,556449,11,0,16 8,1,10,,689914,11,0,16 8,1,10,,689883,11,0,16 8,1,50,,689867,11,0,16 8,1,10,,689876,11,0,16 8,1,10,,689880,11,0,16 8,1,10,,689916,11,0,16 8,1,10,,689912,11,0,16 8,1,10,,689902,11,0,16 8,1,50,,689893,11,0,16 8,1,10,,689871,11,0,16 8,1,10,,596275,11,0,16 8,1,10,,689898,11,0,16 8,1,10,,689907,11,0,16 8,1,10,,542190,11,0,16 8,1,50,,689899,11,0,16 8,1,10,,689879,11,0,16 8,1,10,,689874,11,0,16 8,1,10,,689870,11,0,16 8,1,10,,689920,11,0,16 8,1,10,,689909,11,0,16 8,1,50,,689896,11,0,16 8,1,10,,689897,11,0,16 8,1,10,,564534,11,0,16 8,1,10,,689885,11,0,16 8,1,10,,576090,11,0,16 8,1,10,,689866,11,0,16 8,1,50,,689882,11,0,16 8,1,10,,689905,11,0,16 8,1
