3802,'1',512,,517430,23,0,55 8,1,14,,621085,23,0,55 8,1,15,,621062,23,0,55 8,1,15,,621095,23,0,55 8,1,55,,621055,23,0,55 8,1,15,,621071,23,0,55 8,1,15,,621079,23,0,55 8,1,15,,621080,23,0,55 8,1,55,,621105,23,0,55 8,1,15,,575329,23,0,55 8,1,12,,621069,23,0,55 8,1,13,,621072,23,0,55 8,1,52,,621108,23,0,55 8,1,12,,621124,23,0,55 8,1,12,,621061,23,0,55 8,1,12,,621057,23,0,55 8,1,12,,540934,23,0,55 8,1,52,,621089,23,0,55 8,1,12,,621127,23,0,55 8,1,12,,621063,23,0,55 8,1,11,,621081,23,0,55 8,1,12,,621126,23,0,55 8,1,52,,621117,23,0,55 8,1,12,,621100,23,0,55 8,1,12,,621068,23,0,55 8,1,12,,621082,23,0,55 8,1,12,,557808,23,0,55 8,1,52,,591489,23,0,55 8,1,12,,621083,23,0,55 8,1,12,,621077,23,0,55 8,1,12,,621067,23,0,55 8,1,12,,621054,23,0,55 8,1,52,,621107,23,0,55 8,1,12,,621076,23,0,55 8,1,12,,621074,23,0,55 8,1,12,,621087,23,0,55 8,1,12,,621056,23,0,55 8,1,52,,598638,23,0,55 8,1,12,,621113,23,0,55 8,1,12,,621111,23,0,55 8,1,12,,588612,23,0,55 8,1,12,,472938,23,0,55 8,1,52,,621104,23,0,55 8,1,12,,602932,23,0,55 8,1,12,,621109,23,0,55 8,1,12,,482251,23,0,55 8,1,12,,621065,23,0,55 8,1,52,,621098,23,0,55 8,1,11,,621115,23,0,55 8,1,10,,621094,23,0,55 8,1,12,,621102,23,0,55 8,1,12,,503407,23,0,55 8,1,12,,621092,23,0,55 8,1,52,,438195,23,0,55 8,1,12,,621119,23,0,55 8,1,12,,621058,23,0,55 8,1,12,,621078,23,0,55 8,1,12,,621064,23,0,55 8,1,52,,621066,23,0,55 8,1,12,,621086,23,0,55 8,1,12,,621096,23,0,55 8,1,12,,621121,23,0,55 8,1,12,,621097,23,0,55 8,1,52,,621093,23,0,55 8,1,12,,621110,23,0,55 8,1,12,,621070,23,0,55 8,1,12,,621075,23,0,55 8,1,12,,621103,23,0,55 8,1,52,,572732,23,0,55 8,1,11,,621112,23,0,55 8,1,11,,621123,23,0,55 8,1,12,,551956,23,0,55 8,1,12,,603971,23,0,55 8,1,52,,566494,23,0,55 8,1,12,,621059,23,0,55 8,1,12,,621060,23,0,55 8,1,12,,621073,23,0,55 8,1,12,,621101,23,0,55 8,1,52,,621084,23,0,55 8,1,12,,621120,23,0,55 8,1,12,,621116,23,0,55 8,1,12,,621122,23,0,55 8,1,12,,621128,23,0,55 8,1,52,,621090,23,0,55 8,1,14,,621118,23,0,55 8,1,20,,565317,23,0,55 8,1,60,,621099,23,0,55 8,1,20,,595433,23,0,55 8,1,20,,621114,23,0,55 8,1,60,,621088,23,0,55 8,1,20,,621106,23,0,55 8,1,20,,522763,23,0,55 8,1,60,,388573,23,0,55 8,1,20,,621125,23,0,55 8,1,12,,621091,23,0,55 8,1
3802,'2',544,,621194,23,0,55 8,1,60,,621142,23,0,55 8,1,20,,621130,23,0,55 8,1,20,,621185,23,0,55 8,1,60,,557081,23,0,55 8,1,20,,621161,23,0,55 8,1,20,,621178,23,0,55 8,1,56,,621181,23,0,55 8,1,15,,621179,23,0,55 8,1,15,,621152,23,0,55 8,1,14,,621165,23,0,55 8,1,14,,621135,23,0,55 8,1,54,,621180,23,0,55 8,1,14,,585770,23,0,55 8,1,14,,621150,23,0,55 8,1,14,,553629,23,0,55 8,1,54,,513469,23,0,55 8,1,14,,621174,23,0,55 8,1,14,,621151,23,0,55 8,1,14,,621192,23,0,55 8,1,54,,621173,23,0,55 8,1,14,,621189,23,0,55 8,1,14,,621159,23,0,55 8,1,14,,621183,23,0,55 8,1,54,,375166,23,0,55 8,1,14,,621191,23,0,55 8,1,12,,621149,23,0,55 8,1,12,,621184,23,0,55 8,1,12,,621187,23,0,55 8,1,52,,621177,23,0,55 8,1,12,,621168,23,0,55 8,1,12,,621154,23,0,55 8,1,12,,602705,23,0,55 8,1,12,,621148,23,0,55 8,1,52,,621196,23,0,55 8,1,12,,621139,23,0,55 8,1,12,,621146,23,0,55 8,1,12,,621157,23,0,55 8,1,12,,621129,23,0,55 8,1,52,,582265,23,0,55 8,1,12,,621158,23,0,55 8,1,12,,544145,23,0,55 8,1,12,,621162,23,0,55 8,1,12,,543776,23,0,55 8,1,52,,532310,23,0,55 8,1,12,,621193,23,0,55 8,1,12,,621163,23,0,55 8,1,12,,621144,23,0,55 8,1,12,,621169,23,0,55 8,1,52,,621155,23,0,55 8,1,12,,621147,23,0,55 8,1,12,,621188,23,0,55 8,1,12,,621170,23,0,55 8,1,12,,621164,23,0,55 8,1,52,,621160,23,0,55 8,1,12,,621171,23,0,55 8,1,12,,621132,23,0,55 8,1,15,,621141,23,0,55 8,1,15,,514171,23,0,55 8,1,52,,621195,23,0,55 8,1,12,,621197,23,0,55 8,1,12,,527215,23,0,55 8,1,12,,621182,23,0,55 8,1,12,,621145,23,0,55 8,1,52,,621153,23,0,55 8,1,12,,621166,23,0,55 8,1,12,,621143,23,0,55 8,1,12,,621136,23,0,55 8,1,12,,583678,23,0,55 8,1,52,,537426,23,0,55 8,1,12,,621137,23,0,55 8,1,12,,621175,23,0,55 8,1,12,,621134,23,0,55 8,1,11,,621138,23,0,55 8,1,53,,621186,23,0,55 8,1,13,,521469,23,0,55 8,1,18,,621167,23,0,55 8,1,18,,383371,23,0,55 8,1,58,,621133,23,0,55 8,1,18,,537456,23,0,55 8,1,18,,621190,23,0,55 8,1,58,,621176,23,0,55 8,1,18,,621131,23,0,55 8,1,18,,541167,23,0,55 8,1,58,,621172,23,0,55 8,1,22,,621140,23,0,55 8,1,20,,621156,23,0,17 175 63,1
3802,'3',739,,542008,23,0,55 8,1,18,,553761,23,0,55 8,1,57,,621225,23,0,55 8,1,18,,621236,23,0,55 8,1,17,,567211,23,0,55 8,1,58,,506233,23,0,55 8,1,17,,621239,23,0,55 8,1,18,,621228,23,0,55 8,1,17,,621242,23,0,55 8,1,58,,586883,23,0,55 8,1,17,,595762,23,0,55 8,1,18,,621243,23,0,55 8,1,57,,621216,23,0,55 8,1,18,,621224,23,0,55 8,1,17,,621222,23,0,55 8,1,58,,621248,23,0,55 8,1,15,,621211,23,0,55 8,1,15,,621231,23,0,55 8,1,15,,621199,23,0,55 8,1,55,,621229,23,0,55 8,1,15,,621238,23,0,55 8,1,15,,621232,23,0,55 8,1,15,,621235,23,0,55 8,1,55,,621214,23,0,55 8,1,15,,621240,23,0,55 8,1,15,,621201,23,0,55 8,1,15,,621200,23,0,55 8,1,55,,621230,23,0,55 8,1,15,,621220,23,0,55 8,1,15,,621209,23,0,55 8,1,15,,621217,23,0,55 8,1,55,,621227,23,0,55 8,1,15,,587075,23,0,55 8,1,15,,621203,23,0,55 8,1,15,,621202,23,0,55 8,1,55,,621204,23,0,55 8,1,15,,537040,23,0,55 8,1,15,,621252,23,0,55 8,1,15,,621206,23,0,55 8,1,55,,621247,23,0,55 8,1,15,,621250,23,0,55 8,1,15,,621205,23,0,55 8,1,15,,621244,23,0,55 8,1,55,,588322,23,0,55 8,1,15,,551651,23,0,55 8,1,14,,621208,23,0,55 8,1,15,,621241,23,0,55 8,1,55,,621251,23,0,55 8,1,15,,532078,23,0,55 8,1,15,,621198,23,0,55 8,1,15,,621212,23,0,55 8,1,55,,621218,23,0,55 8,1,15,,621246,23,0,55 8,1,15,,621207,23,0,55 8,1,15,,621233,23,0,55 8,1,55,,621249,23,0,55 8,1,15,,621215,23,0,55 8,1,16,,553305,23,0,55 8,1,18,,621223,23,0,55 8,1,58,,621237,23,0,55 8,1,18,,621210,23,0,55 8,1,18,,621213,23,0,55 8,1,58,,621245,23,0,55 8,1,18,,621219,23,0,55 8,1,18,,621234,23,0,55 8,1,18,,621221,23,0,55 8,1,58,,621226,23,0,55 8,1
3802,'5',559,,621270,23,0,55 8,1,56,,621269,23,0,55 8,1,15,,621279,23,0,55 8,1,17,,621268,23,0,55 8,1,57,,621299,23,0,55 8,1,18,,592328,23,0,55 8,1,17,,621264,23,0,55 8,1,18,,553841,23,0,55 8,1,57,,543965,23,0,55 8,1,18,,621285,23,0,55 8,1,17,,621258,23,0,55 8,1,58,,580960,23,0,55 8,1,17,,621276,23,0,55 8,1,18,,621262,23,0,55 8,1,17,,621260,23,0,55 8,1,58,,621306,23,0,55 8,1,17,,621289,23,0,55 8,1,18,,621290,23,0,55 8,1,57,,621300,23,0,55 8,1,18,,621310,23,0,55 8,1,17,,621287,23,0,55 8,1,58,,621295,23,0,55 8,1,15,,621307,23,0,55 8,1,15,,513592,23,0,55 8,1,15,,532097,23,0,55 8,1,55,,621278,23,0,55 8,1,15,,621281,23,0,55 8,1,15,,621298,23,0,55 8,1,15,,621288,23,0,55 8,1,55,,621308,23,0,55 8,1,15,,621297,23,0,55 8,1,15,,621275,23,0,55 8,1,15,,621292,23,0,55 8,1,55,,621294,23,0,55 8,1,15,,621253,23,0,55 8,1,15,,621280,23,0,55 8,1,15,,621254,23,0,55 8,1,55,,621273,23,0,55 8,1,15,,621282,23,0,55 8,1,15,,621305,23,0,55 8,1,15,,621259,23,0,55 8,1,55,,621274,23,0,55 8,1,15,,621296,23,0,55 8,1,15,,529973,23,0,55 8,1,15,,597887,23,0,55 8,1,55,,621293,23,0,55 8,1,15,,621301,23,0,55 8,1,15,,543113,23,0,55 8,1,15,,621265,23,0,55 8,1,55,,621283,23,0,55 8,1,15,,621263,23,0,55 8,1,14,,564318,23,0,55 8,1,15,,528454,23,0,55 8,1,55,,570998,23,0,55 8,1,15,,621303,23,0,55 8,1,15,,621257,23,0,55 8,1,15,,621291,23,0,55 8,1,55,,621267,23,0,55 8,1,15,,621266,23,0,55 8,1,15,,621284,23,0,55 8,1,15,,621286,23,0,55 8,1,55,,558446,23,0,55 8,1,15,,621271,23,0,55 8,1,16,,621272,23,0,55 8,1,18,,584907,23,0,55 8,1,58,,621302,23,0,55 8,1,18,,621304,23,0,55 8,1,18,,621256,23,0,55 8,1,58,,621309,23,0,55 8,1,18,,621261,23,0,55 8,1,18,,621277,23,0,55 8,1,18,,520122,23,0,55 8,1,58,,621255,23,0,55 8,1
9502,'1',457,,655773,15,0,14 38 15,1,50,,655776,15,0,14 38 15,1,10,,655745,15,0,14 38 15,1,10,,655712,15,0,14 38 15,1,9,,655717,15,0,14 38 15,1,9,,603009,15,0,14 38 15,1,10,,655738,15,0,14 38 15,1,50,,655779,15,0,14 38 15,1,10,,655799,15,0,14 38 15,1,8,,502510,15,0,14 38 15,1,8,,542737,15,0,14 38 15,1,7,,655716,15,0,14 38 15,1,8,,655715,15,0,14 38 15,1,10,,655804,15,0,14 38 15,1,49,,655755,15,0,14 38 15,1,11,,655748,15,0,14 38 15,1,10,,562760,15,0,14 38 15,1,10,,655772,15,0,14 38 15,1,10,,604144,15,0,14 38 15,1,10,,655754,15,0,14 38 15,1,50,,655790,15,0,14 38 15,1,10,,655802,15,0,14 38 15,1,10,,655730,15,0,14 38 15,1,10,,655806,15,0,14 38 15,1,10,,502621,15,0,14 38 15,1,10,,655805,15,0,14 38 15,1,50,,655743,15,0,14 38 15,1,9,,655713,15,0,14 38 15,1,10,,655788,15,0,14 38 15,1,10,,655741,15,0,14 38 15,1,10,,655724,15,0,14 38 15,1,10,,540989,15,0,14 38 15,1,48,,655737,15,0,14 38 15,1,10,,655777,15,0,14 38 15,1,10,,655781,15,0,14 38 15,1,9,,598070,15,0,14 38 15,1,10,,472978,15,0,14 38 15,1,10,,557820,15,0,14 38 15,1,50,,655736,15,0,14 38 15,1,10,,655759,15,0,14 38 15,1,10,,527640,15,0,14 38 15,1,10,,655731,15,0,14 38 15,1,10,,655760,15,0,14 38 15,1,10,,575904,15,0,14 38 15,1,50,,655756,15,0,14 38 15,1,10,,655769,15,0,14 38 15,1,10,,655787,15,0,14 38 15,1,10,,655711,15,0,14 38 15,1,10,,655750,15,0,14 38 15,1,10,,655747,15,0,14 38 15,1,50,,655780,15,0,14 38 15,1,10,,549866,15,0,14 38 15,1,10,,655791,15,0,14 38 15,1,10,,563785,15,0,14 38 15,1,10,,655761,15,0,14 38 15,1,10,,655771,15,0,14 38 15,1,50,,655786,15,0,14 38 15,1,10,,655729,15,0,14 38 15,1,10,,655726,15,0,14 38 15,1,10,,655778,15,0,14 38 15,1,10,,655812,15,0,14 38 15,1,11,,655719,15,0,14 38 15,1,50,,655810,15,0,14 38 15,1,10,,655770,15,0,14 38 15,1,10,,655763,15,0,14 38 15,1,10,,655768,15,0,14 38 15,1,10,,655725,15,0,14 38 15,1,10,,655746,15,0,14 38 15,1,50,,655814,15,0,14 38 15,1,10,,655785,15,0,14 38 15,1,10,,655797,15,0,14 38 15,1,10,,655740,15,0,14 38 15,1,10,,655807,15,0,14 38 15,1,10,,655792,15,0,14 38 15,1,50,,655803,15,0,14 38 15,1,10,,402122,15,0,14 38 15,1,10,,655728,15,0,14 38 15,1,10,,482143,15,0,14 38 15,1,10,,655809,15,0,14 38 15,1,10,,655733,15,0,14 38 15,1,50,,655727,15,0,14 38 15,1,10,,655752,15,0,14 38 15,1,10,,655732,15,0,14 38 15,1,10,,655753,15,0,14 38 15,1,10,,546775,15,0,14 38 15,1,10,,655784,15,0,14 38 15,1,50,,655765,15,0,14 38 15,1,9,,655774,15,0,14 38 15,1,6,,602949,5,0,14 38 15,1,6,,556736,15,0,14 38 15,1,6,,655789,5,0,14 38 15,1,6,,655720,15,0,14 38 15,1,6,,558753,5,0,14 38 15,1,6,,655775,15,0,14 38 15,1,6,,655782,5,0,14 38 15,1,46,,655742,15,0,14 38 15,1,6,,655751,5,0,14 38 15,1,6,,655714,15,0,14 38 15,1,6,,655735,5,0,14 38 15,1,6,,655764,15,0,14 38 15,1,6,,655808,5,0,14 38 15,1,6,,568517,15,0,14 38 15,1,6,,655767,5,0,14 38 15,1,6,,573439,15,0,14 38 15,1,6,,458278,5,0,14 38 15,1,46,,655718,15,0,14 38 15,1,6,,655749,5,0,14 38 15,1,6,,521020,15,0,14 38 15,1,6,,655723,5,0,14 38 15,1,6,,655744,15,0,14 38 15,1,6,,655757,5,0,14 38 15,1,6,,384004,15,0,14 38 15,1,6,,655801,5,0,14 38 15,1,6,,655758,15,0,14 38 15,1,6,,655766,5,0,14 38 15,1,46,,655721,15,0,14 38 15,1,8,,655783,5,0,14 38 15,1,12,,423507,15,0,14 38 15,1,10,,655795,5,0,14 38 15,1,10,,655811,15,0,14 38 15,1,10,,655793,5,0,14 38 15,1,50,,655798,15,0,14 38 15,1,10,,520971,5,0,14 38 15,1,10,,572763,15,0,14 38 15,1,10,,655794,5,0,14 38 15,1,10,,655796,15,0,14 38 15,1,10,,544847,5,0,14 38 15,1,50,,655762,15,0,14 38 15,1,10,,510711,5,0,14 38 15,1,10,,655813,15,0,14 38 15,1,10,,573248,5,0,14 38 15,1,10,,553067,15,0,14 38 15,1,10,,655722,5,0,14 38 15,1,53,,655739,15,0,14 38 15,1,15,,655734,5,0,14 38 15,1,14,,655800,15,0,14 38 15,1
9502,'2',507,,655937,15,0,14 38 15,1,13,,655821,15,0,14 38 15,1,14,,655843,15,0,14 38 15,1,9,,655823,5,0,14 38 15,1,8,,655930,15,0,14 38 15,1,8,,655858,5,0,14 38 15,1,48,,655936,15,0,14 38 15,1,8,,655868,5,0,14 38 15,1,8,,527697,15,0,14 38 15,1,8,,655943,5,0,14 38 15,1,8,,571581,15,0,14 38 15,1,8,,655853,5,0,14 38 15,1,8,,655898,15,0,14 38 15,1,48,,655864,5,0,14 38 15,1,8,,655920,15,0,14 38 15,1,8,,655872,5,0,14 38 15,1,8,,655861,15,0,14 38 15,1,8,,655844,5,0,14 38 15,1,8,,655885,15,0,14 38 15,1,8,,655933,5,0,14 38 15,1,8,,655851,15,0,14 38 15,1,48,,655857,5,0,14 38 15,1,6,,655825,15,0,14 38 15,1,8,,655850,5,0,14 38 15,1,7,,521054,15,0,14 38 15,1,8,,655908,5,0,14 38 15,1,7,,655830,15,0,14 38 15,1,8,,655873,5,0,14 38 15,1,7,,655854,15,0,14 38 15,1,48,,524375,5,0,14 38 15,1,7,,655903,15,0,14 38 15,1,8,,655912,5,0,14 38 15,1,7,,655945,15,0,14 38 15,1,8,,655816,5,0,14 38 15,1,7,,582078,15,0,14 38 15,1,8,,655947,5,0,14 38 15,1,7,,655875,15,0,14 38 15,1,48,,655931,5,0,14 38 15,1,7,,655847,15,0,14 38 15,1,8,,655829,5,0,14 38 15,1,7,,655893,15,0,14 38 15,1,8,,655935,5,0,14 38 15,1,7,,403303,15,0,14 38 15,1,8,,655862,5,0,14 38 15,1,7,,655946,15,0,14 38 15,1,48,,655863,5,0,14 38 15,1,7,,655880,15,0,14 38 15,1,8,,655856,5,0,14 38 15,1,7,,655882,15,0,14 38 15,1,8,,655916,5,0,14 38 15,1,7,,655887,15,0,14 38 15,1,8,,655884,5,0,14 38 15,1,7,,592428,15,0,14 38 15,1,44,,655865,5,0,14 38 15,1,6,,655852,15,0,14 38 15,1,6,,655870,5,0,14 38 15,1,5,,655820,15,0,14 38 15,1,5,,655834,5,0,14 38 15,1,5,,542432,15,0,14 38 15,1,5,,420845,5,0,14 38 15,1,6,,655860,15,0,14 38 15,1,6,,597519,5,0,14 38 15,1,6,,655932,15,0,14 38 15,1,6,,655921,5,0,14 38 15,1,46,,516283,15,0,14 38 15,1,6,,655837,5,0,14 38 15,1,6,,655915,15,0,14 38 15,1,6,,655831,5,0,14 38 15,1,6,,521041,15,0,14 38 15,1,6,,655934,5,0,14 38 15,1,6,,543757,15,0,14 38 15,1,6,,655919,5,0,14 38 15,1,6,,534106,15,0,14 38 15,1,6,,655883,5,0,14 38 15,1,46,,655929,15,0,14 38 15,1,6,,655950,5,0,14 38 15,1,6,,655949,15,0,14 38 15,1,6,,543807,5,0,14 38 15,1,6,,655840,15,0,14 38 15,1,6,,655907,5,0,14 38 15,1,6,,655905,15,0,14 38 15,1,6,,655886,5,0,14 38 15,1,6,,655846,15,0,14 38 15,1,6,,655942,5,0,14 38 15,1,46,,655878,15,0,14 38 15,1,6,,580492,5,0,14 38 15,1,6,,655819,15,0,14 38 15,1,6,,655869,5,0,14 38 15,1,6,,655879,15,0,14 38 15,1,6,,655901,5,0,14 38 15,1,6,,655896,15,0,14 38 15,1,6,,655902,5,0,14 38 15,1,6,,655849,15,0,14 38 15,1,6,,655927,5,0,14 38 15,1,46,,655923,15,0,14 38 15,1,6,,516159,5,0,14 38 15,1,6,,655938,15,0,14 38 15,1,6,,655910,5,0,14 38 15,1,6,,655897,15,0,14 38 15,1,6,,655926,5,0,14 38 15,1,6,,655867,15,0,14 38 15,1,6,,655866,5,0,14 38 15,1,6,,655855,15,0,14 38 15,1,6,,655817,5,0,14 38 15,1,46,,591928,15,0,14 38 15,1,6,,655892,5,0,14 38 15,1,6,,655824,15,0,14 38 15,1,6,,655904,5,0,14 38 15,1,6,,655832,15,0,14 38 15,1,6,,655909,5,0,14 38 15,1,6,,655917,15,0,14 38 15,1,6,,655939,5,0,14 38 15,1,6,,655835,15,0,14 38 15,1,6,,531458,5,0,14 38 15,1,46,,655906,15,0,14 38 15,1,7,,655838,5,0,14 38 15,1,8,,655922,15,0,14 38 15,1,8,,655839,5,0,14 38 15,1,8,,655894,15,0,14 38 15,1,9,,655848,5,0,14 38 15,1,9,,527383,15,0,14 38 15,1,49,,572951,5,0,14 38 15,1,9,,655911,15,0,14 38 15,1,8,,655842,5,0,14 38 15,1,8,,655876,15,0,14 38 15,1,8,,655895,5,0,14 38 15,1,8,,553677,15,0,14 38 15,1,8,,655940,5,0,14 38 15,1,8,,655889,15,0,14 38 15,1,48,,537560,5,0,14 38 15,1,9,,655925,15,0,14 38 15,1,8,,576442,5,0,14 38 15,1,9,,655900,15,0,14 38 15,1,8,,655874,5,0,14 38 15,1,9,,655871,15,0,14 38 15,1,9,,655818,5,0,14 38 15,1,49,,655841,15,0,14 38 15,1,9,,655913,5,0,14 38 15,1,9,,655881,15,0,14 38 15,1,9,,655815,5,0,14 38 15,1,8,,537402,15,0,14 38 15,1,9,,556221,5,0,14 38 15,1,48,,655859,15,0,14 38 15,1,8,,655890,5,0,14 38 15,1,8,,655877,15,0,14 38 15,1,8,,506728,5,0,14 38 15,1,8,,655826,15,0,14 38 15,1,8,,498627,5,0,14 38 15,1,8,,655836,15,0,14 38 15,1,8,,655833,5,0,14 38 15,1,48,,655845,15,0,14 38 15,1,8,,655928,5,0,14 38 15,1,8,,547075,15,0,14 38 15,1,8,,655914,5,0,14 38 15,1,8,,655924,15,0,14 38 15,1,8,,655918,5,0,14 38 15,1,8,,655891,15,0,14 38 15,1,48,,655888,5,0,14 38 15,1,8,,655941,15,0,14 38 15,1,8,,515530,5,0,14 38 15,1,8,,655899,15,0,14 38 15,1,8,,655828,5,0,14 38 15,1,8,,655827,15,0,14 38 15,1,8,,507562,5,0,14 38 15,1,54,,655944,15,0,14 38 15,1,15,,655948,5,0,14 38 15,1,15,,655822,15,0,14 38 15,1
9502,'3',719,,412857,15,0,14 38 15,1,15,,656044,15,0,14 38 15,1,7,,656069,5,0,14 38 15,1,7,,583462,15,0,14 38 15,1,7,,655967,5,0,14 38 15,1,46,,656060,15,0,14 38 15,1,8,,656016,5,0,14 38 15,1,8,,655958,15,0,14 38 15,1,8,,656000,5,0,14 38 15,1,8,,656038,15,0,14 38 15,1,8,,656068,5,0,14 38 15,1,8,,656042,15,0,14 38 15,1,8,,656001,5,0,14 38 15,1,48,,656012,15,0,14 38 15,1,8,,655955,5,0,14 38 15,1,8,,538737,15,0,14 38 15,1,8,,561015,5,0,14 38 15,1,8,,656035,15,0,14 38 15,1,8,,655966,5,0,14 38 15,1,8,,656073,15,0,14 38 15,1,48,,655970,5,0,14 38 15,1,8,,531547,15,0,14 38 15,1,8,,656062,5,0,14 38 15,1,8,,656029,15,0,14 38 15,1,8,,537805,5,0,14 38 15,1,8,,656040,15,0,14 38 15,1,8,,655997,5,0,14 38 15,1,8,,656065,15,0,14 38 15,1,48,,656039,5,0,14 38 15,1,8,,655956,15,0,14 38 15,1,8,,655996,5,0,14 38 15,1,6,,526926,15,0,14 38 15,1,6,,656021,5,0,14 38 15,1,6,,656019,15,0,14 38 15,1,6,,656005,5,0,14 38 15,1,6,,655981,15,0,14 38 15,1,6,,656020,5,0,14 38 15,1,46,,656074,15,0,14 38 15,1,5,,558045,5,0,14 38 15,1,5,,535250,15,0,14 38 15,1,6,,655975,5,0,14 38 15,1,6,,656064,15,0,14 38 15,1,6,,655995,5,0,14 38 15,1,6,,656025,15,0,14 38 15,1,6,,656010,5,0,14 38 15,1,6,,656047,15,0,14 38 15,1,6,,655985,5,0,14 38 15,1,46,,655965,15,0,14 38 15,1,6,,655979,5,0,14 38 15,1,6,,656031,15,0,14 38 15,1,6,,656054,5,0,14 38 15,1,6,,656076,15,0,14 38 15,1,6,,655960,5,0,14 38 15,1,6,,656004,15,0,14 38 15,1,6,,655986,5,0,14 38 15,1,6,,656067,15,0,14 38 15,1,6,,655989,5,0,14 38 15,1,46,,532747,15,0,14 38 15,1,6,,656050,5,0,14 38 15,1,6,,656008,15,0,14 38 15,1,6,,656036,5,0,14 38 15,1,6,,656015,15,0,14 38 15,1,6,,656063,5,0,14 38 15,1,6,,656048,15,0,14 38 15,1,6,,655964,5,0,14 38 15,1,6,,585805,15,0,14 38 15,1,6,,656023,5,0,14 38 15,1,46,,655988,15,0,14 38 15,1,6,,573135,5,0,14 38 15,1,6,,656011,15,0,14 38 15,1,6,,656003,5,0,14 38 15,1,6,,656045,15,0,14 38 15,1,6,,656030,5,0,14 38 15,1,6,,655968,15,0,14 38 15,1,6,,491794,5,0,14 38 15,1,6,,656033,15,0,14 38 15,1,6,,656041,5,0,14 38 15,1,46,,584807,15,0,14 38 15,1,6,,655976,5,0,14 38 15,1,6,,656037,15,0,14 38 15,1,6,,656058,5,0,14 38 15,1,6,,655982,15,0,14 38 15,1,6,,656022,5,0,14 38 15,1,6,,655959,15,0,14 38 15,1,6,,656053,5,0,14 38 15,1,6,,655971,15,0,14 38 15,1,6,,656013,5,0,14 38 15,1,46,,585168,15,0,14 38 15,1,6,,655980,5,0,14 38 15,1,6,,655962,15,0,14 38 15,1,6,,655957,5,0,14 38 15,1,6,,655963,15,0,14 38 15,1,6,,655994,5,0,14 38 15,1,6,,655983,15,0,14 38 15,1,6,,525221,5,0,14 38 15,1,6,,656071,15,0,14 38 15,1,6,,656034,5,0,14 38 15,1,46,,655974,15,0,14 38 15,1,6,,655977,5,0,14 38 15,1,6,,655972,15,0,14 38 15,1,8,,656043,5,0,14 38 15,1,8,,655952,15,0,14 38 15,1,8,,656028,5,0,14 38 15,1,8,,656017,15,0,14 38 15,1,9,,656051,5,0,14 38 15,1,49,,655993,15,0,14 38 15,1,9,,655990,5,0,14 38 15,1,8,,655991,15,0,14 38 15,1,8,,655951,5,0,14 38 15,1,8,,655969,15,0,14 38 15,1,8,,655973,5,0,14 38 15,1,8,,656018,15,0,14 38 15,1,48,,656032,5,0,14 38 15,1,8,,655953,15,0,14 38 15,1,8,,656072,5,0,14 38 15,1,8,,656066,15,0,14 38 15,1,8,,655954,5,0,14 38 15,1,8,,655992,15,0,14 38 15,1,8,,656049,5,0,14 38 15,1,9,,656007,15,0,14 38 15,1,49,,656052,5,0,14 38 15,1,8,,656070,15,0,14 38 15,1,9,,656057,5,0,14 38 15,1,11,,555874,15,0,14 38 15,1,11,,656006,5,0,14 38 15,1,11,,656014,15,0,14 38 15,1,51,,656075,5,0,14 38 15,1,11,,656061,15,0,14 38 15,1,11,,655984,5,0,14 38 15,1,10,,656026,15,0,14 38 15,1,10,,656027,5,0,14 38 15,1,10,,655961,15,0,14 38 15,1,50,,656024,5,0,14 38 15,1,10,,656059,15,0,14 38 15,1,10,,537781,5,0,14 38 15,1,10,,599542,15,0,14 38 15,1,10,,558042,5,0,14 38 15,1,10,,655999,15,0,14 38 15,1,50,,656002,5,0,14 38 15,1,10,,655987,15,0,14 38 15,1,10,,656055,5,0,14 38 15,1,10,,656009,15,0,14 38 15,1,10,,656056,5,0,14 38 15,1,54,,656046,15,0,14 38 15,1,15,,655978,5,0,14 38 15,1,14,,655998,15,0,14 38 15,1
9502,'5',508,,656176,15,0,14 38 15,1,13,,656112,15,0,14 38 15,1,13,,656165,15,0,14 38 15,1,8,,656118,5,0,14 38 15,1,8,,656181,15,0,14 38 15,1,8,,526192,5,0,14 38 15,1,48,,656093,15,0,14 38 15,1,8,,656162,5,0,14 38 15,1,8,,656111,15,0,14 38 15,1,9,,550065,5,0,14 38 15,1,8,,656153,15,0,14 38 15,1,8,,656172,5,0,14 38 15,1,8,,656095,15,0,14 38 15,1,48,,656119,5,0,14 38 15,1,8,,656100,15,0,14 38 15,1,8,,656082,5,0,14 38 15,1,8,,656205,15,0,14 38 15,1,8,,549449,5,0,14 38 15,1,5,,514783,15,0,14 38 15,1,5,,656193,5,0,14 38 15,1,5,,656145,15,0,14 38 15,1,5,,656152,5,0,14 38 15,1,46,,656168,15,0,14 38 15,1,8,,656161,5,0,14 38 15,1,8,,656140,15,0,14 38 15,1,8,,656192,5,0,14 38 15,1,8,,656103,15,0,14 38 15,1,8,,656124,5,0,14 38 15,1,8,,656098,15,0,14 38 15,1,8,,656187,5,0,14 38 15,1,48,,656196,15,0,14 38 15,1,8,,656101,5,0,14 38 15,1,8,,656190,15,0,14 38 15,1,8,,575277,5,0,14 38 15,1,8,,560583,15,0,14 38 15,1,8,,656135,5,0,14 38 15,1,8,,656115,15,0,14 38 15,1,48,,656088,5,0,14 38 15,1,8,,656084,15,0,14 38 15,1,8,,656201,5,0,14 38 15,1,8,,656094,15,0,14 38 15,1,8,,656139,5,0,14 38 15,1,8,,656087,15,0,14 38 15,1,8,,575886,5,0,14 38 15,1,8,,549743,15,0,14 38 15,1,48,,589387,5,0,14 38 15,1,8,,656160,15,0,14 38 15,1,8,,538930,5,0,14 38 15,1,6,,656136,15,0,14 38 15,1,6,,656117,5,0,14 38 15,1,6,,656102,15,0,14 38 15,1,6,,656200,5,0,14 38 15,1,6,,593132,15,0,14 38 15,1,6,,656186,5,0,14 38 15,1,46,,656130,15,0,14 38 15,1,5,,656183,5,0,14 38 15,1,5,,656170,15,0,14 38 15,1,6,,656077,5,0,14 38 15,1,6,,656144,15,0,14 38 15,1,6,,656079,5,0,14 38 15,1,6,,558235,15,0,14 38 15,1,6,,656167,5,0,14 38 15,1,6,,656189,15,0,14 38 15,1,6,,656127,5,0,14 38 15,1,46,,656099,15,0,14 38 15,1,6,,656078,5,0,14 38 15,1,6,,656194,15,0,14 38 15,1,6,,600566,5,0,14 38 15,1,6,,656126,15,0,14 38 15,1,6,,656164,5,0,14 38 15,1,6,,656156,15,0,14 38 15,1,6,,656180,5,0,14 38 15,1,6,,656110,15,0,14 38 15,1,6,,539639,5,0,14 38 15,1,46,,574348,15,0,14 38 15,1,6,,656121,5,0,14 38 15,1,6,,656154,15,0,14 38 15,1,6,,529844,5,0,14 38 15,1,6,,656114,15,0,14 38 15,1,6,,656090,5,0,14 38 15,1,6,,598542,15,0,14 38 15,1,6,,656191,5,0,14 38 15,1,6,,530705,15,0,14 38 15,1,6,,656171,5,0,14 38 15,1,46,,656204,15,0,14 38 15,1,6,,656146,5,0,14 38 15,1,6,,656177,15,0,14 38 15,1,6,,577940,5,0,14 38 15,1,6,,656081,15,0,14 38 15,1,6,,656141,5,0,14 38 15,1,6,,656163,15,0,14 38 15,1,6,,656142,5,0,14 38 15,1,6,,656149,15,0,14 38 15,1,6,,656108,5,0,14 38 15,1,46,,656137,15,0,14 38 15,1,6,,656182,5,0,14 38 15,1,6,,656106,15,0,14 38 15,1,6,,656173,5,0,14 38 15,1,6,,656091,15,0,14 38 15,1,6,,593623,5,0,14 38 15,1,6,,656086,15,0,14 38 15,1,6,,656122,5,0,14 38 15,1,6,,656097,15,0,14 38 15,1,6,,656185,5,0,14 38 15,1,46,,560607,15,0,14 38 15,1,6,,656184,5,0,14 38 15,1,6,,656085,15,0,14 38 15,1,6,,538928,5,0,14 38 15,1,6,,526149,15,0,14 38 15,1,6,,656158,5,0,14 38 15,1,6,,656131,15,0,14 38 15,1,6,,656092,5,0,14 38 15,1,6,,656166,15,0,14 38 15,1,6,,656132,5,0,14 38 15,1,46,,656169,15,0,14 38 15,1,6,,656174,5,0,14 38 15,1,6,,656188,15,0,14 38 15,1,8,,656175,5,0,14 38 15,1,8,,656104,15,0,14 38 15,1,8,,656143,5,0,14 38 15,1,8,,656123,15,0,14 38 15,1,9,,656157,5,0,14 38 15,1,49,,656150,15,0,14 38 15,1,9,,524677,5,0,14 38 15,1,8,,656116,15,0,14 38 15,1,8,,656147,5,0,14 38 15,1,8,,656202,15,0,14 38 15,1,8,,656125,5,0,14 38 15,1,8,,656089,15,0,14 38 15,1,48,,583865,5,0,14 38 15,1,8,,656133,15,0,14 38 15,1,8,,656120,5,0,14 38 15,1,8,,656083,15,0,14 38 15,1,8,,656129,5,0,14 38 15,1,8,,656096,15,0,14 38 15,1,8,,656134,5,0,14 38 15,1,9,,548590,15,0,14 38 15,1,49,,530960,5,0,14 38 15,1,8,,656148,15,0,14 38 15,1,9,,565755,5,0,14 38 15,1,11,,656138,15,0,14 38 15,1,11,,524712,5,0,14 38 15,1,11,,656198,15,0,14 38 15,1,51,,656197,5,0,14 38 15,1,11,,555011,15,0,14 38 15,1,11,,656178,5,0,14 38 15,1,10,,534415,15,0,14 38 15,1,10,,579276,5,0,14 38 15,1,10,,656155,15,0,14 38 15,1,50,,656080,5,0,14 38 15,1,10,,656203,15,0,14 38 15,1,10,,656195,5,0,14 38 15,1,10,,656179,15,0,14 38 15,1,10,,656151,5,0,14 38 15,1,10,,656199,15,0,14 38 15,1,50,,656113,5,0,14 38 15,1,10,,581307,15,0,14 38 15,1,10,,656107,5,0,14 38 15,1,10,,656105,15,0,14 38 15,1,10,,656128,5,0,14 38 15,1,54,,656109,15,0,14 38 15,1,15,,656206,5,0,14 38 15,1,14,,656159,15,0,14 38 15,1
15402,'1',507,,674357,8,0,55 8,1,29,,674362,8,0,55 8,1,69,,674350,8,0,55 8,1,30,,674370,8,0,55 8,1,70,,674352,8,0,55 8,1,30,,674348,8,0,55 8,1,66,,674367,8,0,55 8,1,24,,674358,8,0,55 8,1,24,,674356,8,0,55 8,1,63,,674383,8,0,55 8,1,24,,674373,8,0,55 8,1,64,,674361,8,0,55 8,1,24,,674343,8,0,55 8,1,24,,590101,8,0,55 8,1,64,,674368,8,0,55 8,1,24,,674345,8,0,55 8,1,64,,674381,8,0,55 8,1,24,,556188,8,0,55 8,1,24,,550772,8,0,55 8,1,64,,674353,8,0,55 8,1,24,,674378,8,0,55 8,1,64,,674376,8,0,55 8,1,24,,586624,8,0,55 8,1,24,,674374,8,0,55 8,1,67,,674372,8,0,55 8,1,24,,674364,8,0,55 8,1,64,,674359,8,0,55 8,1,24,,540482,8,0,55 8,1,24,,551145,8,0,55 8,1,64,,674342,8,0,55 8,1,24,,674351,8,0,55 8,1,64,,674380,8,0,55 8,1,24,,514320,8,0,55 8,1,24,,674363,8,0,55 8,1,58,,590031,8,0,55 8,1,24,,674371,8,0,55 8,1,24,,674369,8,0,55 8,1,64,,674366,8,0,55 8,1,24,,674382,8,0,55 8,1,64,,553587,8,0,55 8,1,24,,674341,8,0,55 8,1,24,,674346,8,0,55 8,1,64,,674379,8,0,55 8,1,20,,674344,8,0,55 8,1,66,,589390,8,0,55 8,1,26,,674377,8,0,55 8,1,26,,674375,8,0,55 8,1,66,,674349,8,0,55 8,1,26,,674340,8,0,55 8,1,66,,674347,8,0,55 8,1,26,,674355,8,0,55 8,1,62,,674360,8,0,55 8,1,30,,674365,8,0,55 8,1,67,,674354,8,0,55 8,1
15402,'2',538,,674422,8,0,55 8,1,63,,674415,8,0,55 8,1,25,,674402,8,0,55 8,1,25,,533563,8,0,55 8,1,65,,674400,8,0,55 8,1,25,,552703,8,0,55 8,1,65,,674414,8,0,55 8,1,30,,674388,8,0,55 8,1,22,,674410,8,0,55 8,1,62,,674409,8,0,55 8,1,22,,415728,8,0,55 8,1,62,,674412,8,0,55 8,1,22,,674404,8,0,55 8,1,22,,674419,8,0,55 8,1,62,,674389,8,0,55 8,1,22,,674395,8,0,55 8,1,22,,674416,8,0,55 8,1,64,,674417,8,0,55 8,1,22,,674423,8,0,55 8,1,62,,674421,8,0,55 8,1,22,,674411,8,0,55 8,1,22,,674425,8,0,55 8,1,62,,674393,8,0,55 8,1,22,,674385,8,0,55 8,1,22,,674398,8,0,55 8,1,62,,674384,8,0,55 8,1,22,,674399,8,0,55 8,1,22,,674408,8,0,55 8,1,62,,529652,8,0,55 8,1,22,,674413,8,0,55 8,1,62,,589054,8,0,55 8,1,22,,674401,8,0,55 8,1,22,,391896,8,0,55 8,1,62,,472064,8,0,55 8,1,22,,674418,8,0,55 8,1,22,,527206,8,0,55 8,1,61,,674394,8,0,55 8,1,22,,674403,8,0,55 8,1,22,,674407,8,0,55 8,1,62,,674405,8,0,55 8,1,22,,674396,8,0,55 8,1,62,,674391,8,0,55 8,1,22,,674392,8,0,55 8,1,22,,506459,8,0,55 8,1,59,,525774,8,0,55 8,1,21,,674397,8,0,55 8,1,25,,674386,8,0,55 8,1,65,,674390,8,0,55 8,1,25,,674424,8,0,55 8,1,65,,514186,8,0,55 8,1,25,,674420,8,0,55 8,1,25,,674387,8,0,55 8,1,65,,519860,8,0,55 8,1,25,,538447,8,0,55 8,1,65,,674406,8,0,55 8,1,25,,568159,8,0,55 8,1,17,,555181,8,0,55 8,1
15402,'3',617,,674463,8,0,55 8,1,20,,674441,8,0,55 8,1,21,,674446,8,0,55 8,1,62,,674428,8,0,55 8,1,22,,674442,8,0,55 8,1,62,,674436,8,0,55 8,1,24,,440098,8,0,55 8,1,22,,674455,8,0,55 8,1,62,,674459,8,0,55 8,1,22,,674434,8,0,55 8,1,22,,674444,8,0,55 8,1,62,,674435,8,0,55 8,1,22,,593980,8,0,55 8,1,62,,593234,8,0,55 8,1,22,,674451,8,0,55 8,1,22,,674452,8,0,55 8,1,63,,550314,8,0,55 8,1,22,,674460,8,0,55 8,1,22,,674437,8,0,55 8,1,62,,674426,8,0,55 8,1,22,,674466,8,0,55 8,1,22,,674456,8,0,55 8,1,62,,674445,8,0,55 8,1,22,,674449,8,0,55 8,1,62,,674454,8,0,55 8,1,22,,674458,8,0,55 8,1,22,,674453,8,0,55 8,1,62,,674467,8,0,55 8,1,22,,591976,8,0,55 8,1,22,,545816,8,0,55 8,1,62,,433774,8,0,55 8,1,22,,526726,8,0,55 8,1,62,,674465,8,0,55 8,1,22,,674440,8,0,55 8,1,22,,674432,8,0,55 8,1,60,,674430,8,0,55 8,1,21,,674431,8,0,55 8,1,25,,674450,8,0,55 8,1,65,,674447,8,0,55 8,1,25,,674464,8,0,55 8,1,65,,674448,8,0,55 8,1,25,,585814,8,0,55 8,1,25,,674462,8,0,55 8,1,69,,674438,8,0,55 8,1,25,,516030,8,0,55 8,1,65,,460989,8,0,55 8,1,25,,674468,8,0,55 8,1,65,,674443,8,0,55 8,1,25,,586016,8,0,55 8,1,25,,674429,8,0,55 8,1,65,,674457,8,0,55 8,1,25,,674461,8,0,55 8,1,60,,674439,8,0,55 8,1,30,,674433,8,0,55 8,1,20,,674427,8,0,55 8,1
15402,'5',617,,674474,8,0,55 8,1,21,,674487,8,0,55 8,1,62,,526772,8,0,55 8,1,22,,674495,8,0,55 8,1,22,,674485,8,0,55 8,1,62,,674480,8,0,55 8,1,22,,674498,8,0,55 8,1,22,,674475,8,0,55 8,1,62,,674479,8,0,55 8,1,22,,674496,8,0,55 8,1,22,,674470,8,0,55 8,1,62,,674476,8,0,55 8,1,22,,674504,8,0,55 8,1,62,,674500,8,0,55 8,1,22,,674472,8,0,55 8,1,22,,674502,8,0,55 8,1,63,,674471,8,0,55 8,1,22,,575127,8,0,55 8,1,22,,674478,8,0,55 8,1,62,,674506,8,0,55 8,1,22,,674490,8,0,55 8,1,22,,674508,8,0,55 8,1,62,,533156,8,0,55 8,1,22,,674491,8,0,55 8,1,62,,674494,8,0,55 8,1,22,,590225,8,0,55 8,1,22,,674492,8,0,55 8,1,62,,594546,8,0,55 8,1,22,,674469,8,0,55 8,1,22,,532189,8,0,55 8,1,62,,564695,8,0,55 8,1,22,,522693,8,0,55 8,1,62,,589308,8,0,55 8,1,22,,674497,8,0,55 8,1,22,,674501,8,0,55 8,1,60,,674484,8,0,55 8,1,21,,548614,8,0,55 8,1,25,,595526,8,0,55 8,1,65,,674493,8,0,55 8,1,25,,674482,8,0,55 8,1,65,,674489,8,0,55 8,1,25,,674473,8,0,55 8,1,25,,674488,8,0,55 8,1,69,,674499,8,0,55 8,1,25,,674481,8,0,55 8,1,65,,674486,8,0,55 8,1,25,,602425,8,0,55 8,1,65,,555014,8,0,55 8,1,25,,674477,8,0,55 8,1,25,,674483,8,0,55 8,1,65,,674503,8,0,55 8,1,25,,674505,8,0,55 8,1,60,,559768,8,0,55 8,1,30,,674507,8,0,55 8,1,20,,578880,8,0,55 8,1
33401,'1',2702,,681838,95,0,34 16 3 57,1,30,,458246,93,0,34 16 3 57,1,70,,532600,91,0,34 16 3 57,1,30,,681836,91,0,34 16 3 57,1,70,,681845,91,0,34 16 3 57,1,30,,681840,91,0,34 16 3 57,1
33401,'2',2702,,681871,95,0,34 16 3 57,1,30,,681870,93,0,34 16 3 57,1,70,,681868,91,0,34 16 3 57,1,30,,533792,91,0,34 16 3 57,1,70,,681863,91,0,34 16 3 57,1,30,,681855,91,0,34 16 3 57,1
33401,'3',602,,681896,91,0,34 16 3 57,1,30,,681899,91,0,34 16 3 57,1,24,,681873,91,0,34 16 3 57,1,63,,681892,93,0,34 16 3 57,1,20,,681895,93,0,34 16 3 57,1,1963,,681889,95,0,34 16 3 57,1,30,,681898,93,0,34 16 3 57,1,70,,681882,91,0,34 16 3 57,1,30,,681893,91,0,34 16 3 57,1,70,,681885,91,0,34 16 3 57,1,30,,544902,91,0,34 16 3 57,1
33401,'5',2702,,681928,95,0,34 16 3 57,1,30,,681921,93,0,34 16 3 57,1,70,,681919,91,0,34 16 3 57,1,30,,681913,91,0,34 16 3 57,1,70,,568855,91,0,34 16 3 57,1,30,,681926,91,0,34 16 3 57,1
39502,'1',402,,683190,22,0,11 12 14 38 15,1,28,,683192,22,0,11 12 14 38 15,1,17,,683193,22,0,11 12 14 38 15,1,2156,,683191,15,0,11 12 14 38 15,1,30,,683195,22,0,11 12 14 38 15,1,70,,683194,22,0,11 12 14 38 15,1,30,,525763,22,0,11 12 14 38 15,1
39502,'2',402,,683197,22,0,11 12 14 38 15,1,28,,683198,22,0,11 12 14 38 15,1,19,,683200,22,0,11 12 14 38 15,1,2154,,683199,15,0,11 12 14 38 15,1,30,,558938,22,0,11 12 14 38 15,1,70,,683201,22,0,11 12 14 38 15,1,30,,683196,22,0,11 12 14 38 15,1
39502,'3',402,,683202,22,0,11 12 14 38 15,1,28,,590190,22,0,11 12 14 38 15,1,70,,683212,22,0,11 12 14 38 15,1,29,,683208,22,0,11 12 14 38 15,1,20,,683207,22,0,11 12 14 38 15,1,60,,683210,22,0,11 12 14 38 15,1,20,,683203,22,0,11 12 14 38 15,1,20,,683209,22,0,11 12 14 38 15,1,60,,683206,22,0,11 12 14 38 15,1,1894,,683205,15,0,11 12 14 38 15,1,30,,683211,22,0,11 12 14 38 15,1,70,,683213,22,0,11 12 14 38 15,1,30,,683204,22,0,11 12 14 38 15,1
39502,'5',402,,548720,22,0,11 12 14 38 15,1,28,,683215,22,0,11 12 14 38 15,1,19,,683214,22,0,11 12 14 38 15,1,2154,,683216,15,0,11 12 14 38 15,1,30,,580877,22,0,11 12 14 38 15,1,70,,578414,22,0,11 12 14 38 15,1,30,,683217,22,0,11 12 14 38 15,1
99502,'1',531,,690462,5,0,14 38 15,1,17,,690435,5,0,14 38 15,1,55,,690440,5,0,14 38 15,1,15,,690455,5,0,14 38 15,1,15,,690439,5,0,14 38 15,1,15,,558746,5,0,14 38 15,1,55,,690437,5,0,14 38 15,1,15,,690474,5,0,14 38 15,1,15,,690471,5,0,14 38 15,1,15,,690432,5,0,14 38 15,1,55,,570797,5,0,14 38 15,1,15,,602184,5,0,14 38 15,1,15,,690450,5,0,14 38 15,1,15,,690443,5,0,14 38 15,1,55,,690467,5,0,14 38 15,1,15,,562944,5,0,14 38 15,1,15,,413993,5,0,14 38 15,1,15,,690445,5,0,14 38 15,1,55,,690461,5,0,14 38 15,1,15,,690448,5,0,14 38 15,1,15,,560282,5,0,14 38 15,1,15,,536367,5,0,14 38 15,1,55,,690447,5,0,14 38 15,1,15,,690446,5,0,14 38 15,1,15,,690438,5,0,14 38 15,1,15,,690457,5,0,14 38 15,1,55,,562160,5,0,14 38 15,1,15,,690444,5,0,14 38 15,1,15,,558493,5,0,14 38 15,1,15,,604233,5,0,14 38 15,1,55,,690465,5,0,14 38 15,1,15,,690472,5,0,14 38 15,1,15,,690458,5,0,14 38 15,1,15,,690454,5,0,14 38 15,1,55,,690453,5,0,14 38 15,1,15,,690464,5,0,14 38 15,1,15,,690449,5,0,14 38 15,1,15,,571993,5,0,14 38 15,1,55,,594163,5,0,14 38 15,1,15,,690456,5,0,14 38 15,1,15,,690468,5,0,14 38 15,1,15,,690469,5,0,14 38 15,1,55,,690434,5,0,14 38 15,1,15,,690441,5,0,14 38 15,1,15,,690433,5,0,14 38 15,1,15,,690442,5,0,14 38 15,1,55,,690460,5,0,14 38 15,1,15,,690452,5,0,14 38 15,1,15,,690463,5,0,14 38 15,1,15,,690473,5,0,14 38 15,1,55,,690470,5,0,14 38 15,1,15,,690459,5,0,14 38 15,1,15,,690451,5,0,14 38 15,1,15,,690466,5,0,14 38 15,1,55,,690436,5,0,14 38 15,1
