4104,'1',527,,585931,42,0,68 8,1,9,,709899,35,0,68 8,1,8,,709921,42,0,68 8,1,9,,709944,35,0,68 8,1,50,,709965,42,0,68 8,1,10,,709880,35,0,68 8,1,10,,709937,42,0,68 8,1,10,,614502,42,0,68 8,1,10,,709883,45,0,68 8,1,10,,709913,45,0,68 8,1,49,,709958,45,0,68 8,1,10,,709893,45,0,68 8,1,9,,709938,45,0,68 8,1,10,,709948,45,0,68 8,1,12,,709935,45,0,68 8,1,9,,617737,45,0,68 8,1,50,,709901,45,0,68 8,1,10,,709920,45,0,68 8,1,10,,709956,45,0,68 8,1,10,,604409,45,0,68 8,1,10,,709946,45,0,68 8,1,10,,709950,45,0,68 8,1,51,,709961,45,0,68 8,1,10,,596049,45,0,68 8,1,10,,709900,45,0,68 8,1,10,,709963,45,0,68 8,1,10,,515472,45,0,68 8,1,10,,656724,45,0,68 8,1,50,,709904,45,0,68 8,1,10,,709943,45,0,68 8,1,10,,709902,45,0,68 8,1,10,,709955,45,0,68 8,1,10,,647497,45,0,68 8,1,10,,709951,45,0,68 8,1,50,,709953,45,0,68 8,1,10,,709908,45,0,68 8,1,10,,709894,45,0,68 8,1,10,,709912,45,0,68 8,1,10,,709884,45,0,68 8,1,10,,633138,45,0,68 8,1,50,,709954,45,0,68 8,1,10,,690497,45,0,68 8,1,10,,623199,45,0,68 8,1,10,,709905,45,0,68 8,1,10,,650766,45,0,68 8,1,10,,709957,45,0,68 8,1,50,,709923,45,0,68 8,1,10,,669010,45,0,68 8,1,10,,709919,45,0,68 8,1,10,,709907,45,0,68 8,1,10,,709925,45,0,68 8,1,10,,635042,45,0,68 8,1,49,,639883,45,0,68 8,1,9,,709926,45,0,68 8,1,10,,550942,45,0,68 8,1,10,,709895,45,0,68 8,1,10,,709916,45,0,68 8,1,10,,607195,45,0,68 8,1,50,,625814,45,0,68 8,1,10,,675803,45,0,68 8,1,10,,709929,45,0,68 8,1,10,,709952,45,0,68 8,1,10,,709933,45,0,68 8,1,10,,709889,45,0,68 8,1,50,,709885,45,0,68 8,1,10,,709934,45,0,68 8,1,10,,709936,45,0,68 8,1,10,,709911,45,0,68 8,1,10,,709940,45,0,68 8,1,10,,709906,45,0,68 8,1,50,,709909,45,0,68 8,1,10,,709942,45,0,68 8,1,10,,709915,45,0,68 8,1,10,,709882,45,0,68 8,1,10,,709928,45,0,68 8,1,10,,607179,45,0,68 8,1,50,,709931,45,0,68 8,1,10,,709914,45,0,68 8,1,10,,709910,45,0,68 8,1,10,,709949,45,0,68 8,1,10,,709917,45,0,68 8,1,10,,685757,45,0,68 8,1,49,,709898,45,0,68 8,1,8,,709964,45,0,68 8,1,8,,709927,45,0,68 8,1,7,,632371,45,0,68 8,1,9,,709962,45,0,68 8,1,7,,709960,45,0,68 8,1,5,,709887,45,0,68 8,1,10,,709903,45,0,68 8,1,50,,709897,45,0,68 8,1,10,,709896,45,0,68 8,1,10,,709947,45,0,68 8,1,10,,644478,45,0,68 8,1,10,,645389,45,0,68 8,1,10,,709932,45,0,68 8,1,50,,529423,45,0,68 8,1,10,,709924,45,0,68 8,1,10,,523051,45,0,68 8,1,10,,709891,45,0,68 8,1,10,,709879,45,0,68 8,1,10,,709892,45,0,68 8,1,48,,709918,45,0,68 8,1,9,,709941,45,0,68 8,1,6,,686311,45,0,68 8,1,8,,637301,45,0,68 8,1,21,,709939,45,0,68 8,1,60,,709922,45,0,68 8,1,20,,709890,45,0,68 8,1,20,,709888,45,0,68 8,1,60,,709966,45,0,68 8,1,20,,646561,45,0,68 8,1,20,,709886,45,0,68 8,1,57,,709959,45,0,68 8,1,28,,709930,45,0,68 8,1,70,,709881,45,0,68 8,1,30,,709945,45,0,68 8,1,70,,683190,45,0,68 8,1
4104,'2',550,,710042,42,0,68 8,1,58,,709975,42,0,68 8,1,18,,710051,42,0,68 8,1,18,,635060,45,0,68 8,1,58,,710025,45,0,68 8,1,18,,709973,45,0,68 8,1,18,,710001,45,0,68 8,1,10,,709992,7,0,68 8,1,8,,710060,45,0,68 8,1,60,,710016,45,0,68 8,1,9,,709969,7,0,68 8,1,13,,710055,45,0,68 8,1,17,,710050,45,0,68 8,1,3,,675023,7,0,68 8,1,53,,710018,45,0,68 8,1,12,,710047,45,0,68 8,1,12,,709988,45,0,68 8,1,12,,657499,45,0,68 8,1,12,,636616,45,0,68 8,1,52,,710044,45,0,68 8,1,12,,710020,45,0,68 8,1,8,,710038,7,0,68 8,1,4,,710010,45,0,68 8,1,12,,710009,45,0,68 8,1,10,,612013,45,0,68 8,1,46,,413813,7,0,68 8,1,5,,710022,45,0,68 8,1,12,,709979,45,0,68 8,1,6,,710053,7,0,68 8,1,5,,709977,45,0,68 8,1,10,,456267,45,0,68 8,1,8,,582694,45,0,68 8,1,8,,710026,45,0,68 8,1,48,,709982,45,0,68 8,1,8,,709991,45,0,68 8,1,8,,710061,45,0,68 8,1,8,,710056,45,0,68 8,1,8,,709983,45,0,68 8,1,8,,675384,45,0,68 8,1,8,,710013,45,0,68 8,1,48,,710057,45,0,68 8,1,8,,710004,45,0,68 8,1,8,,710027,45,0,68 8,1,8,,710006,45,0,68 8,1,8,,710007,45,0,68 8,1,8,,710043,45,0,68 8,1,8,,710034,45,0,68 8,1,8,,710000,45,0,68 8,1,48,,710014,45,0,68 8,1,8,,710037,45,0,68 8,1,8,,615407,45,0,68 8,1,8,,709990,45,0,68 8,1,8,,642240,45,0,68 8,1,8,,710002,45,0,68 8,1,8,,710029,45,0,68 8,1,48,,709996,45,0,68 8,1,8,,709993,45,0,68 8,1,8,,709971,45,0,68 8,1,8,,675013,45,0,68 8,1,8,,709974,45,0,68 8,1,8,,710019,45,0,68 8,1,8,,710062,45,0,68 8,1,8,,709986,45,0,68 8,1,48,,710040,45,0,68 8,1,8,,709999,45,0,68 8,1,8,,710008,45,0,68 8,1,8,,709995,45,0,68 8,1,8,,710028,45,0,68 8,1,8,,709987,45,0,68 8,1,8,,710048,45,0,68 8,1,48,,709970,45,0,68 8,1,8,,709976,45,0,68 8,1,8,,710023,45,0,68 8,1,8,,710017,45,0,68 8,1,8,,710031,45,0,68 8,1,8,,635093,45,0,68 8,1,8,,709984,45,0,68 8,1,8,,710003,45,0,68 8,1,48,,636462,45,0,68 8,1,8,,710063,45,0,68 8,1,8,,709997,45,0,68 8,1,8,,709980,45,0,68 8,1,8,,710054,45,0,68 8,1,8,,709994,45,0,68 8,1,8,,710021,45,0,68 8,1,47,,709985,45,0,68 8,1,6,,710030,45,0,68 8,1,8,,710036,45,0,68 8,1,6,,668310,45,0,68 8,1,6,,710035,45,0,68 8,1,9,,710005,45,0,68 8,1,10,,710011,45,0,68 8,1,12,,653332,45,0,68 8,1,52,,710046,45,0,68 8,1,12,,709978,45,0,68 8,1,12,,709989,45,0,68 8,1,12,,710052,45,0,68 8,1,12,,710024,45,0,68 8,1,52,,709968,45,0,68 8,1,12,,620614,45,0,68 8,1,12,,709972,45,0,68 8,1,12,,559905,45,0,68 8,1,12,,709998,45,0,68 8,1,52,,710049,45,0,68 8,1,9,,710041,45,0,68 8,1,12,,710045,45,0,68 8,1,22,,710033,45,0,68 8,1,62,,710059,45,0,68 8,1,22,,710058,45,0,68 8,1,22,,709967,45,0,68 8,1,62,,709981,45,0,68 8,1,22,,710039,45,0,68 8,1,62,,710012,45,0,68 8,1,27,,520374,45,0,68 8,1,70,,619630,45,0,68 8,1,30,,710015,45,0,68 8,1,70,,710032,45,0,68 8,1
4104,'3',749,,606513,42,0,68 8,1,60,,710099,42,0,68 8,1,21,,528343,45,0,68 8,1,16,,710110,45,0,68 8,1,12,,605563,45,0,68 8,1,53,,633320,45,0,68 8,1,12,,710111,45,0,68 8,1,13,,710095,45,0,68 8,1,12,,710090,45,0,68 8,1,53,,710070,45,0,68 8,1,12,,619264,45,0,68 8,1,13,,710124,45,0,68 8,1,12,,710116,45,0,68 8,1,13,,710101,45,0,68 8,1,52,,682965,45,0,68 8,1,13,,710103,45,0,68 8,1,12,,710094,45,0,68 8,1,13,,710065,45,0,68 8,1,12,,530877,45,0,68 8,1,54,,678051,45,0,68 8,1,12,,481895,45,0,68 8,1,13,,710126,45,0,68 8,1,10,,710115,45,0,68 8,1,10,,710104,45,0,68 8,1,50,,710118,45,0,68 8,1,10,,710113,45,0,68 8,1,10,,710088,45,0,68 8,1,10,,679973,45,0,68 8,1,10,,710066,45,0,68 8,1,10,,710071,45,0,68 8,1,50,,710106,45,0,68 8,1,10,,710072,45,0,68 8,1,10,,710102,45,0,68 8,1,10,,625560,45,0,68 8,1,10,,710077,45,0,68 8,1,10,,710098,45,0,68 8,1,50,,710069,45,0,68 8,1,10,,710067,45,0,68 8,1,10,,710089,45,0,68 8,1,10,,513891,45,0,68 8,1,10,,710121,45,0,68 8,1,10,,710085,45,0,68 8,1,50,,710112,45,0,68 8,1,10,,710107,45,0,68 8,1,10,,710114,45,0,68 8,1,10,,664121,45,0,68 8,1,10,,710108,45,0,68 8,1,10,,710076,45,0,68 8,1,50,,710120,45,0,68 8,1,10,,710117,45,0,68 8,1,10,,710081,45,0,68 8,1,10,,710122,45,0,68 8,1,10,,515820,45,0,68 8,1,10,,710131,45,0,68 8,1,50,,710128,45,0,68 8,1,10,,710068,45,0,68 8,1,10,,710096,45,0,68 8,1,10,,616651,45,0,68 8,1,10,,710093,45,0,68 8,1,10,,710123,45,0,68 8,1,49,,710097,45,0,68 8,1,11,,687007,45,0,68 8,1,10,,710074,45,0,68 8,1,14,,710083,45,0,68 8,1,14,,710075,45,0,68 8,1,55,,710119,45,0,68 8,1,15,,710091,45,0,68 8,1,15,,710127,45,0,68 8,1,15,,710078,45,0,68 8,1,55,,710092,45,0,68 8,1,15,,710105,45,0,68 8,1,15,,710086,45,0,68 8,1,15,,710087,45,0,68 8,1,55,,710129,45,0,68 8,1,12,,620366,45,0,68 8,1,14,,710109,45,0,68 8,1,20,,710064,45,0,68 8,1,60,,710084,45,0,68 8,1,20,,710130,45,0,68 8,1,20,,681522,45,0,68 8,1,60,,710079,45,0,68 8,1,20,,597617,45,0,68 8,1,20,,710125,45,0,68 8,1,60,,632488,45,0,68 8,1,17,,710100,45,0,68 8,1,73,,710080,45,0,68 8,1,30,,710082,45,0,68 8,1,70,,710073,45,0,68 8,1
4104,'5',550,,710160,42,0,68 8,1,60,,664147,42,0,68 8,1,20,,710201,42,0,68 8,1,20,,687550,45,0,68 8,1,60,,710157,45,0,68 8,1,20,,710146,45,0,68 8,1,20,,710189,45,0,68 8,1,59,,710180,45,0,68 8,1,21,,710163,45,0,68 8,1,16,,710154,45,0,68 8,1,12,,710203,45,0,68 8,1,53,,710155,45,0,68 8,1,12,,647142,45,0,68 8,1,13,,710195,45,0,68 8,1,12,,710181,45,0,68 8,1,53,,710204,45,0,68 8,1,12,,710144,45,0,68 8,1,13,,710165,45,0,68 8,1,12,,710151,45,0,68 8,1,13,,710150,45,0,68 8,1,52,,710176,45,0,68 8,1,13,,654208,45,0,68 8,1,12,,710164,45,0,68 8,1,13,,710148,45,0,68 8,1,12,,710134,45,0,68 8,1,54,,620416,45,0,68 8,1,12,,710205,45,0,68 8,1,13,,710199,45,0,68 8,1,10,,710141,45,0,68 8,1,10,,710173,45,0,68 8,1,50,,710184,45,0,68 8,1,10,,710190,45,0,68 8,1,10,,710185,45,0,68 8,1,10,,610799,45,0,68 8,1,10,,710138,45,0,68 8,1,10,,710147,45,0,68 8,1,50,,710166,45,0,68 8,1,10,,710168,45,0,68 8,1,10,,710197,45,0,68 8,1,10,,710170,45,0,68 8,1,10,,710208,45,0,68 8,1,10,,710142,45,0,68 8,1,50,,710178,45,0,68 8,1,10,,710135,45,0,68 8,1,10,,710167,45,0,68 8,1,10,,710152,45,0,68 8,1,10,,710179,45,0,68 8,1,10,,710177,45,0,68 8,1,50,,710143,45,0,68 8,1,10,,710183,45,0,68 8,1,10,,710139,45,0,68 8,1,10,,710200,45,0,68 8,1,10,,710153,45,0,68 8,1,10,,615049,45,0,68 8,1,50,,619377,45,0,68 8,1,10,,710196,45,0,68 8,1,10,,710172,45,0,68 8,1,10,,710156,45,0,68 8,1,10,,710187,45,0,68 8,1,10,,710162,45,0,68 8,1,50,,710174,45,0,68 8,1,10,,655171,45,0,68 8,1,10,,710136,45,0,68 8,1,10,,710194,45,0,68 8,1,10,,710202,45,0,68 8,1,10,,710198,45,0,68 8,1,49,,710161,45,0,68 8,1,11,,710145,45,0,68 8,1,10,,676530,45,0,68 8,1,14,,671107,45,0,68 8,1,14,,710169,45,0,68 8,1,55,,533889,45,0,68 8,1,15,,710132,45,0,68 8,1,15,,710186,45,0,68 8,1,15,,710182,45,0,68 8,1,55,,710140,45,0,68 8,1,15,,710207,45,0,68 8,1,15,,580235,45,0,68 8,1,15,,710171,45,0,68 8,1,55,,710193,45,0,68 8,1,12,,710209,45,0,68 8,1,14,,710192,45,0,68 8,1,20,,710137,45,0,68 8,1,60,,710159,45,0,68 8,1,20,,688777,45,0,68 8,1,20,,537091,45,0,68 8,1,60,,710133,45,0,68 8,1,20,,710191,45,0,68 8,1,20,,710158,45,0,68 8,1,60,,710149,45,0,68 8,1,17,,710188,45,0,68 8,1,73,,614317,45,0,68 8,1,30,,710175,45,0,68 8,1,70,,710206,45,0,68 8,1
8904,'1',503,,635945,31,0,51,1,23,,739589,31,0,68 8,1,22,,739613,31,0,68 8,1,52,,739645,31,0,68 8,1,10,,644231,31,0,68 8,1,10,,739606,31,0,68 8,1,10,,739593,31,0,68 8,1,10,,739600,31,0,68 8,1,10,,739572,31,0,68 8,1,50,,739630,31,0,68 8,1,10,,632367,31,0,68 8,1,10,,739569,31,0,68 8,1,9,,739649,31,0,68 8,1,8,,739575,31,0,68 8,1,11,,642489,31,0,68 8,1,10,,739583,31,0,68 8,1,50,,567480,31,0,68 8,1,10,,739635,31,0,68 8,1,10,,739565,31,0,68 8,1,10,,618323,31,0,68 8,1,10,,739619,31,0,68 8,1,10,,739582,31,0,68 8,1,50,,739643,31,0,68 8,1,10,,648012,31,0,68 8,1,10,,673833,31,0,68 8,1,10,,739564,31,0,68 8,1,10,,530082,31,0,68 8,1,10,,739604,31,0,68 8,1,50,,739648,31,0,68 8,1,10,,668086,31,0,68 8,1,10,,739598,31,0,68 8,1,10,,739610,31,0,68 8,1,10,,739621,31,0,68 8,1,10,,679300,31,0,68 8,1,50,,739642,31,0,68 8,1,10,,739638,31,0,68 8,1,10,,547979,31,0,68 8,1,10,,739618,31,0,68 8,1,10,,739622,31,0,68 8,1,10,,612451,31,0,68 8,1,50,,458659,31,0,68 8,1,10,,739602,31,0,68 8,1,10,,739573,31,0,68 8,1,10,,739637,31,0,68 8,1,10,,594064,31,0,68 8,1,10,,739609,31,0,68 8,1,50,,739578,31,0,68 8,1,10,,739566,31,0,68 8,1,10,,739611,31,0,68 8,1,10,,739603,31,0,68 8,1,10,,739584,31,0,68 8,1,9,,739581,31,0,68 8,1,49,,628810,31,0,68 8,1,10,,739616,31,0,68 8,1,10,,739574,31,0,68 8,1,10,,739634,31,0,68 8,1,10,,739627,31,0,68 8,1,10,,739568,31,0,68 8,1,50,,653736,31,0,68 8,1,10,,501553,31,0,68 8,1,10,,739647,31,0,68 8,1,10,,739633,31,0,68 8,1,10,,739640,35,0,68 8,1,10,,739625,31,0,68 8,1,50,,739628,31,0,68 8,1,10,,739576,31,0,68 8,1,10,,739632,31,0,68 8,1,10,,739567,31,0,68 8,1,10,,739588,31,0,68 8,1,10,,739601,31,0,68 8,1,50,,739608,31,0,68 8,1,10,,739585,31,0,68 8,1,10,,739652,31,0,68 8,1,10,,739599,31,0,68 8,1,10,,550765,31,0,68 8,1,10,,656249,31,0,68 8,1,50,,739654,31,0,68 8,1,10,,739653,31,0,68 8,1,10,,650380,31,0,68 8,1,10,,739631,31,0,68 8,1,10,,739570,31,0,68 8,1,10,,739605,31,0,68 8,1,50,,621058,31,0,68 8,1,6,,739614,31,0,68 8,1,8,,739644,31,0,68 8,1,10,,739607,31,0,68 8,1,10,,739639,31,0,68 8,1,10,,629096,31,0,68 8,1,50,,739650,31,0,68 8,1,10,,739587,31,0,68 8,1,10,,449258,31,0,68 8,1,10,,623888,31,0,68 8,1,10,,739597,31,0,68 8,1,10,,739623,31,0,68 8,1,50,,739591,31,0,68 8,1,10,,631385,31,0,68 8,1,10,,739624,31,0,68 8,1,10,,640085,31,0,68 8,1,10,,739620,31,0,68 8,1,10,,739596,31,0,68 8,1,50,,739615,31,0,68 8,1,8,,739612,31,0,68 8,1,8,,739636,31,0,68 8,1,7,,684518,31,0,68 8,1,10,,739590,31,0,68 8,1,10,,649396,31,0,68 8,1,10,,739595,31,0,68 8,1,50,,739577,31,0,68 8,1,10,,680055,31,0,68 8,1,10,,739571,31,0,68 8,1,10,,739586,31,0,68 8,1,10,,739629,31,0,68 8,1,10,,739594,31,0,68 8,1,50,,739617,31,0,68 8,1,10,,739579,31,0,68 8,1,10,,739646,31,0,68 8,1,10,,739641,31,0,68 8,1,10,,739580,31,0,68 8,1,10,,739651,31,0,68 8,1,50,,572017,31,0,68 8,1,10,,739626,31,0,68 8,1,10,,668982,31,0,68 8,1,10,,664780,31,0,68 8,1,8,,575369,31,0,68 8,1,15,,630513,31,0,68 8,1,55,,565302,31,0,51,1,15,,739592,31,0,51,1
8904,'2',534,,739673,27,0,68 8,1,12,,739706,27,0,68 8,1,57,,739765,31,0,68 8,1,15,,607356,31,0,68 8,1,14,,739733,31,0,68 8,1,10,,674390,31,0,68 8,1,10,,739683,31,0,68 8,1,50,,739703,31,0,68 8,1,10,,739681,31,0,68 8,1,10,,739752,31,0,68 8,1,10,,739661,31,0,68 8,1,10,,739664,31,0,68 8,1,10,,609228,31,0,68 8,1,7,,739691,31,0,68 8,1,48,,739769,31,0,68 8,1,11,,613632,31,0,68 8,1,9,,739768,31,0,68 8,1,11,,739725,31,0,68 8,1,10,,739758,31,0,68 8,1,10,,739666,31,0,68 8,1,50,,739660,31,0,68 8,1,10,,739690,31,0,68 8,1,10,,739721,31,0,68 8,1,10,,739737,31,0,68 8,1,10,,739723,31,0,68 8,1,10,,739656,31,0,68 8,1,50,,739749,31,0,68 8,1,10,,739713,31,0,68 8,1,10,,739694,31,0,68 8,1,10,,739731,31,0,68 8,1,10,,739715,31,0,68 8,1,9,,739665,31,0,68 8,1,50,,739708,31,0,68 8,1,10,,739747,31,0,68 8,1,10,,739655,31,0,68 8,1,10,,739744,31,0,68 8,1,8,,739757,31,0,68 8,1,8,,739677,31,0,68 8,1,48,,739676,31,0,68 8,1,8,,739696,31,0,68 8,1,8,,739669,31,0,68 8,1,8,,739699,31,0,68 8,1,8,,739710,31,0,68 8,1,8,,739771,31,0,68 8,1,8,,739730,31,0,68 8,1,8,,739738,31,0,68 8,1,48,,739735,31,0,68 8,1,8,,477765,31,0,68 8,1,8,,739746,31,0,68 8,1,8,,739750,31,0,68 8,1,8,,739772,31,0,68 8,1,8,,739693,31,0,68 8,1,8,,609081,31,0,68 8,1,48,,739759,31,0,68 8,1,8,,739754,31,0,68 8,1,8,,739705,31,0,68 8,1,8,,739716,31,0,68 8,1,8,,739748,31,0,68 8,1,8,,739671,31,0,68 8,1,8,,739764,31,0,68 8,1,8,,739753,31,0,68 8,1,48,,739685,31,0,68 8,1,8,,527215,31,0,68 8,1,8,,739767,31,0,68 8,1,8,,739680,31,0,68 8,1,8,,739719,31,0,68 8,1,8,,739659,31,0,68 8,1,8,,739714,31,0,68 8,1,48,,739692,31,0,68 8,1,8,,739712,31,0,68 8,1,8,,739672,31,0,68 8,1,8,,739717,31,0,68 8,1,8,,739761,31,0,68 8,1,8,,739707,31,0,68 8,1,8,,739732,31,0,68 8,1,8,,665354,31,0,68 8,1,48,,513499,31,0,68 8,1,8,,739766,31,0,68 8,1,8,,739770,31,0,68 8,1,8,,739695,31,0,68 8,1,8,,739751,31,0,68 8,1,8,,494376,31,0,68 8,1,8,,674987,31,0,68 8,1,48,,739667,31,0,68 8,1,8,,739701,31,0,68 8,1,8,,739739,31,0,68 8,1,8,,672612,31,0,68 8,1,8,,516290,31,0,68 8,1,8,,739697,31,0,68 8,1,8,,739658,31,0,68 8,1,9,,739773,31,0,68 8,1,49,,739700,31,0,68 8,1,7,,395064,31,0,68 8,1,5,,739709,31,0,68 8,1,8,,739678,31,0,68 8,1,6,,739675,31,0,68 8,1,8,,739682,31,0,68 8,1,8,,739763,31,0,68 8,1,8,,549929,31,0,68 8,1,48,,739684,31,0,68 8,1,8,,476629,31,0,68 8,1,8,,640867,31,0,68 8,1,8,,739657,31,0,68 8,1,8,,739704,31,0,68 8,1,8,,739679,31,0,68 8,1,8,,739718,31,0,68 8,1,48,,739734,31,0,68 8,1,8,,739745,31,0,68 8,1,8,,739689,31,0,68 8,1,8,,739687,31,0,68 8,1,8,,739728,31,0,68 8,1,8,,739674,31,0,68 8,1,8,,661674,31,0,68 8,1,8,,739756,31,0,68 8,1,48,,739740,31,0,68 8,1,5,,650823,31,0,68 8,1,7,,739720,31,0,68 8,1,6,,739741,31,0,68 8,1,10,,739711,31,0,68 8,1,10,,739670,31,0,68 8,1,10,,739762,31,0,68 8,1,50,,739736,31,0,68 8,1,10,,686146,31,0,68 8,1,10,,667537,31,0,68 8,1,10,,739724,31,0,68 8,1,10,,739686,31,0,68 8,1,10,,739729,31,0,68 8,1,50,,739698,31,0,68 8,1,10,,739668,31,0,68 8,1,10,,739702,31,0,68 8,1,10,,739727,31,0,68 8,1,10,,739742,31,0,68 8,1,10,,739663,31,0,68 8,1,50,,739760,31,0,68 8,1,10,,739755,31,0,68 8,1,10,,739722,31,0,68 8,1,10,,739743,31,0,68 8,1,9,,668324,31,0,68 8,1,14,,739662,31,0,68 8,1,55,,739688,31,0,51,1,15,,739726,31,0,51,1
8904,'3',534,,739796,27,0,51,1,15,,613054,27,0,51,1,54,,739802,31,0,51,1,15,,739852,31,0,51,1,15,,739792,31,0,51,1,15,,678736,31,0,51,1,55,,739845,31,0,51,1,15,,739836,31,0,51,1,15,,739861,31,0,51,1,14,,739846,31,0,68 8,1,53,,739797,31,0,68 8,1,15,,739865,31,0,68 8,1,13,,739868,31,0,68 8,1,12,,739850,31,0,68 8,1,10,,507118,31,0,68 8,1,50,,739794,31,0,68 8,1,10,,739841,31,0,68 8,1,10,,739864,31,0,68 8,1,10,,739840,31,0,68 8,1,10,,629722,31,0,68 8,1,10,,649588,31,0,68 8,1,50,,625587,31,0,68 8,1,10,,739870,31,0,68 8,1,10,,739872,31,0,68 8,1,10,,650910,31,0,68 8,1,10,,739873,31,0,68 8,1,10,,536153,31,0,68 8,1,50,,492836,31,0,68 8,1,10,,739854,31,0,68 8,1,10,,739787,31,0,68 8,1,10,,648680,31,0,68 8,1,10,,739839,31,0,68 8,1,10,,739777,31,0,68 8,1,9,,739791,31,0,68 8,1,49,,739779,31,0,68 8,1,10,,739874,31,0,68 8,1,10,,739847,31,0,68 8,1,10,,739795,31,0,68 8,1,10,,739806,31,0,68 8,1,10,,739823,31,0,68 8,1,50,,739833,31,0,68 8,1,10,,739853,31,0,68 8,1,10,,739848,31,0,68 8,1,10,,739813,31,0,68 8,1,10,,739857,31,0,68 8,1,10,,739842,31,0,68 8,1,50,,739817,31,0,68 8,1,10,,459729,31,0,68 8,1,10,,739783,31,0,68 8,1,10,,739875,31,0,68 8,1,10,,739844,31,0,68 8,1,10,,739814,31,0,68 8,1,50,,739819,31,0,68 8,1,10,,739776,31,0,68 8,1,10,,739789,31,0,68 8,1,10,,739818,31,0,68 8,1,10,,739871,31,0,68 8,1,10,,739822,31,0,68 8,1,50,,739774,31,0,68 8,1,10,,739782,31,0,68 8,1,10,,739831,31,0,68 8,1,10,,739780,31,0,68 8,1,10,,739786,31,0,68 8,1,10,,739869,31,0,68 8,1,50,,689842,31,0,68 8,1,10,,739812,31,0,68 8,1,10,,739798,31,0,68 8,1,10,,739824,31,0,68 8,1,10,,739808,31,0,68 8,1,10,,739855,31,0,68 8,1,50,,739837,31,0,68 8,1,10,,739830,31,0,68 8,1,10,,649648,31,0,68 8,1,10,,647682,31,0,68 8,1,10,,739811,31,0,68 8,1,10,,739834,31,0,68 8,1,50,,739804,31,0,68 8,1,6,,739799,31,0,68 8,1,9,,516622,31,0,68 8,1,8,,739832,31,0,68 8,1,10,,739821,31,0,68 8,1,10,,739793,31,0,68 8,1,50,,739827,31,0,68 8,1,10,,739828,31,0,68 8,1,10,,739815,31,0,68 8,1,10,,739835,31,0,68 8,1,10,,739805,31,0,68 8,1,10,,739790,31,0,68 8,1,50,,739856,31,0,68 8,1,10,,739863,31,0,68 8,1,10,,739785,31,0,68 8,1,10,,739858,31,0,68 8,1,10,,739829,31,0,68 8,1,10,,739825,31,0,68 8,1,50,,739801,31,0,68 8,1,9,,739788,31,0,68 8,1,6,,739781,31,0,68 8,1,7,,739775,31,0,68 8,1,10,,739867,31,0,68 8,1,10,,739838,31,0,68 8,1,10,,739800,31,0,68 8,1,50,,739866,31,0,68 8,1,10,,673281,31,0,68 8,1,10,,739820,31,0,68 8,1,10,,739784,31,0,68 8,1,10,,739843,31,0,68 8,1,10,,739826,31,0,68 8,1,50,,739860,31,0,68 8,1,10,,739807,31,0,68 8,1,10,,739851,31,0,68 8,1,10,,739816,31,0,68 8,1,10,,739810,31,0,68 8,1,10,,739849,31,0,68 8,1,50,,656510,31,0,68 8,1,10,,739862,31,0,68 8,1,10,,739778,31,0,68 8,1,10,,739859,31,0,68 8,1,10,,641782,31,0,68 8,1,13,,739809,31,0,68 8,1,55,,739803,31,0,51,1,15,,655071,31,0,51,1
8904,'5',530,,739968,27,0,68 8,1,16,,739879,27,0,68 8,1,57,,739901,31,0,68 8,1,15,,739972,31,0,68 8,1,14,,739969,31,0,68 8,1,10,,739916,31,0,68 8,1,10,,739918,31,0,68 8,1,50,,739948,31,0,68 8,1,10,,739939,31,0,68 8,1,10,,674877,31,0,68 8,1,10,,739973,31,0,68 8,1,10,,739886,31,0,68 8,1,10,,739942,31,0,68 8,1,7,,739914,31,0,68 8,1,50,,739928,31,0,68 8,1,11,,739889,31,0,68 8,1,11,,739966,31,0,68 8,1,9,,739933,31,0,68 8,1,10,,739900,31,0,68 8,1,50,,739890,31,0,68 8,1,10,,739982,31,0,68 8,1,10,,739883,31,0,68 8,1,10,,739926,31,0,68 8,1,10,,739945,31,0,68 8,1,10,,739881,31,0,68 8,1,50,,739963,31,0,68 8,1,10,,739952,31,0,68 8,1,10,,739955,31,0,68 8,1,10,,739895,31,0,68 8,1,10,,651784,31,0,68 8,1,10,,739921,31,0,68 8,1,50,,739929,31,0,68 8,1,10,,739887,31,0,68 8,1,10,,739878,31,0,68 8,1,10,,739897,31,0,68 8,1,10,,739925,31,0,68 8,1,10,,739962,31,0,68 8,1,9,,739937,31,0,68 8,1,49,,739944,31,0,68 8,1,10,,739956,31,0,68 8,1,10,,739888,31,0,68 8,1,10,,739951,31,0,68 8,1,10,,686640,31,0,68 8,1,10,,739902,31,0,68 8,1,50,,739936,31,0,68 8,1,10,,739958,31,0,68 8,1,10,,739940,31,0,68 8,1,10,,739898,31,0,68 8,1,10,,606043,31,0,68 8,1,10,,739911,31,0,68 8,1,50,,739892,31,0,68 8,1,10,,739943,31,0,68 8,1,10,,739920,31,0,68 8,1,10,,652831,31,0,68 8,1,10,,651842,31,0,68 8,1,10,,739977,31,0,68 8,1,50,,739978,31,0,68 8,1,10,,739946,31,0,68 8,1,10,,739983,31,0,68 8,1,10,,739949,31,0,68 8,1,10,,739885,31,0,68 8,1,10,,739934,31,0,68 8,1,50,,739905,31,0,68 8,1,10,,739876,31,0,68 8,1,10,,739979,31,0,68 8,1,10,,668543,31,0,68 8,1,10,,565735,31,0,68 8,1,10,,739922,31,0,68 8,1,50,,739880,31,0,68 8,1,10,,739947,31,0,68 8,1,10,,739908,31,0,68 8,1,10,,739930,31,0,68 8,1,10,,739894,31,0,68 8,1,10,,739953,31,0,68 8,1,50,,739913,31,0,68 8,1,10,,631813,31,0,68 8,1,10,,739974,31,0,68 8,1,10,,739935,31,0,68 8,1,10,,739915,31,0,68 8,1,10,,739923,31,0,68 8,1,50,,739984,31,0,68 8,1,6,,739959,31,0,68 8,1,9,,739906,31,0,68 8,1,8,,739954,31,0,68 8,1,10,,739932,31,0,68 8,1,10,,739975,31,0,68 8,1,50,,739967,31,0,68 8,1,10,,739960,31,0,68 8,1,10,,739924,31,0,68 8,1,10,,666131,31,0,68 8,1,10,,739884,31,0,68 8,1,10,,739882,31,0,68 8,1,50,,739961,31,0,68 8,1,10,,628623,31,0,68 8,1,10,,618228,31,0,68 8,1,10,,739950,31,0,68 8,1,10,,645922,31,0,68 8,1,10,,739957,31,0,68 8,1,50,,739981,31,0,68 8,1,9,,739971,31,0,68 8,1,6,,739893,31,0,68 8,1,7,,629335,31,0,68 8,1,10,,632613,31,0,68 8,1,10,,739896,31,0,68 8,1,10,,739912,31,0,68 8,1,50,,739877,31,0,68 8,1,10,,739976,31,0,68 8,1,10,,739970,31,0,68 8,1,10,,739907,31,0,68 8,1,10,,739919,31,0,68 8,1,10,,739927,31,0,68 8,1,50,,739938,31,0,68 8,1,10,,739931,31,0,68 8,1,10,,739910,31,0,68 8,1,10,,739917,31,0,68 8,1,10,,739909,31,0,68 8,1,10,,739964,31,0,68 8,1,50,,739899,31,0,68 8,1,10,,739904,31,0,68 8,1,10,,606017,31,0,68 8,1,10,,739891,31,0,68 8,1,10,,739980,31,0,68 8,1,13,,739941,31,0,68 8,1,55,,739965,31,0,51,1,15,,739903,31,0,51,1
34104,'1',515,,770489,42,0,68 8,1,2216,,673510,42,0,68 8,1,70,,770490,42,0,68 8,1,30,,770488,42,0,68 8,1,70,,770487,42,0,68 8,1
34104,'2',531,,770493,42,0,68 8,1,2200,,770494,42,0,68 8,1,70,,770492,42,0,68 8,1,30,,770491,42,0,68 8,1,70,,571552,42,0,68 8,1
34104,'3',531,,770497,42,0,68 8,1,19,,681757,42,0,68 8,1,60,,647738,42,0,68 8,1,20,,770496,42,0,68 8,1,20,,770499,42,0,68 8,1,60,,770500,42,0,68 8,1,20,,770498,42,0,68 8,1,2001,,668419,42,0,68 8,1,70,,770502,42,0,68 8,1,30,,770495,42,0,68 8,1,70,,770501,42,0,68 8,1
34104,'5',531,,770504,42,0,68 8,1,2200,,634891,42,0,68 8,1,70,,685309,42,0,68 8,1,30,,654193,42,0,68 8,1,70,,770503,42,0,68 8,1
