1202,'1',534,,606626,30,0,5 45 46 15,1,70,,606622,30,0,5 45 46 15,1,30,,606672,30,0,5 45 46 15,1,14,,606668,40,0,31 45 46 8,1,56,,606653,29,0,5 45 46 15,1,14,,606660,40,0,31 45 46 8,1,15,,528187,29,0,5 45 46 15,1,12,,606647,40,0,31 45 46 8,1,12,,606617,29,0,5 45 46 15,1,52,,556719,40,0,31 45 46 8,1,12,,570008,29,0,5 45 46 15,1,12,,606659,40,0,31 45 46 8,1,12,,606650,29,0,5 45 46 15,1,12,,606674,40,0,31 45 46 8,1,52,,606638,29,0,5 45 46 15,1,12,,606648,40,0,31 45 46 8,1,12,,606680,29,0,5 45 46 15,1,12,,606677,40,0,31 45 46 8,1,12,,606615,29,0,5 45 46 15,1,52,,606666,40,0,31 45 46 8,1,13,,606625,29,0,5 45 46 15,1,15,,606681,40,0,31 45 46 8,1,15,,606657,29,0,5 45 46 15,1,55,,606621,40,0,31 45 46 8,1,15,,606683,29,0,5 45 46 15,1,15,,515116,40,0,31 45 46 8,1,15,,606637,29,0,5 45 46 15,1,55,,586278,40,0,31 45 46 8,1,15,,606620,29,0,5 45 46 15,1,15,,606632,40,0,31 45 46 8,1,15,,567445,29,0,5 45 46 15,1,55,,502051,40,0,31 45 46 8,1,15,,606665,29,0,5 45 46 15,1,15,,606623,40,0,31 45 46 8,1,15,,606635,29,0,5 45 46 15,1,55,,536392,40,0,31 45 46 8,1,15,,606643,29,0,5 45 46 15,1,15,,606654,40,0,31 45 46 8,1,15,,606667,29,0,5 45 46 15,1,51,,606639,40,0,31 45 46 8,1,10,,606673,29,0,5 45 46 15,1,11,,606662,40,0,31 45 46 8,1,11,,606644,29,0,5 45 46 15,1,11,,374723,40,0,31 45 46 8,1,11,,606645,29,0,5 45 46 15,1,51,,606655,40,0,31 45 46 8,1,11,,606618,29,0,5 45 46 15,1,11,,606682,40,0,31 45 46 8,1,11,,606636,29,0,5 45 46 15,1,11,,606661,40,0,31 45 46 8,1,51,,598136,29,0,5 45 46 15,1,11,,606624,40,0,31 45 46 8,1,11,,606651,29,0,5 45 46 15,1,11,,606649,40,0,31 45 46 8,1,11,,606627,29,0,5 45 46 15,1,11,,606671,40,0,31 45 46 8,1,51,,606669,29,0,5 45 46 15,1,11,,606642,40,0,31 45 46 8,1,11,,606675,29,0,5 45 46 15,1,11,,606634,40,0,31 45 46 8,1,11,,569630,29,0,5 45 46 15,1,51,,606619,40,0,31 45 46 8,1,11,,606676,29,0,5 45 46 15,1,14,,606652,40,0,31 45 46 8,1,9,,419850,29,0,5 45 46 15,1,13,,606631,40,0,31 45 46 8,1,54,,606664,29,0,5 45 46 15,1,13,,547999,40,0,31 45 46 8,1,14,,528191,29,0,5 45 46 15,1,13,,606678,40,0,31 45 46 8,1,14,,548919,29,0,5 45 46 15,1,53,,606616,40,0,31 45 46 8,1,14,,606663,29,0,5 45 46 15,1,13,,429351,40,0,31 45 46 8,1,14,,561723,29,0,5 45 46 15,1,53,,586091,40,0,31 45 46 8,1,14,,580103,29,0,5 45 46 15,1,14,,606641,40,0,31 45 46 8,1,7,,606646,28,0,34 45 46 15,1,61,,606656,28,0,34 45 46 15,1,20,,606628,28,0,34 45 46 15,1,20,,606658,28,0,34 45 46 15,1,60,,592210,28,0,34 45 46 15,1,20,,606630,28,0,34 45 46 15,1,20,,606633,28,0,34 45 46 15,1,60,,606679,28,0,34 45 46 15,1,20,,606629,28,0,34 45 46 15,1,30,,606640,28,0,34 45 46 15,1,71,,606670,28,0,17 121 122,1
1202,'2',540,,576962,29,0,34 45 46 15,1,16,,490716,30,0,5 45 46 15,1,54,,555136,29,0,34 45 46 15,1,16,,606705,29,0,5 45 46 15,1,14,,606730,28,0,34 45 46 15,1,16,,475745,29,0,5 45 46 15,1,54,,606708,28,0,34 45 46 15,1,16,,606718,29,0,5 45 46 15,1,14,,606742,28,0,34 45 46 15,1,16,,606710,29,0,5 45 46 15,1,54,,521995,28,0,34 45 46 15,1,16,,606701,29,0,5 45 46 15,1,13,,606692,28,0,34 45 46 15,1,17,,570819,29,0,5 45 46 15,1,53,,534101,28,0,34 45 46 15,1,17,,606691,29,0,5 45 46 15,1,13,,606686,28,0,34 45 46 15,1,17,,498422,29,0,5 45 46 15,1,53,,606743,28,0,34 45 46 15,1,17,,606744,29,0,5 45 46 15,1,13,,606699,28,0,34 45 46 15,1,17,,606687,29,0,5 45 46 15,1,53,,606707,28,0,34 45 46 15,1,17,,606734,29,0,5 45 46 15,1,13,,606684,28,0,34 45 46 15,1,17,,606685,29,0,5 45 46 15,1,53,,428781,28,0,34 45 46 15,1,16,,606724,29,0,5 45 46 15,1,14,,606737,28,0,34 45 46 15,1,14,,606735,29,0,5 45 46 15,1,53,,606688,28,0,34 45 46 15,1,14,,606740,29,0,5 45 46 15,1,13,,606727,28,0,34 45 46 15,1,14,,597497,29,0,5 45 46 15,1,53,,606709,28,0,34 45 46 15,1,14,,606700,29,0,5 45 46 15,1,13,,606706,28,0,34 45 46 15,1,14,,438394,29,0,5 45 46 15,1,13,,606725,28,0,34 45 46 15,1,54,,442711,29,0,5 45 46 15,1,13,,606698,28,0,34 45 46 15,1,14,,602699,29,0,5 45 46 15,1,13,,529508,28,0,34 45 46 15,1,54,,606715,29,0,5 45 46 15,1,13,,606732,28,0,34 45 46 15,1,14,,606704,29,0,5 45 46 15,1,13,,606731,28,0,34 45 46 15,1,14,,606697,29,0,5 45 46 15,1,53,,606719,28,0,34 45 46 15,1,14,,606723,29,0,5 45 46 15,1,13,,606712,28,0,34 45 46 15,1,14,,606741,29,0,5 45 46 15,1,53,,606694,28,0,34 45 46 15,1,14,,606711,29,0,5 45 46 15,1,13,,606736,28,0,34 45 46 15,1,14,,606690,29,0,5 45 46 15,1,13,,606716,28,0,34 45 46 15,1,54,,549939,29,0,5 45 46 15,1,13,,606728,28,0,34 45 46 15,1,14,,606695,28,0,34 45 46 15,1,16,,606721,28,0,34 45 46 15,1,58,,606722,28,0,34 45 46 15,1,19,,606726,28,0,34 45 46 15,1,18,,606702,28,0,34 45 46 15,1,59,,606703,28,0,34 45 46 15,1,18,,606733,28,0,34 45 46 15,1,19,,606717,28,0,34 45 46 15,1,58,,592438,28,0,34 45 46 15,1,19,,606714,28,0,34 45 46 15,1,20,,524363,28,0,34 45 46 15,1,60,,606729,28,0,34 45 46 15,1,20,,552448,28,0,34 45 46 15,1,20,,606689,28,0,34 45 46 15,1,60,,606739,28,0,34 45 46 15,1,20,,606720,28,0,34 45 46 15,1,20,,606738,28,0,34 45 46 15,1,60,,606696,28,0,34 45 46 15,1,20,,606713,28,0,34 45 46 15,1,30,,557264,28,0,34 45 46 15,1,68,,606693,28,0,17 121 122,1
1202,'3',753,,606749,30,0,5 45 46 15,1,56,,606786,29,0,34 45 46 15,1,13,,606762,30,0,5 45 46 15,1,15,,606788,28,0,34 45 46 15,1,15,,606766,29,0,5 45 46 15,1,61,,606774,28,0,34 45 46 15,1,15,,606754,29,0,5 45 46 15,1,15,,606767,28,0,34 45 46 15,1,15,,606758,29,0,5 45 46 15,1,55,,606778,28,0,34 45 46 15,1,15,,606747,29,0,5 45 46 15,1,15,,606755,28,0,34 45 46 15,1,15,,606791,29,0,5 45 46 15,1,55,,606765,28,0,34 45 46 15,1,15,,606757,29,0,5 45 46 15,1,15,,606797,28,0,34 45 46 15,1,15,,606752,29,0,5 45 46 15,1,55,,606772,28,0,34 45 46 15,1,21,,606783,29,0,5 45 46 15,1,21,,606780,28,0,34 45 46 15,1,55,,606795,29,0,5 45 46 15,1,13,,606792,28,0,34 45 46 15,1,17,,606793,29,0,5 45 46 15,1,13,,606763,28,0,34 45 46 15,1,57,,519201,29,0,5 45 46 15,1,13,,606756,28,0,34 45 46 15,1,17,,606777,29,0,5 45 46 15,1,13,,539159,28,0,34 45 46 15,1,57,,606770,29,0,5 45 46 15,1,13,,534293,28,0,34 45 46 15,1,17,,606771,29,0,5 45 46 15,1,13,,606761,28,0,34 45 46 15,1,57,,606781,29,0,5 45 46 15,1,13,,572235,28,0,34 45 46 15,1,17,,606746,29,0,5 45 46 15,1,13,,606785,28,0,34 45 46 15,1,57,,545800,29,0,5 45 46 15,1,13,,606784,28,0,34 45 46 15,1,17,,572997,29,0,5 45 46 15,1,13,,606776,28,0,34 45 46 15,1,57,,606769,29,0,5 45 46 15,1,13,,606753,28,0,34 45 46 15,1,17,,516331,29,0,5 45 46 15,1,13,,595164,28,0,34 45 46 15,1,57,,553283,29,0,5 45 46 15,1,13,,606789,28,0,34 45 46 15,1,20,,606773,29,0,5 45 46 15,1,10,,606779,28,0,34 45 46 15,1,59,,606760,28,0,34 45 46 15,1,18,,606764,28,0,34 45 46 15,1,19,,489174,28,0,34 45 46 15,1,58,,606768,28,0,34 45 46 15,1,19,,606787,28,0,34 45 46 15,1,18,,606796,28,0,34 45 46 15,1,59,,606750,28,0,34 45 46 15,1,14,,553336,28,0,34 45 46 15,1,20,,606782,28,0,34 45 46 15,1,20,,497386,28,0,34 45 46 15,1,60,,606751,28,0,34 45 46 15,1,20,,606745,28,0,34 45 46 15,1,20,,606790,28,0,34 45 46 15,1,60,,583441,28,0,34 45 46 15,1,20,,606748,28,0,34 45 46 15,1,20,,606794,28,0,34 45 46 15,1,63,,588464,28,0,34 45 46 15,1,30,,606759,28,0,34 45 46 15,1,70,,606775,28,0,17 121 122,1
1202,'5',538,,606810,29,0,34 45 46 15,1,14,,606858,30,0,5 45 46 15,1,57,,606832,29,0,34 45 46 15,1,13,,606803,29,0,5 45 46 15,1,15,,606824,28,0,34 45 46 15,1,15,,606829,29,0,5 45 46 15,1,55,,606850,28,0,34 45 46 15,1,15,,606852,29,0,5 45 46 15,1,15,,547738,28,0,34 45 46 15,1,15,,606843,29,0,5 45 46 15,1,55,,606808,28,0,34 45 46 15,1,15,,606857,29,0,5 45 46 15,1,15,,606814,28,0,34 45 46 15,1,15,,606841,29,0,5 45 46 15,1,61,,539336,28,0,34 45 46 15,1,15,,606809,29,0,5 45 46 15,1,15,,606805,28,0,34 45 46 15,1,15,,550911,29,0,5 45 46 15,1,55,,606820,28,0,34 45 46 15,1,15,,606831,29,0,5 45 46 15,1,15,,555285,28,0,34 45 46 15,1,15,,582477,29,0,5 45 46 15,1,55,,606851,28,0,34 45 46 15,1,15,,606821,29,0,5 45 46 15,1,15,,606837,28,0,34 45 46 15,1,15,,606804,29,0,5 45 46 15,1,55,,606802,28,0,34 45 46 15,1,21,,606840,29,0,5 45 46 15,1,21,,570612,28,0,34 45 46 15,1,55,,606836,29,0,5 45 46 15,1,13,,606799,28,0,34 45 46 15,1,17,,606816,29,0,5 45 46 15,1,13,,606807,28,0,34 45 46 15,1,57,,606845,29,0,5 45 46 15,1,13,,606833,28,0,34 45 46 15,1,17,,606839,29,0,5 45 46 15,1,13,,606827,28,0,34 45 46 15,1,57,,606844,29,0,5 45 46 15,1,13,,606817,28,0,34 45 46 15,1,17,,606826,29,0,5 45 46 15,1,13,,606823,28,0,34 45 46 15,1,57,,606854,29,0,5 45 46 15,1,13,,606842,28,0,34 45 46 15,1,17,,606855,29,0,5 45 46 15,1,13,,515370,28,0,34 45 46 15,1,57,,606847,29,0,5 45 46 15,1,13,,606856,28,0,34 45 46 15,1,17,,606812,29,0,5 45 46 15,1,13,,518340,28,0,34 45 46 15,1,57,,606838,29,0,5 45 46 15,1,13,,535413,28,0,34 45 46 15,1,17,,606811,29,0,5 45 46 15,1,13,,606819,28,0,34 45 46 15,1,57,,606846,29,0,5 45 46 15,1,13,,606801,28,0,34 45 46 15,1,20,,606830,29,0,5 45 46 15,1,10,,601402,28,0,34 45 46 15,1,58,,606798,28,0,34 45 46 15,1,19,,606848,28,0,34 45 46 15,1,18,,606806,28,0,34 45 46 15,1,59,,606822,28,0,34 45 46 15,1,18,,597836,28,0,34 45 46 15,1,19,,606849,28,0,34 45 46 15,1,59,,540772,28,0,34 45 46 15,1,14,,521240,28,0,34 45 46 15,1,20,,606815,28,0,34 45 46 15,1,20,,606818,28,0,34 45 46 15,1,60,,567832,28,0,34 45 46 15,1,20,,606853,28,0,34 45 46 15,1,20,,606834,28,0,34 45 46 15,1,60,,606828,28,0,34 45 46 15,1,20,,606800,28,0,34 45 46 15,1,20,,606835,28,0,34 45 46 15,1,63,,606813,28,0,34 45 46 15,1,30,,563283,28,0,34 45 46 15,1,70,,606825,28,0,17 121 122,1
11704,'1',607,,666887,20,0,45 46 8,1,22,,666874,20,0,45 46 8,1,22,,666883,20,0,45 46 8,1,62,,540500,20,0,45 46 8,1,23,,666865,20,0,45 46 8,1,18,,666881,20,0,45 46 8,1,58,,666859,20,0,45 46 8,1,18,,666888,20,0,45 46 8,1,18,,666869,20,0,45 46 8,1,58,,524887,20,0,45 46 8,1,17,,666846,20,0,45 46 8,1,19,,666871,20,0,45 46 8,1,15,,666878,20,0,45 46 8,1,56,,666866,20,0,45 46 8,1,18,,666854,20,0,45 46 8,1,18,,666876,20,0,45 46 8,1,58,,666844,20,0,45 46 8,1,18,,551781,20,0,45 46 8,1,18,,521872,20,0,45 46 8,1,58,,666843,20,0,45 46 8,1,18,,666848,20,0,45 46 8,1,18,,596840,20,0,45 46 8,1,18,,380414,20,0,45 46 8,1,58,,466047,20,0,45 46 8,1,18,,583920,20,0,45 46 8,1,18,,666882,20,0,45 46 8,1,58,,666860,20,0,45 46 8,1,20,,666879,20,0,45 46 8,1,20,,666862,20,0,45 46 8,1,60,,666852,20,0,45 46 8,1,20,,587013,20,0,45 46 8,1,21,,553114,20,0,45 46 8,1,60,,533973,20,0,45 46 8,1,18,,666870,20,0,45 46 8,1,18,,666884,20,0,45 46 8,1,58,,666875,20,0,45 46 8,1,18,,666856,20,0,45 46 8,1,18,,666850,20,0,45 46 8,1,18,,571255,20,0,45 46 8,1,58,,603299,20,0,45 46 8,1,16,,666877,20,0,45 46 8,1,18,,666845,20,0,45 46 8,1,59,,666841,20,0,45 46 8,1,19,,666857,20,0,45 46 8,1,19,,666847,20,0,45 46 8,1,59,,531771,20,0,45 46 8,1,18,,666880,20,0,45 46 8,1,18,,666855,20,0,45 46 8,1,18,,666872,20,0,45 46 8,1,58,,666864,20,0,45 46 8,1,18,,666849,20,0,45 46 8,1,20,,666851,20,0,45 46 8,1,60,,666868,20,0,45 46 8,1,16,,666863,20,0,45 46 8,1,20,,600027,20,0,45 46 8,1,60,,666886,20,0,45 46 8,1,22,,666842,20,0,45 46 8,1,22,,666867,20,0,45 46 8,1,62,,666853,20,0,45 46 8,1,22,,666861,20,0,45 46 8,1,62,,666873,20,0,45 46 8,1,22,,666885,20,0,45 46 8,1,22,,666858,20,0,45 46 8,1,64,,372549,20,0,45 46 8,1
11704,'2',625,,666892,20,0,45 46 8,1,25,,666923,20,0,45 46 8,1,65,,666890,20,0,45 46 8,1,25,,528238,20,0,45 46 8,1,65,,666909,20,0,45 46 8,1,24,,666889,20,0,45 46 8,1,22,,666901,20,0,45 46 8,1,62,,666906,20,0,45 46 8,1,22,,666927,20,0,45 46 8,1,22,,666913,20,0,45 46 8,1,62,,666904,20,0,45 46 8,1,22,,666912,20,0,45 46 8,1,62,,598440,20,0,45 46 8,1,22,,560378,20,0,45 46 8,1,22,,666925,20,0,45 46 8,1,62,,666900,20,0,45 46 8,1,23,,430155,20,0,45 46 8,1,22,,666898,20,0,45 46 8,1,60,,666921,20,0,45 46 8,1,20,,666907,20,0,45 46 8,1,20,,666919,20,0,45 46 8,1,60,,666922,20,0,45 46 8,1,20,,535637,20,0,45 46 8,1,20,,666924,20,0,45 46 8,1,60,,521061,20,0,45 46 8,1,20,,666896,20,0,45 46 8,1,20,,666916,20,0,45 46 8,1,60,,666895,20,0,45 46 8,1,20,,666915,20,0,45 46 8,1,20,,666931,20,0,45 46 8,1,60,,666897,20,0,45 46 8,1,20,,530151,20,0,45 46 8,1,20,,564627,20,0,45 46 8,1,60,,666893,20,0,45 46 8,1,20,,666899,20,0,45 46 8,1,22,,666910,20,0,45 46 8,1,61,,666902,20,0,45 46 8,1,22,,666894,20,0,45 46 8,1,62,,666926,20,0,45 46 8,1,22,,666903,20,0,45 46 8,1,22,,666920,20,0,45 46 8,1,62,,666930,20,0,45 46 8,1,22,,666918,20,0,45 46 8,1,22,,666908,20,0,45 46 8,1,62,,666928,20,0,45 46 8,1,25,,666914,20,0,45 46 8,1,65,,666905,20,0,45 46 8,1,25,,511452,20,0,45 46 8,1,25,,666917,20,0,45 46 8,1,65,,666891,20,0,45 46 8,1,25,,666911,20,0,45 46 8,1,65,,603062,20,0,45 46 8,1,30,,666929,20,0,45 46 8,1,70,,545308,20,0,45 46 8,1
11704,'3',816,,530546,20,0,45 46 8,1,25,,547437,20,0,45 46 8,1,62,,666940,20,0,45 46 8,1,22,,666933,20,0,45 46 8,1,22,,666950,20,0,45 46 8,1,62,,666958,20,0,45 46 8,1,22,,666936,20,0,45 46 8,1,22,,666967,20,0,45 46 8,1,62,,666941,20,0,45 46 8,1,22,,666944,20,0,45 46 8,1,22,,574301,20,0,45 46 8,1,66,,666943,20,0,45 46 8,1,25,,666935,20,0,45 46 8,1,65,,666963,20,0,45 46 8,1,25,,666966,20,0,45 46 8,1,65,,666942,20,0,45 46 8,1,25,,666964,20,0,45 46 8,1,25,,666938,20,0,45 46 8,1,65,,666961,20,0,45 46 8,1,25,,666952,20,0,45 46 8,1,65,,666954,20,0,45 46 8,1,25,,516490,20,0,45 46 8,1,65,,666932,20,0,45 46 8,1,25,,587067,20,0,45 46 8,1,25,,666957,20,0,45 46 8,1,65,,666953,20,0,45 46 8,1,25,,666934,20,0,45 46 8,1,65,,666960,20,0,45 46 8,1,23,,666959,20,0,45 46 8,1,22,,565553,20,0,45 46 8,1,62,,666937,20,0,45 46 8,1,22,,666955,20,0,45 46 8,1,22,,666946,20,0,45 46 8,1,62,,666945,20,0,45 46 8,1,22,,666948,20,0,45 46 8,1,62,,574288,20,0,45 46 8,1,19,,666962,20,0,45 46 8,1,22,,666951,20,0,45 46 8,1,65,,666965,20,0,45 46 8,1,25,,549987,20,0,45 46 8,1,25,,666939,20,0,45 46 8,1,65,,666949,20,0,45 46 8,1,25,,560519,20,0,45 46 8,1,65,,666956,20,0,45 46 8,1,25,,666947,20,0,45 46 8,1,17,,549362,20,0,45 46 8,1
11704,'5',638,,666977,20,0,45 46 8,1,70,,516083,20,0,45 46 8,1,25,,667004,20,0,45 46 8,1,24,,666983,20,0,45 46 8,1,62,,667005,20,0,45 46 8,1,22,,666989,20,0,45 46 8,1,62,,666970,20,0,45 46 8,1,22,,667007,20,0,45 46 8,1,22,,666991,20,0,45 46 8,1,62,,666988,20,0,45 46 8,1,22,,666999,20,0,45 46 8,1,22,,541580,20,0,45 46 8,1,62,,666995,20,0,45 46 8,1,22,,561656,20,0,45 46 8,1,22,,666974,20,0,45 46 8,1,66,,667002,20,0,45 46 8,1,25,,666972,20,0,45 46 8,1,65,,666980,20,0,45 46 8,1,25,,666992,20,0,45 46 8,1,65,,666981,20,0,45 46 8,1,25,,667000,20,0,45 46 8,1,25,,666975,20,0,45 46 8,1,65,,666996,20,0,45 46 8,1,25,,561086,20,0,45 46 8,1,65,,666973,20,0,45 46 8,1,25,,583166,20,0,45 46 8,1,65,,666993,20,0,45 46 8,1,25,,666994,20,0,45 46 8,1,25,,667003,20,0,45 46 8,1,65,,581384,20,0,45 46 8,1,25,,666998,20,0,45 46 8,1,65,,666997,20,0,45 46 8,1,23,,531195,20,0,45 46 8,1,22,,666976,20,0,45 46 8,1,62,,666987,20,0,45 46 8,1,22,,666986,20,0,45 46 8,1,22,,666982,20,0,45 46 8,1,62,,589250,20,0,45 46 8,1,22,,666969,20,0,45 46 8,1,62,,667006,20,0,45 46 8,1,19,,666979,20,0,45 46 8,1,22,,518897,20,0,45 46 8,1,65,,666985,20,0,45 46 8,1,25,,667001,20,0,45 46 8,1,25,,666984,20,0,45 46 8,1,65,,666968,20,0,45 46 8,1,25,,666978,20,0,45 46 8,1,65,,666990,20,0,45 46 8,1,25,,552589,20,0,45 46 8,1,17,,666971,20,0,45 46 8,1
31604,'1',2651,,681228,63,0,45 46 3 81,1,70,,681230,63,0,45 46 3 81,1,30,,681231,63,0,45 46 3 81,1,70,,681233,63,0,45 46 3 81,1,30,,681232,63,0,45 46 3 81,1,70,,681229,63,0,45 46 3 81,1
31604,'2',2651,,681237,63,0,45 46 3 81,1,70,,681238,63,0,45 46 3 81,1,30,,537442,63,0,45 46 3 81,1,70,,681235,63,0,45 46 3 81,1,30,,681234,63,0,45 46 3 81,1,70,,681236,63,0,45 46 3 81,1
31604,'3',551,,600931,63,0,45 46 3 81,1,70,,601624,63,0,45 46 3 81,1,30,,681242,63,0,45 46 3 81,1,70,,681239,63,0,45 46 3 81,1,30,,681241,63,0,45 46 3 81,1,1900,,681245,63,0,45 46 3 81,1,70,,681247,63,0,45 46 3 81,1,30,,681240,63,0,45 46 3 81,1,70,,681246,63,0,45 46 3 81,1,30,,681243,63,0,45 46 3 81,1,70,,681244,63,0,45 46 3 81,1
31604,'5',2651,,532095,63,0,45 46 3 81,1,70,,520219,63,0,45 46 3 81,1,30,,528446,63,0,45 46 3 81,1,70,,681250,63,0,45 46 3 81,1,30,,681249,63,0,45 46 3 81,1,70,,681248,63,0,45 46 3 81,1
