8801,'1',508,,827621,5,4,,1,41,,641653,24,4,,1,55,,827590,24,4,,1,22,,827608,24,4,,1,15,,827594,24,4,,1,15,,718113,24,4,,1,55,,827616,24,4,,1,15,,827613,24,4,,1,15,,827582,24,4,,1,68,,683924,24,4,,1,15,,737041,24,4,,1,15,,724392,24,4,,1,15,,827570,24,4,,1,55,,827596,24,4,,1,16,,827589,24,4,,1,12,,827605,24,4,,1,80,,827581,24,4,,1,40,,827604,24,4,,1,80,,827620,24,4,,1,80,,827588,24,4,,1,40,,687878,24,4,,1,80,,753165,24,4,,1,80,,751336,24,4,,1,88,,827601,24,4,,1,24,,453723,24,4,,1,24,,752569,24,4,,1,64,,827572,24,4,,1,24,,827575,24,4,,1,64,,738382,24,4,,1,25,,827585,24,4,,1,24,,827591,24,4,,1,65,,827602,24,4,,1,25,,827599,24,4,,1,71,,714974,24,4,,1,36,,777963,24,4,,1,76,,775334,24,4,,1,76,,763847,24,4,,1,36,,749828,24,4,,1,81,,731404,24,4,,1,85,,706168,24,4,,1,45,,827597,24,4,,1,85,,827598,24,4,,1,93,,706177,7,4,,1
8801,'2',549,,827626,24,4,,1,53,,827655,24,4,,1,45,,827672,24,4,,1,85,,827679,24,4,,1,82,,827638,24,4,,1,34,,827670,24,4,,1,75,,827660,24,4,,1,35,,756150,24,4,,1,75,,827639,24,4,,1,73,,827648,24,4,,1,29,,827668,24,4,,1,70,,827628,24,4,,1,30,,827630,24,4,,1,70,,827635,24,4,,1,30,,827663,24,4,,1,70,,701577,24,4,,1,30,,827653,24,4,,1,70,,827636,24,4,,1,30,,827658,24,4,,1,70,,827676,24,4,,1,30,,827666,24,4,,1,70,,827627,24,4,,1,30,,827641,24,4,,1,70,,827662,24,4,,1,30,,827667,24,4,,1,70,,827629,24,4,,1,37,,774254,24,4,,1,75,,827657,24,4,,1,35,,827684,24,4,,1,75,,765753,24,4,,1,75,,827643,24,4,,1,35,,827624,24,4,,1,82,,827665,24,4,,1,84,,827656,24,4,,1,45,,827637,24,4,,1,80,,827645,24,4,,1
8801,'3',808,,827695,24,4,,1,50,,827702,24,4,,1,90,,827713,24,4,,1,90,,827686,24,4,,1,90,,827715,24,4,,1,82,,827706,24,4,,1,39,,827697,24,4,,1,80,,827708,24,4,,1,80,,827711,24,4,,1,40,,827727,24,4,,1,80,,827694,24,4,,1,80,,827690,24,4,,1,40,,827707,24,4,,1,80,,827691,24,4,,1,80,,827718,24,4,,1,40,,827726,24,4,,1,89,,827687,24,4,,1,90,,827704,24,4,,1,90,,827717,24,4,,1,85,,827719,24,4,,1,44,,827696,24,4,,1,85,,827688,24,4,,1,85,,827710,24,4,,1,40,,827703,24,4,,1
8801,'5',513,,827746,5,4,,1,37,,827754,24,4,,1,3,,827738,24,4,,1,78,,827740,24,4,,1,86,,827732,24,4,,1,90,,827744,24,4,,1,51,,747417,24,4,,1,90,,730678,24,4,,1,90,,827750,24,4,,1,90,,715542,24,4,,1,82,,758247,24,4,,1,39,,778959,24,4,,1,80,,827737,24,4,,1,80,,737382,24,4,,1,40,,746096,24,4,,1,80,,827734,24,4,,1,80,,827753,24,4,,1,40,,773532,24,4,,1,80,,697361,24,4,,1,80,,827759,24,4,,1,40,,711757,24,4,,1,89,,827731,24,4,,1,90,,827743,24,4,,1,90,,827760,24,4,,1,85,,746107,24,4,,1,44,,615119,24,4,,1,85,,827765,24,4,,1,85,,827761,24,4,,1,40,,827755,24,4,,1
8802,'1',508,,681732,1,0,6 7 8,1,18,,827825,1,0,6 7 8,1,15,,827788,1,0,6 7 8,1,15,,827832,1,0,6 7 8,1,55,,827835,1,0,6 7 8,1,15,,827790,1,0,6 7 8,1,15,,827769,1,0,6 7 8,1,15,,827777,1,0,6 7 8,1,55,,827791,1,0,6 7 8,1,15,,827831,1,0,6 7 8,1,15,,827766,1,0,6 7 8,1,13,,774197,1,0,6 7 8,1,55,,827798,1,0,6 7 8,1,15,,827794,1,0,6 7 8,1,15,,827781,1,0,6 7 8,1,15,,745526,1,0,6 7 8,1,55,,719697,1,0,17,1,16,,827812,1,0,17,1,12,,827800,1,0,6 7 8,1,80,,827821,1,0,6 7 8,1,40,,827782,1,0,6 7 8,1,80,,827787,1,0,6 7 8,1,80,,694201,1,0,6 7 8,1,40,,827828,1,0,6 7 8,1,80,,827837,1,0,6 7 8,1,80,,704095,1,0,6 7 8,1,24,,827826,1,0,6 7 8,1,64,,827775,1,0,6 7 8,1,24,,827768,1,0,6 7 8,1,24,,827780,1,0,6 7 8,1,64,,827795,1,0,6 7 8,1,24,,827767,1,0,6 7 8,1,64,,827793,1,0,6 7 8,1,25,,827804,1,0,6 7 8,1,25,,827770,1,0,6 7 8,1,65,,827838,1,0,6 7 8,1,25,,638961,1,0,6 7 8,1,71,,755804,1,0,6 7 8,1,36,,827806,1,0,6 7 8,1,76,,703293,1,0,6 7 8,1,76,,827784,1,0,6 7 8,1,36,,827778,1,0,6 7 8,1,81,,827810,1,0,6 7 8,1,85,,827792,1,0,6 7 8,1,45,,827822,1,0,6 7 8,1,85,,827813,1,0,6 7 8,1,92,,827783,1,0,17,1
8802,'2',514,,827872,1,0,6 7 8,1,88,,827847,1,0,6 7 8,1,45,,827849,1,0,6 7 8,1,85,,827844,1,0,6 7 8,1,82,,827890,1,0,6 7 8,1,35,,827842,1,0,6 7 8,1,75,,747611,1,0,6 7 8,1,35,,827871,1,0,6 7 8,1,75,,827891,1,0,6 7 8,1,72,,524457,1,0,6 7 8,1,30,,827877,1,0,6 7 8,1,70,,741262,1,0,6 7 8,1,30,,700406,1,0,6 7 8,1,70,,827850,1,0,6 7 8,1,30,,827853,1,0,6 7 8,1,70,,731281,1,0,6 7 8,1,30,,717689,1,0,6 7 8,1,70,,827839,1,0,6 7 8,1,30,,728650,1,0,6 7 8,1,70,,827882,1,0,6 7 8,1,30,,827857,1,0,6 7 8,1,70,,827893,1,0,6 7 8,1,30,,827888,1,0,6 7 8,1,70,,735191,1,0,6 7 8,1,30,,827859,1,0,6 7 8,1,75,,698225,1,0,6 7 8,1,35,,827866,1,0,6 7 8,1,75,,827880,1,0,6 7 8,1,35,,827848,1,0,6 7 8,1,75,,827876,1,0,6 7 8,1,75,,827861,1,0,6 7 8,1,35,,734472,1,0,6 7 8,1,83,,827889,1,0,6 7 8,1,85,,827868,1,0,6 7 8,1,39,,827854,1,0,6 7 8,1,80,,827846,1,0,17,1
8802,'3',810,,827905,1,0,6 7 8,1,90,,827936,1,0,6 7 8,1,50,,827899,1,0,6 7 8,1,90,,827897,1,0,6 7 8,1,89,,827912,1,0,6 7 8,1,81,,827938,1,0,6 7 8,1,40,,827910,1,0,6 7 8,1,80,,827914,1,0,6 7 8,1,80,,827909,1,0,6 7 8,1,40,,827903,1,0,6 7 8,1,80,,827923,1,0,6 7 8,1,80,,827920,1,0,6 7 8,1,40,,827919,1,0,6 7 8,1,80,,714478,1,0,6 7 8,1,80,,827906,1,0,6 7 8,1,40,,827922,1,0,6 7 8,1,90,,650567,1,0,6 7 8,1,90,,774849,1,0,6 7 8,1,90,,827917,1,0,6 7 8,1,85,,827908,1,0,6 7 8,1,45,,827937,1,0,6 7 8,1,85,,827927,1,0,6 7 8,1,85,,827930,1,0,6 7 8,1,85,,827933,1,0,6 7 8,1
8802,'5',513,,757957,1,0,6 7 8,1,41,,827952,1,0,6 7 8,1,81,,827941,1,0,6 7 8,1,85,,827961,1,0,6 7 8,1,90,,827971,1,0,6 7 8,1,90,,696147,1,0,6 7 8,1,50,,827947,1,0,6 7 8,1,90,,668965,1,0,6 7 8,1,89,,705510,1,0,6 7 8,1,81,,827968,1,0,6 7 8,1,40,,827976,1,0,6 7 8,1,80,,827942,1,0,6 7 8,1,80,,691542,1,0,6 7 8,1,40,,711744,1,0,6 7 8,1,80,,827956,1,0,6 7 8,1,80,,698445,1,0,6 7 8,1,40,,827966,1,0,6 7 8,1,80,,732358,1,0,6 7 8,1,80,,827949,1,0,6 7 8,1,40,,774138,1,0,6 7 8,1,90,,827973,1,0,6 7 8,1,90,,827974,1,0,6 7 8,1,90,,827939,1,0,6 7 8,1,85,,752337,1,0,6 7 8,1,45,,827945,1,0,6 7 8,1,85,,827960,1,0,6 7 8,1,85,,827980,1,0,6 7 8,1,85,,827958,1,0,6 7 8,1
15603,'1',559,,851188,16,4,,1,70,,851184,16,4,,1,30,,851173,16,4,,1,70,,851190,16,4,,1,30,,693261,16,4,,1,70,,851177,16,4,,1,30,,851191,16,4,,1,71,,851180,16,4,,1,70,,851192,16,4,,1,30,,851196,16,4,,1,70,,851178,16,4,,1,30,,851174,16,4,,1,70,,751028,16,4,,1,30,,851195,16,4,,1,70,,851179,16,4,,1,30,,851176,16,4,,1,70,,851181,16,4,,1,30,,746702,16,4,,1,70,,851187,16,4,,1,33,,851182,16,4,,1,70,,851193,16,4,,1,30,,851175,16,4,,1,70,,851183,16,4,,1,30,,851197,16,4,,1,70,,851194,16,4,,1,30,,851185,16,4,,1,70,,851186,16,4,,1,30,,851189,16,4,,1
15603,'2',611,,851212,16,4,,1,25,,643394,16,4,,1,65,,471812,16,4,,1,25,,851204,16,4,,1,25,,851216,16,4,,1,65,,851202,16,4,,1,25,,851205,16,4,,1,65,,758885,16,4,,1,25,,851206,16,4,,1,25,,851200,16,4,,1,65,,851211,16,4,,1,25,,851214,16,4,,1,65,,742667,16,4,,1,25,,851198,16,4,,1,65,,851203,16,4,,1,33,,851201,16,4,,1,70,,851210,16,4,,1,30,,681446,16,4,,1,70,,851213,16,4,,1,30,,631994,16,4,,1,70,,670479,16,4,,1,30,,721712,16,4,,1,70,,851207,16,4,,1,30,,851208,16,4,,1,70,,776969,16,4,,1,30,,851209,16,4,,1,70,,851215,16,4,,1,30,,674045,16,4,,1,70,,851199,16,4,,1,30,,851217,16,4,,1
15603,'3',742,,851232,16,4,,1,65,,851230,16,4,,1,25,,851235,16,4,,1,25,,731357,16,4,,1,65,,851236,16,4,,1,25,,718478,16,4,,1,65,,851220,16,4,,1,25,,851222,16,4,,1,65,,851231,16,4,,1,25,,851221,16,4,,1,25,,851229,16,4,,1,65,,851223,16,4,,1,35,,851226,16,4,,1,70,,851225,16,4,,1,30,,851227,16,4,,1,70,,851218,16,4,,1,30,,851233,16,4,,1,70,,769767,16,4,,1,30,,751667,16,4,,1,70,,720995,16,4,,1,30,,697555,16,4,,1,70,,687418,16,4,,1,30,,851228,16,4,,1,70,,851219,16,4,,1,30,,851234,16,4,,1,70,,851224,16,4,,1
15603,'5',610,,851245,16,4,,1,23,,851237,16,4,,1,25,,851246,16,4,,1,65,,851241,16,4,,1,19,,516352,16,4,,1,65,,765843,16,4,,1,25,,851250,16,4,,1,25,,851255,16,4,,1,65,,851244,16,4,,1,25,,673975,16,4,,1,65,,851247,16,4,,1,25,,715647,16,4,,1,65,,851243,16,4,,1,25,,851251,16,4,,1,25,,851252,16,4,,1,65,,851242,16,4,,1,35,,851254,16,4,,1,70,,851258,16,4,,1,30,,851240,16,4,,1,70,,758127,16,4,,1,30,,851238,16,4,,1,70,,851239,16,4,,1,30,,851257,16,4,,1,70,,691730,16,4,,1,30,,851256,16,4,,1,70,,851248,16,4,,1,30,,851253,16,4,,1,70,,698863,16,4,,1,30,,851249,16,4,,1,70,,716403,16,4,,1
15604,'1',504,,851270,1,0,241 46,1,30,,851280,1,0,241 46,1,70,,742550,1,0,241 46,1,30,,747554,1,0,241 46,1,70,,851277,1,0,241 46,1,30,,851260,1,0,241 46,1,70,,754786,1,0,241 46,1,30,,851266,1,0,241 46,1,70,,851265,1,0,241 46,1,30,,642137,1,0,241 46,1,70,,851275,1,0,241 46,1,30,,851262,1,0,241 46,1,70,,851278,1,0,241 46,1,30,,851269,1,0,241 46,1,70,,851261,1,0,241 46,1,30,,851273,1,0,241 46,1,70,,851264,1,0,241 46,1,30,,851271,1,0,241 46,1,70,,779430,1,0,241 46,1,30,,851276,1,0,241 46,1,70,,851263,1,0,241 46,1,30,,851268,1,0,241 46,1,70,,647930,1,0,241 46,1,30,,851272,1,0,241 46,1,70,,851274,1,0,241 46,1,30,,851279,1,0,241 46,1,70,,761881,1,0,241 46,1,30,,851267,1,0,241 46,1,70,,515125,1,0,241 46,1,30,,851259,1,0,17,1
15604,'2',525,,851285,1,0,241 46,1,25,,851291,1,0,241 46,1,65,,851303,1,0,241 46,1,25,,851309,1,0,241 46,1,65,,851282,1,0,241 46,1,25,,851308,1,0,241 46,1,25,,851296,1,0,241 46,1,65,,851312,1,0,241 46,1,25,,851295,1,0,241 46,1,65,,851306,1,0,241 46,1,25,,851301,1,0,241 46,1,65,,851307,1,0,241 46,1,25,,851286,1,0,241 46,1,25,,851294,1,0,241 46,1,65,,851288,1,0,241 46,1,25,,851290,1,0,241 46,1,70,,851289,1,0,241 46,1,30,,851302,1,0,241 46,1,70,,851300,1,0,241 46,1,30,,851292,1,0,241 46,1,70,,851298,1,0,241 46,1,30,,851283,1,0,241 46,1,70,,851293,1,0,241 46,1,30,,851287,1,0,241 46,1,70,,851310,1,0,241 46,1,30,,851299,1,0,241 46,1,70,,851311,1,0,241 46,1,30,,851284,1,0,241 46,1,70,,851305,1,0,241 46,1,30,,851304,1,0,241 46,1,70,,851297,1,0,241 46,1,24,,851281,1,0,17,1
15604,'3',703,,851327,1,0,241 46,1,25,,851336,1,0,241 46,1,17,,678248,1,0,241 46,1,65,,851326,1,0,241 46,1,25,,851322,1,0,241 46,1,65,,851316,1,0,241 46,1,25,,851332,1,0,241 46,1,25,,851335,1,0,241 46,1,65,,851328,1,0,241 46,1,25,,851330,1,0,241 46,1,65,,851315,1,0,241 46,1,25,,761045,1,0,241 46,1,25,,851324,1,0,241 46,1,70,,851314,1,0,241 46,1,30,,851323,1,0,241 46,1,70,,851319,1,0,241 46,1,30,,851333,1,0,241 46,1,70,,851313,1,0,241 46,1,30,,851334,1,0,241 46,1,70,,851325,1,0,241 46,1,30,,851317,1,0,241 46,1,70,,851331,1,0,241 46,1,30,,736839,1,0,241 46,1,70,,736781,1,0,241 46,1,30,,851329,1,0,241 46,1,70,,851320,1,0,241 46,1,30,,851321,1,0,241 46,1,67,,851318,1,0,17,1
15604,'5',530,,851348,1,0,241 46,1,23,,851361,1,0,241 46,1,58,,851354,1,0,241 46,1,25,,851341,1,0,241 46,1,65,,851349,1,0,241 46,1,25,,851357,1,0,241 46,1,19,,851343,1,0,241 46,1,65,,851346,1,0,241 46,1,25,,851358,1,0,241 46,1,65,,851344,1,0,241 46,1,25,,851345,1,0,241 46,1,25,,851351,1,0,241 46,1,65,,851342,1,0,241 46,1,25,,851355,1,0,241 46,1,65,,851359,1,0,241 46,1,25,,772579,1,0,241 46,1,25,,851356,1,0,241 46,1,70,,851362,1,0,241 46,1,30,,736912,1,0,241 46,1,70,,851347,1,0,241 46,1,30,,767110,1,0,241 46,1,70,,851350,1,0,241 46,1,30,,851352,1,0,241 46,1,70,,851339,1,0,241 46,1,30,,851353,1,0,241 46,1,70,,765836,1,0,241 46,1,30,,851360,1,0,241 46,1,70,,851340,1,0,241 46,1,30,,851338,1,0,241 46,1,70,,699582,1,0,241 46,1,30,,775214,1,0,241 46,1,67,,851337,1,0,17,1
