8501,'1',541,,648464,9,0,34 102,1,9,,648492,9,0,5 99 100 101 15,1,2,,504040,9,0,34 102,1,50,,516712,9,0,5 99 100 101 15,1,10,,648446,9,0,34 102,1,10,,648463,9,0,5 99 100 101 15,1,10,,648534,9,0,34 102,1,10,,648441,9,0,5 99 100 101 15,1,10,,418674,9,0,34 102,1,50,,538289,9,0,5 99 100 101 15,1,9,,648522,9,0,34 102,1,8,,648491,9,0,5 99 100 101 15,1,9,,648535,9,0,34 102,1,9,,648460,9,0,5 99 100 101 15,1,9,,648439,9,0,34 102,1,9,,648527,9,0,5 99 100 101 15,1,49,,532598,9,0,34 102,1,9,,648520,9,0,5 99 100 101 15,1,9,,648488,9,0,34 102,1,9,,648484,9,0,5 99 100 101 15,1,9,,648440,9,0,34 102,1,9,,648493,9,0,5 99 100 101 15,1,9,,648532,9,0,34 102,1,49,,648502,9,0,5 99 100 101 15,1,9,,648461,9,0,34 102,1,7,,376986,9,0,5 99 100 101 15,1,9,,648498,9,0,34 102,1,9,,520623,9,0,5 99 100 101 15,1,9,,648466,9,0,34 102,1,9,,648533,9,0,5 99 100 101 15,1,49,,486502,9,0,34 102,1,9,,648467,9,0,5 99 100 101 15,1,9,,648530,9,0,34 102,1,9,,648531,9,0,5 99 100 101 15,1,9,,648475,9,0,34 102,1,9,,648517,9,0,5 99 100 101 15,1,49,,648465,9,0,34 102,1,9,,648445,9,0,5 99 100 101 15,1,9,,648455,9,0,34 102,1,9,,648497,9,0,5 99 100 101 15,1,9,,648471,9,0,34 102,1,9,,422218,9,0,5 99 100 101 15,1,9,,564121,9,0,34 102,1,49,,539238,9,0,5 99 100 101 15,1,9,,648454,9,0,34 102,1,9,,648508,9,0,5 99 100 101 15,1,9,,648524,9,0,34 102,1,9,,648507,9,0,5 99 100 101 15,1,9,,648500,9,0,34 102,1,9,,648512,9,0,5 99 100 101 15,1,49,,648525,9,0,34 102,1,9,,648495,9,0,5 99 100 101 15,1,9,,648490,9,0,34 102,1,9,,407126,9,0,5 99 100 101 15,1,9,,648537,9,0,34 102,1,9,,648449,9,0,5 99 100 101 15,1,49,,648506,9,0,34 102,1,9,,520943,9,0,5 99 100 101 15,1,9,,648494,9,0,34 102,1,9,,603440,9,0,5 99 100 101 15,1,9,,648521,9,0,34 102,1,9,,648435,9,0,5 99 100 101 15,1,12,,648462,9,0,34 102,1,51,,648480,9,0,5 99 100 101 15,1,9,,648509,9,0,34 102,1,9,,648518,9,0,5 99 100 101 15,1,9,,648526,9,0,34 102,1,9,,648489,9,0,5 99 100 101 15,1,9,,648501,9,0,34 102,1,49,,648483,9,0,5 99 100 101 15,1,9,,648481,9,0,34 102,1,9,,648486,9,0,5 99 100 101 15,1,9,,648472,9,0,34 102,1,9,,648458,9,0,5 99 100 101 15,1,9,,648514,9,0,34 102,1,9,,648540,9,0,5 99 100 101 15,1,49,,648473,9,0,34 102,1,9,,648523,9,0,5 99 100 101 15,1,9,,648513,9,0,34 102,1,9,,648447,9,0,5 99 100 101 15,1,9,,648457,9,0,34 102,1,9,,648442,9,0,5 99 100 101 15,1,49,,648479,9,0,34 102,1,9,,648450,9,0,5 99 100 101 15,1,9,,601781,9,0,34 102,1,9,,648451,9,0,5 99 100 101 15,1,9,,648503,9,0,34 102,1,8,,648437,9,0,5 99 100 101 15,1,12,,648539,9,0,34 102,1,52,,648478,9,0,5 99 100 101 15,1,10,,648459,9,0,34 102,1,10,,648511,9,0,5 99 100 101 15,1,10,,648528,9,0,34 102,1,10,,648474,9,0,5 99 100 101 15,1,10,,648482,9,0,34 102,1,50,,513367,9,0,5 99 100 101 15,1,10,,520288,9,0,34 102,1,10,,648438,9,0,5 99 100 101 15,1,10,,593342,9,0,34 102,1,10,,648468,9,0,5 99 100 101 15,1,10,,648452,9,0,34 102,1,50,,648456,9,0,5 99 100 101 15,1,10,,648476,9,0,34 102,1,10,,393145,9,0,5 99 100 101 15,1,10,,398847,9,0,34 102,1,10,,648499,9,0,5 99 100 101 15,1,10,,392862,9,0,34 102,1,50,,648470,9,0,5 99 100 101 15,1,9,,648538,9,0,34 102,1,7,,648448,9,0,5 99 100 101 15,1,6,,648529,9,0,34 102,1,8,,531003,9,0,5 99 100 101 15,1,10,,571413,9,0,34 102,1,10,,648477,9,0,5 99 100 101 15,1,50,,648434,9,0,34 102,1,10,,648510,9,0,5 99 100 101 15,1,10,,648519,9,0,34 102,1,10,,648536,9,0,5 99 100 101 15,1,10,,648444,9,0,34 102,1,10,,648515,9,0,5 99 100 101 15,1,50,,648516,9,0,34 102,1,10,,648453,9,0,5 99 100 101 15,1,10,,403604,9,0,34 102,1,10,,648496,9,0,5 99 100 101 15,1,10,,541658,9,0,34 102,1,10,,648485,9,0,5 99 100 101 15,1,50,,648504,9,0,34 102,1,10,,648487,9,0,5 99 100 101 15,1,15,,648443,9,0,34 102,1,14,,648469,9,0,5 99 100 101 15,1,55,,648505,9,0,34 102,1,15,,648436,9,0,5 99 100 101 15,1,15,,575007,9,0,34 102,1
8501,'2',558,,648623,9,0,28 67,1,53,,648585,9,0,5 99 100 101 15,1,14,,648634,9,0,28 67,1,10,,648643,9,0,5 99 100 101 15,1,10,,648631,9,0,28 67,1,10,,648620,9,0,5 99 100 101 15,1,50,,648544,9,0,28 67,1,6,,648563,9,0,5 99 100 101 15,1,6,,648596,9,0,28 67,1,10,,648554,9,0,5 99 100 101 15,1,10,,567622,9,0,28 67,1,11,,648602,9,0,5 99 100 101 15,1,10,,648644,9,0,28 67,1,50,,648552,9,0,5 99 100 101 15,1,10,,648646,9,0,28 67,1,10,,648637,9,0,5 99 100 101 15,1,10,,648605,9,0,28 67,1,10,,648617,9,0,5 99 100 101 15,1,10,,648542,9,0,28 67,1,50,,545670,9,0,5 99 100 101 15,1,10,,648624,9,0,28 67,1,10,,648601,9,0,5 99 100 101 15,1,10,,648615,9,0,28 67,1,10,,458798,9,0,5 99 100 101 15,1,10,,446434,9,0,28 67,1,50,,648642,9,0,5 99 100 101 15,1,10,,648583,9,0,28 67,1,10,,648645,9,0,5 99 100 101 15,1,10,,648636,9,0,28 67,1,10,,648586,9,0,5 99 100 101 15,1,10,,648573,9,0,28 67,1,50,,593009,9,0,5 99 100 101 15,1,10,,546641,9,0,28 67,1,10,,648559,9,0,5 99 100 101 15,1,10,,648543,9,0,28 67,1,10,,582954,9,0,5 99 100 101 15,1,10,,648609,9,0,28 67,1,50,,648606,9,0,5 99 100 101 15,1,11,,648611,9,0,28 67,1,8,,648638,9,0,5 99 100 101 15,1,7,,507839,9,0,28 67,1,8,,648619,9,0,5 99 100 101 15,1,7,,648610,9,0,28 67,1,8,,584750,9,0,5 99 100 101 15,1,47,,648577,9,0,28 67,1,8,,648649,9,0,5 99 100 101 15,1,7,,648571,9,0,28 67,1,8,,648625,9,0,5 99 100 101 15,1,7,,648560,9,0,28 67,1,8,,648581,9,0,5 99 100 101 15,1,7,,648547,9,0,28 67,1,8,,479003,9,0,5 99 100 101 15,1,47,,648566,9,0,28 67,1,8,,648616,9,0,5 99 100 101 15,1,7,,580475,9,0,28 67,1,8,,648588,9,0,5 99 100 101 15,1,7,,648580,9,0,28 67,1,8,,648569,9,0,5 99 100 101 15,1,7,,648594,9,0,28 67,1,8,,542881,9,0,5 99 100 101 15,1,47,,648587,9,0,28 67,1,8,,549623,9,0,5 99 100 101 15,1,7,,648607,9,0,28 67,1,8,,648558,9,0,5 99 100 101 15,1,7,,648629,9,0,28 67,1,8,,582920,9,0,5 99 100 101 15,1,7,,648562,9,0,28 67,1,8,,648627,9,0,5 99 100 101 15,1,47,,648579,9,0,28 67,1,8,,648576,9,0,5 99 100 101 15,1,7,,648590,9,0,28 67,1,8,,565492,9,0,5 99 100 101 15,1,7,,648641,9,0,28 67,1,8,,648626,9,0,5 99 100 101 15,1,7,,648553,9,0,28 67,1,8,,648578,9,0,5 99 100 101 15,1,47,,517506,9,0,28 67,1,8,,648599,9,0,5 99 100 101 15,1,7,,540238,9,0,28 67,1,8,,648572,9,0,5 99 100 101 15,1,7,,648650,9,0,28 67,1,8,,648584,9,0,5 99 100 101 15,1,7,,648546,9,0,34 102,1,8,,648575,9,0,5 99 100 101 15,1,47,,648622,9,0,34 102,1,8,,648640,9,0,5 99 100 101 15,1,7,,599932,9,0,34 102,1,8,,648613,9,0,5 99 100 101 15,1,7,,648639,9,0,34 102,1,8,,648597,9,0,5 99 100 101 15,1,7,,648589,9,0,34 102,1,8,,541157,9,0,5 99 100 101 15,1,46,,648567,9,0,34 102,1,9,,512838,9,0,5 99 100 101 15,1,10,,648595,9,0,34 102,1,10,,648630,9,0,5 99 100 101 15,1,10,,648614,9,0,34 102,1,10,,648548,9,0,5 99 100 101 15,1,50,,648632,9,0,34 102,1,10,,648612,9,0,5 99 100 101 15,1,10,,550527,9,0,34 102,1,10,,648570,9,0,5 99 100 101 15,1,10,,648556,9,0,34 102,1,10,,648618,9,0,5 99 100 101 15,1,50,,648591,9,0,34 102,1,10,,648545,9,0,5 99 100 101 15,1,10,,648557,9,0,34 102,1,10,,469314,9,0,5 99 100 101 15,1,10,,648582,9,0,34 102,1,10,,648541,9,0,5 99 100 101 15,1,50,,648592,9,0,34 102,1,8,,648647,9,0,5 99 100 101 15,1,6,,648574,9,0,34 102,1,9,,648598,9,0,5 99 100 101 15,1,7,,648603,9,0,34 102,1,8,,582270,9,0,5 99 100 101 15,1,10,,648549,9,0,34 102,1,50,,648564,9,0,5 99 100 101 15,1,10,,648561,9,0,34 102,1,10,,549637,9,0,5 99 100 101 15,1,10,,495590,9,0,34 102,1,10,,648608,9,0,5 99 100 101 15,1,10,,648593,9,0,34 102,1,50,,648565,9,0,5 99 100 101 15,1,10,,648551,9,0,34 102,1,10,,648550,9,0,5 99 100 101 15,1,10,,648555,9,0,34 102,1,10,,648621,9,0,5 99 100 101 15,1,10,,545055,9,0,34 102,1,50,,648600,9,0,5 99 100 101 15,1,9,,648628,9,0,34 102,1,10,,405884,9,0,5 99 100 101 15,1,14,,648635,9,0,34 102,1,15,,648604,9,0,5 99 100 101 15,1,55,,648568,9,0,34 102,1,15,,648648,9,0,5 99 100 101 15,1,15,,648633,9,0,34 102,1
8501,'3',819,,648747,9,0,5 99 100 101 15,1,15,,648669,9,0,5 99 100 101 15,1,3,,648691,9,0,28 67,1,17,,503263,9,0,5 99 100 101 15,1,50,,648660,9,0,28 67,1,10,,648673,9,0,5 99 100 101 15,1,10,,648730,9,0,28 67,1,10,,648722,9,0,5 99 100 101 15,1,10,,520436,9,0,28 67,1,10,,533070,9,0,5 99 100 101 15,1,50,,648680,9,0,28 67,1,10,,648735,9,0,5 99 100 101 15,1,10,,648714,9,0,28 67,1,10,,648734,9,0,5 99 100 101 15,1,10,,648688,9,0,28 67,1,10,,553758,9,0,5 99 100 101 15,1,50,,648675,9,0,28 67,1,10,,648727,9,0,5 99 100 101 15,1,10,,648703,9,0,28 67,1,10,,648676,9,0,5 99 100 101 15,1,10,,648700,9,0,28 67,1,10,,435531,9,0,5 99 100 101 15,1,50,,648712,9,0,28 67,1,11,,648674,9,0,5 99 100 101 15,1,9,,648716,9,0,28 67,1,8,,648657,9,0,5 99 100 101 15,1,7,,648723,9,0,28 67,1,8,,648739,9,0,5 99 100 101 15,1,7,,648726,9,0,28 67,1,48,,648728,9,0,5 99 100 101 15,1,7,,648658,9,0,28 67,1,8,,648697,9,0,5 99 100 101 15,1,7,,648664,9,0,28 67,1,8,,584232,9,0,5 99 100 101 15,1,7,,556366,9,0,28 67,1,8,,564976,9,0,5 99 100 101 15,1,7,,648721,9,0,28 67,1,48,,648684,9,0,5 99 100 101 15,1,7,,648686,9,0,28 67,1,8,,531550,9,0,5 99 100 101 15,1,7,,648662,9,0,28 67,1,8,,648652,9,0,5 99 100 101 15,1,7,,648748,9,0,28 67,1,8,,648667,9,0,5 99 100 101 15,1,7,,648677,9,0,28 67,1,48,,648689,9,0,5 99 100 101 15,1,7,,526700,9,0,28 67,1,8,,648655,9,0,5 99 100 101 15,1,7,,648732,9,0,28 67,1,8,,648737,9,0,5 99 100 101 15,1,7,,648717,9,0,28 67,1,8,,517040,9,0,5 99 100 101 15,1,7,,597648,9,0,28 67,1,48,,547406,9,0,5 99 100 101 15,1,7,,648654,9,0,28 67,1,8,,648707,9,0,5 99 100 101 15,1,7,,648708,9,0,28 67,1,8,,648745,9,0,5 99 100 101 15,1,7,,648741,9,0,28 67,1,8,,648736,9,0,5 99 100 101 15,1,7,,537039,9,0,28 67,1,48,,648724,9,0,5 99 100 101 15,1,7,,648693,9,0,28 67,1,8,,648685,9,0,5 99 100 101 15,1,7,,529076,9,0,28 67,1,8,,648715,9,0,5 99 100 101 15,1,7,,648682,9,0,28 67,1,8,,648705,9,0,5 99 100 101 15,1,7,,648671,9,0,34 102,1,48,,593846,9,0,5 99 100 101 15,1,7,,648709,9,0,34 102,1,8,,648690,9,0,5 99 100 101 15,1,7,,648659,9,0,34 102,1,8,,648746,9,0,5 99 100 101 15,1,7,,648692,9,0,34 102,1,8,,648695,9,0,5 99 100 101 15,1,7,,648738,9,0,34 102,1,48,,648696,9,0,5 99 100 101 15,1,7,,648679,9,0,34 102,1,9,,648678,9,0,5 99 100 101 15,1,10,,648701,9,0,34 102,1,10,,648702,9,0,5 99 100 101 15,1,10,,517942,9,0,34 102,1,10,,648704,9,0,5 99 100 101 15,1,50,,648666,9,0,34 102,1,10,,648719,9,0,5 99 100 101 15,1,10,,648729,9,0,34 102,1,10,,467793,9,0,5 99 100 101 15,1,10,,648720,9,0,34 102,1,10,,541969,9,0,5 99 100 101 15,1,50,,555876,9,0,34 102,1,10,,648665,9,0,5 99 100 101 15,1,10,,648681,9,0,34 102,1,11,,648653,9,0,5 99 100 101 15,1,12,,525177,9,0,34 102,1,51,,648744,9,0,5 99 100 101 15,1,10,,648683,9,0,34 102,1,10,,434236,9,0,5 99 100 101 15,1,10,,648656,9,0,34 102,1,10,,648687,9,0,5 99 100 101 15,1,10,,648663,9,0,34 102,1,50,,648668,9,0,5 99 100 101 15,1,10,,648694,9,0,34 102,1,10,,648699,9,0,5 99 100 101 15,1,10,,648718,9,0,34 102,1,10,,648711,9,0,5 99 100 101 15,1,10,,484491,9,0,34 102,1,50,,648713,9,0,5 99 100 101 15,1,10,,648731,9,0,34 102,1,10,,648672,9,0,5 99 100 101 15,1,10,,566016,9,0,34 102,1,10,,648661,9,0,5 99 100 101 15,1,10,,648749,9,0,34 102,1,50,,648651,9,0,5 99 100 101 15,1,10,,538660,9,0,34 102,1,10,,648733,9,0,5 99 100 101 15,1,12,,648670,9,0,34 102,1,14,,648710,9,0,5 99 100 101 15,1,55,,599715,9,0,34 102,1,15,,648706,9,0,5 99 100 101 15,1,15,,648742,9,0,34 102,1
8501,'5',559,,648766,9,0,28 67,1,48,,648775,9,0,5 99 100 101 15,1,16,,516824,9,0,28 67,1,10,,599094,9,0,5 99 100 101 15,1,10,,648840,9,0,28 67,1,10,,648812,9,0,5 99 100 101 15,1,50,,648786,9,0,28 67,1,10,,648761,9,0,5 99 100 101 15,1,10,,533907,9,0,28 67,1,10,,648810,9,0,5 99 100 101 15,1,10,,579571,9,0,28 67,1,10,,648792,9,0,5 99 100 101 15,1,50,,648850,9,0,28 67,1,10,,648829,9,0,5 99 100 101 15,1,10,,648825,9,0,28 67,1,10,,648788,9,0,5 99 100 101 15,1,10,,648772,9,0,28 67,1,11,,648805,9,0,5 99 100 101 15,1,50,,648845,9,0,28 67,1,10,,648828,9,0,5 99 100 101 15,1,10,,648769,9,0,28 67,1,10,,582142,9,0,5 99 100 101 15,1,10,,648774,9,0,28 67,1,10,,648797,9,0,5 99 100 101 15,1,50,,648768,9,0,28 67,1,10,,648816,9,0,5 99 100 101 15,1,10,,648780,9,0,28 67,1,10,,648781,9,0,5 99 100 101 15,1,10,,648827,9,0,28 67,1,10,,648796,9,0,5 99 100 101 15,1,50,,599604,9,0,28 67,1,10,,555042,9,0,5 99 100 101 15,1,10,,648770,9,0,28 67,1,10,,584083,9,0,5 99 100 101 15,1,10,,648767,9,0,28 67,1,10,,648843,9,0,5 99 100 101 15,1,50,,648820,9,0,28 67,1,11,,519099,9,0,5 99 100 101 15,1,9,,648809,9,0,28 67,1,8,,648755,9,0,5 99 100 101 15,1,7,,648848,9,0,28 67,1,8,,648779,9,0,5 99 100 101 15,1,7,,648854,9,0,28 67,1,48,,648765,9,0,5 99 100 101 15,1,7,,648814,9,0,28 67,1,8,,648837,9,0,5 99 100 101 15,1,7,,648764,9,0,28 67,1,8,,563674,9,0,5 99 100 101 15,1,7,,560559,9,0,28 67,1,8,,648811,9,0,5 99 100 101 15,1,7,,588386,9,0,28 67,1,48,,648831,9,0,5 99 100 101 15,1,7,,648830,9,0,28 67,1,8,,518710,9,0,5 99 100 101 15,1,7,,648817,9,0,28 67,1,8,,648802,9,0,5 99 100 101 15,1,7,,648778,9,0,28 67,1,8,,525534,9,0,5 99 100 101 15,1,7,,648821,9,0,28 67,1,48,,648806,9,0,5 99 100 101 15,1,7,,648784,9,0,28 67,1,8,,559735,9,0,5 99 100 101 15,1,7,,648841,9,0,28 67,1,8,,648789,9,0,5 99 100 101 15,1,7,,648751,9,0,28 67,1,8,,648798,9,0,5 99 100 101 15,1,7,,648808,9,0,28 67,1,48,,648776,9,0,5 99 100 101 15,1,7,,648762,9,0,28 67,1,8,,648760,9,0,5 99 100 101 15,1,7,,537934,9,0,28 67,1,8,,648819,9,0,5 99 100 101 15,1,7,,648836,9,0,28 67,1,8,,582179,9,0,5 99 100 101 15,1,7,,648777,9,0,28 67,1,48,,648787,9,0,5 99 100 101 15,1,7,,523828,9,0,28 67,1,8,,648815,9,0,5 99 100 101 15,1,7,,517593,9,0,28 67,1,8,,648793,9,0,5 99 100 101 15,1,7,,648758,9,0,28 67,1,8,,648804,9,0,5 99 100 101 15,1,7,,648757,9,0,34 102,1,48,,648852,9,0,5 99 100 101 15,1,7,,562899,9,0,34 102,1,8,,648773,9,0,5 99 100 101 15,1,7,,519059,9,0,34 102,1,8,,648759,9,0,5 99 100 101 15,1,7,,536311,9,0,34 102,1,8,,589884,9,0,5 99 100 101 15,1,7,,648750,9,0,34 102,1,48,,648752,9,0,5 99 100 101 15,1,7,,582598,9,0,34 102,1,9,,648823,9,0,5 99 100 101 15,1,10,,648799,9,0,34 102,1,10,,648833,9,0,5 99 100 101 15,1,10,,570609,9,0,34 102,1,10,,648832,9,0,5 99 100 101 15,1,50,,578826,9,0,34 102,1,10,,574578,9,0,5 99 100 101 15,1,10,,648801,9,0,34 102,1,10,,648851,9,0,5 99 100 101 15,1,10,,648835,9,0,34 102,1,10,,648844,9,0,5 99 100 101 15,1,50,,648783,9,0,34 102,1,10,,569475,9,0,5 99 100 101 15,1,10,,648785,9,0,34 102,1,11,,648763,9,0,5 99 100 101 15,1,12,,648803,9,0,34 102,1,51,,648807,9,0,5 99 100 101 15,1,10,,648822,9,0,34 102,1,10,,648754,9,0,5 99 100 101 15,1,10,,648826,9,0,34 102,1,10,,648853,9,0,5 99 100 101 15,1,10,,648834,9,0,34 102,1,50,,648824,9,0,5 99 100 101 15,1,10,,648818,9,0,34 102,1,10,,577811,9,0,5 99 100 101 15,1,10,,648790,9,0,34 102,1,10,,648855,9,0,5 99 100 101 15,1,10,,648839,9,0,34 102,1,50,,648794,9,0,5 99 100 101 15,1,10,,648847,9,0,34 102,1,10,,648791,9,0,5 99 100 101 15,1,10,,648849,9,0,34 102,1,10,,648800,9,0,5 99 100 101 15,1,10,,648782,9,0,34 102,1,50,,648846,9,0,5 99 100 101 15,1,10,,648756,9,0,34 102,1,10,,648813,9,0,5 99 100 101 15,1,12,,648842,9,0,34 102,1,14,,648795,9,0,5 99 100 101 15,1,55,,648771,9,0,34 102,1,15,,648753,9,0,5 99 100 101 15,1,15,,648838,9,0,34 102,1
38501,'1',444,,683020,27,0,11 12 99 100 101 8,1,68,,683023,27,0,11 12 99 100 101 8,1,14,,544414,27,0,17 11 12 102,1,2122,,683024,28,0,11 12 99 100 101 8,1,70,,537228,27,0,11 12 99 100 101 8,1,30,,683021,27,0,11 12 99 100 101 8,1,70,,683022,27,0,11 12 99 100 101 8,1
38501,'2',448,,683028,27,0,11 12 99 100 101 8,1,68,,683030,27,0,11 12 99 100 101 8,1,28,,683027,27,0,11 12 99 100 101 8,1,2104,,683029,28,0,11 12 99 100 101 8,1,70,,510798,27,0,11 12 99 100 101 8,1,30,,683025,27,0,11 12 99 100 101 8,1,70,,683026,27,0,11 12 99 100 101 8,1
38501,'3',448,,683039,27,0,11 12 99 100 101 8,1,68,,683034,27,0,11 12 99 100 101 8,1,25,,683036,27,0,11 12 99 100 101 8,1,59,,683031,27,0,11 12 99 100 101 8,1,20,,683041,27,0,11 12 99 100 101 8,1,20,,683032,27,0,11 12 99 100 101 8,1,60,,683038,27,0,11 12 99 100 101 8,1,20,,683037,27,0,11 12 99 100 101 8,1,20,,683043,27,0,11 12 99 100 101 8,1,60,,683035,27,0,11 12 99 100 101 8,1,1848,,683044,28,0,11 12 99 100 101 8,1,70,,683033,27,0,11 12 99 100 101 8,1,30,,683042,27,0,11 12 99 100 101 8,1,70,,683040,27,0,11 12 99 100 101 8,1
38501,'5',448,,683046,27,0,11 12 99 100 101 8,1,68,,683048,27,0,11 12 99 100 101 8,1,24,,683051,27,0,11 12 99 100 101 8,1,2108,,683050,28,0,11 12 99 100 101 8,1,70,,683047,27,0,11 12 99 100 101 8,1,30,,683049,27,0,11 12 99 100 101 8,1,70,,516528,27,0,11 12 99 100 101 8,1
90404,'1',646,,567413,5,0,55 8,1,55,,685386,5,0,55 8,1,16,,685385,5,0,55 8,1,15,,685338,5,0,55 8,1,15,,685368,5,0,55 8,1,55,,685356,5,0,55 8,1,15,,685332,5,0,55 8,1,15,,685392,5,0,55 8,1,15,,685359,5,0,55 8,1,55,,685343,5,0,55 8,1,12,,509844,5,0,55 8,1,12,,685331,5,0,55 8,1,12,,685354,5,0,55 8,1,12,,685367,5,0,55 8,1,52,,685387,5,0,55 8,1,12,,582655,5,0,55 8,1,12,,685373,5,0,55 8,1,12,,685370,5,0,55 8,1,12,,685382,5,0,55 8,1,52,,685384,5,0,55 8,1,12,,685395,5,0,55 8,1,12,,685337,5,0,55 8,1,12,,685362,5,0,55 8,1,12,,685335,5,0,55 8,1,52,,685376,5,0,55 8,1,12,,685393,5,0,55 8,1,12,,685364,5,0,55 8,1,12,,685383,5,0,55 8,1,12,,685339,5,0,55 8,1,52,,558790,5,0,55 8,1,12,,514667,5,0,55 8,1,12,,685397,5,0,55 8,1,12,,685379,5,0,55 8,1,12,,685345,5,0,55 8,1,52,,685366,5,0,55 8,1,12,,685346,5,0,55 8,1,12,,685329,5,0,55 8,1,12,,685352,5,0,55 8,1,12,,685394,5,0,55 8,1,52,,570322,5,0,55 8,1,14,,685391,5,0,55 8,1,12,,685380,5,0,55 8,1,15,,685369,5,0,55 8,1,15,,685374,5,0,55 8,1,55,,685336,5,0,55 8,1,15,,685381,5,0,55 8,1,15,,685357,5,0,55 8,1,15,,685340,5,0,55 8,1,55,,685334,5,0,55 8,1,15,,685328,5,0,55 8,1,15,,685390,5,0,55 8,1,15,,685378,5,0,55 8,1,55,,685375,5,0,55 8,1,15,,685353,5,0,55 8,1,15,,576567,5,0,55 8,1,15,,521383,5,0,55 8,1,51,,685342,5,0,55 8,1,15,,685360,5,0,55 8,1,15,,543707,5,0,55 8,1,15,,685361,5,0,55 8,1,55,,685355,5,0,55 8,1,15,,685365,5,0,55 8,1,15,,685389,5,0,55 8,1,15,,685347,5,0,55 8,1,55,,685341,5,0,55 8,1,15,,685372,5,0,55 8,1,15,,685350,5,0,55 8,1,15,,685363,5,0,55 8,1,55,,685330,5,0,55 8,1,15,,685344,5,0,55 8,1,15,,685371,5,0,55 8,1,15,,685333,5,0,55 8,1,55,,685396,5,0,55 8,1,15,,604250,5,0,55 8,1,15,,685377,5,0,55 8,1,15,,685348,5,0,55 8,1,55,,685349,5,0,55 8,1,15,,565960,5,0,55 8,1,15,,685358,5,0,55 8,1,15,,685351,5,0,55 8,1,55,,685388,5,0,55 8,1
90404,'2',705,,685405,5,0,55 8,1,15,,685451,5,0,55 8,1,15,,685450,5,0,55 8,1,15,,450305,5,0,55 8,1,55,,685421,5,0,55 8,1,16,,685422,5,0,55 8,1,15,,685407,5,0,55 8,1,15,,465904,5,0,55 8,1,55,,685440,5,0,55 8,1,15,,685412,5,0,55 8,1,15,,685411,5,0,55 8,1,15,,685437,5,0,55 8,1,55,,685434,5,0,55 8,1,15,,422799,5,0,55 8,1,15,,685442,5,0,55 8,1,15,,685438,5,0,55 8,1,55,,685455,5,0,55 8,1,15,,685443,5,0,55 8,1,15,,685419,5,0,55 8,1,15,,685398,5,0,55 8,1,55,,685433,5,0,55 8,1,18,,685452,5,0,55 8,1,15,,685429,5,0,55 8,1,15,,525067,5,0,55 8,1,55,,685417,5,0,55 8,1,15,,685415,5,0,55 8,1,15,,685402,5,0,55 8,1,15,,685410,5,0,55 8,1,55,,685401,5,0,55 8,1,15,,685428,5,0,55 8,1,15,,685444,5,0,55 8,1,15,,685431,5,0,55 8,1,55,,685456,5,0,55 8,1,15,,685449,5,0,55 8,1,15,,685420,5,0,55 8,1,15,,685448,5,0,55 8,1,55,,514705,5,0,55 8,1,15,,549290,5,0,55 8,1,15,,539256,5,0,55 8,1,15,,685447,5,0,55 8,1,55,,685432,5,0,55 8,1,15,,685413,5,0,55 8,1,15,,685426,5,0,55 8,1,15,,685418,5,0,55 8,1,55,,685416,5,0,55 8,1,15,,518977,5,0,55 8,1,15,,685423,5,0,55 8,1,15,,685400,5,0,55 8,1,55,,483717,5,0,55 8,1,13,,592855,5,0,55 8,1,15,,685409,5,0,55 8,1,15,,685406,5,0,55 8,1,55,,685435,5,0,55 8,1,15,,685441,5,0,55 8,1,15,,685425,5,0,55 8,1,15,,685404,5,0,55 8,1,55,,685446,5,0,55 8,1,15,,514165,5,0,55 8,1,15,,685436,5,0,55 8,1,15,,540215,5,0,55 8,1,55,,563487,5,0,55 8,1,15,,685454,5,0,55 8,1,15,,685424,5,0,55 8,1,15,,685414,5,0,55 8,1,55,,685439,5,0,55 8,1,15,,685445,5,0,55 8,1,15,,685453,5,0,55 8,1,15,,685408,5,0,55 8,1,55,,685430,5,0,55 8,1,15,,685399,5,0,55 8,1,15,,590571,5,0,55 8,1,15,,685427,5,0,55 8,1,57,,685403,5,0,55 8,1
90404,'3',805,,576052,5,0,55 8,1,17,,685507,5,0,55 8,1,17,,552765,5,0,55 8,1,14,,685459,5,0,55 8,1,55,,532437,5,0,55 8,1,15,,685474,5,0,55 8,1,15,,685511,5,0,55 8,1,15,,685506,5,0,55 8,1,55,,685510,5,0,55 8,1,15,,685483,5,0,55 8,1,15,,685478,5,0,55 8,1,15,,685485,5,0,55 8,1,55,,685495,5,0,55 8,1,15,,685497,5,0,55 8,1,15,,685466,5,0,55 8,1,15,,685473,5,0,55 8,1,56,,685493,5,0,55 8,1,17,,565873,5,0,55 8,1,15,,599216,5,0,55 8,1,15,,685472,5,0,55 8,1,55,,685509,5,0,55 8,1,15,,685464,5,0,55 8,1,15,,685488,5,0,55 8,1,15,,685512,5,0,55 8,1,55,,685480,5,0,55 8,1,15,,448890,5,0,55 8,1,15,,575773,5,0,55 8,1,15,,685462,5,0,55 8,1,55,,685496,5,0,55 8,1,15,,685461,5,0,55 8,1,15,,685458,5,0,55 8,1,15,,685475,5,0,55 8,1,55,,685504,5,0,55 8,1,15,,685481,5,0,55 8,1,15,,685460,5,0,55 8,1,15,,685492,5,0,55 8,1,55,,685479,5,0,55 8,1,15,,685489,5,0,55 8,1,15,,685477,5,0,55 8,1,15,,557697,5,0,55 8,1,55,,685490,5,0,55 8,1,15,,566017,5,0,55 8,1,15,,685484,5,0,55 8,1,15,,599964,5,0,55 8,1,53,,685470,5,0,55 8,1,15,,685502,5,0,55 8,1,15,,685468,5,0,55 8,1,18,,685498,5,0,55 8,1,55,,685487,5,0,55 8,1,15,,685494,5,0,55 8,1,15,,531128,5,0,55 8,1,15,,685457,5,0,55 8,1,55,,685471,5,0,55 8,1,15,,685505,5,0,55 8,1,15,,685499,5,0,55 8,1,15,,685500,5,0,55 8,1,54,,685463,5,0,55 8,1,15,,685491,5,0,55 8,1,15,,685469,5,0,55 8,1,12,,685503,5,0,55 8,1,55,,685482,5,0,55 8,1,15,,521582,5,0,55 8,1,15,,685501,5,0,55 8,1,15,,685508,5,0,55 8,1,55,,685476,5,0,55 8,1,15,,685465,5,0,55 8,1,20,,685486,5,0,55 8,1,65,,685467,5,0,55 8,1
90404,'5',704,,685572,5,0,55 8,1,19,,685568,5,0,55 8,1,15,,685539,5,0,55 8,1,15,,685549,5,0,55 8,1,55,,685574,5,0,55 8,1,15,,685548,5,0,55 8,1,15,,685571,5,0,55 8,1,15,,685552,5,0,55 8,1,55,,685518,5,0,55 8,1,15,,584989,5,0,55 8,1,15,,685536,5,0,55 8,1,15,,685550,5,0,55 8,1,55,,685547,5,0,55 8,1,15,,685534,5,0,55 8,1,15,,685559,5,0,55 8,1,15,,685553,5,0,55 8,1,55,,685543,5,0,55 8,1,15,,685560,5,0,55 8,1,15,,685528,5,0,55 8,1,15,,685562,5,0,55 8,1,56,,685540,5,0,55 8,1,17,,685515,5,0,55 8,1,15,,550696,5,0,55 8,1,15,,569449,5,0,55 8,1,55,,518519,5,0,55 8,1,15,,685570,5,0,55 8,1,15,,685558,5,0,55 8,1,15,,685556,5,0,55 8,1,55,,685529,5,0,55 8,1,15,,685530,5,0,55 8,1,15,,685514,5,0,55 8,1,15,,685565,5,0,55 8,1,55,,685531,5,0,55 8,1,15,,685555,5,0,55 8,1,15,,685563,5,0,55 8,1,15,,685537,5,0,55 8,1,55,,685573,5,0,55 8,1,15,,685545,5,0,55 8,1,15,,685544,5,0,55 8,1,15,,685533,5,0,55 8,1,55,,685546,5,0,55 8,1,15,,685517,5,0,55 8,1,15,,685566,5,0,55 8,1,15,,685542,5,0,55 8,1,55,,685535,5,0,55 8,1,15,,685521,5,0,55 8,1,15,,685557,5,0,55 8,1,15,,685569,5,0,55 8,1,53,,685523,5,0,55 8,1,15,,685519,5,0,55 8,1,15,,685575,5,0,55 8,1,18,,685524,5,0,55 8,1,55,,685554,5,0,55 8,1,15,,539030,5,0,55 8,1,15,,685564,5,0,55 8,1,15,,685522,5,0,55 8,1,55,,685513,5,0,55 8,1,15,,685551,5,0,55 8,1,15,,685525,5,0,55 8,1,15,,685526,5,0,55 8,1,54,,685561,5,0,55 8,1,15,,538893,5,0,55 8,1,15,,685532,5,0,55 8,1,12,,685538,5,0,55 8,1,55,,685516,5,0,55 8,1,15,,685567,5,0,55 8,1,15,,586585,5,0,55 8,1,15,,685520,5,0,55 8,1,55,,520493,5,0,55 8,1,15,,685527,5,0,55 8,1,20,,534904,5,0,55 8,1,65,,685541,5,0,55 8,1
98501,'1',639,,690251,5,0,34 102,1,20,,690269,5,0,34 102,1,57,,588948,5,0,34 102,1,15,,690256,5,0,34 102,1,15,,690250,5,0,34 102,1,55,,690260,5,0,34 102,1,15,,690255,5,0,34 102,1,15,,690263,5,0,34 102,1,15,,690267,5,0,34 102,1,59,,690244,5,0,34 102,1,614,,690272,5,0,34 102,1,15,,690245,5,0,34 102,1,15,,378610,5,0,34 102,1,55,,690264,5,0,34 102,1,15,,690268,5,0,34 102,1,15,,690252,5,0,34 102,1,15,,690257,5,0,34 102,1,55,,690258,5,0,34 102,1,15,,690246,5,0,34 102,1,15,,514875,5,0,34 102,1,15,,690249,5,0,34 102,1,55,,690271,5,0,34 102,1,15,,544651,5,0,34 102,1,15,,690261,5,0,34 102,1,15,,690248,5,0,34 102,1,58,,690253,5,0,34 102,1
