903,'1',506,,605487,14,0,39 10 15,1,21,,605507,14,0,39 10 15,1,21,,605469,14,0,39 10 15,1,61,,605480,14,0,39 10 15,1,21,,572925,14,0,39 10 15,1,21,,605475,14,0,39 10 15,1,59,,605488,14,0,39 10 15,1,22,,605481,14,0,39 10 15,1,23,,605479,14,0,39 10 15,1,62,,605502,14,0,39 10 15,1,23,,605500,14,0,39 10 15,1,62,,599831,14,0,39 10 15,1,28,,605473,14,0,39 10 15,1,28,,605486,14,0,39 10 15,1,68,,605484,14,0,39 10 15,1,28,,605498,14,0,39 10 15,1,68,,574366,14,0,39 10 15,1,28,,605491,14,0,39 10 15,1,68,,605474,14,0,39 10 15,1,28,,605501,14,0,39 10 15,1,68,,605494,14,0,39 10 15,1,28,,605497,14,0,39 10 15,1,68,,605496,14,0,39 10 15,1,27,,489270,14,0,39 10 15,1,67,,583214,14,0,39 10 15,1,25,,605485,14,0,39 10 15,1,23,,605482,14,0,39 10 15,1,63,,605483,14,0,39 10 15,1,24,,605472,14,0,39 10 15,1,63,,556748,14,0,39 10 15,1,24,,518547,14,0,39 10 15,1,23,,605490,14,0,39 10 15,1,64,,604101,14,0,39 10 15,1,23,,605503,14,0,39 10 15,1,65,,605478,14,0,39 10 15,1,29,,605492,14,0,39 10 15,1,70,,605499,14,0,39 10 15,1,24,,605505,14,0,39 10 15,1,26,,605506,14,0,39 10 15,1,66,,605471,14,0,39 10 15,1,26,,605477,14,0,39 10 15,1,66,,605470,14,0,39 10 15,1,26,,605493,14,0,39 10 15,1,66,,605495,14,0,39 10 15,1,26,,543708,14,0,39 10 15,1,26,,605476,14,0,39 10 15,1,65,,602675,14,0,39 10 15,1,26,,605489,14,0,39 10 15,1,71,,605504,14,0,39 10 15,1
903,'2',644,,605547,14,0,39 10 15,1,65,,605535,14,0,39 10 15,1,25,,594605,14,0,39 10 15,1,25,,605531,14,0,39 10 15,1,60,,605549,14,0,39 10 15,1,20,,605541,14,0,39 10 15,1,20,,605518,14,0,39 10 15,1,60,,473321,14,0,39 10 15,1,20,,605551,14,0,39 10 15,1,20,,605529,14,0,39 10 15,1,60,,605515,14,0,39 10 15,1,20,,605516,14,0,39 10 15,1,20,,605544,14,0,39 10 15,1,60,,605514,14,0,39 10 15,1,20,,605530,14,0,39 10 15,1,18,,540618,14,0,39 10 15,1,56,,605524,14,0,39 10 15,1,18,,605540,14,0,39 10 15,1,18,,605511,14,0,39 10 15,1,58,,605520,14,0,39 10 15,1,18,,605539,14,0,39 10 15,1,18,,534637,14,0,39 10 15,1,58,,605521,14,0,39 10 15,1,18,,605517,14,0,39 10 15,1,18,,605528,14,0,39 10 15,1,18,,605513,14,0,39 10 15,1,58,,463765,14,0,39 10 15,1,18,,560423,14,0,39 10 15,1,18,,605534,14,0,39 10 15,1,58,,605550,14,0,39 10 15,1,18,,605538,14,0,39 10 15,1,18,,605545,14,0,39 10 15,1,58,,605536,14,0,39 10 15,1,18,,605532,14,0,39 10 15,1,18,,534162,14,0,39 10 15,1,18,,605526,14,0,39 10 15,1,58,,605522,14,0,39 10 15,1,18,,605546,14,0,39 10 15,1,18,,605542,14,0,39 10 15,1,58,,605519,14,0,39 10 15,1,18,,605553,14,0,39 10 15,1,18,,605543,14,0,39 10 15,1,58,,595490,14,0,39 10 15,1,18,,605548,14,0,39 10 15,1,18,,605525,14,0,39 10 15,1,18,,605509,14,0,39 10 15,1,58,,605512,14,0,39 10 15,1,18,,605510,14,0,39 10 15,1,18,,391579,14,0,39 10 15,1,65,,605523,14,0,39 10 15,1,30,,605533,14,0,39 10 15,1,70,,605508,14,0,39 10 15,1,30,,503110,14,0,39 10 15,1,70,,605527,14,0,39 10 15,1,29,,605537,14,0,39 10 15,1,71,,605552,14,0,39 10 15,1
903,'3',810,,605579,14,0,39 10 15,1,27,,405439,14,0,39 10 15,1,66,,605571,14,0,39 10 15,1,26,,593872,14,0,39 10 15,1,26,,605559,14,0,39 10 15,1,66,,605574,14,0,39 10 15,1,26,,605575,14,0,39 10 15,1,66,,605566,14,0,39 10 15,1,26,,605572,14,0,39 10 15,1,66,,605585,14,0,39 10 15,1,25,,605561,14,0,39 10 15,1,22,,475105,14,0,39 10 15,1,63,,605567,14,0,39 10 15,1,22,,605577,14,0,39 10 15,1,63,,605584,14,0,39 10 15,1,22,,605560,14,0,39 10 15,1,23,,605578,14,0,39 10 15,1,62,,605557,14,0,39 10 15,1,23,,552972,14,0,39 10 15,1,22,,605576,14,0,39 10 15,1,63,,605555,14,0,39 10 15,1,22,,605570,14,0,39 10 15,1,63,,605556,14,0,39 10 15,1,22,,605583,14,0,39 10 15,1,23,,605587,14,0,39 10 15,1,62,,605569,14,0,39 10 15,1,23,,586909,14,0,39 10 15,1,22,,605580,14,0,39 10 15,1,63,,605586,14,0,39 10 15,1,22,,532072,14,0,39 10 15,1,63,,605582,14,0,39 10 15,1,22,,605568,14,0,39 10 15,1,23,,605558,14,0,39 10 15,1,62,,605565,14,0,39 10 15,1,23,,605554,14,0,39 10 15,1,21,,605588,14,0,39 10 15,1,63,,605564,14,0,39 10 15,1,30,,605563,14,0,39 10 15,1,70,,605562,14,0,39 10 15,1,30,,605573,14,0,39 10 15,1,70,,605581,14,0,39 10 15,1,30,,521607,14,0,39 10 15,1,70,,543839,14,0,39 10 15,1
903,'5',644,,605623,14,0,39 10 15,1,70,,540810,14,0,39 10 15,1,30,,605594,14,0,39 10 15,1,68,,605624,14,0,39 10 15,1,25,,563673,14,0,39 10 15,1,66,,605605,14,0,39 10 15,1,26,,605597,14,0,39 10 15,1,26,,605604,14,0,39 10 15,1,66,,605613,14,0,39 10 15,1,26,,605592,14,0,39 10 15,1,66,,605593,14,0,39 10 15,1,26,,605621,14,0,39 10 15,1,66,,605612,14,0,39 10 15,1,25,,579102,14,0,39 10 15,1,22,,605596,14,0,39 10 15,1,63,,605607,14,0,39 10 15,1,22,,605599,14,0,39 10 15,1,63,,605611,14,0,39 10 15,1,22,,605625,14,0,39 10 15,1,23,,537880,14,0,39 10 15,1,62,,568327,14,0,39 10 15,1,23,,605616,14,0,39 10 15,1,22,,605610,14,0,39 10 15,1,63,,544023,14,0,39 10 15,1,22,,579115,14,0,39 10 15,1,63,,605589,14,0,39 10 15,1,22,,605609,14,0,39 10 15,1,23,,605591,14,0,39 10 15,1,62,,605608,14,0,39 10 15,1,23,,605622,14,0,39 10 15,1,22,,605615,14,0,39 10 15,1,63,,605614,14,0,39 10 15,1,22,,605600,14,0,39 10 15,1,63,,605598,14,0,39 10 15,1,22,,605619,14,0,39 10 15,1,23,,563739,14,0,39 10 15,1,62,,605602,14,0,39 10 15,1,23,,605617,14,0,39 10 15,1,22,,605595,14,0,39 10 15,1,62,,605620,14,0,39 10 15,1,30,,605606,14,0,39 10 15,1,70,,605603,14,0,39 10 15,1,30,,541519,14,0,39 10 15,1,70,,605590,14,0,39 10 15,1,30,,605601,14,0,39 10 15,1,70,,605618,14,0,39 10 15,1
6904,'1',607,,641025,27,0,6 7 181 182,1,23,,641005,27,0,6 7 181 182,1,23,,640995,27,0,6 7 181 182,1,63,,640989,27,0,6 7 181 182,1,21,,641000,27,0,6 7 181 182,1,18,,641032,27,0,6 7 181 182,1,58,,641007,27,0,6 7 181 182,1,18,,543646,27,0,6 7 181 182,1,18,,641004,27,0,6 7 181 182,1,58,,641031,27,0,6 7 181 182,1,18,,641026,27,0,6 7 181 182,1,18,,641027,27,0,6 7 181 182,1,58,,641014,27,0,6 7 181 182,1,18,,640988,27,0,6 7 181 182,1,18,,521868,27,0,6 7 181 182,1,18,,471758,27,0,6 7 181 182,1,58,,641018,27,0,6 7 181 182,1,18,,558144,27,0,6 7 181 182,1,18,,641013,27,0,6 7 181 182,1,58,,641003,27,0,6 7 181 182,1,18,,641019,27,0,6 7 181 182,1,18,,640993,27,0,6 7 181 182,1,58,,640985,27,0,6 7 181 182,1,18,,640986,27,0,6 7 181 182,1,18,,640996,27,0,6 7 181 182,1,18,,640997,27,0,6 7 181 182,1,58,,641011,27,0,6 7 181 182,1,19,,641029,27,0,6 7 181 182,1,18,,513789,27,0,6 7 181 182,1,58,,641015,27,0,6 7 181 182,1,18,,516901,27,0,6 7 181 182,1,18,,641034,27,0,6 7 181 182,1,58,,557396,27,0,6 7 181 182,1,18,,640992,27,0,6 7 181 182,1,18,,640987,27,0,6 7 181 182,1,18,,480765,27,0,6 7 181 182,1,58,,641001,27,0,6 7 181 182,1,18,,641033,27,0,6 7 181 182,1,18,,640991,27,0,6 7 181 182,1,58,,641009,27,0,6 7 181 182,1,17,,600766,27,0,6 7 181 182,1,18,,392253,27,0,6 7 181 182,1,58,,641012,27,0,6 7 181 182,1,18,,425945,27,0,6 7 181 182,1,18,,641020,27,0,6 7 181 182,1,18,,641023,27,0,6 7 181 182,1,58,,583630,27,0,6 7 181 182,1,18,,450169,27,0,6 7 181 182,1,18,,641021,27,0,6 7 181 182,1,58,,640998,27,0,6 7 181 182,1,18,,641022,27,0,6 7 181 182,1,18,,641030,27,0,6 7 181 182,1,58,,492279,27,0,6 7 181 182,1,18,,640994,27,0,6 7 181 182,1,19,,515126,27,0,6 7 181 182,1,19,,641010,27,0,6 7 181 182,1,61,,641028,27,0,6 7 181 182,1,22,,641008,27,0,6 7 181 182,1,62,,640990,27,0,6 7 181 182,1,22,,641006,27,0,6 7 181 182,1,22,,641016,27,0,6 7 181 182,1,62,,640999,27,0,6 7 181 182,1,22,,641002,27,0,6 7 181 182,1,29,,641017,27,0,6 7 181 182,1
6904,'2',618,,641037,27,0,6 7 181 182,1,25,,641052,27,0,6 7 181 182,1,65,,641053,27,0,6 7 181 182,1,25,,641072,27,0,6 7 181 182,1,25,,641078,27,0,6 7 181 182,1,64,,641066,27,0,6 7 181 182,1,22,,641070,27,0,6 7 181 182,1,62,,641063,27,0,6 7 181 182,1,22,,641054,27,0,6 7 181 182,1,22,,641079,27,0,6 7 181 182,1,62,,641069,27,0,6 7 181 182,1,22,,641039,27,0,6 7 181 182,1,22,,641074,27,0,6 7 181 182,1,62,,641077,27,0,6 7 181 182,1,22,,641051,27,0,6 7 181 182,1,62,,641056,27,0,6 7 181 182,1,22,,641040,27,0,6 7 181 182,1,21,,641065,27,0,6 7 181 182,1,60,,641042,27,0,6 7 181 182,1,20,,518813,27,0,6 7 181 182,1,20,,641068,27,0,6 7 181 182,1,60,,603525,27,0,6 7 181 182,1,20,,641059,27,0,6 7 181 182,1,20,,641062,27,0,6 7 181 182,1,60,,373802,27,0,6 7 181 182,1,20,,641055,27,0,6 7 181 182,1,20,,641048,27,0,6 7 181 182,1,60,,641073,27,0,6 7 181 182,1,20,,641064,27,0,6 7 181 182,1,20,,557258,27,0,6 7 181 182,1,60,,641038,27,0,6 7 181 182,1,20,,641057,27,0,6 7 181 182,1,20,,583810,27,0,6 7 181 182,1,60,,641060,27,0,6 7 181 182,1,20,,524149,27,0,6 7 181 182,1,20,,641047,27,0,6 7 181 182,1,60,,425820,27,0,6 7 181 182,1,18,,641036,27,0,6 7 181 182,1,22,,571289,27,0,6 7 181 182,1,62,,641046,27,0,6 7 181 182,1,22,,641050,27,0,6 7 181 182,1,22,,641067,27,0,6 7 181 182,1,62,,641043,27,0,6 7 181 182,1,22,,641041,27,0,6 7 181 182,1,65,,641045,27,0,6 7 181 182,1,24,,641058,27,0,6 7 181 182,1,25,,641071,27,0,6 7 181 182,1,65,,641044,27,0,6 7 181 182,1,25,,585776,27,0,6 7 181 182,1,65,,641061,27,0,6 7 181 182,1,25,,641081,27,0,6 7 181 182,1,25,,641049,27,0,6 7 181 182,1,65,,641075,27,0,6 7 181 182,1,25,,532968,27,0,6 7 181 182,1,63,,641076,27,0,6 7 181 182,1
6904,'3',809,,641107,27,0,6 7 181 182,1,30,,641113,27,0,6 7 181 182,1,65,,641104,27,0,6 7 181 182,1,22,,641117,27,0,6 7 181 182,1,22,,641099,27,0,6 7 181 182,1,62,,641097,27,0,6 7 181 182,1,22,,641095,27,0,6 7 181 182,1,22,,641108,27,0,6 7 181 182,1,62,,641091,27,0,6 7 181 182,1,22,,641110,27,0,6 7 181 182,1,63,,641088,27,0,6 7 181 182,1,24,,641116,27,0,6 7 181 182,1,25,,641085,27,0,6 7 181 182,1,65,,641103,27,0,6 7 181 182,1,25,,641105,27,0,6 7 181 182,1,65,,641115,27,0,6 7 181 182,1,25,,641094,27,0,6 7 181 182,1,25,,589200,27,0,6 7 181 182,1,65,,641109,27,0,6 7 181 182,1,25,,641093,27,0,6 7 181 182,1,65,,641100,27,0,6 7 181 182,1,25,,641123,27,0,6 7 181 182,1,65,,641102,27,0,6 7 181 182,1,25,,641083,27,0,6 7 181 182,1,25,,641098,27,0,6 7 181 182,1,65,,641086,27,0,6 7 181 182,1,25,,641122,27,0,6 7 181 182,1,65,,641121,27,0,6 7 181 182,1,22,,641120,27,0,6 7 181 182,1,22,,641089,27,0,6 7 181 182,1,62,,516988,27,0,6 7 181 182,1,22,,558602,27,0,6 7 181 182,1,22,,641114,27,0,6 7 181 182,1,62,,641119,27,0,6 7 181 182,1,22,,641087,27,0,6 7 181 182,1,64,,641101,27,0,6 7 181 182,1,24,,586727,27,0,6 7 181 182,1,25,,501925,27,0,6 7 181 182,1,65,,641082,27,0,6 7 181 182,1,25,,641084,27,0,6 7 181 182,1,65,,641112,27,0,6 7 181 182,1,25,,641106,27,0,6 7 181 182,1,25,,641090,27,0,6 7 181 182,1,63,,641092,27,0,6 7 181 182,1,24,,641118,27,0,6 7 181 182,1,63,,641111,27,0,6 7 181 182,1
6904,'5',629,,641129,27,0,6 7 181 182,1,23,,641138,27,0,6 7 181 182,1,62,,641157,27,0,6 7 181 182,1,22,,641131,27,0,6 7 181 182,1,22,,641152,27,0,6 7 181 182,1,62,,641148,27,0,6 7 181 182,1,22,,641141,27,0,6 7 181 182,1,62,,641162,27,0,6 7 181 182,1,22,,514077,27,0,6 7 181 182,1,22,,641140,27,0,6 7 181 182,1,62,,641149,27,0,6 7 181 182,1,22,,525529,27,0,6 7 181 182,1,22,,641154,27,0,6 7 181 182,1,62,,641146,27,0,6 7 181 182,1,22,,532473,27,0,6 7 181 182,1,63,,520206,27,0,6 7 181 182,1,24,,641134,27,0,6 7 181 182,1,25,,641159,27,0,6 7 181 182,1,65,,598343,27,0,6 7 181 182,1,25,,641142,27,0,6 7 181 182,1,65,,641151,27,0,6 7 181 182,1,25,,641130,27,0,6 7 181 182,1,25,,641158,27,0,6 7 181 182,1,65,,641132,27,0,6 7 181 182,1,25,,577332,27,0,6 7 181 182,1,65,,641137,27,0,6 7 181 182,1,25,,641128,27,0,6 7 181 182,1,65,,641124,27,0,6 7 181 182,1,25,,641156,27,0,6 7 181 182,1,25,,641126,27,0,6 7 181 182,1,65,,641161,27,0,6 7 181 182,1,25,,641125,27,0,6 7 181 182,1,65,,548726,27,0,6 7 181 182,1,22,,641133,27,0,6 7 181 182,1,22,,641144,27,0,6 7 181 182,1,62,,641135,27,0,6 7 181 182,1,22,,641143,27,0,6 7 181 182,1,22,,601054,27,0,6 7 181 182,1,62,,641150,27,0,6 7 181 182,1,22,,641147,27,0,6 7 181 182,1,64,,641139,27,0,6 7 181 182,1,24,,565186,27,0,6 7 181 182,1,25,,641127,27,0,6 7 181 182,1,65,,641160,27,0,6 7 181 182,1,25,,641136,27,0,6 7 181 182,1,65,,571360,27,0,6 7 181 182,1,25,,641153,27,0,6 7 181 182,1,25,,641155,27,0,6 7 181 182,1,63,,525909,27,0,6 7 181 182,1,24,,641145,27,0,6 7 181 182,1,63,,560151,27,0,6 7 181 182,1
10203,'1',508,,659514,14,0,34 9,1,3,,659570,14,0,31 35 36,1,16,,659588,14,0,34 9,1,3,,537214,14,0,31 35 36,1,18,,659520,14,0,28 9,1,6,,659492,14,0,31 35 36,1,46,,659602,14,0,28 9,1,12,,659512,14,0,28 9,1,6,,659508,14,0,31 35 36,1,6,,659529,14,0,28 9,1,12,,659590,14,0,28 9,1,6,,659616,14,0,31 35 36,1,6,,659518,14,0,28 9,1,52,,507431,14,0,28 9,1,6,,659587,14,0,31 35 36,1,6,,659608,14,0,28 9,1,12,,659569,14,0,28 9,1,6,,659501,14,0,31 35 36,1,6,,659547,14,0,28 9,1,12,,659583,14,0,28 9,1,6,,659531,14,0,31 35 36,1,46,,659504,14,0,28 9,1,12,,414157,14,0,28 9,1,6,,659566,14,0,31 35 36,1,6,,659600,14,0,28 9,1,12,,581443,14,0,28 9,1,6,,659560,14,0,31 35 36,1,6,,592812,14,0,28 9,1,52,,659595,14,0,28 9,1,6,,659576,14,0,31 35 36,1,6,,659575,14,0,28 9,1,11,,534587,14,0,31 35 36,1,5,,659585,14,0,28 9,1,14,,659513,14,0,34 9,1,10,,659495,14,0,31 35 36,1,50,,659582,14,0,34 9,1,10,,580645,14,0,34 9,1,10,,659536,14,0,31 35 36,1,11,,659614,14,0,34 9,1,9,,659537,14,0,34 9,1,10,,659565,14,0,31 35 36,1,50,,659563,14,0,34 9,1,10,,659532,14,0,34 9,1,10,,522775,14,0,31 35 36,1,10,,659558,14,0,34 9,1,10,,659586,14,0,34 9,1,10,,559304,14,0,31 35 36,1,50,,380433,14,0,34 9,1,10,,659572,14,0,34 9,1,10,,659618,14,0,31 35 36,1,10,,659499,14,0,34 9,1,10,,659553,14,0,34 9,1,10,,659527,14,0,31 35 36,1,50,,659548,14,0,34 9,1,10,,659500,14,0,34 9,1,10,,548070,14,0,31 35 36,1,10,,659567,14,0,34 9,1,9,,480208,14,0,34 9,1,11,,659503,14,0,31 35 36,1,49,,659487,14,0,34 9,1,11,,659549,14,0,34 9,1,2,,659612,14,0,31 35 36,1,8,,659494,14,0,34 9,1,10,,499423,14,0,34 9,1,10,,564800,14,0,31 35 36,1,10,,659593,14,0,34 9,1,50,,659524,14,0,34 9,1,10,,659564,14,0,31 35 36,1,10,,575357,14,0,34 9,1,10,,659607,14,0,34 9,1,10,,659597,14,0,31 35 36,1,10,,659538,14,0,34 9,1,50,,659573,14,0,34 9,1,10,,425992,14,0,31 35 36,1,10,,659515,14,0,34 9,1,10,,659561,14,0,34 9,1,10,,659579,14,0,31 35 36,1,10,,471994,14,0,34 9,1,50,,531251,14,0,34 9,1,10,,659551,14,0,31 35 36,1,10,,490541,14,0,34 9,1,10,,659617,14,0,34 9,1,10,,603747,14,0,31 35 36,1,10,,468273,14,0,34 9,1,50,,659493,14,0,34 9,1,10,,595131,14,0,31 35 36,1,10,,577728,14,0,34 9,1,10,,659516,14,0,34 9,1,10,,659523,14,0,31 35 36,1,10,,659556,14,0,34 9,1,50,,659540,14,0,34 9,1,10,,585351,14,0,31 35 36,1,10,,556145,14,0,34 9,1,7,,659552,14,0,34 9,1,4,,659539,14,0,5 253 43,1,3,,659581,14,0,34 9,1,7,,525706,14,0,34 9,1,8,,659557,14,0,31 35 36,1,2,,659601,14,0,5 253 43,1,5,,659490,14,0,34 9,1,48,,659621,14,0,34 9,1,7,,659502,14,0,34 9,1,0,,659510,14,0,5 253 43,1,8,,659505,14,0,34 9,1,7,,659519,14,0,31 35 36,1,5,,581980,14,0,5 253 43,1,3,,546800,14,0,34 9,1,7,,659599,14,0,34 9,1,8,,553573,14,0,34 9,1,2,,659611,14,0,5 253 43,1,5,,659517,14,0,31 35 36,1,48,,659568,14,0,34 9,1,7,,659541,14,0,34 9,1,0,,659603,14,0,5 253 43,1,8,,659496,14,0,34 9,1,7,,535534,14,0,31 35 36,1,5,,514485,14,0,5 253 43,1,3,,659498,14,0,34 9,1,7,,659578,14,0,34 9,1,8,,583644,14,0,34 9,1,2,,659526,14,0,5 253 43,1,5,,659584,14,0,31 35 36,1,48,,659491,14,0,34 9,1,6,,659574,14,0,31 35 36,1,2,,659506,14,0,5 253 43,1,5,,659522,14,0,34 9,1,10,,659592,14,0,34 9,1,5,,659546,14,0,5 253 43,1,5,,659613,14,0,34 9,1,10,,574427,14,0,34 9,1,3,,659619,14,0,17 44,1,2,,659525,14,0,5 253 43,1,5,,659544,14,0,34 9,1,41,,659555,14,0,17 44,1,9,,659562,14,0,34 9,1,5,,659488,14,0,5 253 43,1,5,,659559,14,0,34 9,1,10,,459843,14,0,34 9,1,5,,659609,14,0,5 253 43,1,5,,659610,14,0,34 9,1,7,,659571,14,0,17 44,1,3,,401408,14,0,34 9,1,5,,659596,14,0,5 253 43,1,5,,659589,14,0,34 9,1,50,,659620,14,0,34 9,1,5,,659598,14,0,5 253 43,1,2,,659591,14,0,17 44,1,3,,659530,14,0,34 9,1,10,,659615,14,0,34 9,1,5,,659534,14,0,5 253 43,1,5,,659606,14,0,34 9,1,10,,584660,14,0,34 9,1,5,,475992,14,0,5 253 43,1,5,,659521,14,0,34 9,1,47,,659535,14,0,34 9,1,4,,383989,14,0,17 44,1,6,,659507,14,0,5 253 43,1,4,,600306,14,0,17 44,1,5,,659509,14,0,17 44,1,5,,659577,14,0,17 44,1,10,,659550,14,0,17 44,1,5,,659545,14,0,17 44,1,5,,659542,14,0,17 44,1,82,,389703,14,0,17 44,1,7,,659511,14,0,17 44,1
10203,'2',541,,544272,14,0,34 9,1,60,,659701,14,0,34 9,1,10,,659718,14,0,34 9,1,10,,449298,14,0,34 9,1,10,,659635,14,0,34 9,1,2,,659675,14,0,31 35 36,1,8,,583400,14,0,34 9,1,10,,659732,14,0,34 9,1,50,,564616,14,0,34 9,1,2,,659711,14,0,31 35 36,1,8,,532358,14,0,34 9,1,10,,536995,14,0,34 9,1,10,,659746,14,0,34 9,1,2,,659739,14,0,31 35 36,1,8,,578615,14,0,34 9,1,10,,538388,14,0,34 9,1,50,,659667,14,0,34 9,1,2,,659678,14,0,31 35 36,1,8,,659629,14,0,34 9,1,10,,659671,14,0,34 9,1,2,,659735,14,0,31 35 36,1,8,,659698,14,0,34 9,1,10,,659623,14,0,34 9,1,10,,659717,14,0,34 9,1,2,,659622,14,0,31 35 36,1,48,,659633,14,0,34 9,1,10,,659644,14,0,34 9,1,10,,602276,14,0,34 9,1,2,,531394,14,0,31 35 36,1,8,,659748,14,0,34 9,1,10,,659655,14,0,34 9,1,10,,659665,14,0,34 9,1,2,,659648,14,0,31 35 36,1,48,,659700,14,0,34 9,1,10,,659661,14,0,34 9,1,10,,659672,14,0,34 9,1,2,,659658,14,0,31 35 36,1,8,,659640,14,0,34 9,1,10,,659664,14,0,34 9,1,10,,659723,14,0,34 9,1,2,,659709,14,0,31 35 36,1,48,,659641,14,0,34 9,1,10,,659663,14,0,34 9,1,10,,659659,14,0,34 9,1,2,,659637,14,0,31 35 36,1,8,,659695,14,0,34 9,1,10,,659638,14,0,34 9,1,10,,467170,14,0,34 9,1,2,,250809,14,0,31 35 36,1,48,,659662,14,0,34 9,1,10,,659677,14,0,34 9,1,8,,659734,14,0,34 9,1,2,,659653,14,0,31 35 36,1,7,,659686,14,0,34 9,1,10,,659639,14,0,34 9,1,10,,659725,14,0,34 9,1,3,,595980,14,0,31 35 36,1,7,,575174,14,0,34 9,1,50,,579188,14,0,34 9,1,10,,659697,14,0,34 9,1,3,,659694,14,0,31 35 36,1,7,,659752,14,0,34 9,1,10,,529644,14,0,34 9,1,10,,659691,14,0,34 9,1,3,,540587,14,0,31 35 36,1,7,,659643,14,0,34 9,1,50,,659706,14,0,34 9,1,10,,659757,14,0,34 9,1,3,,659736,14,0,31 35 36,1,7,,479470,14,0,34 9,1,10,,659631,14,0,34 9,1,10,,561846,14,0,34 9,1,3,,659673,14,0,31 35 36,1,7,,659688,14,0,34 9,1,50,,659726,14,0,34 9,1,10,,659751,14,0,34 9,1,3,,659685,14,0,31 35 36,1,7,,659755,14,0,34 9,1,10,,571530,14,0,34 9,1,10,,659656,14,0,34 9,1,3,,659714,14,0,31 35 36,1,7,,389370,14,0,34 9,1,50,,659647,14,0,34 9,1,10,,590160,14,0,34 9,1,3,,659692,14,0,31 35 36,1,7,,659681,14,0,34 9,1,10,,659743,14,0,34 9,1,10,,595208,14,0,34 9,1,3,,659754,14,0,31 35 36,1,7,,659687,14,0,34 9,1,50,,659728,14,0,34 9,1,10,,576417,14,0,34 9,1,3,,572966,14,0,31 35 36,1,7,,659712,14,0,34 9,1,10,,659690,14,0,34 9,1,10,,548999,14,0,34 9,1,3,,659731,14,0,31 35 36,1,7,,659761,14,0,34 9,1,50,,659724,14,0,34 9,1,10,,659654,14,0,34 9,1,3,,659636,14,0,31 35 36,1,7,,659652,14,0,34 9,1,9,,532364,14,0,34 9,1,10,,561385,14,0,34 9,1,3,,587430,14,0,31 35 36,1,7,,659704,14,0,34 9,1,50,,659702,14,0,34 9,1,10,,659651,14,0,34 9,1,1,,659669,14,0,17 44,1,9,,659642,14,0,34 9,1,9,,374802,14,0,34 9,1,3,,659710,14,0,31 35 36,1,5,,659750,14,0,34 9,1,9,,659625,14,0,34 9,1,48,,659680,14,0,34 9,1,10,,659729,14,0,34 9,1,8,,659707,14,0,34 9,1,9,,659713,14,0,34 9,1,2,,659628,14,0,31 35 36,1,6,,659682,14,0,34 9,1,9,,592436,14,0,34 9,1,4,,659745,14,0,34 9,1,4,,659721,14,0,34 9,1,49,,556773,14,0,34 9,1,8,,659660,14,0,34 9,1,9,,659634,14,0,34 9,1,2,,523983,14,0,31 35 36,1,6,,548329,14,0,34 9,1,9,,659645,14,0,34 9,1,8,,659670,14,0,34 9,1,4,,659760,14,0,34 9,1,5,,524934,14,0,34 9,1,48,,659684,14,0,34 9,1,5,,659696,14,0,34 9,1,5,,659689,14,0,34 9,1,10,,659730,14,0,34 9,1,8,,518599,14,0,34 9,1,2,,659747,14,0,31 35 36,1,5,,659738,14,0,34 9,1,5,,659676,14,0,34 9,1,10,,659666,14,0,34 9,1,50,,659657,14,0,34 9,1,5,,659727,14,0,34 9,1,5,,659716,14,0,34 9,1,10,,659627,14,0,34 9,1,10,,560380,14,0,34 9,1,10,,659756,14,0,34 9,1,10,,659699,14,0,34 9,1,5,,659632,14,0,34 9,1,45,,601908,14,0,34 9,1,10,,374822,14,0,34 9,1,10,,659624,14,0,34 9,1,10,,659649,14,0,34 9,1,10,,659708,14,0,34 9,1,10,,525467,14,0,34 9,1,5,,659705,14,0,34 9,1,45,,659650,14,0,34 9,1,10,,659719,14,0,17 44,1,10,,659668,14,0,17 44,1,10,,659740,14,0,17 44,1,10,,659753,14,0,17 44,1,10,,564604,14,0,17 44,1,50,,659693,14,0,17 44,1,10,,659683,14,0,17 44,1,10,,659759,14,0,17 44,1,12,,659742,14,0,17 44,1
10203,'3',541,,589148,14,0,34 9,1,60,,659774,14,0,34 9,1,20,,659878,14,0,34 9,1,20,,659767,14,0,34 9,1,60,,659847,14,0,34 9,1,20,,659825,14,0,34 9,1,20,,659766,14,0,34 9,1,2,,659872,14,0,31 35 36,1,8,,659785,14,0,34 9,1,50,,534282,14,0,34 9,1,10,,659884,14,0,34 9,1,2,,659855,14,0,31 35 36,1,8,,659772,14,0,34 9,1,10,,659896,14,0,34 9,1,10,,659887,14,0,34 9,1,2,,659894,14,0,31 35 36,1,8,,659798,14,0,34 9,1,50,,659857,14,0,34 9,1,10,,659769,14,0,34 9,1,2,,659843,14,0,31 35 36,1,8,,659784,14,0,34 9,1,10,,659881,14,0,34 9,1,10,,659835,14,0,34 9,1,2,,599384,14,0,31 35 36,1,8,,659789,14,0,34 9,1,50,,659879,14,0,34 9,1,10,,659891,14,0,34 9,1,2,,659820,14,0,31 35 36,1,8,,659779,14,0,34 9,1,10,,659849,14,0,34 9,1,10,,659809,14,0,34 9,1,2,,659811,14,0,31 35 36,1,8,,659845,14,0,34 9,1,50,,659870,14,0,34 9,1,10,,659903,14,0,34 9,1,2,,659867,14,0,31 35 36,1,8,,659776,14,0,34 9,1,10,,659842,14,0,34 9,1,10,,659818,14,0,34 9,1,2,,659827,14,0,31 35 36,1,8,,659794,14,0,34 9,1,50,,659826,14,0,34 9,1,10,,659787,14,0,34 9,1,2,,659814,14,0,31 35 36,1,8,,659795,14,0,34 9,1,8,,659880,14,0,34 9,1,7,,553806,14,0,34 9,1,2,,659883,14,0,31 35 36,1,6,,659871,14,0,34 9,1,7,,659885,14,0,34 9,1,49,,585173,14,0,34 9,1,7,,561523,14,0,34 9,1,2,,659806,14,0,31 35 36,1,6,,540670,14,0,34 9,1,7,,539463,14,0,34 9,1,8,,659900,14,0,34 9,1,7,,659765,14,0,34 9,1,2,,539811,14,0,31 35 36,1,6,,659819,14,0,34 9,1,7,,659805,14,0,34 9,1,48,,659810,14,0,34 9,1,7,,488028,14,0,34 9,1,2,,659892,14,0,31 35 36,1,6,,659763,14,0,34 9,1,7,,659829,14,0,34 9,1,8,,659866,14,0,34 9,1,7,,566711,14,0,34 9,1,2,,659792,14,0,31 35 36,1,6,,659837,14,0,34 9,1,7,,659799,14,0,34 9,1,48,,659803,14,0,34 9,1,7,,517025,14,0,34 9,1,2,,659848,14,0,31 35 36,1,6,,659770,14,0,34 9,1,7,,659804,14,0,34 9,1,8,,659861,14,0,34 9,1,7,,659895,14,0,34 9,1,2,,659783,14,0,31 35 36,1,6,,659791,14,0,34 9,1,7,,659858,14,0,34 9,1,48,,659874,14,0,34 9,1,7,,659840,14,0,34 9,1,2,,659868,14,0,31 35 36,1,6,,659853,14,0,34 9,1,7,,602784,14,0,34 9,1,8,,659852,14,0,34 9,1,7,,659788,14,0,34 9,1,2,,659790,14,0,31 35 36,1,6,,659860,14,0,34 9,1,7,,659793,14,0,34 9,1,48,,504862,14,0,34 9,1,7,,447697,14,0,34 9,1,2,,659834,14,0,31 35 36,1,6,,659800,14,0,34 9,1,7,,659801,14,0,34 9,1,8,,659833,14,0,34 9,1,7,,659807,14,0,34 9,1,2,,659875,14,0,31 35 36,1,6,,659862,14,0,34 9,1,7,,659775,14,0,34 9,1,48,,659813,14,0,34 9,1,7,,659901,14,0,34 9,1,2,,659841,14,0,31 35 36,1,6,,659781,14,0,34 9,1,7,,659865,14,0,34 9,1,8,,659882,14,0,34 9,1,7,,659821,14,0,34 9,1,2,,659812,14,0,31 35 36,1,6,,514558,14,0,34 9,1,6,,659850,14,0,34 9,1,8,,560951,14,0,34 9,1,47,,579242,14,0,34 9,1,2,,659815,14,0,31 35 36,1,6,,659828,14,0,34 9,1,7,,659773,14,0,34 9,1,10,,659864,14,0,34 9,1,10,,522060,14,0,34 9,1,2,,659836,14,0,31 35 36,1,4,,659824,14,0,34 9,1,4,,584435,14,0,34 9,1,5,,511520,14,0,34 9,1,45,,659869,14,0,34 9,1,10,,659863,14,0,34 9,1,10,,659844,14,0,34 9,1,2,,659780,14,0,31 35 36,1,8,,659854,14,0,34 9,1,10,,659856,14,0,34 9,1,5,,659817,14,0,17 44,1,5,,659822,14,0,34 9,1,50,,659839,14,0,34 9,1,10,,659890,14,0,34 9,1,2,,560068,14,0,31 35 36,1,8,,511722,14,0,34 9,1,10,,659877,14,0,34 9,1,5,,659904,14,0,34 9,1,5,,473456,14,0,34 9,1,10,,659802,14,0,34 9,1,8,,659902,14,0,34 9,1,42,,659764,14,0,31 35 36,1,5,,434743,14,0,34 9,1,5,,659873,14,0,34 9,1,5,,659886,14,0,34 9,1,5,,659897,14,0,34 9,1,10,,484865,14,0,34 9,1,5,,659830,14,0,34 9,1,5,,659905,14,0,34 9,1,5,,659771,14,0,34 9,1,5,,659846,14,0,34 9,1,50,,659762,14,0,34 9,1,10,,659777,14,0,34 9,1,10,,659838,14,0,34 9,1,10,,659876,14,0,34 9,1,5,,659823,14,0,34 9,1,5,,659888,14,0,34 9,1,10,,561909,14,0,34 9,1,50,,548551,14,0,34 9,1,10,,659808,14,0,34 9,1,5,,659768,14,0,34 9,1,5,,659893,14,0,34 9,1,10,,659797,14,0,34 9,1,10,,659851,14,0,34 9,1,10,,659786,14,0,34 9,1,50,,659778,14,0,34 9,1,10,,565509,14,0,34 9,1,12,,659832,14,0,17 44,1,10,,659782,14,0,17 44,1,10,,659796,14,0,17 44,1,10,,659898,14,0,17 44,1,54,,659899,14,0,17 44,1,26,,380767,14,0,17 44,1
10203,'5',541,,660029,14,0,34 9,1,60,,659984,14,0,34 9,1,20,,659923,14,0,34 9,1,20,,659976,14,0,34 9,1,60,,659971,14,0,34 9,1,20,,598789,14,0,34 9,1,20,,659920,14,0,34 9,1,2,,524675,14,0,31 35 36,1,8,,659937,14,0,34 9,1,50,,659939,14,0,34 9,1,10,,559197,14,0,34 9,1,2,,660011,14,0,31 35 36,1,8,,659946,14,0,34 9,1,10,,660044,14,0,34 9,1,10,,659956,14,0,34 9,1,2,,549172,14,0,31 35 36,1,8,,660030,14,0,34 9,1,50,,659907,14,0,34 9,1,10,,659931,14,0,34 9,1,2,,659928,14,0,31 35 36,1,8,,534369,14,0,34 9,1,10,,581400,14,0,34 9,1,10,,571894,14,0,34 9,1,2,,659919,14,0,31 35 36,1,8,,659974,14,0,34 9,1,50,,659963,14,0,34 9,1,10,,660001,14,0,34 9,1,2,,659957,14,0,31 35 36,1,8,,576073,14,0,34 9,1,10,,581938,14,0,34 9,1,10,,659948,14,0,34 9,1,2,,548813,14,0,31 35 36,1,8,,659941,14,0,34 9,1,50,,532499,14,0,34 9,1,10,,659997,14,0,34 9,1,2,,660013,14,0,31 35 36,1,8,,660036,14,0,34 9,1,10,,659935,14,0,34 9,1,10,,660047,14,0,34 9,1,2,,659999,14,0,31 35 36,1,8,,660035,14,0,34 9,1,50,,660031,14,0,34 9,1,10,,660006,14,0,34 9,1,2,,659970,14,0,31 35 36,1,8,,561175,14,0,34 9,1,8,,596462,14,0,34 9,1,7,,517603,14,0,34 9,1,2,,659958,14,0,31 35 36,1,6,,659981,14,0,34 9,1,7,,660022,14,0,34 9,1,49,,660033,14,0,34 9,1,7,,659966,14,0,34 9,1,2,,660026,14,0,31 35 36,1,6,,659993,14,0,34 9,1,7,,659975,14,0,34 9,1,8,,659962,14,0,34 9,1,7,,659995,14,0,34 9,1,2,,659991,14,0,31 35 36,1,6,,659915,14,0,34 9,1,7,,659924,14,0,34 9,1,48,,659910,14,0,34 9,1,7,,659977,14,0,34 9,1,2,,659985,14,0,31 35 36,1,6,,660010,14,0,34 9,1,7,,575816,14,0,34 9,1,8,,659992,14,0,34 9,1,7,,659961,14,0,34 9,1,2,,660040,14,0,31 35 36,1,6,,659921,14,0,34 9,1,7,,660018,14,0,34 9,1,48,,660016,14,0,34 9,1,7,,660049,14,0,34 9,1,2,,659952,14,0,31 35 36,1,6,,659942,14,0,34 9,1,7,,659916,14,0,34 9,1,8,,660039,14,0,34 9,1,7,,659980,14,0,34 9,1,2,,659943,14,0,31 35 36,1,6,,660008,14,0,34 9,1,7,,660012,14,0,34 9,1,48,,546571,14,0,34 9,1,7,,659960,14,0,34 9,1,2,,660034,14,0,31 35 36,1,6,,659926,14,0,34 9,1,7,,660025,14,0,34 9,1,8,,660037,14,0,34 9,1,7,,659978,14,0,34 9,1,2,,659918,14,0,31 35 36,1,6,,659965,14,0,34 9,1,7,,660024,14,0,34 9,1,48,,659949,14,0,34 9,1,7,,660041,14,0,34 9,1,2,,660027,14,0,31 35 36,1,6,,586767,14,0,34 9,1,7,,660020,14,0,34 9,1,8,,561068,14,0,34 9,1,7,,660023,14,0,34 9,1,2,,659951,14,0,31 35 36,1,6,,659944,14,0,34 9,1,7,,659945,14,0,34 9,1,48,,660045,14,0,34 9,1,7,,659955,14,0,34 9,1,2,,659968,14,0,31 35 36,1,6,,561607,14,0,34 9,1,7,,659989,14,0,34 9,1,8,,660002,14,0,34 9,1,7,,598298,14,0,34 9,1,2,,659979,14,0,31 35 36,1,6,,660032,14,0,34 9,1,6,,659987,14,0,34 9,1,8,,660048,14,0,34 9,1,47,,660043,14,0,34 9,1,2,,660000,14,0,31 35 36,1,6,,573010,14,0,34 9,1,7,,660015,14,0,34 9,1,10,,552597,14,0,34 9,1,10,,659996,14,0,34 9,1,2,,659994,14,0,31 35 36,1,4,,660004,14,0,34 9,1,4,,659940,14,0,34 9,1,5,,660009,14,0,34 9,1,45,,660021,14,0,34 9,1,10,,660005,14,0,34 9,1,10,,659912,14,0,34 9,1,2,,660046,14,0,31 35 36,1,8,,659964,14,0,34 9,1,10,,660019,14,0,34 9,1,10,,659982,14,0,17 44,1,0,,659927,14,0,34 9,1,50,,596004,14,0,34 9,1,10,,553941,14,0,34 9,1,2,,659909,14,0,31 35 36,1,8,,659986,14,0,34 9,1,10,,659929,14,0,34 9,1,5,,547588,14,0,34 9,1,5,,581726,14,0,34 9,1,10,,552319,14,0,34 9,1,8,,659917,14,0,34 9,1,42,,659936,14,0,31 35 36,1,5,,551703,14,0,34 9,1,5,,659934,14,0,34 9,1,5,,659954,14,0,34 9,1,5,,659906,14,0,34 9,1,10,,659922,14,0,34 9,1,5,,659914,14,0,34 9,1,5,,659953,14,0,34 9,1,5,,659998,14,0,34 9,1,5,,659972,14,0,34 9,1,50,,659983,14,0,34 9,1,10,,660017,14,0,34 9,1,10,,659925,14,0,34 9,1,10,,659933,14,0,34 9,1,5,,659930,14,0,34 9,1,5,,562392,14,0,34 9,1,10,,659973,14,0,34 9,1,50,,659967,14,0,34 9,1,10,,522223,14,0,34 9,1,5,,659950,14,0,34 9,1,5,,659969,14,0,34 9,1,10,,659990,14,0,34 9,1,10,,660007,14,0,34 9,1,10,,659932,14,0,34 9,1,50,,659913,14,0,34 9,1,10,,659908,14,0,34 9,1,12,,659959,14,0,17 44,1,10,,660003,14,0,17 44,1,10,,660042,14,0,17 44,1,10,,582493,14,0,17 44,1,50,,659938,14,0,17 44,1,30,,659988,14,0,17 44,1
