703,'1',626,,624532,26,0,9,1,9,,779614,56,0,9,1,7,,779666,26,0,9,1,7,,660758,56,0,9,1,8,,723351,26,0,9,1,47,,779664,56,0,9,1,11,,689738,56,0,9,1,13,,772854,56,0,9,1,10,,779638,56,0,9,1,10,,737470,56,0,9,1,10,,779652,56,0,9,1,50,,779637,56,0,9,1,10,,630614,56,0,9,1,10,,779688,56,0,9,1,10,,779620,56,0,9,1,10,,779619,56,0,9,1,10,,779662,56,0,9,1,50,,779608,56,0,9,1,10,,779676,56,0,9,1,10,,779673,56,0,9,1,8,,779633,56,0,9,1,10,,779644,56,0,9,1,10,,777704,56,0,9,1,50,,704578,56,0,9,1,9,,779626,56,0,9,1,9,,779697,56,0,9,1,10,,779612,56,0,9,1,10,,699843,56,0,9,1,10,,779654,56,0,9,1,50,,779668,56,0,9,1,10,,779657,56,0,9,1,10,,698991,56,0,9,1,10,,779683,56,0,9,1,10,,779648,56,0,9,1,10,,779678,56,0,9,1,50,,779647,56,0,9,1,10,,779601,56,0,9,1,10,,779686,56,0,9,1,10,,779674,56,0,9,1,10,,724460,56,0,9,1,10,,723174,56,0,9,1,50,,779632,56,0,9,1,10,,779691,56,0,9,1,10,,779656,56,0,9,1,10,,746576,56,0,9,1,10,,779606,56,0,9,1,10,,779694,56,0,9,1,51,,779599,56,0,9,1,11,,730401,56,0,9,1,12,,779655,56,0,9,1,8,,779659,26,0,9,1,5,,779663,56,0,9,1,10,,779595,56,0,9,1,50,,750409,56,0,9,1,10,,779677,56,0,9,1,10,,630648,56,0,9,1,10,,779661,56,0,9,1,10,,779640,56,0,9,1,10,,779645,56,0,9,1,50,,779684,56,0,9,1,10,,779642,56,0,9,1,10,,779621,56,0,9,1,10,,779625,56,0,9,1,10,,779679,56,0,9,1,10,,779630,56,0,9,1,50,,779672,56,0,9,1,10,,779693,56,0,9,1,10,,779660,56,0,9,1,10,,700483,56,0,9,1,10,,779649,56,0,9,1,9,,779616,56,0,9,1,50,,779622,56,0,9,1,9,,779610,56,0,9,1,8,,766120,56,0,9,1,10,,779628,56,0,9,1,10,,779634,56,0,9,1,7,,779597,56,0,9,1,10,,779611,56,0,9,1,50,,779685,56,0,9,1,7,,779687,56,0,9,1,7,,779670,56,0,9,1,6,,779609,56,0,9,1,7,,779631,56,0,9,1,8,,779635,56,0,9,1,8,,779627,56,0,9,1,8,,779690,56,0,9,1,50,,779598,56,0,9,1,10,,779665,56,0,9,1,10,,779681,56,0,9,1,10,,779643,56,0,9,1,10,,779667,56,0,9,1,10,,779650,56,0,9,1,49,,770989,56,0,9,1,8,,779629,56,0,9,1,10,,779623,56,0,9,1,9,,779613,56,0,9,1,8,,779682,56,0,9,1,9,,779596,56,0,9,1,10,,779671,56,0,9,1,50,,779658,56,0,9,1,10,,779692,56,0,9,1,10,,779689,56,0,9,1,10,,779604,56,0,9,1,10,,779639,56,0,9,1,10,,719226,56,0,9,1,49,,755459,56,0,9,1,9,,779602,56,0,9,1,6,,779607,56,0,9,1,10,,779605,56,0,9,1,7,,779680,56,0,9,1,10,,779618,56,0,9,1,10,,779600,56,0,9,1,50,,779636,56,0,9,1,10,,779624,56,0,9,1,10,,779675,56,0,9,1,10,,779603,56,0,9,1,10,,779653,56,0,9,1,10,,779615,56,0,9,1,50,,779695,56,0,9,1,10,,779646,56,0,9,1,10,,779617,56,0,9,1,9,,779651,56,0,9,1,12,,779641,56,0,9,1,52,,779669,56,0,9,1,15,,779696,56,0,9,1
703,'2',632,,779764,26,0,9,1,10,,779748,56,0,9,1,8,,779765,56,0,9,1,50,,779739,56,0,9,1,10,,779774,56,0,9,1,10,,771288,56,0,9,1,10,,679055,56,0,9,1,10,,726464,56,0,9,1,10,,779778,56,0,9,1,50,,779704,56,0,9,1,12,,779723,56,0,9,1,13,,779718,56,0,9,1,12,,779745,56,0,9,1,12,,779701,56,0,9,1,10,,779724,56,0,9,1,50,,779787,56,0,9,1,10,,740803,56,0,9,1,10,,779761,56,0,9,1,10,,779727,56,0,9,1,10,,779763,56,0,9,1,10,,779733,56,0,9,1,50,,767054,56,0,9,1,10,,779721,56,0,9,1,10,,779780,56,0,9,1,10,,676357,56,0,9,1,10,,779726,56,0,9,1,10,,773849,56,0,9,1,50,,779737,56,0,9,1,10,,779728,56,0,9,1,10,,713641,56,0,9,1,10,,779717,56,0,9,1,10,,779706,56,0,9,1,10,,752255,56,0,9,1,53,,779725,56,0,9,1,10,,779742,56,0,9,1,9,,779754,56,0,9,1,9,,779735,56,0,9,1,12,,779700,56,0,9,1,7,,751144,56,0,9,1,50,,779753,56,0,9,1,10,,779738,56,0,9,1,10,,779769,56,0,9,1,10,,528932,56,0,9,1,10,,779768,56,0,9,1,10,,779785,56,0,9,1,50,,779793,56,0,9,1,10,,693896,56,0,9,1,10,,779784,56,0,9,1,10,,779758,56,0,9,1,10,,779698,56,0,9,1,10,,779722,56,0,9,1,50,,779755,56,0,9,1,10,,779789,56,0,9,1,10,,728946,56,0,9,1,10,,737223,56,0,9,1,10,,746754,56,0,9,1,10,,779749,56,0,9,1,50,,743669,56,0,9,1,10,,779744,56,0,9,1,10,,779734,56,0,9,1,10,,779788,56,0,9,1,10,,779750,56,0,9,1,10,,779772,56,0,9,1,50,,779707,56,0,9,1,10,,625538,56,0,9,1,10,,779740,56,0,9,1,10,,779736,56,0,9,1,10,,779731,56,0,9,1,10,,779767,56,0,9,1,50,,779699,56,0,9,1,10,,779783,56,0,9,1,10,,779709,56,0,9,1,10,,779756,56,0,9,1,10,,779719,56,0,9,1,10,,779786,56,0,9,1,49,,779705,56,0,9,1,7,,779777,56,0,9,1,9,,779751,56,0,9,1,9,,779708,56,0,9,1,10,,779762,56,0,9,1,9,,779720,56,0,9,1,50,,779710,56,0,9,1,10,,779766,56,0,9,1,10,,779775,56,0,9,1,10,,779730,56,0,9,1,10,,779715,56,0,9,1,10,,744194,56,0,9,1,50,,779791,56,0,9,1,10,,779773,56,0,9,1,10,,779781,56,0,9,1,10,,779776,56,0,9,1,10,,779711,56,0,9,1,10,,779702,56,0,9,1,50,,779703,56,0,9,1,9,,779752,56,0,9,1,6,,732068,56,0,9,1,9,,779757,56,0,9,1,8,,779746,56,0,9,1,9,,779790,56,0,9,1,10,,779779,56,0,9,1,50,,779760,56,0,9,1,10,,691651,56,0,9,1,10,,779771,56,0,9,1,10,,779729,56,0,9,1,10,,779741,56,0,9,1,10,,779770,56,0,9,1,50,,775440,56,0,9,1,10,,758856,56,0,9,1,10,,779714,56,0,9,1,10,,779759,56,0,9,1,10,,710332,56,0,9,1,10,,779712,56,0,9,1,50,,779732,56,0,9,1,10,,779782,56,0,9,1,10,,779713,56,0,9,1,10,,670525,56,0,9,1,7,,779743,56,0,9,1,12,,779747,56,0,9,1,50,,779716,56,0,9,1,15,,779792,56,0,9,1
703,'3',855,,779816,56,0,9,1,50,,779805,56,0,9,1,10,,779823,56,0,9,1,10,,779794,56,0,9,1,10,,779833,56,0,9,1,10,,745449,56,0,9,1,10,,779829,56,0,9,1,50,,779839,56,0,9,1,10,,779818,56,0,9,1,10,,609640,56,0,9,1,10,,707548,56,0,9,1,10,,779821,56,0,9,1,10,,779853,56,0,9,1,50,,698308,56,0,9,1,12,,779812,56,0,9,1,11,,779801,56,0,9,1,11,,779795,56,0,9,1,11,,779858,56,0,9,1,51,,779815,56,0,9,1,10,,779848,56,0,9,1,10,,712053,56,0,9,1,10,,562369,56,0,9,1,8,,759278,56,0,9,1,6,,779808,56,0,9,1,10,,779834,56,0,9,1,50,,779798,56,0,9,1,10,,733835,56,0,9,1,10,,779870,56,0,9,1,10,,779838,56,0,9,1,10,,697157,56,0,9,1,10,,779851,56,0,9,1,50,,779822,56,0,9,1,10,,779830,56,0,9,1,10,,779865,56,0,9,1,10,,776228,56,0,9,1,10,,779827,56,0,9,1,10,,779857,56,0,9,1,50,,779855,56,0,9,1,10,,634338,56,0,9,1,10,,779820,56,0,9,1,10,,779875,56,0,9,1,10,,779846,56,0,9,1,10,,718515,56,0,9,1,50,,779847,56,0,9,1,10,,779835,56,0,9,1,10,,779803,56,0,9,1,10,,779877,56,0,9,1,10,,779867,56,0,9,1,10,,779849,56,0,9,1,50,,779810,56,0,9,1,10,,779871,56,0,9,1,10,,753008,56,0,9,1,10,,779874,56,0,9,1,10,,779836,56,0,9,1,10,,779873,56,0,9,1,50,,779862,56,0,9,1,10,,779845,56,0,9,1,10,,779876,56,0,9,1,10,,779872,56,0,9,1,10,,779809,56,0,9,1,10,,751191,56,0,9,1,50,,779825,56,0,9,1,8,,779828,56,0,9,1,7,,779868,56,0,9,1,8,,779819,56,0,9,1,10,,779860,56,0,9,1,8,,779832,56,0,9,1,10,,779824,56,0,9,1,50,,779844,56,0,9,1,10,,779869,56,0,9,1,10,,779799,56,0,9,1,10,,779852,56,0,9,1,10,,779797,56,0,9,1,10,,779817,56,0,9,1,50,,735818,56,0,9,1,10,,779814,56,0,9,1,10,,779879,56,0,9,1,10,,779804,56,0,9,1,7,,779841,56,0,9,1,8,,779800,56,0,9,1,8,,779806,56,0,9,1,49,,752096,56,0,9,1,10,,779796,56,0,9,1,10,,779863,56,0,9,1,10,,779826,56,0,9,1,10,,779880,56,0,9,1,10,,717147,56,0,9,1,50,,779850,56,0,9,1,10,,739112,56,0,9,1,10,,779861,56,0,9,1,10,,779807,56,0,9,1,10,,779831,56,0,9,1,10,,779866,56,0,9,1,50,,779813,56,0,9,1,10,,779881,56,0,9,1,10,,779878,56,0,9,1,10,,779843,56,0,9,1,10,,779859,56,0,9,1,10,,779840,56,0,9,1,50,,779864,56,0,9,1,10,,779854,56,0,9,1,10,,779811,56,0,9,1,9,,779802,56,0,9,1,13,,779842,56,0,9,1,52,,779856,56,0,9,1,15,,779837,56,0,9,1
703,'5',631,,779922,56,0,9,1,11,,779966,56,0,9,1,10,,779975,56,0,9,1,50,,779909,56,0,9,1,10,,779899,56,0,9,1,10,,779888,56,0,9,1,10,,779898,56,0,9,1,10,,779900,56,0,9,1,10,,779915,56,0,9,1,50,,779950,56,0,9,1,14,,779894,56,0,9,1,15,,779903,56,0,9,1,14,,763510,56,0,9,1,10,,714591,56,0,9,1,50,,715640,56,0,9,1,10,,779968,56,0,9,1,10,,779916,56,0,9,1,10,,779948,56,0,9,1,10,,779955,56,0,9,1,10,,708373,56,0,9,1,50,,779908,56,0,9,1,10,,779952,56,0,9,1,10,,726026,56,0,9,1,10,,779936,56,0,9,1,10,,759320,56,0,9,1,10,,707311,56,0,9,1,50,,779954,56,0,9,1,12,,779918,56,0,9,1,11,,779934,56,0,9,1,11,,779895,56,0,9,1,11,,692399,56,0,9,1,51,,779905,56,0,9,1,10,,707279,56,0,9,1,10,,779941,56,0,9,1,10,,779933,56,0,9,1,8,,779958,56,0,9,1,6,,779883,56,0,9,1,10,,779907,56,0,9,1,50,,779974,56,0,9,1,10,,779956,56,0,9,1,10,,779932,56,0,9,1,10,,779964,56,0,9,1,10,,779920,56,0,9,1,10,,779947,56,0,9,1,50,,779977,56,0,9,1,10,,779889,56,0,9,1,10,,779929,56,0,9,1,10,,779931,56,0,9,1,10,,646689,56,0,9,1,10,,779930,56,0,9,1,50,,779892,56,0,9,1,10,,681391,56,0,9,1,10,,779913,56,0,9,1,10,,779951,56,0,9,1,10,,694728,56,0,9,1,10,,779917,56,0,9,1,50,,763527,56,0,9,1,10,,779912,56,0,9,1,10,,779925,56,0,9,1,10,,779921,56,0,9,1,10,,779882,56,0,9,1,10,,779939,56,0,9,1,50,,779970,56,0,9,1,10,,779901,56,0,9,1,10,,779897,56,0,9,1,10,,779935,56,0,9,1,10,,779962,56,0,9,1,10,,731037,56,0,9,1,50,,779937,56,0,9,1,10,,779923,56,0,9,1,10,,779976,56,0,9,1,10,,779924,56,0,9,1,10,,779967,56,0,9,1,10,,779946,56,0,9,1,50,,779926,56,0,9,1,8,,779969,56,0,9,1,7,,779960,56,0,9,1,8,,779953,56,0,9,1,10,,779887,56,0,9,1,8,,779938,56,0,9,1,10,,779945,56,0,9,1,50,,779904,56,0,9,1,10,,656151,56,0,9,1,10,,779944,56,0,9,1,10,,707588,56,0,9,1,10,,779949,56,0,9,1,10,,779911,56,0,9,1,50,,779890,56,0,9,1,10,,779961,56,0,9,1,10,,779942,56,0,9,1,10,,779884,56,0,9,1,7,,779919,56,0,9,1,8,,779910,56,0,9,1,8,,779965,56,0,9,1,49,,779886,56,0,9,1,10,,779959,56,0,9,1,10,,779906,56,0,9,1,10,,779928,56,0,9,1,10,,779927,56,0,9,1,10,,754726,56,0,9,1,50,,779973,56,0,9,1,10,,766760,56,0,9,1,10,,779957,56,0,9,1,10,,693515,56,0,9,1,10,,779891,56,0,9,1,10,,779885,56,0,9,1,50,,779963,56,0,9,1,10,,779971,56,0,9,1,10,,779902,56,0,9,1,10,,779940,56,0,9,1,10,,779893,56,0,9,1,10,,709847,56,0,9,1,50,,779896,56,0,9,1,10,,779943,56,0,9,1,10,,691537,56,0,9,1,9,,726321,56,0,9,1,13,,779972,56,0,9,1,52,,779914,56,0,9,1
30703,'1',522,,857608,25,0,11 12 9,1,12,,857603,70,0,11 12 9,1,9,,857602,25,0,11 12 9,1,9,,692176,25,0,11 12 9,1,48,,707705,70,0,11 12 9,1,9,,857604,25,0,11 12 9,1,9,,740039,70,0,11 12 9,1,2013,,857609,71,0,11 12 9,1,70,,857607,70,0,11 12 9,1,30,,760079,70,0,11 12 9,1,70,,857611,70,0,11 12 9,1,30,,857606,70,0,11 12 9,1,71,,857610,70,0,11 12 9,1
30703,'2',522,,857612,25,0,11 12 9,1,11,,857617,70,0,11 12 9,1,15,,857613,25,0,11 12 9,1,52,,709340,70,0,11 12 9,1,11,,857616,25,0,11 12 9,1,10,,709083,70,0,11 12 9,1,2010,,761018,71,0,11 12 9,1,15,,857618,70,0,11 12 9,1,55,,762275,70,0,11 12 9,1,15,,743178,70,0,11 12 9,1,15,,857619,70,0,11 12 9,1,20,,857620,70,0,11 12 9,1,60,,857614,70,0,11 12 9,1,20,,857621,70,0,11 12 9,1,20,,857615,70,0,11 12 9,1,61,,707494,70,0,11 12 9,1
30703,'3',533,,857637,70,0,11 12 9,1,20,,857633,70,0,11 12 9,1,58,,857630,70,0,11 12 9,1,18,,857628,70,0,11 12 9,1,18,,857639,70,0,11 12 9,1,58,,857623,70,0,11 12 9,1,12,,857640,70,0,11 12 9,1,12,,857622,70,0,11 12 9,1,12,,857625,70,0,11 12 9,1,12,,585169,70,0,11 12 9,1,6,,857629,25,0,11 12 9,1,49,,857636,70,0,11 12 9,1,8,,740871,25,0,11 12 9,1,9,,857638,70,0,11 12 9,1,9,,857631,25,0,11 12 9,1,9,,669074,70,0,11 12 9,1,1789,,667077,71,0,11 12 9,1,70,,857632,70,0,11 12 9,1,30,,857634,70,0,11 12 9,1,70,,857626,70,0,11 12 9,1,30,,727572,70,0,11 12 9,1,70,,857627,70,0,11 12 9,1
30703,'5',522,,857650,25,0,11 12 9,1,11,,857648,70,0,11 12 9,1,9,,857645,25,0,11 12 9,1,11,,692947,70,0,11 12 9,1,49,,857649,25,0,11 12 9,1,11,,857641,70,0,11 12 9,1,2019,,857646,71,0,11 12 9,1,70,,857642,70,0,11 12 9,1,30,,857643,70,0,11 12 9,1,70,,857644,70,0,11 12 9,1,30,,762543,70,0,11 12 9,1,70,,857647,70,0,11 12 9,1
30704,'1',346,,857654,2,0,11 12 94,1,70,,713620,2,0,11 12 94,1,30,,778205,2,0,11 12 94,1,54,,857657,2,0,11 12 94,1
30704,'2',346,,857663,2,0,11 12 94,1,70,,857664,2,0,11 12 94,1,30,,857658,2,0,11 12 94,1,66,,636011,2,0,11 12 94,1
30704,'3',346,,857675,2,0,11 12 94,1,70,,714372,2,0,11 12 94,1,30,,720973,2,0,11 12 94,1,66,,857679,2,0,11 12 94,1,12,,718500,2,0,11 12 94,1,12,,732191,2,0,11 12 94,1
30704,'5',346,,857689,2,0,11 12 94,1,70,,756737,2,0,11 12 94,1,30,,857682,2,0,11 12 94,1,67,,857683,2,0,11 12 94,1
