4001,'1',558,,709010,2,0,136 250 15,1,62,,708947,2,0,136 250 15,1,21,,708974,2,0,136 250 15,1,62,,708942,2,0,136 250 15,1,25,,708998,2,0,136 250 15,1,22,,708989,2,0,136 250 15,1,62,,708975,2,0,136 250 15,1,22,,708992,2,0,136 250 15,1,22,,485604,2,0,136 250 15,1,65,,708954,2,0,136 250 15,1,22,,709004,2,0,136 250 15,1,62,,708941,2,0,136 250 15,1,22,,709005,2,0,136 250 15,1,22,,679331,2,0,136 250 15,1,62,,612315,2,0,136 250 15,1,22,,709002,2,0,136 250 15,1,22,,708983,2,0,136 250 15,1,62,,638730,2,0,136 250 15,1,22,,709011,2,0,136 250 15,1,62,,709007,2,0,136 250 15,1,22,,635920,2,0,136 250 15,1,22,,623999,2,0,136 250 15,1,62,,483805,2,0,136 250 15,1,25,,708984,2,0,136 250 15,1,22,,708938,2,0,136 250 15,1,62,,708965,2,0,136 250 15,1,22,,637227,2,0,136 250 15,1,64,,708986,2,0,136 250 15,1,24,,708985,2,0,136 250 15,1,24,,708963,2,0,136 250 15,1,64,,708935,2,0,136 250 15,1,24,,708967,2,0,136 250 15,1,64,,708980,2,0,136 250 15,1,24,,708952,2,0,136 250 15,1,28,,708994,2,0,136 250 15,1,60,,708973,2,0,136 250 15,1,28,,708987,2,0,136 250 15,1,69,,709006,2,0,136 250 15,1,30,,709001,2,0,136 250 15,1,70,,606404,2,0,136 250 15,1,30,,708958,2,0,136 250 15,1,67,,708972,2,0,136 250 15,1,29,,524848,2,0,136 250 15,1,70,,709009,2,0,136 250 15,1,30,,708959,2,0,136 250 15,1,70,,708943,2,0,136 250 15,1,30,,708996,2,0,136 250 15,1,70,,708960,2,0,136 250 15,1,30,,661833,2,0,136 250 15,1
4001,'2',512,,709016,2,0,136 250 15,1,30,,689332,2,0,136 250 15,1,70,,709062,2,0,136 250 15,1,30,,709045,2,0,136 250 15,1,70,,709043,2,0,136 250 15,1,30,,709060,2,0,136 250 15,1,69,,709040,2,0,136 250 15,1,26,,709046,2,0,136 250 15,1,66,,421976,2,0,136 250 15,1,26,,709065,2,0,136 250 15,1,26,,607852,2,0,136 250 15,1,66,,709049,2,0,136 250 15,1,26,,709063,2,0,136 250 15,1,66,,653280,2,0,136 250 15,1,26,,709057,2,0,136 250 15,1,62,,709053,2,0,136 250 15,1,23,,709029,2,0,136 250 15,1,25,,634123,2,0,136 250 15,1,64,,709042,2,0,136 250 15,1,24,,709064,2,0,136 250 15,1,64,,679353,2,0,136 250 15,1,24,,709012,2,0,136 250 15,1,24,,659694,2,0,136 250 15,1,64,,709015,2,0,136 250 15,1,24,,709076,2,0,136 250 15,1,64,,709033,2,0,136 250 15,1,24,,562610,2,0,136 250 15,1,24,,651621,2,0,136 250 15,1,64,,709041,2,0,136 250 15,1,24,,709030,2,0,136 250 15,1,64,,709022,2,0,136 250 15,1,24,,709023,2,0,136 250 15,1,24,,709044,2,0,136 250 15,1,65,,709074,2,0,136 250 15,1,27,,709058,2,0,136 250 15,1,70,,541152,2,0,136 250 15,1,30,,709025,2,0,136 250 15,1,70,,709051,2,0,136 250 15,1,30,,709078,2,0,136 250 15,1,67,,709018,2,0,136 250 15,1,29,,503110,2,0,136 250 15,1,70,,709035,2,0,136 250 15,1,30,,709036,2,0,136 250 15,1,70,,709054,2,0,136 250 15,1,30,,709067,2,0,136 250 15,1,70,,709037,2,0,136 250 15,1
4001,'3',757,,709149,2,0,136 250 15,1,66,,709141,2,0,136 250 15,1,24,,709100,2,0,136 250 15,1,64,,709112,2,0,136 250 15,1,24,,709123,2,0,136 250 15,1,24,,709117,2,0,136 250 15,1,64,,709145,2,0,136 250 15,1,24,,576234,2,0,136 250 15,1,64,,709130,2,0,136 250 15,1,24,,709140,2,0,136 250 15,1,24,,709096,2,0,136 250 15,1,67,,669992,2,0,136 250 15,1,22,,648228,2,0,136 250 15,1,62,,709139,2,0,136 250 15,1,22,,709116,2,0,136 250 15,1,22,,709124,2,0,136 250 15,1,62,,709150,2,0,136 250 15,1,22,,709097,2,0,136 250 15,1,62,,668471,2,0,136 250 15,1,22,,709129,2,0,136 250 15,1,22,,709101,2,0,136 250 15,1,62,,709153,2,0,136 250 15,1,22,,678597,2,0,136 250 15,1,22,,709135,2,0,136 250 15,1,62,,709148,2,0,136 250 15,1,22,,709137,2,0,136 250 15,1,22,,709103,2,0,136 250 15,1,62,,709146,2,0,136 250 15,1,22,,621645,2,0,136 250 15,1,63,,709143,2,0,136 250 15,1,16,,709088,2,0,136 250 15,1,22,,709109,2,0,136 250 15,1,62,,633326,2,0,136 250 15,1,22,,709132,2,0,136 250 15,1,22,,709121,2,0,136 250 15,1,62,,709147,2,0,136 250 15,1,22,,709136,2,0,136 250 15,1,22,,671547,2,0,136 250 15,1,64,,709131,2,0,136 250 15,1,20,,668401,2,0,136 250 15,1,70,,709113,2,0,136 250 15,1,30,,709087,2,0,136 250 15,1,70,,709111,2,0,136 250 15,1,30,,709090,2,0,136 250 15,1,70,,709108,2,0,136 250 15,1,30,,709144,2,0,136 250 15,1,70,,709118,2,0,136 250 15,1
4001,'5',535,,661567,2,0,136 250 15,1,24,,709167,2,0,136 250 15,1,64,,607013,2,0,136 250 15,1,24,,709180,2,0,136 250 15,1,64,,709193,2,0,136 250 15,1,24,,648847,2,0,136 250 15,1,24,,709202,2,0,136 250 15,1,64,,709209,2,0,136 250 15,1,24,,709197,2,0,136 250 15,1,64,,709159,2,0,136 250 15,1,24,,709235,2,0,136 250 15,1,24,,709228,2,0,136 250 15,1,64,,709210,2,0,136 250 15,1,24,,709165,2,0,136 250 15,1,64,,709217,2,0,136 250 15,1,24,,709208,2,0,136 250 15,1,24,,709205,2,0,136 250 15,1,66,,709182,2,0,136 250 15,1,22,,709173,2,0,136 250 15,1,63,,688444,2,0,136 250 15,1,22,,709161,2,0,136 250 15,1,22,,709201,2,0,136 250 15,1,62,,709225,2,0,136 250 15,1,22,,709203,2,0,136 250 15,1,62,,709171,2,0,136 250 15,1,22,,709172,2,0,136 250 15,1,22,,709198,2,0,136 250 15,1,62,,709196,2,0,136 250 15,1,22,,709220,2,0,136 250 15,1,22,,709169,2,0,136 250 15,1,62,,618191,2,0,136 250 15,1,22,,709199,2,0,136 250 15,1,22,,709215,2,0,136 250 15,1,62,,709233,2,0,136 250 15,1,22,,652566,2,0,136 250 15,1,62,,709229,2,0,136 250 15,1,17,,709185,2,0,136 250 15,1,22,,709191,2,0,136 250 15,1,62,,652269,2,0,136 250 15,1,22,,709204,2,0,136 250 15,1,22,,709200,2,0,136 250 15,1,62,,709164,2,0,136 250 15,1,22,,677825,2,0,136 250 15,1,22,,709170,2,0,136 250 15,1,60,,709218,2,0,136 250 15,1,24,,709177,2,0,136 250 15,1,70,,637867,2,0,136 250 15,1,30,,621296,2,0,136 250 15,1,70,,532163,2,0,136 250 15,1,30,,709234,2,0,136 250 15,1,70,,709174,2,0,136 250 15,1,30,,709157,2,0,136 250 15,1,70,,709212,2,0,136 250 15,1
7904,'1',549,,733665,24,0,34 116 15,1,55,,733733,24,0,34 116 15,1,14,,733664,24,0,34 116 15,1,14,,520999,24,0,34 116 15,1,14,,687865,24,0,34 116 15,1,54,,679172,24,0,34 116 15,1,14,,733705,24,0,34 116 15,1,14,,733736,24,0,34 116 15,1,13,,733704,24,0,34 116 15,1,14,,733683,24,0,34 116 15,1,53,,733706,24,0,34 116 15,1,14,,733678,24,0,34 116 15,1,14,,733689,24,0,34 116 15,1,14,,607607,24,0,34 116 15,1,54,,733735,24,0,34 116 15,1,19,,733728,24,0,34 116 15,1,30,,543616,24,0,34 116 15,1,70,,733688,24,0,34 116 15,1,30,,733715,24,0,34 116 15,1,70,,733663,24,0,34 116 15,1,30,,733692,24,0,34 116 15,1,70,,733718,24,0,34 116 15,1,30,,733672,24,0,34 116 15,1,70,,733696,24,0,34 116 15,1,30,,733732,24,0,34 116 15,1,70,,733707,24,0,34 116 15,1,36,,733674,24,0,34 116 15,1,65,,643950,24,0,34 116 15,1,20,,630663,24,0,34 116 15,1,60,,733702,24,0,34 116 15,1,20,,733681,24,0,34 116 15,1,20,,733724,24,0,34 116 15,1,60,,733667,24,0,34 116 15,1,20,,733654,24,0,34 116 15,1,20,,671669,24,0,34 116 15,1,60,,532255,24,0,34 116 15,1,20,,553553,24,0,34 116 15,1,20,,610503,24,0,34 116 15,1,67,,733690,24,0,34 116 15,1,28,,733657,24,0,34 116 15,1,66,,733711,24,0,34 116 15,1,30,,606864,24,0,34 116 15,1,70,,623933,24,0,34 116 15,1,30,,733658,24,0,34 116 15,1,68,,733684,24,0,34 116 15,1,29,,733655,24,0,34 116 15,1,70,,733660,24,0,34 116 15,1,30,,733709,24,0,34 116 15,1,70,,681266,24,0,34 116 15,1,30,,733652,24,0,34 116 15,1,70,,733666,24,0,34 116 15,1
7904,'2',641,,733781,24,0,34 116 15,1,70,,654616,24,0,34 116 15,1,30,,646245,24,0,34 116 15,1,72,,733747,24,0,34 116 15,1,32,,733765,24,0,34 116 15,1,70,,733782,24,0,34 116 15,1,30,,733769,24,0,34 116 15,1,70,,733749,24,0,34 116 15,1,30,,542392,24,0,34 116 15,1,70,,733784,24,0,34 116 15,1,30,,733770,24,0,34 116 15,1,69,,733755,24,0,34 116 15,1,29,,680431,24,0,34 116 15,1,70,,733742,24,0,34 116 15,1,30,,733772,24,0,34 116 15,1,70,,634707,24,0,34 116 15,1,30,,733763,24,0,34 116 15,1,70,,733773,24,0,34 116 15,1,30,,733778,24,0,34 116 15,1,70,,733741,24,0,34 116 15,1,30,,733744,24,0,34 116 15,1,70,,646211,24,0,34 116 15,1,30,,519408,24,0,34 116 15,1,70,,733774,24,0,34 116 15,1,30,,733759,24,0,34 116 15,1,66,,733764,24,0,34 116 15,1,28,,468425,24,0,34 116 15,1,70,,733737,24,0,34 116 15,1,30,,733775,24,0,34 116 15,1,70,,733786,24,0,34 116 15,1,30,,733754,24,0,34 116 15,1,72,,733771,24,0,34 116 15,1
7904,'3',813,,733810,24,0,34 116 15,1,30,,733805,24,0,34 116 15,1,70,,733804,24,0,34 116 15,1,30,,733798,24,0,34 116 15,1,70,,668425,24,0,34 116 15,1,30,,733808,24,0,34 116 15,1,70,,733814,24,0,34 116 15,1,30,,733845,24,0,34 116 15,1,70,,733816,24,0,34 116 15,1,29,,733820,24,0,34 116 15,1,70,,733849,24,0,34 116 15,1,30,,733835,24,0,34 116 15,1,70,,733791,24,0,34 116 15,1,30,,667853,24,0,34 116 15,1,70,,733840,24,0,34 116 15,1,30,,733827,24,0,34 116 15,1,70,,733843,24,0,34 116 15,1,30,,733821,24,0,34 116 15,1,70,,629973,24,0,34 116 15,1,30,,733801,24,0,34 116 15,1,70,,628599,24,0,34 116 15,1,30,,733834,24,0,34 116 15,1,68,,733822,24,0,34 116 15,1,28,,733819,24,0,34 116 15,1,70,,733836,24,0,34 116 15,1,30,,733809,24,0,34 116 15,1,70,,733828,24,0,34 116 15,1,30,,733825,24,0,34 116 15,1,72,,733813,24,0,34 116 15,1
7904,'5',643,,519099,24,0,34 116 15,1,70,,733869,24,0,34 116 15,1,30,,733873,24,0,34 116 15,1,70,,629058,24,0,34 116 15,1,30,,733898,24,0,34 116 15,1,70,,672762,24,0,34 116 15,1,30,,733889,24,0,34 116 15,1,70,,513622,24,0,34 116 15,1,30,,733886,24,0,34 116 15,1,70,,733885,24,0,34 116 15,1,30,,733897,24,0,34 116 15,1,70,,733893,24,0,34 116 15,1,29,,733879,24,0,34 116 15,1,70,,733857,24,0,34 116 15,1,30,,733867,24,0,34 116 15,1,70,,733883,24,0,34 116 15,1,30,,661796,24,0,34 116 15,1,70,,733896,24,0,34 116 15,1,30,,618676,24,0,34 116 15,1,70,,601694,24,0,34 116 15,1,30,,733890,24,0,34 116 15,1,70,,733904,24,0,34 116 15,1,30,,733903,24,0,34 116 15,1,70,,733860,24,0,34 116 15,1,30,,568341,24,0,34 116 15,1,68,,733894,24,0,34 116 15,1,28,,733901,24,0,34 116 15,1,70,,733875,24,0,34 116 15,1,30,,733905,24,0,34 116 15,1,70,,733892,24,0,34 116 15,1,30,,733870,24,0,34 116 15,1,72,,733853,24,0,34 116 15,1
18901,'1',524,,612328,10,0,127 258 15,1,31,,767172,10,0,127 258 15,1,70,,767174,10,0,127 258 15,1,30,,767199,10,0,127 258 15,1,64,,767176,10,0,127 258 15,1,24,,767162,10,0,127 258 15,1,64,,767196,10,0,127 258 15,1,24,,664208,10,0,127 258 15,1,24,,767193,10,0,127 258 15,1,63,,767197,10,0,127 258 15,1,25,,767175,10,0,127 258 15,1,65,,767177,10,0,127 258 15,1,25,,420141,10,0,127 258 15,1,25,,767186,10,0,127 258 15,1,65,,767170,10,0,127 258 15,1,25,,767168,10,0,127 258 15,1,65,,767191,10,0,127 258 15,1,25,,605648,10,0,127 258 15,1,65,,767192,10,0,127 258 15,1,25,,767164,10,0,127 258 15,1,25,,676049,10,0,127 258 15,1,65,,767169,10,0,127 258 15,1,25,,767166,10,0,127 258 15,1,65,,767171,10,0,127 258 15,1,25,,767188,10,0,127 258 15,1,26,,767185,10,0,127 258 15,1,68,,767187,10,0,127 258 15,1,28,,767167,10,0,127 258 15,1,68,,767165,10,0,127 258 15,1,28,,767189,10,0,127 258 15,1,67,,767195,10,0,127 258 15,1,27,,767190,10,0,127 258 15,1,65,,767182,10,0,127 258 15,1,30,,599482,10,0,127 258 15,1,70,,767178,10,0,127 258 15,1,30,,767183,10,0,127 258 15,1,70,,767184,10,0,127 258 15,1,30,,767198,10,0,127 258 15,1,69,,767194,10,0,127 258 15,1,27,,767179,10,0,127 258 15,1,67,,767173,10,0,127 258 15,1,27,,767181,10,0,127 258 15,1,27,,767200,10,0,127 258 15,1,67,,767163,10,0,127 258 15,1,27,,665756,10,0,127 258 15,1,67,,767180,10,0,17 6 7 3 128,1
18901,'2',535,,673545,10,0,127 258 15,1,68,,767226,10,0,127 258 15,1,28,,767204,10,0,127 258 15,1,28,,767220,10,0,127 258 15,1,68,,767222,10,0,127 258 15,1,28,,767228,10,0,127 258 15,1,70,,767235,10,0,127 258 15,1,28,,767217,10,0,127 258 15,1,65,,524363,10,0,127 258 15,1,23,,767224,10,0,127 258 15,1,63,,767205,10,0,127 258 15,1,23,,767225,10,0,127 258 15,1,23,,767211,10,0,127 258 15,1,63,,582985,10,0,127 258 15,1,23,,767221,10,0,127 258 15,1,23,,767236,10,0,127 258 15,1,67,,767213,10,0,127 258 15,1,27,,767202,10,0,127 258 15,1,67,,568141,10,0,127 258 15,1,27,,628248,10,0,127 258 15,1,67,,614394,10,0,127 258 15,1,27,,767230,10,0,127 258 15,1,67,,767223,10,0,127 258 15,1,27,,767234,10,0,127 258 15,1,67,,767216,10,0,127 258 15,1,27,,767208,10,0,127 258 15,1,27,,767210,10,0,127 258 15,1,67,,767231,10,0,127 258 15,1,27,,767212,10,0,127 258 15,1,67,,519398,10,0,127 258 15,1,27,,586123,10,0,127 258 15,1,66,,767206,10,0,127 258 15,1,22,,767203,10,0,127 258 15,1,22,,767209,10,0,127 258 15,1,62,,767233,10,0,127 258 15,1,22,,637639,10,0,127 258 15,1,62,,767207,10,0,127 258 15,1,22,,767218,10,0,127 258 15,1,22,,767201,10,0,127 258 15,1,63,,767215,10,0,127 258 15,1,24,,767214,10,0,127 258 15,1,28,,767219,10,0,127 258 15,1,68,,767229,10,0,127 258 15,1,28,,767232,10,0,127 258 15,1,68,,652038,10,0,127 258 15,1,28,,676838,10,0,127 258 15,1,66,,767227,10,0,17 6 7 3 128,1
18901,'3',748,,767245,10,0,127 258 15,1,60,,611016,10,0,127 258 15,1,21,,767250,10,0,127 258 15,1,21,,767257,10,0,127 258 15,1,61,,767247,10,0,127 258 15,1,21,,767268,10,0,127 258 15,1,21,,767255,10,0,127 258 15,1,61,,767267,10,0,127 258 15,1,21,,767262,10,0,127 258 15,1,21,,767237,10,0,127 258 15,1,61,,614161,10,0,127 258 15,1,21,,767246,10,0,127 258 15,1,21,,767271,10,0,127 258 15,1,65,,767258,10,0,127 258 15,1,26,,767270,10,0,127 258 15,1,66,,767263,10,0,127 258 15,1,26,,687754,10,0,127 258 15,1,66,,767242,10,0,127 258 15,1,26,,614212,10,0,127 258 15,1,66,,767256,10,0,127 258 15,1,26,,635849,10,0,127 258 15,1,26,,767239,10,0,127 258 15,1,66,,767253,10,0,127 258 15,1,26,,622712,10,0,127 258 15,1,66,,767254,10,0,127 258 15,1,26,,767241,10,0,127 258 15,1,66,,767266,10,0,127 258 15,1,26,,767238,10,0,127 258 15,1,26,,767265,10,0,127 258 15,1,64,,661016,10,0,127 258 15,1,24,,767261,10,0,127 258 15,1,62,,767264,10,0,127 258 15,1,22,,767240,10,0,127 258 15,1,22,,767249,10,0,127 258 15,1,62,,657030,10,0,127 258 15,1,22,,767244,10,0,127 258 15,1,22,,767269,10,0,127 258 15,1,62,,767259,10,0,127 258 15,1,23,,767251,10,0,127 258 15,1,66,,767248,10,0,127 258 15,1,26,,767243,10,0,127 258 15,1,26,,767260,10,0,127 258 15,1,66,,767272,10,0,127 258 15,1,26,,767252,10,0,127 258 15,1,66,,548551,10,0,17 6 7 3 128,1
18901,'5',535,,767277,10,0,127 258 15,1,66,,767292,10,0,127 258 15,1,28,,767291,10,0,127 258 15,1,28,,767293,10,0,127 258 15,1,68,,767310,10,0,127 258 15,1,23,,656619,10,0,127 258 15,1,60,,767304,10,0,127 258 15,1,21,,767290,10,0,127 258 15,1,21,,767302,10,0,127 258 15,1,61,,767297,10,0,127 258 15,1,21,,767288,10,0,127 258 15,1,21,,637054,10,0,127 258 15,1,61,,767303,10,0,127 258 15,1,21,,767280,10,0,127 258 15,1,21,,767273,10,0,127 258 15,1,61,,767281,10,0,127 258 15,1,21,,767295,10,0,127 258 15,1,21,,767279,10,0,127 258 15,1,65,,767284,10,0,127 258 15,1,26,,767289,10,0,127 258 15,1,66,,767283,10,0,127 258 15,1,26,,767300,10,0,127 258 15,1,66,,767305,10,0,127 258 15,1,26,,767276,10,0,127 258 15,1,66,,556468,10,0,127 258 15,1,26,,767307,10,0,127 258 15,1,26,,645468,10,0,127 258 15,1,66,,767282,10,0,127 258 15,1,26,,611824,10,0,127 258 15,1,66,,767301,10,0,127 258 15,1,26,,767274,10,0,127 258 15,1,66,,767309,10,0,127 258 15,1,26,,767275,10,0,127 258 15,1,26,,677111,10,0,127 258 15,1,64,,661173,10,0,127 258 15,1,24,,767308,10,0,127 258 15,1,62,,613824,10,0,127 258 15,1,22,,767299,10,0,127 258 15,1,22,,661369,10,0,127 258 15,1,62,,767286,10,0,127 258 15,1,22,,767298,10,0,127 258 15,1,22,,767306,10,0,127 258 15,1,62,,767287,10,0,127 258 15,1,23,,657140,10,0,127 258 15,1,66,,767296,10,0,127 258 15,1,26,,767278,10,0,127 258 15,1,26,,767285,10,0,127 258 15,1,66,,677715,10,0,127 258 15,1,26,,767311,10,0,127 258 15,1,66,,767294,10,0,17 6 7 3 128,1
34002,'1',451,,770427,17,0,6 7 3 267,1,70,,770431,17,0,6 7 3 267,1,2019,,582655,17,0,6 7 3 267,1,17,,637216,17,0,6 7 3 267,1,56,,770430,17,0,6 7 3 267,1,22,,675514,17,0,6 7 3 267,1,67,,770429,17,0,6 7 3 267,1,30,,770426,17,0,6 7 3 267,1,70,,770425,17,0,6 7 3 267,1,30,,770428,17,0,6 7 3 267,1
34002,'2',456,,770433,17,0,6 7 3 267,1,2077,,770438,17,0,6 7 3 267,1,20,,770435,17,0,6 7 3 267,1,65,,770437,17,0,6 7 3 267,1,30,,770440,17,0,6 7 3 267,1,70,,770436,17,0,6 7 3 267,1,30,,770434,17,0,6 7 3 267,1,70,,625094,17,0,6 7 3 267,1,30,,770441,17,0,6 7 3 267,1
34002,'3',510,,770452,17,0,6 7 3 267,1,30,,770442,17,0,6 7 3 267,1,64,,682760,17,0,6 7 3 267,1,20,,770450,17,0,6 7 3 267,1,20,,770448,17,0,6 7 3 267,1,60,,680882,17,0,6 7 3 267,1,20,,654293,17,0,6 7 3 267,1,1826,,611014,17,0,6 7 3 267,1,70,,770451,17,0,6 7 3 267,1,29,,645589,17,0,6 7 3 267,1,70,,770445,17,0,6 7 3 267,1,30,,770443,17,0,6 7 3 267,1,70,,770444,17,0,6 7 3 267,1,30,,770446,17,0,6 7 3 267,1,70,,770449,17,0,6 7 3 267,1
34002,'5',2547,,770456,17,0,6 7 3 267,1,70,,770454,17,0,6 7 3 267,1,32,,770455,17,0,6 7 3 267,1,70,,770457,17,0,6 7 3 267,1,30,,770458,17,0,6 7 3 267,1,70,,770453,17,0,6 7 3 267,1,30,,639798,17,0,6 7 3 267,1,70,,770459,17,0,6 7 3 267,1
