6001,'1',506,,634621,21,0,16 15,1,14,,516128,21,0,16 15,1,1707,,634563,21,0,16 15,1,12,,634626,21,0,16 15,1,12,,634642,21,0,16 15,1,52,,634612,21,0,16 15,1,24,,634570,21,0,16 15,1,24,,535975,21,0,16 15,1,64,,634627,21,0,16 15,1,24,,634617,21,0,16 15,1,64,,634558,21,0,16 15,1,22,,634568,21,0,16 15,1,25,,634607,21,0,16 15,1,65,,634616,21,0,16 15,1
6001,'2',544,,634740,25,0,16 15,1,60,,634656,25,0,16 15,1,29,,634650,25,0,16 15,1,20,,634721,25,0,16 15,1,60,,634703,25,0,16 15,1,20,,431326,25,0,16 15,1,20,,634697,25,0,16 15,1,60,,541128,25,0,16 15,1,1138,,634701,21,0,16 15,1,60,,634668,21,0,16 15,1,20,,526360,21,0,16 15,1,20,,634700,21,0,16 15,1,60,,634725,21,0,16 15,1,20,,634696,21,0,16 15,1,20,,634658,21,0,16 15,1,60,,577491,21,0,16 15,1,30,,634741,21,0,16 15,1,60,,548119,21,0,16 15,1,20,,634676,21,0,16 15,1,20,,449268,21,0,16 15,1,60,,634673,21,0,16 15,1,20,,634690,21,0,16 15,1,20,,634734,21,0,16 15,1,60,,634729,21,0,16 15,1,19,,634682,21,0,16 15,1,21,,549003,21,0,16 15,1,60,,634711,21,0,16 15,1,20,,634695,21,0,16 15,1
6001,'3',1924,,634808,21,0,16 15,1,10,,634746,21,0,16 15,1,10,,634778,21,0,16 15,1,10,,634799,21,0,16 15,1,50,,634788,21,0,16 15,1,17,,634813,21,0,16 15,1,20,,634755,21,0,16 15,1,60,,634775,21,0,16 15,1,20,,634771,21,0,16 15,1,20,,634787,21,0,16 15,1,62,,634773,21,0,16 15,1,22,,585153,21,0,16 15,1,20,,634754,21,0,16 15,1,60,,634779,21,0,16 15,1,20,,634832,21,0,16 15,1,20,,634783,21,0,16 15,1,60,,634794,21,0,16 15,1,20,,634762,21,0,16 15,1,20,,571682,21,0,16 15,1,60,,634841,21,0,16 15,1,20,,560061,21,0,16 15,1,20,,634781,21,0,16 15,1,60,,634828,21,0,16 15,1,13,,634798,21,0,16 15,1
6001,'5',620,,634898,21,0,16 15,1,15,,634936,21,0,16 15,1,15,,601700,21,0,16 15,1,55,,634880,21,0,16 15,1,15,,634895,21,0,16 15,1,15,,634860,21,0,16 15,1,15,,634885,21,0,16 15,1,55,,634935,21,0,16 15,1,1116,,529096,21,0,16 15,1,10,,634868,21,0,16 15,1,10,,634919,21,0,16 15,1,10,,634939,21,0,16 15,1,50,,634947,21,0,16 15,1,20,,598321,21,0,16 15,1,20,,634850,21,0,16 15,1,60,,634879,21,0,16 15,1,20,,634854,21,0,16 15,1,20,,634861,21,0,16 15,1,62,,576292,21,0,16 15,1,22,,634941,21,0,16 15,1,20,,634859,21,0,16 15,1,60,,634842,21,0,16 15,1,20,,634913,21,0,16 15,1,20,,634872,21,0,16 15,1,60,,634909,21,0,16 15,1,20,,634943,21,0,16 15,1,20,,634928,21,0,16 15,1,60,,634920,21,0,16 15,1,20,,571915,21,0,16 15,1,20,,634915,21,0,16 15,1,60,,634849,21,0,16 15,1,13,,591156,21,0,16 15,1
8402,'1',656,,647978,53,0,31 82 48 15,1,65,,647983,53,0,31 82 48 15,1,24,,647918,53,0,31 82 48 15,1,68,,647976,53,0,31 82 48 15,1,24,,647989,53,0,31 82 48 15,1,64,,647970,53,0,31 82 48 15,1,25,,647946,53,0,31 82 48 15,1,24,,576763,53,0,31 82 48 15,1,568,,603990,53,0,31 82 48 15,1,30,,551172,53,0,31 82 48 15,1,70,,647944,53,0,31 82 48 15,1,30,,647917,53,0,31 82 48 15,1,70,,647911,53,0,31 82 48 15,1,30,,525971,53,0,31 82 48 15,1,70,,648012,53,0,31 82 48 15,1,30,,647913,53,0,31 82 48 15,1
16601,'1',545,,475699,21,0,47 48 8,1,65,,603346,21,0,47 48 8,1,25,,537097,21,0,47 48 8,1,65,,677139,21,0,47 48 8,1,25,,677144,21,0,47 48 8,1,25,,677137,21,0,47 48 8,1,65,,677141,21,0,47 48 8,1,25,,677140,21,0,47 48 8,1,65,,677134,21,0,47 48 8,1,598,,677135,21,0,47 48 8,1,25,,677136,21,0,47 48 8,1,25,,677138,21,0,47 48 8,1,65,,538147,21,0,47 48 8,1,25,,677143,21,0,47 48 8,1,65,,677147,21,0,47 48 8,1,25,,603974,21,0,47 48 8,1,25,,677133,21,0,47 48 8,1,65,,574113,21,0,47 48 8,1,25,,677146,21,0,47 48 8,1,65,,677145,21,0,47 48 8,1
96001,'1',541,,689695,25,0,16 8,1,8,,562541,25,0,16 8,1,8,,519770,25,0,16 8,1,49,,689716,25,0,16 8,1,9,,689674,25,0,16 8,1,8,,689696,25,0,16 8,1,8,,689749,25,0,16 8,1,7,,518931,25,0,16 8,1,7,,689742,25,0,16 8,1,7,,689708,25,0,16 8,1,7,,689748,25,0,16 8,1,47,,689731,25,0,16 8,1,7,,689670,25,0,16 8,1,7,,689679,25,0,16 8,1,8,,689693,25,0,16 8,1,8,,689730,25,0,16 8,1,8,,542359,25,0,16 8,1,8,,689706,25,0,16 8,1,48,,689751,25,0,16 8,1,8,,689736,25,0,16 8,1,8,,689713,25,0,16 8,1,8,,689744,25,0,16 8,1,8,,689724,25,0,16 8,1,8,,689745,25,0,16 8,1,8,,689743,25,0,16 8,1,8,,689675,25,0,16 8,1,48,,516911,25,0,16 8,1,8,,589403,25,0,16 8,1,8,,689700,25,0,16 8,1,8,,689684,25,0,16 8,1,8,,689711,25,0,16 8,1,8,,689699,25,0,16 8,1,8,,516576,25,0,16 8,1,48,,689694,25,0,16 8,1,8,,689672,25,0,16 8,1,8,,689729,25,0,16 8,1,7,,689691,25,0,16 8,1,10,,689715,25,0,16 8,1,10,,689689,25,0,16 8,1,10,,689725,25,0,16 8,1,50,,689698,25,0,16 8,1,10,,689704,25,0,16 8,1,10,,689733,25,0,16 8,1,10,,689753,25,0,16 8,1,10,,573212,25,0,16 8,1,10,,689739,25,0,16 8,1,50,,689722,25,0,16 8,1,10,,689686,25,0,16 8,1,10,,689754,25,0,16 8,1,10,,550160,25,0,16 8,1,10,,689703,25,0,16 8,1,10,,557999,25,0,16 8,1,50,,689728,25,0,16 8,1,10,,554409,25,0,16 8,1,10,,689752,25,0,16 8,1,10,,578066,25,0,16 8,1,9,,579941,25,0,16 8,1,9,,549557,25,0,16 8,1,49,,689737,25,0,16 8,1,10,,689697,25,0,16 8,1,11,,689718,25,0,16 8,1,8,,564729,25,0,16 8,1,8,,689681,25,0,16 8,1,8,,689701,25,0,16 8,1,8,,689707,25,0,16 8,1,49,,531021,25,0,16 8,1,8,,540528,25,0,16 8,1,4,,689727,25,0,16 8,1,8,,689709,25,0,16 8,1,8,,689747,25,0,16 8,1,8,,689714,25,0,16 8,1,8,,689680,25,0,16 8,1,8,,689723,25,0,16 8,1,48,,689677,25,0,16 8,1,8,,579160,25,0,16 8,1,8,,573648,25,0,16 8,1,8,,689688,25,0,16 8,1,8,,689720,25,0,16 8,1,8,,547983,25,0,16 8,1,8,,539920,25,0,16 8,1,8,,689726,25,0,16 8,1,48,,689678,25,0,16 8,1,8,,689735,25,0,16 8,1,8,,558708,25,0,16 8,1,8,,689712,25,0,16 8,1,8,,689710,25,0,16 8,1,8,,533701,25,0,16 8,1,8,,689692,25,0,16 8,1,48,,544101,25,0,16 8,1,8,,689687,25,0,16 8,1,8,,560259,25,0,16 8,1,8,,689671,25,0,16 8,1,8,,689740,25,0,16 8,1,8,,462262,25,0,16 8,1,8,,689676,25,0,16 8,1,8,,689721,25,0,16 8,1,49,,689732,25,0,16 8,1,9,,554397,25,0,16 8,1,9,,689705,25,0,16 8,1,3,,689738,21,0,16 8,1,7,,584687,21,0,16 8,1,12,,540866,21,0,16 8,1,10,,689673,21,0,16 8,1,51,,562548,21,0,16 8,1,10,,689685,21,0,16 8,1,12,,689717,21,0,16 8,1,10,,689734,21,0,16 8,1,10,,689750,21,0,16 8,1,50,,689702,21,0,16 8,1,10,,689746,21,0,16 8,1,10,,689690,21,0,16 8,1,10,,689741,21,0,16 8,1,10,,689682,21,0,16 8,1,10,,689683,21,0,16 8,1,50,,531027,21,0,16 8,1,10,,689719,21,0,16 8,1,10,,402709,21,0,16 8,1
96001,'2',823,,557648,25,0,16 8,1,10,,689787,25,0,16 8,1,10,,555402,25,0,16 8,1,10,,534088,25,0,16 8,1,50,,511477,25,0,16 8,1,10,,689783,25,0,16 8,1,10,,689760,25,0,16 8,1,10,,689780,25,0,16 8,1,10,,689771,25,0,16 8,1,10,,689755,25,0,16 8,1,50,,689793,25,0,16 8,1,10,,689785,25,0,16 8,1,10,,689778,25,0,16 8,1,10,,587666,25,0,16 8,1,10,,689801,25,0,16 8,1,10,,601863,25,0,16 8,1,50,,551586,25,0,16 8,1,10,,689798,25,0,16 8,1,10,,689781,25,0,16 8,1,10,,689795,25,0,16 8,1,11,,689788,25,0,16 8,1,10,,689762,25,0,16 8,1,52,,689770,25,0,16 8,1,10,,544504,25,0,16 8,1,10,,596959,25,0,16 8,1,10,,689786,25,0,16 8,1,10,,689790,25,0,16 8,1,10,,689764,25,0,16 8,1,50,,689768,25,0,16 8,1,10,,689797,25,0,16 8,1,10,,689789,25,0,16 8,1,10,,551595,25,0,16 8,1,10,,553681,25,0,16 8,1,10,,689773,25,0,16 8,1,50,,516296,25,0,16 8,1,10,,689769,25,0,16 8,1,10,,689772,25,0,16 8,1,10,,689767,25,0,16 8,1,10,,556761,25,0,16 8,1,10,,574505,25,0,16 8,1,50,,689779,25,0,16 8,1,10,,689791,25,0,16 8,1,10,,689765,25,0,16 8,1,10,,689784,25,0,16 8,1,10,,689794,25,0,16 8,1,10,,564634,25,0,16 8,1,50,,580768,25,0,16 8,1,10,,689800,25,0,16 8,1,10,,689766,25,0,16 8,1,10,,689761,25,0,16 8,1,10,,538507,25,0,16 8,1,10,,689763,25,0,16 8,1,50,,689759,25,0,16 8,1,10,,689774,25,0,16 8,1,10,,689776,25,0,16 8,1,10,,582425,25,0,16 8,1,10,,689799,25,0,16 8,1,10,,689757,25,0,16 8,1,50,,689758,25,0,16 8,1,10,,689782,25,0,16 8,1,10,,589626,25,0,16 8,1,10,,689802,25,0,16 8,1,10,,689796,25,0,16 8,1,10,,689756,25,0,16 8,1,50,,689777,25,0,16 8,1,10,,689775,25,0,16 8,1,8,,689792,25,0,16 8,1
96001,'3',815,,689816,21,0,16 8,1,10,,689811,21,0,16 8,1,10,,689833,21,0,16 8,1,10,,689829,21,0,16 8,1,10,,689844,21,0,16 8,1,50,,689815,21,0,16 8,1,10,,689841,21,0,16 8,1,10,,689835,21,0,16 8,1,10,,525132,21,0,16 8,1,10,,689804,21,0,16 8,1,10,,689861,21,0,16 8,1,50,,689809,21,0,16 8,1,10,,595920,21,0,16 8,1,10,,689839,21,0,16 8,1,10,,517540,21,0,16 8,1,10,,551629,21,0,16 8,1,10,,689821,21,0,16 8,1,50,,689803,21,0,16 8,1,10,,689812,21,0,16 8,1,10,,689851,21,0,16 8,1,10,,689837,21,0,16 8,1,7,,689827,21,0,16 8,1,7,,689855,21,0,16 8,1,10,,689807,21,0,16 8,1,50,,689848,21,0,16 8,1,10,,689820,21,0,16 8,1,10,,689818,21,0,16 8,1,10,,689831,21,0,16 8,1,10,,689823,21,0,16 8,1,10,,689822,21,0,16 8,1,50,,689814,21,0,16 8,1,10,,689843,21,0,16 8,1,10,,689824,21,0,16 8,1,10,,689806,21,0,16 8,1,10,,689858,21,0,16 8,1,10,,689854,21,0,16 8,1,50,,689825,21,0,16 8,1,10,,689830,21,0,16 8,1,10,,533388,21,0,16 8,1,10,,516622,21,0,16 8,1,10,,689847,21,0,16 8,1,10,,689856,21,0,16 8,1,50,,689819,21,0,16 8,1,10,,689805,21,0,16 8,1,10,,689860,21,0,16 8,1,10,,689842,21,0,16 8,1,10,,547423,21,0,16 8,1,10,,689849,21,0,16 8,1,50,,689810,21,0,16 8,1,10,,689846,21,0,16 8,1,10,,689859,21,0,16 8,1,10,,689826,21,0,16 8,1,10,,689845,21,0,16 8,1,10,,689832,21,0,16 8,1,50,,389562,21,0,16 8,1,10,,689862,21,0,16 8,1,10,,689836,21,0,16 8,1,10,,689850,21,0,16 8,1,10,,689853,21,0,16 8,1,10,,689840,21,0,16 8,1,50,,689834,21,0,16 8,1,10,,689808,21,0,16 8,1,10,,689857,21,0,16 8,1,10,,689813,21,0,16 8,1,10,,689852,21,0,16 8,1,10,,689817,21,0,16 8,1,50,,689828,21,0,16 8,1,10,,689838,21,0,16 8,1
96001,'5',805,,689886,21,0,16 8,1,10,,689864,21,0,16 8,1,10,,689872,21,0,16 8,1,10,,689911,21,0,16 8,1,10,,689878,21,0,16 8,1,10,,528452,21,0,16 8,1,50,,689881,21,0,16 8,1,10,,689915,21,0,16 8,1,10,,689863,21,0,16 8,1,10,,689910,21,0,16 8,1,10,,689889,21,0,16 8,1,10,,689868,21,0,16 8,1,50,,689891,21,0,16 8,1,10,,589309,21,0,16 8,1,10,,689877,21,0,16 8,1,10,,689906,21,0,16 8,1,10,,689890,21,0,16 8,1,10,,689875,21,0,16 8,1,50,,689918,21,0,16 8,1,10,,689921,21,0,16 8,1,10,,520120,21,0,16 8,1,10,,689908,21,0,16 8,1,7,,689913,21,0,16 8,1,7,,689903,21,0,16 8,1,10,,689884,21,0,16 8,1,50,,689865,21,0,16 8,1,10,,689901,21,0,16 8,1,10,,689887,21,0,16 8,1,10,,689869,21,0,16 8,1,10,,552576,21,0,16 8,1,10,,689917,21,0,16 8,1,50,,689894,21,0,16 8,1,10,,689900,21,0,16 8,1,10,,689904,21,0,16 8,1,10,,689888,21,0,16 8,1,10,,567814,21,0,16 8,1,10,,689873,21,0,16 8,1,50,,689919,21,0,16 8,1,10,,689892,21,0,16 8,1,10,,689895,21,0,16 8,1,10,,556449,21,0,16 8,1,10,,689914,21,0,16 8,1,10,,689883,21,0,16 8,1,50,,689867,21,0,16 8,1,10,,689876,21,0,16 8,1,10,,689880,21,0,16 8,1,10,,689916,21,0,16 8,1,10,,689912,21,0,16 8,1,10,,689902,21,0,16 8,1,50,,689893,21,0,16 8,1,10,,689871,21,0,16 8,1,10,,596275,21,0,16 8,1,10,,689898,21,0,16 8,1,10,,689907,21,0,16 8,1,10,,542190,21,0,16 8,1,50,,689899,21,0,16 8,1,10,,689879,21,0,16 8,1,10,,689874,21,0,16 8,1,10,,689870,21,0,16 8,1,10,,689920,21,0,16 8,1,10,,689909,21,0,16 8,1,50,,689896,21,0,16 8,1,10,,689897,21,0,16 8,1,10,,564534,21,0,16 8,1,10,,689885,21,0,16 8,1,10,,576090,21,0,16 8,1,10,,689866,21,0,16 8,1,50,,689882,21,0,16 8,1,10,,689905,21,0,16 8,1
