4503,'1',439,,712659,16,0,5 9,1,20,,712652,16,0,5 9,1,57,,712674,16,0,5 9,1,10,,712707,16,0,5 9,1,10,,712640,16,0,5 9,1,21,,689599,15,0,5 9,1,49,,712615,15,0,5 9,1,10,,712678,15,0,5 9,1,10,,712644,15,0,5 9,1,10,,712692,15,0,5 9,1,10,,712612,15,0,5 9,1,10,,712634,15,0,5 9,1,50,,712653,15,0,5 9,1,12,,712620,15,0,5 9,1,10,,712661,15,0,5 9,1,10,,712645,15,0,5 9,1,10,,712613,15,0,5 9,1,10,,540177,15,0,5 9,1,50,,712625,15,0,5 9,1,10,,643300,15,0,5 9,1,10,,712650,15,0,5 9,1,10,,712611,15,0,5 9,1,10,,712627,15,0,5 9,1,10,,712660,15,0,5 9,1,50,,712626,15,0,5 9,1,10,,607754,15,0,5 9,1,13,,712637,15,0,5 9,1,10,,683908,15,0,5 9,1,10,,712679,15,0,5 9,1,50,,712649,15,0,5 9,1,10,,712701,15,0,5 9,1,10,,712648,15,0,5 9,1,10,,540124,15,0,5 9,1,10,,712631,15,0,5 9,1,10,,712667,15,0,5 9,1,50,,712696,15,0,5 9,1,10,,620844,15,0,5 9,1,10,,712690,15,0,5 9,1,10,,712666,15,0,5 9,1,10,,712698,15,0,5 9,1,10,,712684,15,0,5 9,1,50,,674007,15,0,5 9,1,10,,712708,15,0,5 9,1,10,,712694,15,0,5 9,1,10,,712617,15,0,5 9,1,10,,712671,15,0,5 9,1,10,,712691,15,0,5 9,1,50,,712663,15,0,5 9,1,10,,712655,15,0,5 9,1,10,,712643,15,0,5 9,1,10,,712646,15,0,5 9,1,10,,712680,15,0,5 9,1,10,,641671,15,0,5 9,1,50,,712638,15,0,5 9,1,13,,712668,15,0,5 9,1,13,,712664,15,0,5 9,1,10,,712651,15,0,5 9,1,10,,712635,15,0,5 9,1,8,,712609,15,0,5 9,1,2,,712619,15,0,5 9,1,50,,712693,15,0,5 9,1,10,,712624,15,0,5 9,1,10,,712662,15,0,5 9,1,10,,712670,15,0,5 9,1,10,,712647,15,0,5 9,1,10,,712683,15,0,5 9,1,50,,712702,15,0,5 9,1,10,,712656,15,0,5 9,1,10,,600306,15,0,5 9,1,10,,712682,15,0,5 9,1,10,,712675,15,0,5 9,1,10,,712657,15,0,5 9,1,50,,712618,15,0,5 9,1,10,,712686,15,0,5 9,1,10,,712709,15,0,5 9,1,10,,603307,15,0,5 9,1,10,,712700,15,0,5 9,1,10,,712639,15,0,5 9,1,50,,656299,15,0,5 9,1,8,,685779,15,0,5 9,1,10,,518948,15,0,5 9,1,10,,626259,15,0,5 9,1,10,,712622,15,0,5 9,1,10,,712628,15,0,5 9,1,50,,621376,15,0,5 9,1,10,,712689,15,0,5 9,1,10,,604797,15,0,5 9,1,10,,712681,15,0,5 9,1,10,,712641,15,0,5 9,1,10,,627957,15,0,5 9,1,50,,638367,15,0,5 9,1,10,,712676,15,0,5 9,1,10,,712629,15,0,5 9,1,10,,712673,15,0,5 9,1,10,,688852,15,0,5 9,1,10,,712621,15,0,5 9,1,50,,712688,15,0,5 9,1,13,,621422,15,0,5 9,1,10,,712665,15,0,5 9,1,10,,712699,15,0,5 9,1,10,,712685,15,0,5 9,1,10,,620491,15,0,5 9,1,50,,712710,15,0,5 9,1,10,,712695,15,0,5 9,1,10,,712706,15,0,5 9,1,10,,712669,15,0,5 9,1,10,,712623,15,0,5 9,1,10,,712633,15,0,5 9,1,50,,712687,15,0,5 9,1,13,,712614,15,0,5 9,1,10,,712697,15,0,5 9,1,10,,639529,15,0,5 9,1,10,,712632,15,0,5 9,1,50,,712705,15,0,5 9,1,10,,712630,15,0,5 9,1,10,,712658,15,0,5 9,1,10,,613953,15,0,5 9,1,10,,712616,15,0,5 9,1,10,,712642,15,0,5 9,1,50,,712677,15,0,5 9,1,10,,712654,15,0,5 9,1,10,,712610,15,0,5 9,1,10,,583646,15,0,5 9,1,10,,712703,15,0,5 9,1,10,,712704,15,0,5 9,1,50,,712636,15,0,5 9,1,10,,712672,15,0,5 9,1,17,,665858,15,0,5 9,1
4503,'2',552,,712756,15,0,5 9,1,49,,655313,15,0,5 9,1,9,,712801,15,0,5 9,1,10,,712814,15,0,5 9,1,9,,712790,15,0,5 9,1,10,,712725,15,0,5 9,1,9,,615341,15,0,5 9,1,10,,712737,15,0,5 9,1,49,,712751,15,0,5 9,1,10,,712734,15,0,5 9,1,9,,712761,15,0,5 9,1,10,,712796,15,0,5 9,1,16,,712715,15,0,5 9,1,49,,712721,15,0,5 9,1,10,,712780,15,0,5 9,1,9,,712770,15,0,5 9,1,10,,712748,15,0,5 9,1,9,,712795,15,0,5 9,1,10,,712714,15,0,5 9,1,9,,712741,15,0,5 9,1,50,,712794,15,0,5 9,1,9,,619709,15,0,5 9,1,10,,712717,15,0,5 9,1,9,,712787,15,0,5 9,1,10,,712782,15,0,5 9,1,9,,712763,15,0,5 9,1,50,,712764,15,0,5 9,1,9,,659411,15,0,5 9,1,10,,712772,15,0,5 9,1,9,,684670,15,0,5 9,1,10,,712804,15,0,5 9,1,9,,712711,15,0,5 9,1,50,,712766,15,0,5 9,1,9,,712758,15,0,5 9,1,10,,712732,15,0,5 9,1,9,,712808,15,0,5 9,1,10,,626642,15,0,5 9,1,9,,560923,15,0,5 9,1,9,,712757,15,0,5 9,1,50,,712792,15,0,5 9,1,11,,712812,15,0,5 9,1,12,,712774,15,0,5 9,1,9,,636519,15,0,5 9,1,10,,614857,15,0,5 9,1,9,,712807,15,0,5 9,1,50,,712747,15,0,5 9,1,9,,712742,15,0,5 9,1,10,,712726,15,0,5 9,1,9,,712744,15,0,5 9,1,10,,712813,15,0,5 9,1,9,,712733,15,0,5 9,1,50,,712788,15,0,5 9,1,9,,712781,15,0,5 9,1,10,,712778,15,0,5 9,1,9,,712777,15,0,5 9,1,10,,658268,15,0,5 9,1,9,,712730,15,0,5 9,1,50,,712785,15,0,5 9,1,9,,712754,15,0,5 9,1,10,,712802,15,0,5 9,1,9,,712720,15,0,5 9,1,10,,712805,15,0,5 9,1,9,,712712,15,0,5 9,1,50,,483957,15,0,5 9,1,9,,712799,15,0,5 9,1,10,,656828,15,0,5 9,1,9,,712724,15,0,5 9,1,10,,712769,15,0,5 9,1,9,,712773,15,0,5 9,1,10,,712731,15,0,5 9,1,49,,712752,15,0,5 9,1,10,,712783,15,0,5 9,1,9,,652942,15,0,5 9,1,10,,712753,15,0,5 9,1,9,,667526,15,0,5 9,1,10,,712798,15,0,5 9,1,49,,712771,15,0,5 9,1,10,,712759,15,0,5 9,1,9,,712755,15,0,5 9,1,10,,604447,15,0,5 9,1,9,,712768,15,0,5 9,1,10,,712806,15,0,5 9,1,6,,712718,15,0,5 9,1,49,,679935,15,0,5 9,1,7,,712811,15,0,5 9,1,9,,637429,15,0,5 9,1,10,,712775,15,0,5 9,1,9,,712750,15,0,5 9,1,10,,684084,15,0,5 9,1,49,,712746,15,0,5 9,1,10,,712762,15,0,5 9,1,9,,712727,15,0,5 9,1,10,,712797,15,0,5 9,1,9,,712735,15,0,5 9,1,10,,712745,15,0,5 9,1,9,,712719,15,0,5 9,1,45,,644048,15,0,5 9,1,8,,712809,15,0,5 9,1,9,,712713,15,0,5 9,1,10,,712738,15,0,5 9,1,9,,645073,15,0,5 9,1,10,,712722,15,0,5 9,1,9,,712723,15,0,5 9,1,50,,712765,15,0,5 9,1,9,,678389,15,0,5 9,1,10,,612010,15,0,5 9,1,9,,712736,15,0,5 9,1,10,,712793,15,0,5 9,1,9,,712789,15,0,5 9,1,50,,712779,15,0,5 9,1,9,,712803,15,0,5 9,1,10,,712716,15,0,5 9,1,9,,712740,15,0,5 9,1,10,,712760,15,0,5 9,1,9,,712791,15,0,5 9,1,50,,712776,15,0,5 9,1,9,,712786,15,0,5 9,1,10,,712810,15,0,5 9,1,9,,712749,15,0,5 9,1,10,,568546,15,0,5 9,1,9,,712729,15,0,5 9,1,10,,638482,15,0,5 9,1,49,,712800,15,0,5 9,1,10,,664288,15,0,5 9,1,9,,712767,15,0,5 9,1,10,,712784,15,0,5 9,1,9,,712728,15,0,5 9,1,10,,712739,15,0,5 9,1,49,,712815,15,0,5 9,1,10,,542423,15,0,5 9,1,16,,712743,15,0,5 9,1
4503,'3',810,,712827,15,0,5 9,1,13,,654066,15,0,5 9,1,10,,712860,15,0,5 9,1,10,,712864,15,0,5 9,1,10,,712880,15,0,5 9,1,50,,712825,15,0,5 9,1,10,,712879,15,0,5 9,1,10,,672354,15,0,5 9,1,10,,712893,15,0,5 9,1,10,,712870,15,0,5 9,1,10,,559543,15,0,5 9,1,50,,712859,15,0,5 9,1,10,,712855,15,0,5 9,1,10,,712828,15,0,5 9,1,10,,646437,15,0,5 9,1,10,,712818,15,0,5 9,1,10,,712830,15,0,5 9,1,50,,712816,15,0,5 9,1,10,,712840,15,0,5 9,1,10,,712862,15,0,5 9,1,10,,485009,15,0,5 9,1,11,,712839,15,0,5 9,1,10,,712829,15,0,5 9,1,50,,712849,15,0,5 9,1,10,,712833,15,0,5 9,1,10,,712895,15,0,5 9,1,10,,712866,15,0,5 9,1,10,,712875,15,0,5 9,1,10,,712854,15,0,5 9,1,50,,712878,15,0,5 9,1,10,,712881,15,0,5 9,1,10,,712845,15,0,5 9,1,10,,712856,15,0,5 9,1,10,,712868,15,0,5 9,1,10,,712892,15,0,5 9,1,50,,712826,15,0,5 9,1,10,,712872,15,0,5 9,1,10,,712877,15,0,5 9,1,10,,712843,15,0,5 9,1,10,,587211,15,0,5 9,1,10,,712851,15,0,5 9,1,50,,712869,15,0,5 9,1,10,,712822,15,0,5 9,1,10,,712891,15,0,5 9,1,10,,534266,15,0,5 9,1,10,,712897,15,0,5 9,1,10,,712861,15,0,5 9,1,50,,609968,15,0,5 9,1,10,,712819,15,0,5 9,1,10,,672684,15,0,5 9,1,10,,712889,15,0,5 9,1,10,,712863,15,0,5 9,1,10,,712867,15,0,5 9,1,50,,712885,15,0,5 9,1,10,,712865,15,0,5 9,1,10,,712901,15,0,5 9,1,10,,573756,15,0,5 9,1,10,,712894,15,0,5 9,1,10,,712882,15,0,5 9,1,49,,622766,15,0,5 9,1,10,,712835,15,0,5 9,1,10,,712887,15,0,5 9,1,10,,712848,15,0,5 9,1,10,,712857,15,0,5 9,1,10,,712838,15,0,5 9,1,50,,712836,15,0,5 9,1,10,,712888,15,0,5 9,1,10,,712844,15,0,5 9,1,10,,712883,15,0,5 9,1,10,,712874,15,0,5 9,1,10,,672911,15,0,5 9,1,50,,712817,15,0,5 9,1,10,,712847,15,0,5 9,1,10,,712896,15,0,5 9,1,10,,712832,15,0,5 9,1,10,,712841,15,0,5 9,1,10,,712850,15,0,5 9,1,50,,626054,15,0,5 9,1,10,,686942,15,0,5 9,1,10,,712824,15,0,5 9,1,9,,712899,15,0,5 9,1,10,,712900,15,0,5 9,1,10,,712823,15,0,5 9,1,50,,712886,15,0,5 9,1,9,,712871,15,0,5 9,1,10,,712837,15,0,5 9,1,10,,712842,15,0,5 9,1,10,,712873,15,0,5 9,1,10,,712853,15,0,5 9,1,50,,712898,15,0,5 9,1,10,,626426,15,0,5 9,1,10,,712820,15,0,5 9,1,10,,712884,15,0,5 9,1,11,,712834,15,0,5 9,1,11,,712890,15,0,5 9,1,50,,712831,15,0,5 9,1,10,,712852,15,0,5 9,1,10,,712858,15,0,5 9,1,10,,712902,15,0,5 9,1,10,,712821,15,0,5 9,1,10,,712846,15,0,5 9,1,55,,712876,15,0,5 9,1
4503,'5',553,,712962,15,0,5 9,1,63,,712939,15,0,5 9,1,20,,712958,15,0,5 9,1,20,,712979,15,0,5 9,1,60,,712926,15,0,5 9,1,20,,679142,15,0,5 9,1,20,,712946,15,0,5 9,1,57,,712929,15,0,5 9,1,10,,712907,15,0,5 9,1,10,,712989,15,0,5 9,1,10,,662008,15,0,5 9,1,10,,712903,15,0,5 9,1,50,,712913,15,0,5 9,1,10,,712983,15,0,5 9,1,10,,712965,15,0,5 9,1,10,,712940,15,0,5 9,1,10,,712993,15,0,5 9,1,10,,712960,15,0,5 9,1,50,,712944,15,0,5 9,1,10,,712945,15,0,5 9,1,10,,712906,15,0,5 9,1,10,,712984,15,0,5 9,1,10,,712912,15,0,5 9,1,10,,712905,15,0,5 9,1,50,,712977,15,0,5 9,1,10,,640777,15,0,5 9,1,10,,712949,15,0,5 9,1,10,,712970,15,0,5 9,1,9,,712954,15,0,5 9,1,9,,712966,15,0,5 9,1,50,,712923,15,0,5 9,1,13,,671244,15,0,5 9,1,10,,712918,15,0,5 9,1,10,,649771,15,0,5 9,1,10,,712937,15,0,5 9,1,10,,712927,15,0,5 9,1,50,,712925,15,0,5 9,1,10,,712935,15,0,5 9,1,10,,674125,15,0,5 9,1,10,,712951,15,0,5 9,1,10,,675090,15,0,5 9,1,10,,712943,15,0,5 9,1,50,,712957,15,0,5 9,1,10,,712952,15,0,5 9,1,10,,712934,15,0,5 9,1,10,,712990,15,0,5 9,1,10,,615126,15,0,5 9,1,10,,660553,15,0,5 9,1,50,,712987,15,0,5 9,1,10,,712950,15,0,5 9,1,10,,712919,15,0,5 9,1,10,,712915,15,0,5 9,1,10,,712959,15,0,5 9,1,10,,712964,15,0,5 9,1,50,,712909,15,0,5 9,1,10,,712975,15,0,5 9,1,10,,712948,15,0,5 9,1,10,,712924,15,0,5 9,1,10,,666587,15,0,5 9,1,10,,712963,15,0,5 9,1,50,,712955,15,0,5 9,1,10,,712982,15,0,5 9,1,10,,712911,15,0,5 9,1,10,,712992,15,0,5 9,1,10,,712974,15,0,5 9,1,10,,712938,15,0,5 9,1,50,,712956,15,0,5 9,1,9,,597167,15,0,5 9,1,10,,712972,15,0,5 9,1,10,,712976,15,0,5 9,1,10,,712947,15,0,5 9,1,10,,712991,15,0,5 9,1,50,,712981,15,0,5 9,1,10,,712971,15,0,5 9,1,10,,712916,15,0,5 9,1,10,,712969,15,0,5 9,1,10,,608813,15,0,5 9,1,10,,712953,15,0,5 9,1,50,,712942,15,0,5 9,1,10,,712908,15,0,5 9,1,10,,712985,15,0,5 9,1,10,,712910,15,0,5 9,1,10,,712961,15,0,5 9,1,10,,608461,15,0,5 9,1,50,,687083,15,0,5 9,1,10,,712928,15,0,5 9,1,10,,712914,15,0,5 9,1,10,,545495,15,0,5 9,1,10,,712930,15,0,5 9,1,10,,712904,15,0,5 9,1,50,,712980,15,0,5 9,1,9,,712978,15,0,5 9,1,9,,651803,15,0,5 9,1,10,,712941,15,0,5 9,1,10,,712986,15,0,5 9,1,10,,712922,15,0,5 9,1,50,,640979,15,0,5 9,1,10,,712917,15,0,5 9,1,10,,712936,15,0,5 9,1,10,,712932,15,0,5 9,1,10,,712973,15,0,5 9,1,12,,712931,15,0,5 9,1,50,,638019,15,0,5 9,1,10,,712967,15,0,5 9,1,10,,712921,15,0,5 9,1,10,,712920,15,0,5 9,1,10,,712988,15,0,5 9,1,10,,712968,15,0,5 9,1,55,,712933,15,0,5 9,1
14503,'1',547,,761480,16,0,132 133 227 228,1,61,,761468,16,0,132 133 227 228,1,20,,761455,16,0,132 133 227 228,1,17,,761459,16,0,132 133 227 228,1,60,,577105,16,0,132 133 227 228,1,28,,510688,16,0,132 133 227 228,1,20,,761469,16,0,132 133 227 228,1,60,,761460,16,0,132 133 227 228,1,20,,761458,16,0,132 133 227 228,1,20,,761466,16,0,132 133 227 228,1,60,,761470,16,0,132 133 227 228,1,16,,761475,16,0,132 133 227 228,1,18,,761476,16,0,132 133 227 228,1,60,,761479,16,0,132 133 227 228,1,20,,761456,16,0,132 133 227 228,1,20,,626580,16,0,132 133 227 228,1,60,,761465,16,0,132 133 227 228,1,20,,662634,16,0,132 133 227 228,1,20,,761477,16,0,132 133 227 228,1,60,,761461,16,0,132 133 227 228,1,19,,593779,16,0,132 133 227 228,1,20,,662182,16,0,132 133 227 228,1,60,,761473,16,0,132 133 227 228,1,20,,761463,16,0,132 133 227 228,1,17,,761467,16,0,132 133 227 228,1,58,,761474,16,0,132 133 227 228,1,29,,761457,16,0,132 133 227 228,1,20,,639553,16,0,132 133 227 228,1,60,,761462,16,0,132 133 227 228,1,20,,761464,16,0,132 133 227 228,1,20,,640302,16,0,132 133 227 228,1,60,,761471,16,0,132 133 227 228,1,20,,761481,16,0,132 133 227 228,1,20,,761478,16,0,132 133 227 228,1,60,,682536,16,0,132 133 227 228,1,20,,652277,16,0,132 133 227 228,1,20,,761472,16,0,132 133 227 228,1,60,,761454,16,0,132 133 227 228,1,14,,570682,16,0,132 133 227 228,1
34503,'1',2706,,770577,44,0,9,1,30,,770573,44,0,9,1,70,,770574,44,0,9,1,30,,770576,44,0,9,1,70,,770575,44,0,9,1
34503,'2',2706,,770581,44,0,9,1,30,,610211,44,0,9,1,70,,770579,44,0,9,1,30,,770582,44,0,9,1,70,,770578,44,0,9,1
34503,'3',601,,770586,44,0,9,1,30,,770590,44,0,9,1,70,,770592,44,0,9,1,30,,770585,44,0,9,1,70,,770588,44,0,9,1,1737,,562341,17,0,9,1,70,,770593,17,0,9,1,30,,580866,44,0,9,1,68,,770583,44,0,9,1,30,,657913,44,0,9,1,70,,770584,44,0,9,1,30,,770591,44,0,9,1
34503,'5',2538,,578397,17,0,9,1,70,,770595,17,0,9,1,30,,770600,44,0,9,1,68,,770599,44,0,9,1,30,,770598,44,0,9,1,70,,770596,44,0,9,1,30,,532822,44,0,9,1
94503,'1',628,,778201,4,0,9,1,7,,778179,4,0,9,1,7,,778198,4,0,9,1,10,,778183,4,0,9,1,50,,778200,4,0,9,1,15,,778196,4,0,9,1,10,,778178,4,0,9,1,10,,778193,4,0,9,1,10,,656242,4,0,9,1,10,,778180,4,0,9,1,50,,647451,4,0,9,1,10,,671646,4,0,9,1,10,,778188,4,0,9,1,10,,778184,4,0,9,1,10,,778177,4,0,9,1,10,,778169,4,0,9,1,50,,778203,4,0,9,1,10,,684847,4,0,9,1,530,,778176,4,0,9,1,10,,613399,4,0,9,1,50,,569258,4,0,9,1,10,,778170,4,0,9,1,10,,778191,4,0,9,1,10,,778175,4,0,9,1,10,,778174,4,0,9,1,10,,778194,4,0,9,1,50,,604746,4,0,9,1,10,,778189,4,0,9,1,10,,634402,4,0,9,1,10,,778172,4,0,9,1,10,,778205,4,0,9,1,10,,778195,4,0,9,1,50,,778186,4,0,9,1,10,,778202,4,0,9,1,10,,778190,4,0,9,1,10,,778206,4,0,9,1,10,,778181,4,0,9,1,10,,637239,4,0,9,1,50,,778199,4,0,9,1,9,,778185,4,0,9,1,7,,778173,4,0,9,1,10,,647995,4,0,9,1,10,,778187,4,0,9,1,10,,778192,4,0,9,1,50,,778204,4,0,9,1,10,,678857,4,0,9,1,10,,498953,4,0,9,1,10,,778182,4,0,9,1,10,,610050,4,0,9,1,10,,778171,4,0,9,1,49,,778197,4,0,9,1
