3402,'1',615,,617551,20,0,52 53 8,1,17,,617548,20,0,52 53 8,1,15,,513075,20,0,52 53 8,1,57,,617578,20,0,52 53 8,1,20,,617583,20,0,52 53 8,1,20,,617580,20,0,52 53 8,1,60,,542326,20,0,52 53 8,1,20,,541029,20,0,52 53 8,1,19,,617566,20,0,52 53 8,1,59,,617550,20,0,52 53 8,1,20,,617562,20,0,52 53 8,1,19,,400428,20,0,52 53 8,1,60,,617561,20,0,52 53 8,1,20,,617556,20,0,52 53 8,1,20,,598904,20,0,52 53 8,1,60,,617547,20,0,52 53 8,1,20,,617572,20,0,52 53 8,1,20,,617591,20,0,52 53 8,1,60,,617586,20,0,52 53 8,1,20,,510637,20,0,52 53 8,1,20,,617589,20,0,52 53 8,1,10,,617575,20,0,52 53 8,1,50,,617557,20,0,52 53 8,1,18,,602985,20,0,52 53 8,1,14,,617573,20,0,52 53 8,1,13,,617558,20,0,52 53 8,1,59,,617582,20,0,52 53 8,1,20,,551955,20,0,52 53 8,1,20,,617570,20,0,52 53 8,1,60,,617581,20,0,52 53 8,1,20,,617549,20,0,52 53 8,1,20,,617560,20,0,52 53 8,1,60,,527150,20,0,52 53 8,1,20,,617574,20,0,52 53 8,1,20,,617579,20,0,52 53 8,1,60,,617559,20,0,52 53 8,1,17,,588739,20,0,52 53 8,1,17,,617553,20,0,52 53 8,1,20,,483851,20,0,52 53 8,1,60,,617568,20,0,52 53 8,1,20,,617585,20,0,52 53 8,1,20,,548922,20,0,52 53 8,1,56,,617576,20,0,52 53 8,1,24,,477694,20,0,52 53 8,1,20,,617584,20,0,52 53 8,1,60,,593355,20,0,52 53 8,1,20,,537120,20,0,52 53 8,1,20,,617567,20,0,52 53 8,1,60,,593946,20,0,52 53 8,1,20,,617554,20,0,52 53 8,1,20,,617571,20,0,52 53 8,1,56,,617565,20,0,52 53 8,1,18,,617555,20,0,52 53 8,1,20,,545634,20,0,52 53 8,1,60,,617563,20,0,52 53 8,1,20,,617588,20,0,52 53 8,1,20,,617590,20,0,52 53 8,1,60,,617569,20,0,52 53 8,1,20,,617564,20,0,52 53 8,1,20,,617587,20,0,52 53 8,1,60,,617577,20,0,52 53 8,1,20,,617552,20,0,52 53 8,1
3402,'2',614,,617627,20,0,52 53 8,1,20,,617629,20,0,52 53 8,1,20,,488667,20,0,52 53 8,1,60,,617613,20,0,52 53 8,1,20,,541935,20,0,52 53 8,1,15,,617603,20,0,52 53 8,1,55,,617607,20,0,52 53 8,1,20,,617594,20,0,52 53 8,1,20,,617622,20,0,52 53 8,1,60,,617628,20,0,52 53 8,1,10,,617598,20,0,52 53 8,1,10,,617602,20,0,52 53 8,1,20,,596336,20,0,52 53 8,1,60,,617612,20,0,52 53 8,1,14,,617599,20,0,52 53 8,1,15,,617619,20,0,52 53 8,1,16,,617609,20,0,52 53 8,1,57,,515258,20,0,52 53 8,1,20,,617595,20,0,52 53 8,1,20,,530463,20,0,52 53 8,1,60,,617614,20,0,52 53 8,1,20,,617611,20,0,52 53 8,1,20,,617617,20,0,52 53 8,1,60,,617632,20,0,52 53 8,1,20,,617593,20,0,52 53 8,1,20,,617633,20,0,52 53 8,1,60,,617625,20,0,52 53 8,1,20,,566647,20,0,52 53 8,1,20,,617605,20,0,52 53 8,1,60,,617608,20,0,52 53 8,1,20,,617618,20,0,52 53 8,1,20,,564445,20,0,52 53 8,1,60,,617596,20,0,52 53 8,1,20,,557239,20,0,52 53 8,1,20,,568105,20,0,52 53 8,1,60,,617616,20,0,52 53 8,1,15,,617631,20,0,52 53 8,1,19,,617620,20,0,52 53 8,1,60,,617592,20,0,52 53 8,1,20,,617600,20,0,52 53 8,1,20,,617615,20,0,52 53 8,1,60,,617623,20,0,52 53 8,1,20,,408484,20,0,52 53 8,1,25,,557255,20,0,52 53 8,1,59,,617604,20,0,52 53 8,1,16,,617637,20,0,52 53 8,1,17,,617621,20,0,52 53 8,1,20,,617634,20,0,52 53 8,1,60,,617630,20,0,52 53 8,1,20,,617638,20,0,52 53 8,1,20,,617610,20,0,52 53 8,1,60,,617624,20,0,52 53 8,1,20,,617626,20,0,52 53 8,1,20,,617636,20,0,52 53 8,1,57,,617597,20,0,52 53 8,1,19,,617601,20,0,52 53 8,1,20,,617635,20,0,52 53 8,1,60,,548284,20,0,52 53 8,1,20,,536809,20,0,52 53 8,1,20,,617606,20,0,52 53 8,1,60,,555738,20,0,52 53 8,1,20,,542907,20,0,52 53 8,1
3402,'3',800,,617644,20,0,52 53 8,1,20,,617675,20,0,52 53 8,1,20,,617641,20,0,52 53 8,1,60,,617680,20,0,52 53 8,1,20,,617646,20,0,52 53 8,1,18,,560481,20,0,52 53 8,1,15,,617640,20,0,52 53 8,1,57,,541247,20,0,52 53 8,1,20,,617655,20,0,52 53 8,1,18,,617661,20,0,52 53 8,1,60,,617674,20,0,52 53 8,1,19,,617642,20,0,52 53 8,1,19,,617669,20,0,52 53 8,1,57,,617671,20,0,52 53 8,1,20,,485135,20,0,52 53 8,1,20,,617670,20,0,52 53 8,1,60,,617651,20,0,52 53 8,1,20,,563913,20,0,52 53 8,1,20,,617676,20,0,52 53 8,1,60,,514407,20,0,52 53 8,1,20,,617665,20,0,52 53 8,1,20,,617672,20,0,52 53 8,1,60,,617654,20,0,52 53 8,1,20,,617645,20,0,52 53 8,1,20,,554203,20,0,52 53 8,1,60,,617656,20,0,52 53 8,1,20,,617650,20,0,52 53 8,1,20,,617648,20,0,52 53 8,1,60,,517306,20,0,52 53 8,1,20,,617652,20,0,52 53 8,1,20,,617681,20,0,52 53 8,1,60,,617660,20,0,52 53 8,1,17,,617643,20,0,52 53 8,1,17,,617668,20,0,52 53 8,1,20,,617647,20,0,52 53 8,1,60,,617662,20,0,52 53 8,1,25,,565565,20,0,52 53 8,1,60,,617664,20,0,52 53 8,1,16,,617673,20,0,52 53 8,1,19,,617657,20,0,52 53 8,1,20,,617678,20,0,52 53 8,1,60,,617682,20,0,52 53 8,1,20,,617653,20,0,52 53 8,1,20,,549387,20,0,52 53 8,1,60,,529780,20,0,52 53 8,1,20,,617666,20,0,52 53 8,1,20,,523337,20,0,52 53 8,1,57,,617649,20,0,52 53 8,1,19,,617659,20,0,52 53 8,1,20,,617677,20,0,52 53 8,1,60,,617639,20,0,52 53 8,1,20,,617658,20,0,52 53 8,1,20,,617679,20,0,52 53 8,1,60,,617663,20,0,52 53 8,1,20,,617667,20,0,52 53 8,1
3402,'5',609,,617734,20,0,52 53 8,1,20,,617685,20,0,52 53 8,1,20,,617720,20,0,52 53 8,1,60,,617716,20,0,52 53 8,1,20,,617687,20,0,52 53 8,1,15,,617729,20,0,52 53 8,1,56,,617704,20,0,52 53 8,1,20,,617725,20,0,52 53 8,1,20,,617692,20,0,52 53 8,1,60,,617697,20,0,52 53 8,1,20,,617722,20,0,52 53 8,1,18,,617703,20,0,52 53 8,1,15,,536283,20,0,52 53 8,1,57,,617732,20,0,52 53 8,1,20,,617719,20,0,52 53 8,1,18,,617717,20,0,52 53 8,1,60,,617735,20,0,52 53 8,1,19,,617711,20,0,52 53 8,1,19,,617724,20,0,52 53 8,1,57,,617718,20,0,52 53 8,1,20,,617727,20,0,52 53 8,1,20,,617702,20,0,52 53 8,1,60,,617712,20,0,52 53 8,1,20,,617713,20,0,52 53 8,1,20,,617707,20,0,52 53 8,1,60,,617684,20,0,52 53 8,1,20,,617726,20,0,52 53 8,1,20,,531613,20,0,52 53 8,1,60,,552988,20,0,52 53 8,1,20,,617700,20,0,52 53 8,1,20,,617701,20,0,52 53 8,1,60,,524039,20,0,52 53 8,1,20,,617695,20,0,52 53 8,1,20,,617709,20,0,52 53 8,1,60,,617696,20,0,52 53 8,1,20,,617715,20,0,52 53 8,1,20,,571810,20,0,52 53 8,1,60,,617721,20,0,52 53 8,1,17,,617694,20,0,52 53 8,1,17,,617686,20,0,52 53 8,1,20,,617688,20,0,52 53 8,1,60,,617730,20,0,52 53 8,1,25,,617683,20,0,52 53 8,1,60,,617699,20,0,52 53 8,1,16,,617706,20,0,52 53 8,1,19,,617714,20,0,52 53 8,1,20,,617698,20,0,52 53 8,1,60,,617723,20,0,52 53 8,1,20,,617691,20,0,52 53 8,1,20,,535328,20,0,52 53 8,1,60,,569614,20,0,52 53 8,1,20,,617710,20,0,52 53 8,1,20,,617705,20,0,52 53 8,1,57,,617731,20,0,52 53 8,1,19,,617733,20,0,52 53 8,1,20,,574341,20,0,52 53 8,1,60,,617690,20,0,52 53 8,1,20,,617708,20,0,52 53 8,1,20,,617728,20,0,52 53 8,1,60,,617689,20,0,52 53 8,1,20,,617693,20,0,52 53 8,1
33402,'1',430,,681935,76,0,17 154 8,1,15,,681945,20,0,17 154 8,1,55,,566142,76,0,17 154 8,1,10,,681931,20,0,17 154 8,1,10,,681929,20,0,17 154 8,1,10,,681949,76,0,17 154 8,1,16,,681933,20,0,17 154 8,1,8,,681941,20,0,17 154 8,1,1992,,681932,20,0,5 132 133,1,12,,681948,20,0,34 236 261,1,57,,540862,20,0,5 132 133,1,15,,681939,20,0,34 236 261,1,15,,541776,20,0,5 132 133,1,55,,568939,76,0,34 236 261,1,15,,681934,20,0,5 132 133,1,15,,681946,76,0,34 236 261,1,15,,681943,20,0,5 132 133,1,55,,538099,76,0,34 236 261,1,15,,548942,20,0,5 132 133,1
33402,'2',430,,681952,76,0,34 236 261,1,15,,681971,20,0,5 132 133,1,55,,681969,76,0,17 154 8,1,15,,681970,20,0,5 132 133,1,15,,681968,76,0,17 154 8,1,11,,681967,20,0,17 154 8,1,12,,681972,20,0,17 154 8,1,1993,,681953,20,0,5 132 133,1,12,,415153,20,0,34 236 261,1,57,,681959,20,0,5 132 133,1,15,,681960,20,0,34 236 261,1,15,,681962,20,0,5 132 133,1,55,,681964,76,0,34 236 261,1,15,,681958,20,0,5 132 133,1,15,,681956,76,0,34 236 261,1,15,,681961,20,0,5 132 133,1,55,,681966,76,0,34 236 261,1,15,,681955,20,0,5 132 133,1
33402,'3',430,,682009,76,0,34 236 261,1,15,,681975,20,0,5 132 133,1,55,,681996,76,0,34 236 261,1,15,,681981,20,0,5 132 133,1,15,,681987,76,0,34 52 53 8,1,12,,681979,20,0,17 154 8,1,15,,682006,76,0,34 52 53 8,1,50,,575756,20,0,17 154 8,1,10,,682010,76,0,34 52 53 8,1,10,,591966,20,0,17 154 8,1,10,,682007,76,0,34 52 53 8,1,10,,681997,20,0,17 154 8,1,10,,681980,76,0,34 52 53 8,1,50,,681986,20,0,17 154 8,1,10,,681998,76,0,34 52 53 8,1,10,,682002,20,0,17 154 8,1,7,,529728,76,0,17 154 8,1,8,,681989,20,0,17 154 8,1,1804,,681976,20,0,5 132 133,1,12,,681988,20,0,34 236 261,1,57,,681993,20,0,5 132 133,1,15,,681990,20,0,34 236 261,1,15,,681994,20,0,5 132 133,1,55,,402077,76,0,34 236 261,1,15,,682004,20,0,5 132 133,1,15,,681978,76,0,34 236 261,1,15,,682001,20,0,5 132 133,1,55,,681977,76,0,34 236 261,1,15,,682005,20,0,5 132 133,1
33402,'5',430,,682033,76,0,34 236 261,1,15,,528479,20,0,5 132 133,1,55,,682028,76,0,17 154 8,1,15,,682031,20,0,5 132 133,1,15,,682021,76,0,17 154 8,1,8,,682023,20,0,17 154 8,1,10,,571960,20,0,17 154 8,1,1998,,588713,20,0,5 132 133,1,12,,682017,20,0,34 236 261,1,57,,682019,20,0,5 132 133,1,15,,682015,20,0,34 236 261,1,15,,682024,20,0,5 132 133,1,55,,682018,76,0,34 236 261,1,15,,682032,20,0,5 132 133,1,15,,682030,76,0,34 236 261,1,15,,682016,20,0,5 132 133,1,55,,682020,76,0,34 236 261,1,15,,682022,20,0,5 132 133,1
35402,'1',456,,682834,48,0,19,1,70,,682827,48,0,11 12 74 15,1,11,,682828,64,0,11 12 74 15,1,15,,682832,48,0,11 12 74 15,1,2059,,682824,61,0,19,1,30,,682831,61,0,19,1,70,,576172,61,0,19,1,30,,583619,61,0,19,1,70,,575328,61,0,19,1,30,,682830,61,0,19,1,70,,574428,64,0,19,1
35402,'2',537,,682838,64,0,11 12 74 15,1,2074,,682841,61,0,19,1,30,,682846,61,0,19,1,70,,547050,61,0,19,1,30,,682843,61,0,19,1,70,,682840,61,0,19,1,30,,682839,61,0,19,1,70,,589622,64,0,19,1
35402,'3',541,,682861,64,0,19,1,66,,682864,64,0,19,1,29,,682849,64,0,19,1,15,,682859,48,0,19,1,55,,682860,64,0,19,1,15,,682863,48,0,19,1,15,,682862,64,0,19,1,1875,,560024,61,0,19,1,30,,682852,61,0,19,1,70,,682858,61,0,19,1,30,,591786,61,0,19,1,70,,682856,61,0,19,1,30,,682847,61,0,19,1,70,,682851,64,0,19,1
35402,'5',537,,591656,64,0,11 12 74 15,1,2074,,682872,61,0,19,1,30,,682868,61,0,19,1,70,,682873,61,0,19,1,30,,527091,61,0,19,1,70,,682875,61,0,19,1,30,,682871,61,0,19,1,70,,682866,64,0,19,1
