13403,'1',1104,,849401,28,0,31 16,1,14,,849359,28,0,31 16,1,15,,849354,28,0,31 16,1,15,,849385,28,0,31 16,1,55,,704245,28,0,31 16,1,15,,777344,28,0,31 16,1
13403,'2',530,,849415,6,0,31 16,1,28,,849432,6,0,31 16,1,61,,849424,28,0,31 16,1,18,,849435,28,0,31 16,1,20,,849417,28,0,31 16,1,60,,577201,28,0,31 16,1,20,,849403,28,0,31 16,1,20,,849428,28,0,31 16,1,60,,849444,28,0,31 16,1,20,,849427,28,0,31 16,1,20,,849455,28,0,31 16,1,60,,849439,28,0,31 16,1,20,,849453,28,0,31 16,1,20,,849414,28,0,31 16,1,60,,665917,28,0,31 16,1,20,,849419,28,0,31 16,1,20,,849411,28,0,31 16,1,60,,849404,28,0,31 16,1,20,,849447,28,0,31 16,1
13403,'3',821,,849483,28,0,31 16,1,21,,849457,28,0,31 16,1,58,,849490,28,0,31 16,1,18,,849461,28,0,31 16,1,18,,849493,28,0,31 16,1,18,,849464,28,0,31 16,1,58,,849474,28,0,31 16,1,18,,849497,28,0,31 16,1,18,,849498,28,0,31 16,1,58,,849467,28,0,31 16,1,18,,849460,28,0,31 16,1,18,,849475,28,0,31 16,1
13403,'5',821,,849526,28,0,31 16,1,21,,536888,28,0,31 16,1,58,,849509,28,0,31 16,1,18,,849525,28,0,31 16,1,18,,849501,28,0,31 16,1,18,,849515,28,0,31 16,1,58,,849533,28,0,31 16,1,18,,849511,28,0,31 16,1,18,,849529,28,0,31 16,1,58,,849532,28,0,31 16,1,18,,714595,28,0,31 16,1,18,,849503,28,0,31 16,1
33401,'1',329,,858372,4,4,,1,30,,763767,4,4,,1,70,,694185,4,4,,1,2130,,858365,4,4,,1,70,,858374,4,4,,1,30,,858373,4,4,,1,58,,669143,114,4,,1,30,,858371,112,4,,1,70,,858363,110,4,,1,30,,858364,110,4,,1,70,,858359,110,4,,1,30,,858366,110,4,,1
33401,'2',329,,858382,4,4,,1,30,,858398,4,4,,1,70,,858390,4,4,,1,2130,,858395,4,4,,1,70,,755533,4,4,,1,30,,858392,4,4,,1,58,,858384,114,4,,1,30,,858380,112,4,,1,70,,748431,110,4,,1,30,,750836,110,4,,1,70,,858379,110,4,,1,30,,858388,110,4,,1
33401,'3',329,,858412,4,4,,1,30,,651762,4,4,,1,70,,858428,4,4,,1,27,,858402,4,4,,1,60,,858420,4,4,,1,20,,858423,4,4,,1,20,,858425,4,4,,1,59,,858403,4,4,,1,2,,858417,110,4,,1,30,,858424,110,4,,1,64,,858409,110,4,,1,23,,858400,112,4,,1,20,,858432,112,4,,1,1805,,858401,4,4,,1,70,,706447,4,4,,1,30,,858421,4,4,,1,58,,858410,114,4,,1,30,,858407,112,4,,1,70,,858419,110,4,,1,30,,723915,110,4,,1,70,,858427,110,4,,1,30,,858429,110,4,,1
33401,'5',329,,701316,4,4,,1,30,,858439,4,4,,1,70,,858438,4,4,,1,2130,,718627,4,4,,1,70,,858451,4,4,,1,30,,858440,4,4,,1,58,,858445,114,4,,1,30,,858450,112,4,,1,70,,747895,110,4,,1,30,,858435,110,4,,1,70,,858446,110,4,,1,30,,769736,110,4,,1
33402,'1',329,,858456,1,0,17 154 8,1,30,,858469,1,0,17 154 8,1,70,,858460,1,0,17 154 8,1,2130,,858459,1,0,34 236 261,1,70,,858463,1,0,34 236 261,1,30,,858478,1,0,34 236 261,1,58,,858474,1,0,17 16,1,30,,858457,1,0,17 16,1,70,,858468,1,0,17 16,1,30,,858467,1,0,17 16,1,70,,858472,1,0,17 16,1,30,,858455,1,0,17 16,1
33402,'2',329,,734644,1,0,34 236 261,1,30,,858498,1,0,17 154 8,1,70,,743106,1,0,17 154 8,1,2130,,858486,1,0,34 236 261,1,70,,742582,1,0,34 236 261,1,30,,652384,1,0,34 236 261,1,58,,710954,1,0,17 16,1,30,,858491,1,0,17 16,1,70,,669049,1,0,17 16,1,30,,858485,1,0,17 16,1,70,,732563,1,0,17 16,1,30,,858494,1,0,17 16,1
33402,'3',329,,858509,1,0,34 236 261,1,30,,741654,1,0,34 236 261,1,70,,858512,1,0,34 52 53 8,1,27,,858503,1,0,34 52 53 8,1,60,,858521,1,0,34 52 53 8,1,20,,706910,1,0,34 52 53 8,1,20,,858510,1,0,34 52 53 8,1,60,,858502,1,0,34 52 53 8,1,17,,704680,1,0,17 154 8,1,14,,858504,1,0,17 16,1,64,,725927,1,0,17 16,1,23,,858527,1,0,17 16,1,20,,722537,1,0,17 16,1,1805,,858522,1,0,34 236 261,1,70,,858518,1,0,34 236 261,1,30,,858516,1,0,34 236 261,1,58,,858506,1,0,17 16,1,30,,858515,1,0,17 16,1,70,,858525,1,0,17 16,1,30,,858513,1,0,17 16,1,70,,692059,1,0,17 16,1,30,,858514,1,0,17 16,1
33402,'5',329,,700269,1,0,34 236 261,1,30,,858541,1,0,17 154 8,1,70,,858542,1,0,17 154 8,1,2130,,858531,1,0,34 236 261,1,70,,759310,1,0,34 236 261,1,30,,858548,1,0,34 236 261,1,58,,858530,1,0,17 16,1,30,,858538,1,0,17 16,1,70,,858550,1,0,17 16,1,30,,858539,1,0,17 16,1,70,,858544,1,0,17 16,1,30,,858549,1,0,17 16,1
35301,'1',347,,714783,4,4,,1,71,,859262,4,4,,1,29,,713994,4,4,,1,108,,859261,107,4,,1,70,,859256,107,4,,1,30,,859257,107,4,,1,1895,,859260,4,4,,1,70,,729988,4,4,,1,30,,859258,4,4,,1,64,,859255,37,4,,1,30,,859259,108,4,,1,70,,722648,107,4,,1,30,,720864,107,4,,1,70,,859263,107,4,,1,30,,726432,107,4,,1,65,,859264,107,4,,1
35301,'2',516,,707128,4,4,,1,292,,699955,107,4,,1,1744,,725910,4,4,,1,70,,859271,4,4,,1,30,,859268,4,4,,1,63,,859267,37,4,,1,30,,859269,107,4,,1,70,,859265,107,4,,1,30,,700385,107,4,,1,70,,859266,107,4,,1,30,,859270,107,4,,1,65,,859272,107,4,,1
35301,'3',418,,859288,4,4,,1,28,,859282,4,4,,1,70,,859276,4,4,,1,30,,859284,4,4,,1,70,,859273,4,4,,1,19,,859286,107,4,,1,70,,859287,107,4,,1,30,,770084,107,4,,1,70,,859283,107,4,,1,1745,,547445,4,4,,1,70,,859281,4,4,,1,30,,750297,4,4,,1,70,,859278,4,4,,1,25,,859285,108,4,,1,70,,762300,107,4,,1,30,,859275,107,4,,1,70,,753657,107,4,,1,30,,859279,107,4,,1,70,,859277,107,4,,1
35301,'5',516,,859296,4,4,,1,292,,859298,107,4,,1,1744,,859297,4,4,,1,70,,859299,4,4,,1,30,,859294,4,4,,1,63,,859292,37,4,,1,30,,859289,107,4,,1,70,,859295,107,4,,1,30,,859290,107,4,,1,70,,692675,107,4,,1,30,,859291,107,4,,1,65,,859293,107,4,,1
35302,'1',348,,859305,1,0,11 12 86 87,1,70,,859310,1,0,11 12 86 87,1,30,,859312,1,0,11 12 86 87,1,107,,859313,1,0,11 12 86 87,1,70,,859314,1,0,11 12 86 87,1,30,,778429,1,0,11 12 86 87,1,1900,,859306,1,0,11 12 86 87,1,70,,859308,1,0,11 12 86 87,1,30,,859301,1,0,11 12 86 87,1,70,,859309,1,0,11 12 86 87,1,30,,618324,1,0,11 12 86 87,1,66,,859304,1,0,11 12 86 87,1,30,,859311,1,0,17 11 12 19 6,1,70,,859302,1,0,11 12 86 87,1,23,,859300,1,0,11 12 86 87,1,65,,859303,1,0,11 12 86 87,1
35302,'2',521,,720963,1,0,11 12 86 87,1,287,,859320,1,0,11 12 86 87,1,1747,,859316,1,0,11 12 86 87,1,70,,859318,1,0,11 12 86 87,1,30,,859319,1,0,11 12 86 87,1,70,,775380,1,0,11 12 86 87,1,30,,859315,1,0,11 12 86 87,1,70,,859317,1,0,11 12 86 87,1,30,,635968,1,0,11 12 86 87,1,65,,859322,1,0,11 12 86 87,1,25,,859321,1,0,11 12 86 87,1,65,,859323,1,0,11 12 86 87,1
35302,'3',418,,859332,1,0,11 12 86 87,1,30,,859327,1,0,11 12 86 87,1,70,,859324,1,0,11 12 86 87,1,30,,859335,1,0,11 12 86 87,1,70,,859329,1,0,11 12 86 87,1,20,,859326,1,0,11 12 86 87,1,73,,758953,1,0,11 12 86 87,1,30,,859341,1,0,11 12 86 87,1,64,,859333,1,0,11 12 86 87,1,1750,,859338,1,0,11 12 86 87,1,70,,859337,1,0,11 12 86 87,1,30,,859336,1,0,11 12 86 87,1,70,,859334,1,0,11 12 86 87,1,30,,859331,1,0,11 12 86 87,1,70,,859330,1,0,11 12 86 87,1,30,,859328,1,0,11 12 86 87,1,65,,859325,1,0,11 12 86 87,1,25,,859340,1,0,11 12 86 87,1,70,,859339,1,0,11 12 86 87,1
35302,'5',521,,859347,1,0,11 12 86 87,1,287,,859348,1,0,11 12 86 87,1,1747,,769056,1,0,11 12 86 87,1,70,,859350,1,0,11 12 86 87,1,30,,859342,1,0,11 12 86 87,1,70,,859351,1,0,11 12 86 87,1,30,,859344,1,0,11 12 86 87,1,70,,762558,1,0,11 12 86 87,1,30,,859346,1,0,11 12 86 87,1,65,,859343,1,0,11 12 86 87,1,25,,859345,1,0,11 12 86 87,1,65,,859349,1,0,11 12 86 87,1
