4104,'1',511,,528697,22,0,68 8,1,7,,798894,15,0,68 8,1,6,,798895,22,0,68 8,1,6,,646142,15,0,68 8,1,10,,798896,22,0,68 8,1,10,,644954,15,0,68 8,1,50,,798826,22,0,68 8,1,10,,798818,22,0,68 8,1,10,,682825,25,0,68 8,1,10,,798833,25,0,68 8,1,9,,798879,25,0,68 8,1,10,,767644,25,0,68 8,1,9,,734838,25,0,68 8,1,47,,798837,25,0,68 8,1,12,,798866,25,0,68 8,1,9,,798854,25,0,68 8,1,10,,736551,25,0,68 8,1,10,,798883,25,0,68 8,1,10,,798890,25,0,68 8,1,50,,798827,25,0,68 8,1,10,,798855,25,0,68 8,1,10,,798867,25,0,68 8,1,11,,798874,25,0,68 8,1,10,,571122,25,0,68 8,1,9,,798817,25,0,68 8,1,52,,798859,25,0,68 8,1,10,,798842,25,0,68 8,1,10,,699652,25,0,68 8,1,10,,740016,25,0,68 8,1,10,,668089,25,0,68 8,1,10,,798864,25,0,68 8,1,50,,798863,25,0,68 8,1,10,,649427,25,0,68 8,1,10,,798834,25,0,68 8,1,10,,798825,25,0,68 8,1,10,,641877,25,0,68 8,1,10,,798823,25,0,68 8,1,50,,798876,25,0,68 8,1,10,,760732,25,0,68 8,1,10,,798889,25,0,68 8,1,10,,798856,25,0,68 8,1,10,,798845,25,0,68 8,1,10,,798843,25,0,68 8,1,50,,798865,25,0,68 8,1,10,,798878,25,0,68 8,1,10,,635956,25,0,68 8,1,10,,798850,25,0,68 8,1,10,,758732,25,0,68 8,1,10,,798870,25,0,68 8,1,50,,798813,25,0,68 8,1,10,,798835,25,0,68 8,1,10,,717298,25,0,68 8,1,8,,798838,25,0,68 8,1,7,,798887,25,0,68 8,1,10,,755464,25,0,68 8,1,48,,707017,25,0,68 8,1,10,,714770,25,0,68 8,1,10,,798821,25,0,68 8,1,10,,798824,25,0,68 8,1,10,,798841,25,0,68 8,1,10,,798857,25,0,68 8,1,50,,798862,25,0,68 8,1,10,,776078,25,0,68 8,1,10,,798880,25,0,68 8,1,10,,798871,25,0,68 8,1,10,,798812,25,0,68 8,1,10,,778280,25,0,68 8,1,50,,798884,25,0,68 8,1,10,,798816,25,0,68 8,1,10,,798888,25,0,68 8,1,10,,798847,25,0,68 8,1,10,,798814,25,0,68 8,1,10,,798861,25,0,68 8,1,50,,798872,25,0,68 8,1,10,,798875,25,0,68 8,1,10,,672002,25,0,68 8,1,10,,798840,25,0,68 8,1,10,,798848,25,0,68 8,1,10,,798881,25,0,68 8,1,50,,798815,25,0,68 8,1,10,,798811,25,0,68 8,1,10,,798849,25,0,68 8,1,10,,798868,25,0,68 8,1,10,,459240,25,0,68 8,1,10,,798829,25,0,68 8,1,50,,798832,25,0,68 8,1,9,,798885,25,0,68 8,1,7,,798886,25,0,68 8,1,5,,798877,25,0,68 8,1,10,,798851,25,0,68 8,1,10,,672811,25,0,68 8,1,10,,798891,25,0,68 8,1,50,,758742,25,0,68 8,1,10,,798819,25,0,68 8,1,10,,798873,25,0,68 8,1,10,,681791,25,0,68 8,1,10,,798844,25,0,68 8,1,10,,696623,25,0,68 8,1,50,,798820,25,0,68 8,1,10,,798836,25,0,68 8,1,10,,798860,25,0,68 8,1,10,,798858,25,0,68 8,1,10,,798882,25,0,68 8,1,10,,798852,25,0,68 8,1,49,,727032,25,0,68 8,1,8,,798822,25,0,68 8,1,21,,798828,25,0,68 8,1,20,,745330,25,0,68 8,1,60,,798869,25,0,68 8,1,20,,651539,25,0,68 8,1,20,,798892,25,0,68 8,1,60,,798893,25,0,68 8,1,20,,798853,25,0,68 8,1,17,,798839,25,0,68 8,1,68,,798830,25,0,68 8,1,30,,713900,25,0,68 8,1,70,,798831,25,0,68 8,1,30,,798846,25,0,68 8,1
4104,'2',533,,798960,22,0,68 8,1,18,,798927,22,0,68 8,1,58,,798962,22,0,68 8,1,18,,774509,25,0,68 8,1,18,,798957,25,0,68 8,1,58,,707130,25,0,68 8,1,18,,754654,25,0,68 8,1,18,,798966,25,0,68 8,1,18,,798959,25,0,68 8,1,61,,532294,25,0,68 8,1,17,,798961,25,0,68 8,1,16,,798933,25,0,68 8,1,52,,798900,25,0,68 8,1,12,,798943,25,0,68 8,1,12,,798958,25,0,68 8,1,12,,798951,25,0,68 8,1,12,,798937,25,0,68 8,1,52,,798953,25,0,68 8,1,12,,798926,25,0,68 8,1,12,,798924,25,0,68 8,1,9,,798923,25,0,68 8,1,9,,798974,25,0,68 8,1,12,,798949,25,0,68 8,1,50,,734177,25,0,68 8,1,10,,798931,25,0,68 8,1,8,,798911,25,0,68 8,1,8,,798972,25,0,68 8,1,8,,704142,25,0,68 8,1,8,,798935,25,0,68 8,1,8,,798983,25,0,68 8,1,48,,798928,25,0,68 8,1,8,,798952,25,0,68 8,1,8,,766686,25,0,68 8,1,8,,668315,25,0,68 8,1,8,,798980,25,0,68 8,1,8,,672035,25,0,68 8,1,8,,798909,25,0,68 8,1,48,,710898,25,0,68 8,1,8,,798978,25,0,68 8,1,8,,764424,25,0,68 8,1,8,,798938,25,0,68 8,1,8,,716136,25,0,68 8,1,8,,798905,25,0,68 8,1,8,,798920,25,0,68 8,1,8,,668697,25,0,68 8,1,48,,798956,25,0,68 8,1,8,,798941,25,0,68 8,1,8,,798908,25,0,68 8,1,8,,798955,25,0,68 8,1,8,,798919,25,0,68 8,1,8,,798948,25,0,68 8,1,8,,798977,25,0,68 8,1,48,,798985,25,0,68 8,1,8,,798984,25,0,68 8,1,8,,798950,25,0,68 8,1,8,,798913,25,0,68 8,1,8,,798917,25,0,68 8,1,8,,798932,25,0,68 8,1,8,,798982,25,0,68 8,1,8,,798954,25,0,68 8,1,48,,798986,25,0,68 8,1,8,,798918,25,0,68 8,1,8,,798904,25,0,68 8,1,8,,745617,25,0,68 8,1,8,,798930,25,0,68 8,1,8,,798965,25,0,68 8,1,8,,798963,25,0,68 8,1,48,,798976,25,0,68 8,1,8,,798946,25,0,68 8,1,8,,798899,25,0,68 8,1,8,,798973,25,0,68 8,1,8,,798906,25,0,68 8,1,8,,798970,25,0,68 8,1,8,,655006,25,0,68 8,1,8,,798910,25,0,68 8,1,48,,798947,25,0,68 8,1,8,,798922,25,0,68 8,1,8,,798914,25,0,68 8,1,8,,703121,25,0,68 8,1,8,,696429,25,0,68 8,1,8,,798971,25,0,68 8,1,8,,798967,25,0,68 8,1,48,,798969,25,0,68 8,1,6,,727749,25,0,68 8,1,9,,771648,25,0,68 8,1,10,,798929,25,0,68 8,1,12,,798942,25,0,68 8,1,12,,798916,25,0,68 8,1,52,,798901,25,0,68 8,1,12,,798921,25,0,68 8,1,12,,798915,25,0,68 8,1,12,,588770,25,0,68 8,1,12,,798975,25,0,68 8,1,52,,798898,25,0,68 8,1,12,,731790,25,0,68 8,1,12,,798902,25,0,68 8,1,12,,798968,25,0,68 8,1,12,,798912,25,0,68 8,1,52,,798944,25,0,68 8,1,12,,798897,25,0,68 8,1,22,,740102,25,0,68 8,1,22,,773603,25,0,68 8,1,62,,798979,25,0,68 8,1,22,,798939,25,0,68 8,1,62,,730559,25,0,68 8,1,22,,798903,25,0,68 8,1,22,,798981,25,0,68 8,1,67,,798907,25,0,68 8,1,30,,798936,25,0,68 8,1,70,,798940,25,0,68 8,1,30,,648981,25,0,68 8,1
4104,'3',732,,688297,22,0,68 8,1,20,,799014,22,0,68 8,1,59,,734500,25,0,68 8,1,16,,799021,25,0,68 8,1,12,,701929,25,0,68 8,1,13,,799003,25,0,68 8,1,52,,799052,25,0,68 8,1,13,,799012,25,0,68 8,1,12,,799010,25,0,68 8,1,13,,799007,25,0,68 8,1,12,,799019,25,0,68 8,1,53,,719871,25,0,68 8,1,12,,799024,25,0,68 8,1,13,,799050,25,0,68 8,1,12,,798997,25,0,68 8,1,13,,799036,25,0,68 8,1,52,,799043,25,0,68 8,1,13,,768069,25,0,68 8,1,12,,799005,25,0,68 8,1,13,,648284,25,0,68 8,1,12,,798992,25,0,68 8,1,53,,799049,25,0,68 8,1,10,,798990,25,0,68 8,1,10,,799035,25,0,68 8,1,10,,759859,25,0,68 8,1,10,,799004,25,0,68 8,1,50,,799041,25,0,68 8,1,10,,799030,25,0,68 8,1,10,,799045,25,0,68 8,1,10,,798988,25,0,68 8,1,10,,799023,25,0,68 8,1,10,,799022,25,0,68 8,1,50,,798995,25,0,68 8,1,10,,799037,25,0,68 8,1,10,,799053,25,0,68 8,1,10,,799048,25,0,68 8,1,10,,799001,25,0,68 8,1,10,,682851,25,0,68 8,1,50,,798989,25,0,68 8,1,10,,799017,25,0,68 8,1,10,,799029,25,0,68 8,1,10,,798996,25,0,68 8,1,10,,799034,25,0,68 8,1,10,,798998,25,0,68 8,1,50,,799055,25,0,68 8,1,10,,799033,25,0,68 8,1,10,,799054,25,0,68 8,1,10,,799046,25,0,68 8,1,10,,799047,25,0,68 8,1,10,,798991,25,0,68 8,1,50,,799018,25,0,68 8,1,10,,799032,25,0,68 8,1,10,,799028,25,0,68 8,1,10,,799039,25,0,68 8,1,10,,799027,25,0,68 8,1,10,,799025,25,0,68 8,1,50,,799042,25,0,68 8,1,10,,799058,25,0,68 8,1,10,,799057,25,0,68 8,1,10,,769989,25,0,68 8,1,10,,799006,25,0,68 8,1,10,,700842,25,0,68 8,1,51,,799056,25,0,68 8,1,14,,736734,25,0,68 8,1,14,,768165,25,0,68 8,1,15,,799044,25,0,68 8,1,55,,735844,25,0,68 8,1,15,,799040,25,0,68 8,1,15,,798993,25,0,68 8,1,15,,710999,25,0,68 8,1,55,,798999,25,0,68 8,1,15,,799013,25,0,68 8,1,15,,799008,25,0,68 8,1,15,,799002,25,0,68 8,1,55,,720989,25,0,68 8,1,14,,799015,25,0,68 8,1,20,,799009,25,0,68 8,1,20,,798987,25,0,68 8,1,60,,799038,25,0,68 8,1,20,,799026,25,0,68 8,1,20,,799020,25,0,68 8,1,60,,799011,25,0,68 8,1,20,,799016,25,0,68 8,1,20,,799000,25,0,68 8,1,57,,701625,25,0,68 8,1,33,,798994,25,0,68 8,1,70,,799031,25,0,68 8,1,30,,799051,25,0,68 8,1
4104,'5',532,,701509,22,0,68 8,1,20,,799064,22,0,68 8,1,60,,764056,22,0,68 8,1,20,,799080,25,0,68 8,1,20,,799097,25,0,68 8,1,60,,799118,25,0,68 8,1,20,,799124,25,0,68 8,1,20,,799110,25,0,68 8,1,59,,799116,25,0,68 8,1,16,,799085,25,0,68 8,1,12,,799063,25,0,68 8,1,13,,736918,25,0,68 8,1,52,,799109,25,0,68 8,1,13,,799095,25,0,68 8,1,12,,799131,25,0,68 8,1,13,,799104,25,0,68 8,1,12,,799105,25,0,68 8,1,53,,799117,25,0,68 8,1,12,,799123,25,0,68 8,1,13,,742848,25,0,68 8,1,12,,799067,25,0,68 8,1,13,,799076,25,0,68 8,1,52,,746695,25,0,68 8,1,13,,799119,25,0,68 8,1,12,,799099,25,0,68 8,1,13,,776560,25,0,68 8,1,12,,799074,25,0,68 8,1,53,,799125,25,0,68 8,1,10,,799106,25,0,68 8,1,10,,753821,25,0,68 8,1,10,,799077,25,0,68 8,1,10,,799114,25,0,68 8,1,50,,799093,25,0,68 8,1,10,,799107,25,0,68 8,1,10,,799071,25,0,68 8,1,10,,687466,25,0,68 8,1,10,,799101,25,0,68 8,1,10,,799121,25,0,68 8,1,50,,799082,25,0,68 8,1,10,,799100,25,0,68 8,1,10,,799068,25,0,68 8,1,10,,764201,25,0,68 8,1,10,,799111,25,0,68 8,1,10,,799133,25,0,68 8,1,50,,799088,25,0,68 8,1,10,,799132,25,0,68 8,1,10,,692440,25,0,68 8,1,10,,799069,25,0,68 8,1,10,,799075,25,0,68 8,1,10,,799081,25,0,68 8,1,50,,799059,25,0,68 8,1,10,,799072,25,0,68 8,1,10,,799096,25,0,68 8,1,10,,756342,25,0,68 8,1,10,,722977,25,0,68 8,1,10,,799078,25,0,68 8,1,50,,799122,25,0,68 8,1,10,,741130,25,0,68 8,1,10,,799066,25,0,68 8,1,10,,799089,25,0,68 8,1,10,,799094,25,0,68 8,1,10,,799091,25,0,68 8,1,50,,799083,25,0,68 8,1,10,,799060,25,0,68 8,1,10,,799090,25,0,68 8,1,10,,799102,25,0,68 8,1,10,,799087,25,0,68 8,1,10,,695335,25,0,68 8,1,51,,799092,25,0,68 8,1,14,,706036,25,0,68 8,1,14,,799086,25,0,68 8,1,15,,799127,25,0,68 8,1,55,,799113,25,0,68 8,1,15,,799103,25,0,68 8,1,15,,799108,25,0,68 8,1,15,,748853,25,0,68 8,1,55,,799130,25,0,68 8,1,15,,799065,25,0,68 8,1,15,,772554,25,0,68 8,1,15,,751718,25,0,68 8,1,55,,799084,25,0,68 8,1,14,,799062,25,0,68 8,1,20,,799073,25,0,68 8,1,20,,799120,25,0,68 8,1,60,,799112,25,0,68 8,1,20,,799098,25,0,68 8,1,20,,799134,25,0,68 8,1,60,,799126,25,0,68 8,1,20,,799115,25,0,68 8,1,20,,799079,25,0,68 8,1,57,,799129,25,0,68 8,1,33,,799061,25,0,68 8,1,70,,799070,25,0,68 8,1,30,,799128,25,0,68 8,1
10104,'1',540,,835499,13,0,34 69 8,1,76,,835489,29,0,34 69 8,1,30,,712618,29,0,34 69 8,1,70,,835485,29,0,34 69 8,1,30,,746963,29,0,34 69 8,1,70,,835487,29,0,34 69 8,1,25,,835480,29,0,34 69 8,1,14,,758158,29,0,34 69 8,1,66,,715964,29,0,34 69 8,1,520,,835501,29,0,34 69 8,1,71,,510637,29,0,34 69 8,1,32,,835482,29,0,34 69 8,1,66,,704807,29,0,34 69 8,1,25,,835495,29,0,34 69 8,1,70,,835491,29,0,34 69 8,1,30,,779027,29,0,34 69 8,1,15,,835481,16,0,34 69 8,1,55,,771065,29,0,34 69 8,1,30,,835477,29,0,34 69 8,1,71,,835504,29,0,34 69 8,1,28,,835496,29,0,34 69 8,1
12001,'1',620,,843703,16,0,69 8,1,33,,843719,16,0,69 8,1,64,,843726,22,0,69 8,1,30,,843715,22,0,69 8,1,70,,733696,22,0,69 8,1,30,,843712,22,0,69 8,1,70,,686783,22,0,69 8,1,30,,758750,22,0,69 8,1,70,,843698,22,0,69 8,1,30,,843708,22,0,69 8,1,70,,843707,22,0,69 8,1,30,,756061,22,0,69 8,1,70,,843701,22,0,69 8,1,30,,762797,22,0,69 8,1,70,,843717,22,0,69 8,1,30,,843721,22,0,69 8,1,70,,843705,22,0,69 8,1,29,,843725,22,0,69 8,1,56,,700650,16,0,69 8,1,14,,620861,22,0,69 8,1,29,,843697,22,0,69 8,1,62,,843724,22,0,69 8,1,25,,609877,22,0,69 8,1,25,,843695,22,0,69 8,1,65,,843713,22,0,69 8,1,25,,843710,22,0,69 8,1,65,,734834,22,0,69 8,1,25,,843706,22,0,69 8,1,63,,843714,22,0,69 8,1,30,,843696,22,0,69 8,1,70,,843716,22,0,69 8,1,30,,843702,22,0,69 8,1,70,,778371,22,0,69 8,1,30,,843693,22,0,69 8,1,70,,843723,22,0,69 8,1,29,,843704,22,0,69 8,1,30,,843699,22,0,69 8,1,70,,843722,22,0,69 8,1,30,,843718,22,0,69 8,1,70,,843694,22,0,69 8,1,15,,843720,22,0,69 8,1
12001,'2',622,,843732,16,0,69 8,1,30,,843760,16,0,69 8,1,63,,706742,22,0,69 8,1,30,,843737,22,0,69 8,1,70,,843754,22,0,69 8,1,30,,843752,22,0,69 8,1,72,,843741,22,0,69 8,1,30,,843734,22,0,69 8,1,70,,775073,22,0,69 8,1,30,,843735,22,0,69 8,1,70,,843739,22,0,69 8,1,30,,843751,22,0,69 8,1,56,,843761,16,0,69 8,1,16,,576995,22,0,69 8,1,25,,843749,22,0,69 8,1,65,,843743,22,0,69 8,1,25,,843747,22,0,69 8,1,25,,843758,22,0,69 8,1,65,,843727,22,0,69 8,1,25,,843729,22,0,69 8,1,65,,843736,22,0,69 8,1,25,,843728,22,0,69 8,1,65,,843762,22,0,69 8,1,25,,843740,22,0,69 8,1,25,,843738,22,0,69 8,1,65,,843745,22,0,69 8,1,25,,843748,22,0,69 8,1,65,,843750,22,0,69 8,1,25,,843753,22,0,69 8,1,25,,843744,22,0,69 8,1,68,,765366,22,0,69 8,1,30,,607858,22,0,69 8,1,70,,843742,22,0,69 8,1,30,,843746,22,0,69 8,1,70,,755903,22,0,69 8,1,30,,843759,22,0,69 8,1,67,,712773,22,0,69 8,1,30,,843757,22,0,69 8,1,70,,843730,22,0,69 8,1,30,,843755,22,0,69 8,1,69,,843756,22,0,69 8,1,21,,843731,22,0,69 8,1
12001,'3',748,,843781,16,0,69 8,1,66,,725027,22,0,69 8,1,30,,843784,22,0,69 8,1,71,,843785,22,0,69 8,1,30,,843780,22,0,69 8,1,70,,843771,22,0,69 8,1,30,,736270,22,0,69 8,1,70,,596125,22,0,69 8,1,30,,843777,22,0,69 8,1,14,,843788,16,0,69 8,1,59,,843778,22,0,69 8,1,25,,696809,22,0,69 8,1,65,,843770,22,0,69 8,1,25,,843775,22,0,69 8,1,25,,843795,22,0,69 8,1,65,,714383,22,0,69 8,1,25,,843769,22,0,69 8,1,65,,744657,22,0,69 8,1,25,,843790,22,0,69 8,1,65,,692865,22,0,69 8,1,25,,843774,22,0,69 8,1,25,,843787,22,0,69 8,1,65,,843794,22,0,69 8,1,25,,843789,22,0,69 8,1,65,,648729,22,0,69 8,1,25,,843786,22,0,69 8,1,25,,843792,22,0,69 8,1,67,,843783,22,0,69 8,1,30,,843782,22,0,69 8,1,70,,843776,22,0,69 8,1,30,,843766,22,0,69 8,1,70,,843793,22,0,69 8,1,30,,707550,22,0,69 8,1,69,,843768,22,0,69 8,1,30,,843765,22,0,69 8,1,70,,843791,22,0,69 8,1,30,,843767,22,0,69 8,1,70,,843772,22,0,69 8,1,20,,759474,22,0,69 8,1
12001,'5',618,,843805,16,0,69 8,1,30,,843827,16,0,69 8,1,66,,843809,22,0,69 8,1,30,,843824,22,0,69 8,1,70,,843798,22,0,69 8,1,30,,843815,22,0,69 8,1,71,,843811,22,0,69 8,1,30,,749644,22,0,69 8,1,70,,843829,22,0,69 8,1,30,,843812,22,0,69 8,1,70,,843810,22,0,69 8,1,30,,650245,22,0,69 8,1,14,,843823,16,0,69 8,1,59,,843820,22,0,69 8,1,25,,843819,22,0,69 8,1,65,,843828,22,0,69 8,1,25,,843806,22,0,69 8,1,25,,843796,22,0,69 8,1,65,,843804,22,0,69 8,1,25,,843830,22,0,69 8,1,65,,699578,22,0,69 8,1,25,,700583,22,0,69 8,1,65,,843818,22,0,69 8,1,25,,843803,22,0,69 8,1,25,,666618,22,0,69 8,1,65,,843817,22,0,69 8,1,25,,843797,22,0,69 8,1,65,,754611,22,0,69 8,1,25,,843807,22,0,69 8,1,25,,843814,22,0,69 8,1,67,,843808,22,0,69 8,1,30,,843826,22,0,69 8,1,70,,843801,22,0,69 8,1,30,,737886,22,0,69 8,1,70,,761086,22,0,69 8,1,30,,843821,22,0,69 8,1,69,,746793,22,0,69 8,1,30,,737954,22,0,69 8,1,70,,843799,22,0,69 8,1,30,,843822,22,0,69 8,1,70,,843813,22,0,69 8,1,20,,843800,22,0,69 8,1
34104,'1',459,,748215,22,0,68 8,1,2256,,859044,22,0,68 8,1,30,,777658,22,0,68 8,1,70,,859046,22,0,68 8,1,30,,859045,22,0,68 8,1
34104,'2',515,,662224,22,0,68 8,1,2200,,859047,22,0,68 8,1,30,,859049,22,0,68 8,1,70,,658616,22,0,68 8,1,30,,859048,22,0,68 8,1
34104,'3',515,,859055,22,0,68 8,1,17,,859052,22,0,68 8,1,20,,755597,22,0,68 8,1,60,,859059,22,0,68 8,1,20,,859051,22,0,68 8,1,20,,859050,22,0,68 8,1,60,,859058,22,0,68 8,1,2003,,859054,22,0,68 8,1,30,,859056,22,0,68 8,1,70,,859057,22,0,68 8,1,30,,859053,22,0,68 8,1
34104,'5',515,,729305,22,0,68 8,1,2200,,859063,22,0,68 8,1,30,,859061,22,0,68 8,1,70,,859060,22,0,68 8,1,30,,859062,22,0,68 8,1
