5402,'1',524,,720170,32,0,26 27 8,1,4,,720041,16,0,26 27 8,1,5,,720099,32,0,26 27 8,1,4,,720157,16,0,26 27 8,1,5,,540532,32,0,26 27 8,1,5,,720140,16,0,26 27 8,1,5,,720110,32,0,26 27 8,1,5,,720062,16,0,26 27 8,1,45,,720150,32,0,26 27 8,1,5,,685609,16,0,26 27 8,1,5,,465305,32,0,26 27 8,1,5,,651559,16,0,26 27 8,1,5,,644877,32,0,26 27 8,1,5,,720056,16,0,26 27 8,1,4,,720068,32,0,26 27 8,1,5,,720087,16,0,26 27 8,1,5,,720114,32,0,26 27 8,1,5,,514826,16,0,26 27 8,1,5,,720064,32,0,26 27 8,1,5,,720069,16,0,26 27 8,1,44,,720073,32,0,26 27 8,1,5,,720046,16,0,26 27 8,1,5,,720044,32,0,26 27 8,1,6,,720036,16,0,26 27 8,1,5,,664426,32,0,26 27 8,1,5,,720096,16,0,26 27 8,1,5,,720129,32,0,26 27 8,1,5,,720084,16,0,26 27 8,1,5,,651907,32,0,26 27 8,1,5,,720112,16,0,26 27 8,1,5,,720177,32,0,26 27 8,1,5,,720037,16,0,26 27 8,1,45,,720159,32,0,26 27 8,1,5,,720085,16,0,26 27 8,1,5,,720165,32,0,26 27 8,1,5,,720135,16,0,26 27 8,1,5,,720042,32,0,26 27 8,1,5,,720035,16,0,26 27 8,1,5,,720169,32,0,26 27 8,1,5,,720100,16,0,26 27 8,1,5,,720109,32,0,26 27 8,1,5,,720057,16,0,26 27 8,1,5,,720116,32,0,26 27 8,1,5,,644918,16,0,26 27 8,1,45,,720081,32,0,26 27 8,1,5,,687823,16,0,26 27 8,1,5,,720040,32,0,26 27 8,1,5,,720162,16,0,26 27 8,1,5,,644468,32,0,26 27 8,1,5,,666280,16,0,26 27 8,1,5,,720086,32,0,26 27 8,1,5,,720153,16,0,26 27 8,1,6,,611192,32,0,26 27 8,1,8,,638114,16,0,26 27 8,1,7,,720078,32,0,26 27 8,1,48,,720106,16,0,26 27 8,1,7,,720065,32,0,26 27 8,1,8,,720091,16,0,26 27 8,1,7,,720123,32,0,26 27 8,1,8,,680787,16,0,26 27 8,1,7,,720136,32,0,26 27 8,1,8,,720137,16,0,26 27 8,1,7,,720143,32,0,26 27 8,1,48,,720176,16,0,26 27 8,1,7,,720067,32,0,26 27 8,1,8,,720119,16,0,26 27 8,1,7,,611511,32,0,26 27 8,1,8,,720076,16,0,26 27 8,1,7,,720094,32,0,26 27 8,1,8,,720133,16,0,26 27 8,1,7,,720107,32,0,26 27 8,1,48,,720172,16,0,26 27 8,1,7,,631938,32,0,26 27 8,1,8,,720125,16,0,26 27 8,1,7,,720124,32,0,26 27 8,1,8,,616017,16,0,26 27 8,1,7,,720152,32,0,26 27 8,1,8,,720089,16,0,26 27 8,1,7,,720115,32,0,26 27 8,1,48,,720080,16,0,26 27 8,1,7,,720148,32,0,26 27 8,1,8,,720121,16,0,26 27 8,1,7,,720158,32,0,26 27 8,1,8,,720175,16,0,26 27 8,1,6,,720092,32,0,26 27 8,1,7,,720139,16,0,26 27 8,1,7,,720071,32,0,26 27 8,1,47,,720063,16,0,26 27 8,1,7,,720122,32,0,26 27 8,1,8,,720126,16,0,26 27 8,1,7,,671861,32,0,26 27 8,1,6,,720154,16,0,26 27 8,1,6,,686802,32,0,26 27 8,1,6,,720174,16,0,26 27 8,1,6,,624509,32,0,26 27 8,1,6,,720039,16,0,26 27 8,1,46,,720060,32,0,26 27 8,1,6,,720066,16,0,26 27 8,1,6,,720045,32,0,26 27 8,1,6,,720051,16,0,26 27 8,1,6,,527575,32,0,26 27 8,1,6,,720053,16,0,26 27 8,1,6,,686767,32,0,26 27 8,1,6,,720155,16,0,26 27 8,1,6,,720048,32,0,26 27 8,1,6,,720132,16,0,26 27 8,1,46,,720052,32,0,26 27 8,1,6,,720145,16,0,26 27 8,1,6,,720144,32,0,26 27 8,1,6,,720055,16,0,26 27 8,1,6,,720147,32,0,26 27 8,1,6,,720128,16,0,26 27 8,1,6,,689651,32,0,26 27 8,1,6,,635038,16,0,26 27 8,1,6,,720108,32,0,26 27 8,1,6,,617219,16,0,26 27 8,1,46,,720171,32,0,26 27 8,1,6,,720130,16,0,26 27 8,1,5,,675123,32,0,26 27 8,1,6,,720088,16,0,26 27 8,1,6,,720082,32,0,26 27 8,1,6,,720104,16,0,26 27 8,1,6,,720077,32,0,26 27 8,1,6,,720038,16,0,26 27 8,1,6,,605855,32,0,26 27 8,1,6,,720141,16,0,26 27 8,1,47,,720166,32,0,26 27 8,1,8,,720047,16,0,26 27 8,1,7,,720156,32,0,26 27 8,1,8,,690005,16,0,26 27 8,1,7,,720050,32,0,26 27 8,1,8,,720146,16,0,26 27 8,1,7,,720101,32,0,26 27 8,1,8,,720164,16,0,26 27 8,1,47,,651474,32,0,26 27 8,1,7,,720142,16,0,26 27 8,1,6,,720173,32,0,26 27 8,1,8,,616285,16,0,26 27 8,1,5,,666297,32,0,26 27 8,1,7,,720113,16,0,26 27 8,1,8,,720160,32,0,26 27 8,1,7,,720097,16,0,26 27 8,1,8,,720120,32,0,26 27 8,1,47,,720061,16,0,26 27 8,1,8,,689544,32,0,26 27 8,1,7,,690446,16,0,26 27 8,1,8,,720168,32,0,26 27 8,1,7,,720059,16,0,26 27 8,1,8,,720093,32,0,26 27 8,1,7,,720070,16,0,26 27 8,1,8,,628986,32,0,26 27 8,1,47,,720111,16,0,26 27 8,1,8,,720149,32,0,26 27 8,1,7,,608689,16,0,26 27 8,1,8,,720074,32,0,26 27 8,1,7,,720163,16,0,26 27 8,1,8,,720095,32,0,26 27 8,1,7,,720072,16,0,26 27 8,1,8,,720090,32,0,26 27 8,1,46,,720131,16,0,26 27 8,1,7,,720117,32,0,26 27 8,1,5,,644876,16,0,26 27 8,1,8,,608026,32,0,26 27 8,1,10,,720098,16,0,26 27 8,1,10,,720079,29,0,26 27 8,1,10,,720043,16,0,26 27 8,1,50,,720138,29,0,26 27 8,1,10,,609211,16,0,26 27 8,1,10,,720054,29,0,26 27 8,1,10,,720118,16,0,26 27 8,1,10,,720075,29,0,26 27 8,1,10,,720083,16,0,26 27 8,1,50,,720049,29,0,26 27 8,1,10,,720058,16,0,26 27 8,1,10,,720181,29,0,26 27 8,1,10,,648493,16,0,26 27 8,1,10,,588503,29,0,26 27 8,1,10,,720105,16,0,26 27 8,1,50,,720103,29,0,26 27 8,1,10,,720167,16,0,26 27 8,1,10,,720127,29,0,26 27 8,1
5402,'2',530,,720238,32,0,26 27 8,1,20,,720195,16,0,26 27 8,1,55,,720260,32,0,26 27 8,1,15,,687967,16,0,26 27 8,1,10,,720241,32,0,26 27 8,1,10,,720183,16,0,26 27 8,1,10,,720299,32,0,26 27 8,1,50,,720286,16,0,26 27 8,1,10,,720209,32,0,26 27 8,1,10,,653874,16,0,26 27 8,1,10,,720272,32,0,26 27 8,1,10,,720281,16,0,26 27 8,1,8,,720239,32,0,26 27 8,1,7,,720184,16,0,26 27 8,1,46,,720236,32,0,26 27 8,1,9,,720267,16,0,26 27 8,1,10,,720225,32,0,26 27 8,1,10,,720213,16,0,26 27 8,1,10,,720233,32,0,26 27 8,1,10,,667977,16,0,26 27 8,1,50,,720201,32,0,26 27 8,1,10,,720277,16,0,26 27 8,1,10,,720288,32,0,26 27 8,1,10,,720292,16,0,26 27 8,1,10,,720295,32,0,26 27 8,1,10,,720258,16,0,26 27 8,1,50,,720182,32,0,26 27 8,1,10,,428171,16,0,26 27 8,1,10,,720215,32,0,26 27 8,1,10,,720196,16,0,26 27 8,1,10,,720283,32,0,26 27 8,1,10,,720227,16,0,26 27 8,1,50,,720234,32,0,26 27 8,1,10,,720185,16,0,26 27 8,1,10,,720217,32,0,26 27 8,1,10,,720291,16,0,26 27 8,1,10,,720265,32,0,26 27 8,1,10,,720240,16,0,26 27 8,1,50,,720218,32,0,26 27 8,1,7,,676774,16,0,26 27 8,1,9,,720261,32,0,26 27 8,1,6,,663068,16,0,26 27 8,1,8,,720276,32,0,26 27 8,1,7,,720257,16,0,26 27 8,1,8,,720232,32,0,26 27 8,1,7,,720189,16,0,26 27 8,1,48,,720231,32,0,26 27 8,1,7,,720247,16,0,26 27 8,1,8,,615291,32,0,26 27 8,1,7,,720287,16,0,26 27 8,1,8,,720294,32,0,26 27 8,1,7,,720268,16,0,26 27 8,1,8,,720262,32,0,26 27 8,1,7,,620567,16,0,26 27 8,1,48,,720285,32,0,26 27 8,1,7,,619083,16,0,26 27 8,1,8,,720212,32,0,26 27 8,1,7,,570807,16,0,26 27 8,1,8,,567594,32,0,26 27 8,1,7,,720206,16,0,26 27 8,1,8,,720263,32,0,26 27 8,1,7,,720220,16,0,26 27 8,1,48,,720251,32,0,26 27 8,1,7,,720197,16,0,26 27 8,1,8,,720289,32,0,26 27 8,1,7,,720248,16,0,26 27 8,1,8,,720230,32,0,26 27 8,1,7,,720237,16,0,26 27 8,1,8,,608728,32,0,26 27 8,1,7,,720269,16,0,26 27 8,1,48,,678701,32,0,26 27 8,1,7,,720297,16,0,26 27 8,1,8,,720296,32,0,26 27 8,1,7,,720254,16,0,26 27 8,1,8,,720270,32,0,26 27 8,1,7,,720192,16,0,26 27 8,1,8,,720243,32,0,26 27 8,1,7,,720249,16,0,26 27 8,1,48,,650416,32,0,26 27 8,1,6,,720273,16,0,26 27 8,1,8,,720194,32,0,26 27 8,1,7,,720222,16,0,26 27 8,1,8,,720298,32,0,26 27 8,1,7,,720226,16,0,26 27 8,1,8,,720253,32,0,26 27 8,1,7,,720274,16,0,26 27 8,1,8,,720255,32,0,26 27 8,1,47,,583802,16,0,26 27 8,1,8,,627278,32,0,26 27 8,1,7,,720284,16,0,26 27 8,1,8,,720245,32,0,26 27 8,1,7,,720193,16,0,26 27 8,1,8,,720300,32,0,26 27 8,1,7,,720293,16,0,26 27 8,1,8,,668708,32,0,26 27 8,1,47,,720246,16,0,26 27 8,1,8,,720235,32,0,26 27 8,1,7,,720280,16,0,26 27 8,1,8,,720188,32,0,26 27 8,1,7,,720224,16,0,26 27 8,1,8,,720250,32,0,26 27 8,1,7,,720221,16,0,26 27 8,1,8,,517506,32,0,26 27 8,1,46,,720203,16,0,26 27 8,1,7,,720278,32,0,26 27 8,1,7,,640387,16,0,26 27 8,1,6,,647647,32,0,26 27 8,1,10,,720259,16,0,26 27 8,1,10,,720198,32,0,26 27 8,1,10,,720256,16,0,26 27 8,1,50,,720282,32,0,26 27 8,1,10,,670483,16,0,26 27 8,1,10,,720216,32,0,26 27 8,1,10,,720252,16,0,26 27 8,1,10,,720275,32,0,26 27 8,1,10,,720208,16,0,26 27 8,1,50,,720199,32,0,26 27 8,1,8,,720219,16,0,26 27 8,1,9,,684673,32,0,26 27 8,1,10,,720200,16,0,26 27 8,1,10,,720204,29,0,26 27 8,1,10,,720271,16,0,26 27 8,1,50,,720264,29,0,26 27 8,1,10,,720229,16,0,26 27 8,1,10,,720302,29,0,26 27 8,1,10,,720244,16,0,26 27 8,1,10,,720242,29,0,26 27 8,1,10,,720290,16,0,26 27 8,1,50,,720210,29,0,26 27 8,1,10,,720211,16,0,26 27 8,1,10,,720279,29,0,26 27 8,1,10,,720228,16,0,26 27 8,1,10,,720214,29,0,26 27 8,1,10,,720301,16,0,26 27 8,1,50,,720266,29,0,26 27 8,1,10,,720202,16,0,26 27 8,1,10,,671703,29,0,26 27 8,1
5402,'3',719,,720416,32,0,26 27 8,1,10,,720349,16,0,26 27 8,1,10,,720369,32,0,26 27 8,1,9,,720418,16,0,26 27 8,1,8,,720356,32,0,26 27 8,1,48,,720358,16,0,26 27 8,1,9,,720370,32,0,26 27 8,1,7,,720313,16,0,26 27 8,1,8,,720347,32,0,26 27 8,1,7,,720376,16,0,26 27 8,1,8,,632131,32,0,26 27 8,1,7,,720396,16,0,26 27 8,1,8,,720379,32,0,26 27 8,1,47,,720340,16,0,26 27 8,1,8,,720404,32,0,26 27 8,1,7,,720305,16,0,26 27 8,1,8,,671368,32,0,26 27 8,1,7,,720323,16,0,26 27 8,1,8,,720389,32,0,26 27 8,1,7,,720388,16,0,26 27 8,1,8,,720345,32,0,26 27 8,1,47,,626446,16,0,26 27 8,1,8,,720311,32,0,26 27 8,1,7,,720333,16,0,26 27 8,1,8,,720348,32,0,26 27 8,1,7,,662471,16,0,26 27 8,1,8,,720385,32,0,26 27 8,1,7,,686937,16,0,26 27 8,1,8,,720413,32,0,26 27 8,1,47,,720325,16,0,26 27 8,1,8,,720352,32,0,26 27 8,1,7,,720400,16,0,26 27 8,1,8,,619897,32,0,26 27 8,1,7,,720401,16,0,26 27 8,1,8,,720362,32,0,26 27 8,1,7,,720316,16,0,26 27 8,1,8,,720384,32,0,26 27 8,1,47,,634803,16,0,26 27 8,1,8,,720322,32,0,26 27 8,1,8,,561518,16,0,26 27 8,1,8,,720399,32,0,26 27 8,1,7,,720353,16,0,26 27 8,1,8,,720387,32,0,26 27 8,1,7,,720307,16,0,26 27 8,1,8,,720407,32,0,26 27 8,1,47,,720342,16,0,26 27 8,1,8,,636821,32,0,26 27 8,1,7,,720328,16,0,26 27 8,1,8,,720403,32,0,26 27 8,1,7,,720334,16,0,26 27 8,1,8,,720341,32,0,26 27 8,1,7,,720390,16,0,26 27 8,1,8,,720351,32,0,26 27 8,1,47,,720392,16,0,26 27 8,1,8,,720343,32,0,26 27 8,1,7,,613451,16,0,26 27 8,1,8,,720377,32,0,26 27 8,1,7,,720378,16,0,26 27 8,1,8,,720320,32,0,26 27 8,1,7,,720327,16,0,26 27 8,1,8,,720303,32,0,26 27 8,1,47,,720314,16,0,26 27 8,1,8,,720326,32,0,26 27 8,1,7,,720350,16,0,26 27 8,1,8,,720367,32,0,26 27 8,1,7,,720359,16,0,26 27 8,1,8,,720391,32,0,26 27 8,1,7,,720312,16,0,26 27 8,1,8,,720354,32,0,26 27 8,1,47,,720360,16,0,26 27 8,1,8,,720339,32,0,26 27 8,1,7,,720337,16,0,26 27 8,1,8,,720330,32,0,26 27 8,1,7,,591945,16,0,26 27 8,1,8,,720308,32,0,26 27 8,1,7,,720395,16,0,26 27 8,1,8,,720344,32,0,26 27 8,1,47,,720415,16,0,26 27 8,1,8,,720368,32,0,26 27 8,1,7,,614139,16,0,26 27 8,1,8,,720335,32,0,26 27 8,1,7,,720304,16,0,26 27 8,1,8,,608208,32,0,26 27 8,1,7,,720375,16,0,26 27 8,1,8,,643514,32,0,26 27 8,1,47,,653937,16,0,26 27 8,1,8,,720324,32,0,26 27 8,1,7,,720318,16,0,26 27 8,1,8,,720409,32,0,26 27 8,1,7,,720321,16,0,26 27 8,1,8,,720346,32,0,26 27 8,1,7,,605729,16,0,26 27 8,1,8,,720331,32,0,26 27 8,1,46,,720419,16,0,26 27 8,1,6,,720402,32,0,26 27 8,1,7,,720309,16,0,26 27 8,1,7,,661935,32,0,26 27 8,1,10,,720406,16,0,26 27 8,1,10,,720317,32,0,26 27 8,1,10,,720412,16,0,26 27 8,1,50,,585164,32,0,26 27 8,1,10,,720411,16,0,26 27 8,1,10,,720319,32,0,26 27 8,1,10,,720414,16,0,26 27 8,1,10,,720405,32,0,26 27 8,1,10,,660391,16,0,26 27 8,1,50,,720366,32,0,26 27 8,1,10,,720357,16,0,26 27 8,1,10,,720364,32,0,26 27 8,1,10,,720393,16,0,26 27 8,1,10,,720338,32,0,26 27 8,1,10,,720306,16,0,26 27 8,1,49,,720417,32,0,26 27 8,1,7,,677621,16,0,26 27 8,1,9,,720383,32,0,26 27 8,1,10,,720386,16,0,26 27 8,1,10,,720363,29,0,26 27 8,1,10,,720365,16,0,26 27 8,1,50,,681887,29,0,26 27 8,1,10,,720373,16,0,26 27 8,1,10,,720410,29,0,26 27 8,1,10,,641970,16,0,26 27 8,1,10,,720332,29,0,26 27 8,1,10,,649129,16,0,26 27 8,1,50,,720310,29,0,26 27 8,1,10,,720371,16,0,26 27 8,1,10,,720382,29,0,26 27 8,1,10,,720394,16,0,26 27 8,1,10,,720329,29,0,26 27 8,1,10,,720408,16,0,26 27 8,1,50,,626467,29,0,26 27 8,1,10,,720380,16,0,26 27 8,1,10,,720398,29,0,26 27 8,1
5402,'5',530,,720502,32,0,26 27 8,1,19,,720472,16,0,26 27 8,1,55,,720507,32,0,26 27 8,1,15,,720491,16,0,26 27 8,1,15,,720477,32,0,26 27 8,1,15,,720524,16,0,26 27 8,1,55,,720445,32,0,26 27 8,1,15,,720454,16,0,26 27 8,1,10,,720446,32,0,26 27 8,1,10,,615070,16,0,26 27 8,1,10,,720429,32,0,26 27 8,1,10,,720479,16,0,26 27 8,1,53,,720471,32,0,26 27 8,1,8,,720486,16,0,26 27 8,1,8,,720436,32,0,26 27 8,1,7,,524793,16,0,26 27 8,1,8,,720536,32,0,26 27 8,1,7,,621026,16,0,26 27 8,1,8,,601356,32,0,26 27 8,1,47,,720466,16,0,26 27 8,1,8,,720525,32,0,26 27 8,1,7,,720453,16,0,26 27 8,1,8,,720430,32,0,26 27 8,1,7,,720490,16,0,26 27 8,1,8,,720423,32,0,26 27 8,1,7,,720459,16,0,26 27 8,1,8,,615133,32,0,26 27 8,1,47,,687786,16,0,26 27 8,1,8,,720467,32,0,26 27 8,1,7,,681140,16,0,26 27 8,1,8,,720503,32,0,26 27 8,1,7,,720489,16,0,26 27 8,1,8,,720432,32,0,26 27 8,1,7,,720460,16,0,26 27 8,1,8,,720448,32,0,26 27 8,1,47,,688072,16,0,26 27 8,1,8,,720529,32,0,26 27 8,1,7,,529278,16,0,26 27 8,1,8,,720508,32,0,26 27 8,1,7,,720424,16,0,26 27 8,1,8,,720463,32,0,26 27 8,1,7,,678328,16,0,26 27 8,1,8,,720420,32,0,26 27 8,1,47,,720501,16,0,26 27 8,1,8,,720452,32,0,26 27 8,1,8,,720528,16,0,26 27 8,1,8,,720428,32,0,26 27 8,1,7,,598841,16,0,26 27 8,1,8,,720485,32,0,26 27 8,1,7,,720517,16,0,26 27 8,1,8,,657820,32,0,26 27 8,1,47,,720470,16,0,26 27 8,1,8,,720482,32,0,26 27 8,1,7,,720464,16,0,26 27 8,1,8,,720439,32,0,26 27 8,1,7,,720427,16,0,26 27 8,1,8,,720538,32,0,26 27 8,1,7,,720531,16,0,26 27 8,1,8,,720527,32,0,26 27 8,1,47,,720516,16,0,26 27 8,1,8,,720458,32,0,26 27 8,1,7,,720487,16,0,26 27 8,1,8,,720480,32,0,26 27 8,1,7,,720481,16,0,26 27 8,1,8,,720465,32,0,26 27 8,1,7,,720526,16,0,26 27 8,1,8,,720444,32,0,26 27 8,1,47,,720495,16,0,26 27 8,1,8,,720461,32,0,26 27 8,1,7,,720421,16,0,26 27 8,1,8,,635891,32,0,26 27 8,1,7,,720475,16,0,26 27 8,1,8,,590756,32,0,26 27 8,1,7,,720438,16,0,26 27 8,1,8,,664369,32,0,26 27 8,1,47,,605612,16,0,26 27 8,1,8,,562684,32,0,26 27 8,1,7,,720469,16,0,26 27 8,1,8,,720514,32,0,26 27 8,1,7,,720515,16,0,26 27 8,1,8,,720468,32,0,26 27 8,1,7,,720496,16,0,26 27 8,1,8,,615154,32,0,26 27 8,1,47,,720434,16,0,26 27 8,1,8,,720534,32,0,26 27 8,1,7,,720505,16,0,26 27 8,1,8,,531217,32,0,26 27 8,1,7,,615151,16,0,26 27 8,1,8,,720422,32,0,26 27 8,1,7,,720449,16,0,26 27 8,1,8,,720451,32,0,26 27 8,1,47,,720497,16,0,26 27 8,1,8,,642387,32,0,26 27 8,1,7,,720442,16,0,26 27 8,1,8,,720440,32,0,26 27 8,1,7,,720433,16,0,26 27 8,1,8,,720488,32,0,26 27 8,1,7,,720431,16,0,26 27 8,1,8,,720493,32,0,26 27 8,1,46,,720443,16,0,26 27 8,1,6,,615159,32,0,26 27 8,1,7,,720520,16,0,26 27 8,1,7,,720435,32,0,26 27 8,1,10,,687050,16,0,26 27 8,1,10,,720450,32,0,26 27 8,1,10,,720492,16,0,26 27 8,1,50,,720504,32,0,26 27 8,1,10,,585654,16,0,26 27 8,1,10,,720483,32,0,26 27 8,1,10,,657824,16,0,26 27 8,1,10,,720455,32,0,26 27 8,1,10,,720535,16,0,26 27 8,1,50,,720426,32,0,26 27 8,1,10,,720509,16,0,26 27 8,1,10,,720510,32,0,26 27 8,1,10,,638052,16,0,26 27 8,1,10,,720425,32,0,26 27 8,1,10,,720500,16,0,26 27 8,1,49,,720532,32,0,26 27 8,1,7,,720476,16,0,26 27 8,1,9,,720462,32,0,26 27 8,1,10,,720513,16,0,26 27 8,1,10,,720494,29,0,26 27 8,1,10,,720447,16,0,26 27 8,1,50,,720456,29,0,26 27 8,1,10,,720512,16,0,26 27 8,1,10,,720474,29,0,26 27 8,1,10,,720498,16,0,26 27 8,1,10,,720522,29,0,26 27 8,1,10,,665491,16,0,26 27 8,1,50,,720521,29,0,26 27 8,1,10,,578825,16,0,26 27 8,1,10,,720537,29,0,26 27 8,1,10,,720523,16,0,26 27 8,1,10,,720457,29,0,26 27 8,1,10,,720484,16,0,26 27 8,1,50,,720511,29,0,26 27 8,1,10,,720441,16,0,26 27 8,1,10,,720518,29,0,26 27 8,1
15402,'1',525,,762424,28,0,55 8,1,30,,762417,28,0,55 8,1,70,,762408,28,0,55 8,1,30,,762404,28,0,55 8,1,72,,762405,28,0,55 8,1,22,,762431,28,0,55 8,1,62,,762419,28,0,55 8,1,22,,762432,28,0,55 8,1,22,,762400,28,0,55 8,1,61,,762397,28,0,55 8,1,22,,762394,28,0,55 8,1,62,,683247,28,0,55 8,1,22,,762425,28,0,55 8,1,22,,623876,28,0,55 8,1,62,,762428,28,0,55 8,1,22,,612749,28,0,55 8,1,22,,762391,28,0,55 8,1,62,,762415,28,0,55 8,1,22,,762427,28,0,55 8,1,22,,627049,28,0,55 8,1,62,,762406,28,0,55 8,1,25,,762426,28,0,55 8,1,62,,762396,28,0,55 8,1,22,,762403,28,0,55 8,1,22,,479874,28,0,55 8,1,62,,762395,28,0,55 8,1,22,,762411,28,0,55 8,1,22,,762421,28,0,55 8,1,62,,535899,28,0,55 8,1,22,,762412,28,0,55 8,1,62,,609730,28,0,55 8,1,22,,762420,28,0,55 8,1,22,,762413,28,0,55 8,1,62,,587818,28,0,55 8,1,22,,648921,28,0,55 8,1,22,,762393,28,0,55 8,1,57,,762418,28,0,55 8,1,20,,762409,28,0,55 8,1,24,,552427,28,0,55 8,1,52,,762401,28,0,55 8,1,12,,562789,28,0,55 8,1,24,,762392,28,0,55 8,1,64,,762423,28,0,55 8,1,24,,762410,28,0,55 8,1,24,,762402,28,0,55 8,1,64,,762416,28,0,55 8,1,20,,762407,28,0,55 8,1,20,,762399,28,0,55 8,1,66,,762429,28,0,55 8,1,26,,762414,28,0,55 8,1,66,,762398,28,0,55 8,1,26,,762422,28,0,55 8,1,66,,689275,28,0,55 8,1,26,,456987,28,0,55 8,1,26,,762430,28,0,55 8,1,60,,687134,28,0,55 8,1,30,,547990,28,0,55 8,1,69,,598015,28,0,55 8,1
15402,'2',557,,762446,28,0,55 8,1,70,,648159,28,0,55 8,1,23,,762448,28,0,55 8,1,62,,762457,28,0,55 8,1,22,,663834,28,0,55 8,1,22,,762466,28,0,55 8,1,62,,762469,28,0,55 8,1,16,,762445,28,0,55 8,1,15,,762450,28,0,55 8,1,59,,762480,28,0,55 8,1,19,,762461,28,0,55 8,1,19,,762449,28,0,55 8,1,63,,762470,28,0,55 8,1,21,,762455,28,0,55 8,1,21,,678232,28,0,55 8,1,61,,762475,28,0,55 8,1,21,,762482,28,0,55 8,1,21,,762453,28,0,55 8,1,61,,762433,28,0,55 8,1,21,,634686,28,0,55 8,1,21,,762464,28,0,55 8,1,61,,762438,28,0,55 8,1,21,,762454,28,0,55 8,1,61,,762435,28,0,55 8,1,21,,762478,28,0,55 8,1,21,,762458,28,0,55 8,1,61,,649978,28,0,55 8,1,21,,762468,28,0,55 8,1,21,,605919,28,0,55 8,1,61,,762434,28,0,55 8,1,21,,634279,28,0,55 8,1,21,,762479,28,0,55 8,1,61,,762439,28,0,55 8,1,21,,762436,28,0,55 8,1,21,,762459,28,0,55 8,1,61,,629149,28,0,55 8,1,21,,762442,28,0,55 8,1,21,,762447,28,0,55 8,1,61,,613036,28,0,55 8,1,21,,762473,28,0,55 8,1,22,,762460,28,0,55 8,1,64,,762472,28,0,55 8,1,11,,762476,28,0,55 8,1,11,,762440,28,0,55 8,1,62,,762474,28,0,55 8,1,22,,621559,28,0,55 8,1,22,,762452,28,0,55 8,1,58,,762444,28,0,55 8,1,22,,762467,28,0,55 8,1,22,,623767,28,0,55 8,1,62,,762462,28,0,55 8,1,22,,762463,28,0,55 8,1,22,,762443,28,0,55 8,1,62,,762441,28,0,55 8,1,22,,762451,28,0,55 8,1,62,,762456,28,0,55 8,1,22,,762477,28,0,55 8,1,22,,762465,28,0,55 8,1,61,,762481,28,0,55 8,1,22,,762483,28,0,55 8,1,22,,762437,28,0,55 8,1,58,,762471,28,0,55 8,1
15402,'3',636,,762520,28,0,55 8,1,20,,762490,28,0,55 8,1,55,,762505,28,0,55 8,1,20,,645127,28,0,55 8,1,20,,762523,28,0,55 8,1,60,,762518,28,0,55 8,1,20,,762525,28,0,55 8,1,20,,762510,28,0,55 8,1,60,,762486,28,0,55 8,1,20,,623798,28,0,55 8,1,20,,762497,28,0,55 8,1,60,,762527,28,0,55 8,1,20,,762491,28,0,55 8,1,20,,762511,28,0,55 8,1,60,,762500,28,0,55 8,1,20,,604988,28,0,55 8,1,20,,762503,28,0,55 8,1,63,,592134,28,0,55 8,1,21,,762504,28,0,55 8,1,20,,762499,28,0,55 8,1,60,,762487,28,0,55 8,1,20,,762531,28,0,55 8,1,20,,762521,28,0,55 8,1,60,,762516,28,0,55 8,1,20,,762494,28,0,55 8,1,20,,762484,28,0,55 8,1,60,,762498,28,0,55 8,1,20,,574568,28,0,55 8,1,20,,762492,28,0,55 8,1,60,,762493,28,0,55 8,1,20,,625637,28,0,55 8,1,20,,762502,28,0,55 8,1,60,,762519,28,0,55 8,1,20,,762506,28,0,55 8,1,20,,762485,28,0,55 8,1,60,,762515,28,0,55 8,1,20,,674253,28,0,55 8,1,20,,762530,28,0,55 8,1,60,,762495,28,0,55 8,1,30,,762496,28,0,55 8,1,11,,762508,28,0,55 8,1,51,,762507,28,0,55 8,1,22,,633381,28,0,55 8,1,22,,762513,28,0,55 8,1,62,,762489,28,0,55 8,1,22,,762517,28,0,55 8,1,22,,762524,28,0,55 8,1,62,,762488,28,0,55 8,1,17,,762501,28,0,55 8,1,22,,762509,28,0,55 8,1,62,,631677,28,0,55 8,1,22,,762522,28,0,55 8,1,62,,621632,28,0,55 8,1,22,,639449,28,0,55 8,1,22,,762514,28,0,55 8,1,62,,762528,28,0,55 8,1,22,,762526,28,0,55 8,1,22,,762529,28,0,55 8,1,62,,669693,28,0,55 8,1,22,,635198,28,0,55 8,1,62,,762512,28,0,55 8,1,11,,604951,28,0,55 8,1
15402,'5',636,,762582,28,0,55 8,1,20,,762565,28,0,55 8,1,60,,762561,28,0,55 8,1,20,,762533,28,0,55 8,1,20,,762571,28,0,55 8,1,60,,622188,28,0,55 8,1,20,,762573,28,0,55 8,1,15,,762558,28,0,55 8,1,60,,762569,28,0,55 8,1,20,,762553,28,0,55 8,1,20,,762564,28,0,55 8,1,60,,762555,28,0,55 8,1,20,,650625,28,0,55 8,1,20,,762542,28,0,55 8,1,60,,762548,28,0,55 8,1,20,,608822,28,0,55 8,1,20,,610763,28,0,55 8,1,63,,762538,28,0,55 8,1,21,,762536,28,0,55 8,1,20,,762570,28,0,55 8,1,60,,762577,28,0,55 8,1,20,,619995,28,0,55 8,1,20,,762562,28,0,55 8,1,60,,762556,28,0,55 8,1,20,,762579,28,0,55 8,1,20,,762559,28,0,55 8,1,60,,762572,28,0,55 8,1,20,,762534,28,0,55 8,1,20,,762568,28,0,55 8,1,60,,762540,28,0,55 8,1,20,,762546,28,0,55 8,1,20,,762539,28,0,55 8,1,60,,632254,28,0,55 8,1,20,,762537,28,0,55 8,1,20,,762581,28,0,55 8,1,60,,762552,28,0,55 8,1,20,,762544,28,0,55 8,1,20,,762563,28,0,55 8,1,60,,762578,28,0,55 8,1,30,,622829,28,0,55 8,1,11,,762550,28,0,55 8,1,51,,762541,28,0,55 8,1,22,,762580,28,0,55 8,1,22,,762547,28,0,55 8,1,62,,762551,28,0,55 8,1,22,,762575,28,0,55 8,1,22,,762566,28,0,55 8,1,62,,689125,28,0,55 8,1,17,,762549,28,0,55 8,1,22,,762574,28,0,55 8,1,62,,762545,28,0,55 8,1,22,,762576,28,0,55 8,1,62,,762543,28,0,55 8,1,22,,663406,28,0,55 8,1,22,,621777,28,0,55 8,1,62,,762535,28,0,55 8,1,22,,762557,28,0,55 8,1,22,,762554,28,0,55 8,1,62,,762567,28,0,55 8,1,22,,762560,28,0,55 8,1,62,,762532,28,0,55 8,1,11,,606834,28,0,55 8,1
35402,'1',432,,640819,16,0,19,1,70,,770855,16,0,11 12 74 15,1,9,,770853,32,0,11 12 74 15,1,8,,770854,16,0,11 12 74 15,1,2028,,770859,29,0,19,1,70,,770860,29,0,19,1,30,,639848,29,0,19,1,70,,770856,29,0,19,1,30,,770863,29,0,19,1,70,,607631,29,0,19,1,30,,770857,32,0,19,1
35402,'2',511,,525012,32,0,11 12 74 15,1,2036,,770864,29,0,19,1,70,,770866,29,0,19,1,30,,770872,29,0,19,1,70,,626379,29,0,19,1,30,,770871,29,0,19,1,70,,770868,29,0,19,1,30,,770873,32,0,19,1
35402,'3',512,,626865,32,0,19,1,23,,770884,32,0,19,1,69,,770876,32,0,19,1,15,,770890,16,0,19,1,15,,770887,32,0,19,1,15,,770878,16,0,19,1,55,,770893,32,0,19,1,1843,,770892,29,0,19,1,70,,770882,29,0,19,1,30,,770883,29,0,19,1,70,,770877,29,0,19,1,30,,770886,29,0,19,1,70,,770875,29,0,19,1,30,,770888,32,0,19,1
35402,'5',511,,770896,32,0,11 12 74 15,1,2036,,536675,29,0,19,1,70,,770900,29,0,19,1,30,,770902,29,0,19,1,70,,615697,29,0,19,1,30,,770899,29,0,19,1,70,,617329,29,0,19,1,30,,770904,32,0,19,1
