3704,'1',505,,373229,14,0,49 8,1,20,,482399,14,0,49 8,1,19,,449289,14,0,49 8,1,58,,501416,14,0,49 8,1,18,,620469,14,0,49 8,1,18,,620485,14,0,49 8,1,18,,582354,14,0,49 8,1,60,,620502,14,0,49 8,1,20,,620507,14,0,49 8,1,20,,578015,14,0,49 8,1,60,,620498,14,0,49 8,1,20,,620513,14,0,49 8,1,20,,620478,14,0,49 8,1,63,,620497,14,0,49 8,1,20,,620503,14,0,49 8,1,20,,515454,14,0,49 8,1,60,,620515,14,0,49 8,1,20,,620500,14,0,49 8,1,20,,463677,14,0,49 8,1,60,,620538,14,0,49 8,1,20,,620541,14,0,49 8,1,20,,620546,14,0,49 8,1,60,,620525,14,0,49 8,1,20,,590668,14,0,49 8,1,20,,620465,14,0,49 8,1,60,,620506,14,0,49 8,1,20,,620462,14,0,49 8,1,20,,620512,14,0,49 8,1,58,,620501,14,0,49 8,1,20,,524878,14,0,49 8,1,20,,620479,14,0,49 8,1,60,,541805,14,0,49 8,1,20,,620516,14,0,49 8,1,20,,620521,14,0,49 8,1,60,,620488,14,0,49 8,1,20,,620475,14,0,49 8,1,20,,620494,14,0,49 8,1,60,,620484,14,0,49 8,1,20,,572044,14,0,49 8,1,18,,620534,14,0,49 8,1,60,,495531,14,0,49 8,1,20,,620504,14,0,49 8,1,20,,620528,14,0,49 8,1,59,,620493,14,0,49 8,1,19,,520913,14,0,49 8,1,20,,620544,14,0,49 8,1,60,,620519,14,0,49 8,1,20,,620474,14,0,49 8,1,20,,620480,14,0,49 8,1,60,,620468,14,0,49 8,1,20,,620539,14,0,49 8,1,22,,620533,14,0,49 8,1,69,,529387,14,0,49 8,1,30,,620524,14,0,49 8,1,70,,549863,14,0,49 8,1,30,,620548,14,0,49 8,1,70,,620461,14,0,49 8,1,30,,620483,14,0,49 8,1,70,,620537,14,0,49 8,1,26,,620481,14,0,17 49 3 50,1,70,,620514,14,0,17 49 3 50,1
3704,'2',513,,620617,14,0,49 8,1,27,,620593,14,0,49 8,1,69,,620589,14,0,49 8,1,30,,620554,14,0,49 8,1,70,,620576,14,0,49 8,1,30,,620629,14,0,49 8,1,70,,620612,14,0,49 8,1,30,,620583,14,0,49 8,1,70,,620578,14,0,49 8,1,30,,620595,14,0,49 8,1,67,,620609,14,0,49 8,1,26,,620553,14,0,49 8,1,25,,620628,14,0,49 8,1,65,,538408,14,0,49 8,1,19,,620638,14,0,49 8,1,17,,620551,14,0,49 8,1,58,,585386,14,0,49 8,1,18,,620570,14,0,49 8,1,18,,620622,14,0,49 8,1,58,,620640,14,0,49 8,1,18,,620574,14,0,49 8,1,18,,620610,14,0,49 8,1,58,,620636,14,0,49 8,1,18,,620611,14,0,49 8,1,18,,620561,14,0,49 8,1,18,,526628,14,0,49 8,1,58,,620602,14,0,49 8,1,18,,620559,14,0,49 8,1,18,,620579,14,0,49 8,1,58,,620607,14,0,49 8,1,18,,537612,14,0,49 8,1,18,,620560,14,0,49 8,1,58,,620564,14,0,49 8,1,18,,562809,14,0,49 8,1,18,,593802,14,0,49 8,1,18,,620582,14,0,49 8,1,58,,620558,14,0,49 8,1,18,,620608,14,0,49 8,1,23,,620569,14,0,49 8,1,66,,620572,14,0,49 8,1,25,,620565,14,0,49 8,1,65,,620614,14,0,49 8,1,25,,620635,14,0,49 8,1,65,,620600,14,0,49 8,1,25,,620624,14,0,49 8,1,26,,620590,14,0,49 8,1,70,,530132,14,0,49 8,1,30,,620621,14,0,49 8,1,70,,620597,14,0,49 8,1,30,,620616,14,0,49 8,1,70,,620581,14,0,49 8,1,30,,620566,14,0,49 8,1,70,,620563,14,0,49 8,1,26,,620626,14,0,17 49 3 50,1,70,,620567,14,0,17 49 3 50,1
3704,'3',527,,620695,14,0,51,1,30,,620651,14,0,51,1,70,,620653,14,0,51,1,30,,620673,14,0,51,1,67,,620676,14,0,49 8,1,30,,527863,14,0,49 8,1,70,,620657,14,0,49 8,1,30,,620703,14,0,49 8,1,70,,620699,14,0,49 8,1,30,,620686,14,0,49 8,1,68,,620664,14,0,49 8,1,28,,620655,14,0,49 8,1,68,,552544,14,0,49 8,1,25,,620705,14,0,49 8,1,61,,620712,14,0,49 8,1,22,,601995,14,0,49 8,1,22,,620662,14,0,49 8,1,62,,620661,14,0,49 8,1,22,,620713,14,0,49 8,1,22,,620667,14,0,49 8,1,62,,620660,14,0,49 8,1,22,,620685,14,0,49 8,1,62,,620674,14,0,49 8,1,22,,620710,14,0,49 8,1,22,,620647,14,0,49 8,1,62,,540707,14,0,49 8,1,22,,432508,14,0,49 8,1,22,,620682,14,0,49 8,1,62,,556357,14,0,49 8,1,22,,620658,14,0,49 8,1,22,,620659,14,0,49 8,1,62,,620671,14,0,49 8,1,22,,620642,14,0,49 8,1,62,,620644,14,0,49 8,1,22,,620672,14,0,49 8,1,24,,620711,14,0,49 8,1,66,,620718,14,0,49 8,1,25,,576665,14,0,49 8,1,65,,620714,14,0,49 8,1,25,,620677,14,0,49 8,1,25,,620708,14,0,49 8,1,70,,620654,14,0,49 8,1,30,,620666,14,0,49 8,1,70,,620669,14,0,49 8,1,30,,480182,14,0,49 8,1,70,,547382,14,0,49 8,1,30,,620696,14,0,49 8,1,70,,620678,14,0,49 8,1,26,,620692,14,0,17 49 3 50,1,70,,620707,14,0,17 49 3 50,1
3704,'5',514,,599404,14,0,49 8,1,24,,620767,14,0,49 8,1,16,,620727,14,0,49 8,1,70,,515106,14,0,49 8,1,30,,620749,14,0,49 8,1,70,,620800,14,0,49 8,1,30,,620764,14,0,49 8,1,70,,620788,14,0,49 8,1,30,,620738,14,0,49 8,1,70,,620786,14,0,49 8,1,30,,620797,14,0,49 8,1,68,,620765,14,0,49 8,1,28,,620799,14,0,49 8,1,68,,518895,14,0,49 8,1,25,,620721,14,0,49 8,1,61,,620780,14,0,49 8,1,22,,620719,14,0,49 8,1,22,,582495,14,0,49 8,1,62,,620742,14,0,49 8,1,22,,557750,14,0,49 8,1,22,,557131,14,0,49 8,1,62,,585868,14,0,49 8,1,22,,620737,14,0,49 8,1,62,,620752,14,0,49 8,1,22,,620770,14,0,49 8,1,22,,601410,14,0,49 8,1,62,,548777,14,0,49 8,1,22,,620748,14,0,49 8,1,22,,620725,14,0,49 8,1,62,,620795,14,0,49 8,1,22,,620729,14,0,49 8,1,22,,620785,14,0,49 8,1,62,,620757,14,0,49 8,1,22,,620794,14,0,49 8,1,62,,620781,14,0,49 8,1,22,,620768,14,0,49 8,1,24,,620777,14,0,49 8,1,66,,620755,14,0,49 8,1,25,,620739,14,0,49 8,1,65,,620726,14,0,49 8,1,25,,620766,14,0,49 8,1,25,,620734,14,0,49 8,1,70,,620750,14,0,49 8,1,30,,620746,14,0,49 8,1,70,,620760,14,0,49 8,1,30,,537069,14,0,49 8,1,70,,620762,14,0,49 8,1,30,,620722,14,0,49 8,1,70,,620740,14,0,49 8,1,26,,620787,14,0,17 49 3 50,1,70,,620784,14,0,17 49 3 50,1
33601,'1',433,,682117,1,0,16 8,1,2281,,535547,1,0,19,1,20,,577435,1,0,19,1,20,,682112,1,0,19,1,60,,450196,1,0,19,1
33601,'2',433,,682125,1,0,19,1,2281,,682121,1,0,19,1,20,,682127,1,0,19,1,20,,682126,1,0,19,1,60,,682129,1,0,19,1
33601,'3',433,,464507,1,0,19,1,68,,682138,1,0,19,1,16,,574845,1,0,19,1,19,,682140,1,0,19,1,10,,682141,1,0,19,1,10,,682136,1,0,19,1,50,,682135,1,0,19,1,10,,682145,1,0,19,1,10,,682143,1,0,19,1,10,,682148,1,0,19,1,10,,682144,1,0,16 8,1,12,,564269,1,0,17 16 250 8,1,50,,682137,1,0,17 16 250 8,1,10,,682157,1,0,17 16 250 8,1,10,,682150,1,0,17 16 250 8,1,9,,682151,1,0,17 16 250 8,1,10,,682132,1,0,17 16 250 8,1,1967,,682153,1,0,19,1,20,,682155,1,0,19,1,20,,682142,1,0,19,1,60,,682152,1,0,19,1
33601,'5',433,,601742,1,0,19,1,2281,,682163,1,0,19,1,20,,682167,1,0,19,1,20,,682171,1,0,19,1,60,,682176,1,0,19,1
33602,'1',2638,,682180,42,4,,1,20,,682194,42,4,,1,63,,587587,61,4,,1,20,,682195,60,4,,1,60,,682187,60,4,,1,20,,682196,60,4,,1,20,,682197,60,4,,1
33602,'2',2638,,682211,42,4,,1,20,,682209,42,4,,1,63,,682198,61,4,,1,20,,682208,60,4,,1,60,,682212,60,4,,1,20,,682206,60,4,,1,20,,682210,60,4,,1
33602,'3',501,,682224,60,4,,1,20,,682241,60,4,,1,20,,535224,60,4,,1,11,,682233,31,4,,1,53,,682223,60,4,,1,17,,682222,60,4,,1,16,,682229,60,4,,1,15,,682221,60,4,,1,55,,682227,60,4,,1,12,,682220,60,4,,1,10,,682240,60,4,,1,10,,682226,60,4,,1,10,,554977,60,4,,1,50,,682231,60,4,,1,1838,,682225,42,4,,1,20,,682228,42,4,,1,63,,682239,61,4,,1,20,,682232,60,4,,1,60,,682235,60,4,,1,20,,682238,60,4,,1,20,,682230,60,4,,1
33602,'5',2638,,525270,42,4,,1,20,,682245,42,4,,1,63,,682246,61,4,,1,20,,682251,60,4,,1,60,,682261,60,4,,1,20,,682248,60,4,,1,20,,682262,60,4,,1
