4001,'1',552,,521770,1,0,136 250 15,1,68,,622326,1,0,136 250 15,1,21,,622336,1,0,136 250 15,1,62,,622299,1,0,136 250 15,1,25,,586438,1,0,136 250 15,1,22,,622277,1,0,136 250 15,1,62,,622289,1,0,136 250 15,1,22,,622331,1,0,136 250 15,1,22,,622321,1,0,136 250 15,1,65,,622344,1,0,136 250 15,1,22,,622341,1,0,136 250 15,1,62,,484130,1,0,136 250 15,1,22,,622304,1,0,136 250 15,1,22,,499523,1,0,136 250 15,1,62,,622291,1,0,136 250 15,1,22,,602587,1,0,136 250 15,1,22,,407122,1,0,136 250 15,1,62,,466690,1,0,136 250 15,1,22,,622305,1,0,136 250 15,1,62,,582501,1,0,136 250 15,1,22,,622316,1,0,136 250 15,1,22,,622322,1,0,136 250 15,1,62,,622292,1,0,136 250 15,1,24,,622315,1,0,136 250 15,1,22,,622285,1,0,136 250 15,1,62,,622300,1,0,136 250 15,1,22,,622330,1,0,136 250 15,1,64,,573478,1,0,136 250 15,1,24,,622276,1,0,136 250 15,1,24,,622343,1,0,136 250 15,1,64,,622338,1,0,136 250 15,1,24,,622290,1,0,136 250 15,1,64,,622329,1,0,136 250 15,1,24,,517816,1,0,136 250 15,1,28,,622307,1,0,136 250 15,1,60,,622275,1,0,136 250 15,1,28,,622301,1,0,136 250 15,1,70,,622327,1,0,136 250 15,1,30,,622337,1,0,136 250 15,1,70,,622313,1,0,136 250 15,1,30,,595473,1,0,136 250 15,1,67,,622328,1,0,136 250 15,1,29,,622310,1,0,136 250 15,1,70,,622274,1,0,136 250 15,1,30,,622279,1,0,136 250 15,1,70,,622282,1,0,136 250 15,1,30,,622293,1,0,136 250 15,1,70,,622294,1,0,17 116,1
4001,'2',551,,496146,1,0,136 250 15,1,70,,519471,1,0,136 250 15,1,30,,622354,1,0,136 250 15,1,70,,622402,1,0,136 250 15,1,29,,622377,1,0,136 250 15,1,61,,622383,1,0,136 250 15,1,26,,622404,1,0,136 250 15,1,66,,622365,1,0,136 250 15,1,26,,534146,1,0,136 250 15,1,26,,622361,1,0,136 250 15,1,66,,622355,1,0,136 250 15,1,26,,622370,1,0,136 250 15,1,66,,622386,1,0,136 250 15,1,26,,622380,1,0,136 250 15,1,62,,479035,1,0,136 250 15,1,23,,592854,1,0,136 250 15,1,25,,622375,1,0,136 250 15,1,64,,565361,1,0,136 250 15,1,24,,622406,1,0,136 250 15,1,64,,622384,1,0,136 250 15,1,24,,566995,1,0,136 250 15,1,24,,622394,1,0,136 250 15,1,64,,455408,1,0,136 250 15,1,24,,378242,1,0,136 250 15,1,64,,622405,1,0,136 250 15,1,24,,622368,1,0,136 250 15,1,24,,622367,1,0,136 250 15,1,64,,527036,1,0,136 250 15,1,24,,622348,1,0,136 250 15,1,64,,590397,1,0,136 250 15,1,24,,622412,1,0,136 250 15,1,24,,622374,1,0,136 250 15,1,65,,622373,1,0,136 250 15,1,27,,622387,1,0,136 250 15,1,70,,622346,1,0,136 250 15,1,30,,622357,1,0,136 250 15,1,70,,622381,1,0,136 250 15,1,30,,622390,1,0,136 250 15,1,67,,622389,1,0,136 250 15,1,29,,622396,1,0,136 250 15,1,70,,622391,1,0,136 250 15,1,30,,622393,1,0,136 250 15,1,70,,622388,1,0,136 250 15,1,30,,622358,1,0,136 250 15,1,70,,622356,1,0,17 116,1
4001,'3',757,,603107,1,0,136 250 15,1,66,,622453,1,0,136 250 15,1,24,,622450,1,0,136 250 15,1,64,,622426,1,0,136 250 15,1,24,,622455,1,0,136 250 15,1,24,,401227,1,0,136 250 15,1,64,,622465,1,0,136 250 15,1,24,,622481,1,0,136 250 15,1,64,,622484,1,0,136 250 15,1,24,,622475,1,0,136 250 15,1,24,,622451,1,0,136 250 15,1,67,,517017,1,0,136 250 15,1,22,,622433,1,0,136 250 15,1,62,,622476,1,0,136 250 15,1,22,,622460,1,0,136 250 15,1,22,,532721,1,0,136 250 15,1,62,,622464,1,0,136 250 15,1,22,,622423,1,0,136 250 15,1,62,,622418,1,0,136 250 15,1,22,,622468,1,0,136 250 15,1,22,,622454,1,0,136 250 15,1,62,,622430,1,0,136 250 15,1,22,,622480,1,0,136 250 15,1,22,,622449,1,0,136 250 15,1,62,,622419,1,0,136 250 15,1,22,,622438,1,0,136 250 15,1,22,,622425,1,0,136 250 15,1,62,,622420,1,0,136 250 15,1,22,,576471,1,0,136 250 15,1,63,,622483,1,0,136 250 15,1,16,,622434,1,0,136 250 15,1,22,,584238,1,0,136 250 15,1,62,,622473,1,0,136 250 15,1,22,,622463,1,0,136 250 15,1,22,,622445,1,0,136 250 15,1,62,,622477,1,0,136 250 15,1,22,,622479,1,0,136 250 15,1,22,,622443,1,0,136 250 15,1,64,,518306,1,0,136 250 15,1,20,,622457,1,0,136 250 15,1,70,,622429,1,0,136 250 15,1,30,,622474,1,0,136 250 15,1,70,,622469,1,0,136 250 15,1,30,,496754,1,0,136 250 15,1,70,,622427,1,0,17 116,1
4001,'5',553,,622551,1,0,136 250 15,1,70,,622513,1,0,136 250 15,1,24,,622544,1,0,136 250 15,1,64,,562896,1,0,136 250 15,1,24,,622526,1,0,136 250 15,1,23,,622514,1,0,136 250 15,1,65,,569154,1,0,136 250 15,1,24,,579572,1,0,136 250 15,1,64,,622501,1,0,136 250 15,1,24,,622487,1,0,136 250 15,1,24,,595035,1,0,136 250 15,1,64,,622537,1,0,136 250 15,1,24,,622504,1,0,136 250 15,1,64,,622498,1,0,136 250 15,1,24,,622494,1,0,136 250 15,1,24,,622542,1,0,136 250 15,1,66,,574587,1,0,136 250 15,1,22,,567292,1,0,136 250 15,1,63,,622511,1,0,136 250 15,1,22,,622519,1,0,136 250 15,1,22,,573852,1,0,136 250 15,1,62,,622491,1,0,136 250 15,1,22,,599601,1,0,136 250 15,1,62,,622527,1,0,136 250 15,1,22,,622506,1,0,136 250 15,1,22,,622500,1,0,136 250 15,1,62,,532139,1,0,136 250 15,1,22,,518702,1,0,136 250 15,1,22,,622559,1,0,136 250 15,1,62,,622515,1,0,136 250 15,1,22,,589246,1,0,136 250 15,1,22,,530307,1,0,136 250 15,1,62,,622490,1,0,136 250 15,1,22,,622503,1,0,136 250 15,1,62,,622552,1,0,136 250 15,1,17,,622533,1,0,136 250 15,1,22,,622516,1,0,136 250 15,1,62,,622547,1,0,136 250 15,1,22,,622560,1,0,136 250 15,1,22,,622488,1,0,136 250 15,1,62,,622530,1,0,136 250 15,1,22,,622510,1,0,136 250 15,1,22,,528048,1,0,136 250 15,1,60,,622548,1,0,136 250 15,1,24,,622555,1,0,136 250 15,1,70,,622536,1,0,136 250 15,1,30,,622546,1,0,136 250 15,1,70,,622535,1,0,136 250 15,1,30,,622531,1,0,136 250 15,1,70,,622556,1,0,17 116,1
4002,'1',619,,622570,16,4,,1,22,,622599,16,4,,1,62,,527633,16,4,,1,25,,588920,16,4,,1,22,,515127,16,4,,1,62,,622625,16,4,,1,22,,622605,16,4,,1,22,,622607,16,4,,1,65,,622608,16,4,,1,22,,622574,16,4,,1,62,,622621,16,4,,1,22,,526603,16,4,,1,22,,622609,16,4,,1,62,,622630,16,4,,1,22,,622571,16,4,,1,22,,622568,16,4,,1,62,,550460,16,4,,1,22,,622592,16,4,,1,62,,622610,16,4,,1,22,,622561,16,4,,1,22,,622562,16,4,,1,62,,622612,16,4,,1,22,,622576,16,4,,1,24,,622587,16,4,,1,62,,571409,16,4,,1,22,,581010,16,4,,1,64,,622584,16,4,,1,24,,622593,16,4,,1,24,,622629,16,4,,1,64,,510027,16,4,,1,24,,622616,16,4,,1,64,,622591,16,4,,1,24,,581011,16,4,,1,24,,622567,16,4,,1,64,,622624,16,4,,1,28,,583309,16,4,,1,70,,598640,16,4,,1,26,,622564,16,4,,1,70,,580580,16,4,,1,30,,622569,16,4,,1,70,,622615,16,4,,1,30,,622563,16,4,,1,70,,622623,16,4,,1,30,,622594,16,4,,1,70,,622583,16,4,,1,30,,622572,16,4,,1,70,,622589,16,4,,1
4002,'2',621,,622635,16,4,,1,30,,622638,16,4,,1,70,,622672,16,4,,1,28,,622639,16,4,,1,61,,622671,16,4,,1,27,,622694,16,4,,1,66,,514694,16,4,,1,26,,622678,16,4,,1,26,,622664,16,4,,1,66,,622642,16,4,,1,26,,622686,16,4,,1,66,,602741,16,4,,1,26,,622676,16,4,,1,62,,622680,16,4,,1,23,,622677,16,4,,1,25,,622685,16,4,,1,64,,526052,16,4,,1,24,,622636,16,4,,1,64,,622698,16,4,,1,24,,622661,16,4,,1,24,,622651,16,4,,1,64,,622689,16,4,,1,24,,622631,16,4,,1,64,,622660,16,4,,1,24,,622670,16,4,,1,24,,571146,16,4,,1,64,,622697,16,4,,1,24,,622666,16,4,,1,64,,622683,16,4,,1,24,,542462,16,4,,1,24,,589585,16,4,,1,64,,519446,16,4,,1,24,,622656,16,4,,1,70,,557079,16,4,,1,30,,622690,16,4,,1,70,,622647,16,4,,1,30,,622681,16,4,,1,70,,622662,16,4,,1,30,,622646,16,4,,1,70,,622692,16,4,,1,30,,622684,16,4,,1,70,,622669,16,4,,1,30,,622699,16,4,,1,70,,548122,16,4,,1
4002,'3',823,,622751,16,4,,1,24,,622737,16,4,,1,64,,622741,16,4,,1,24,,622701,16,4,,1,24,,622757,16,4,,1,64,,622759,16,4,,1,24,,592476,16,4,,1,64,,535209,16,4,,1,24,,622710,16,4,,1,24,,622705,16,4,,1,67,,622731,16,4,,1,22,,622755,16,4,,1,62,,523794,16,4,,1,22,,622744,16,4,,1,22,,622738,16,4,,1,62,,601289,16,4,,1,22,,622750,16,4,,1,62,,463280,16,4,,1,22,,622706,16,4,,1,22,,622700,16,4,,1,62,,622740,16,4,,1,22,,622742,16,4,,1,22,,622746,16,4,,1,62,,622717,16,4,,1,22,,622707,16,4,,1,22,,622753,16,4,,1,62,,622726,16,4,,1,22,,622765,16,4,,1,62,,622748,16,4,,1,17,,622724,16,4,,1,22,,583419,16,4,,1,62,,622754,16,4,,1,22,,622733,16,4,,1,22,,622732,16,4,,1,62,,622721,16,4,,1,22,,622739,16,4,,1,22,,622723,16,4,,1,60,,532712,16,4,,1,23,,622734,16,4,,1,70,,622752,16,4,,1,30,,622758,16,4,,1,70,,622715,16,4,,1,30,,622711,16,4,,1,70,,622761,16,4,,1
4002,'5',619,,622806,16,4,,1,26,,622800,16,4,,1,64,,525689,16,4,,1,24,,622775,16,4,,1,24,,622816,16,4,,1,65,,622841,16,4,,1,24,,622833,16,4,,1,64,,622846,16,4,,1,24,,622794,16,4,,1,24,,622840,16,4,,1,64,,622842,16,4,,1,24,,622805,16,4,,1,64,,622812,16,4,,1,24,,622844,16,4,,1,24,,622823,16,4,,1,67,,622810,16,4,,1,22,,622839,16,4,,1,62,,622818,16,4,,1,22,,513668,16,4,,1,22,,622795,16,4,,1,62,,622769,16,4,,1,22,,545973,16,4,,1,22,,622831,16,4,,1,62,,622802,16,4,,1,22,,622811,16,4,,1,62,,622780,16,4,,1,22,,622838,16,4,,1,22,,562001,16,4,,1,62,,622834,16,4,,1,22,,586564,16,4,,1,22,,622832,16,4,,1,62,,622792,16,4,,1,22,,622767,16,4,,1,62,,622830,16,4,,1,18,,622782,16,4,,1,21,,622804,16,4,,1,62,,568379,16,4,,1,22,,539821,16,4,,1,22,,517109,16,4,,1,62,,578471,16,4,,1,22,,622779,16,4,,1,22,,622771,16,4,,1,60,,622827,16,4,,1,23,,622772,16,4,,1,70,,622820,16,4,,1,30,,622845,16,4,,1,70,,622785,16,4,,1,30,,622836,16,4,,1,70,,622774,16,4,,1
18901,'1',524,,562516,9,0,127 258 15,1,30,,679014,9,0,127 258 15,1,70,,679002,9,0,127 258 15,1,30,,603284,9,0,127 258 15,1,64,,679003,9,0,127 258 15,1,24,,679024,9,0,127 258 15,1,64,,679022,9,0,127 258 15,1,24,,679032,9,0,127 258 15,1,24,,679027,9,0,127 258 15,1,64,,679010,9,0,127 258 15,1,25,,679020,9,0,127 258 15,1,65,,679007,9,0,127 258 15,1,25,,679018,9,0,127 258 15,1,25,,530721,9,0,127 258 15,1,65,,679006,9,0,127 258 15,1,25,,679033,9,0,127 258 15,1,65,,679004,9,0,127 258 15,1,25,,604148,9,0,127 258 15,1,65,,679015,9,0,127 258 15,1,25,,530740,9,0,127 258 15,1,25,,679029,9,0,127 258 15,1,65,,679001,9,0,127 258 15,1,25,,535061,9,0,127 258 15,1,65,,679025,9,0,127 258 15,1,25,,679023,9,0,127 258 15,1,25,,679008,9,0,127 258 15,1,68,,538226,9,0,127 258 15,1,28,,604238,9,0,127 258 15,1,68,,679026,9,0,127 258 15,1,28,,679012,9,0,127 258 15,1,68,,679031,9,0,127 258 15,1,26,,560722,9,0,127 258 15,1,65,,679005,9,0,127 258 15,1,30,,679016,9,0,127 258 15,1,70,,679019,9,0,127 258 15,1,30,,679017,9,0,127 258 15,1,70,,679034,9,0,127 258 15,1,30,,679009,9,0,127 258 15,1,70,,679011,9,0,127 258 15,1,27,,679013,9,0,127 258 15,1,67,,513795,9,0,127 258 15,1,27,,679030,9,0,127 258 15,1,27,,679021,9,0,127 258 15,1,67,,574371,9,0,127 258 15,1,27,,599632,9,0,127 258 15,1,67,,679028,9,0,17 6 7 3 128,1
18901,'2',535,,679065,9,0,127 258 15,1,68,,679068,9,0,127 258 15,1,28,,679036,9,0,127 258 15,1,28,,679047,9,0,127 258 15,1,68,,679071,9,0,127 258 15,1,28,,679049,9,0,127 258 15,1,69,,679050,9,0,127 258 15,1,28,,581206,9,0,127 258 15,1,65,,679070,9,0,127 258 15,1,23,,679044,9,0,127 258 15,1,63,,581475,9,0,127 258 15,1,23,,679067,9,0,127 258 15,1,23,,471812,9,0,127 258 15,1,63,,506211,9,0,127 258 15,1,23,,470493,9,0,127 258 15,1,23,,679035,9,0,127 258 15,1,68,,679061,9,0,127 258 15,1,27,,679069,9,0,127 258 15,1,67,,679058,9,0,127 258 15,1,27,,679045,9,0,127 258 15,1,67,,679037,9,0,127 258 15,1,27,,679059,9,0,127 258 15,1,67,,590058,9,0,127 258 15,1,27,,415912,9,0,127 258 15,1,67,,570414,9,0,127 258 15,1,27,,679042,9,0,127 258 15,1,27,,578656,9,0,127 258 15,1,67,,679056,9,0,127 258 15,1,27,,679064,9,0,127 258 15,1,67,,679053,9,0,127 258 15,1,27,,679046,9,0,127 258 15,1,65,,679072,9,0,127 258 15,1,22,,679066,9,0,127 258 15,1,22,,679052,9,0,127 258 15,1,62,,679063,9,0,127 258 15,1,22,,679038,9,0,127 258 15,1,22,,679062,9,0,127 258 15,1,62,,679054,9,0,127 258 15,1,22,,679051,9,0,127 258 15,1,63,,679060,9,0,127 258 15,1,24,,679039,9,0,127 258 15,1,28,,679041,9,0,127 258 15,1,68,,679043,9,0,127 258 15,1,28,,679048,9,0,127 258 15,1,68,,679040,9,0,127 258 15,1,28,,679057,9,0,127 258 15,1,67,,679055,9,0,17 6 7 3 128,1
18901,'3',748,,679107,9,0,127 258 15,1,59,,679080,9,0,127 258 15,1,21,,679113,9,0,127 258 15,1,21,,679091,9,0,127 258 15,1,61,,679081,9,0,127 258 15,1,21,,581537,9,0,127 258 15,1,21,,679097,9,0,127 258 15,1,61,,500026,9,0,127 258 15,1,21,,679099,9,0,127 258 15,1,21,,437798,9,0,127 258 15,1,61,,679110,9,0,127 258 15,1,21,,679102,9,0,127 258 15,1,21,,679092,9,0,127 258 15,1,66,,679083,9,0,127 258 15,1,26,,679094,9,0,127 258 15,1,66,,679108,9,0,127 258 15,1,26,,679087,9,0,127 258 15,1,66,,679090,9,0,127 258 15,1,26,,679100,9,0,127 258 15,1,66,,679096,9,0,127 258 15,1,26,,679084,9,0,127 258 15,1,26,,679078,9,0,127 258 15,1,66,,679089,9,0,127 258 15,1,26,,679082,9,0,127 258 15,1,66,,679101,9,0,127 258 15,1,26,,679077,9,0,127 258 15,1,66,,679095,9,0,127 258 15,1,26,,679112,9,0,127 258 15,1,26,,679074,9,0,127 258 15,1,63,,679075,9,0,127 258 15,1,24,,679085,9,0,127 258 15,1,62,,679086,9,0,127 258 15,1,22,,679073,9,0,127 258 15,1,22,,679088,9,0,127 258 15,1,62,,679111,9,0,127 258 15,1,22,,679103,9,0,127 258 15,1,22,,679076,9,0,127 258 15,1,63,,460534,9,0,127 258 15,1,23,,679104,9,0,127 258 15,1,66,,679109,9,0,127 258 15,1,26,,679105,9,0,127 258 15,1,26,,679098,9,0,127 258 15,1,66,,679106,9,0,127 258 15,1,26,,679093,9,0,127 258 15,1,66,,679079,9,0,17 6 7 3 128,1
18901,'5',535,,679136,9,0,127 258 15,1,66,,679147,9,0,127 258 15,1,28,,679141,9,0,127 258 15,1,28,,556466,9,0,127 258 15,1,68,,679154,9,0,127 258 15,1,23,,679143,9,0,127 258 15,1,59,,679139,9,0,127 258 15,1,21,,679135,9,0,127 258 15,1,21,,679114,9,0,127 258 15,1,61,,679145,9,0,127 258 15,1,21,,579081,9,0,127 258 15,1,21,,679119,9,0,127 258 15,1,61,,679128,9,0,127 258 15,1,21,,679148,9,0,127 258 15,1,21,,679127,9,0,127 258 15,1,61,,679152,9,0,127 258 15,1,21,,679151,9,0,127 258 15,1,21,,679137,9,0,127 258 15,1,66,,679132,9,0,127 258 15,1,26,,679153,9,0,127 258 15,1,66,,679133,9,0,127 258 15,1,26,,679122,9,0,127 258 15,1,66,,561594,9,0,127 258 15,1,26,,679125,9,0,127 258 15,1,66,,679150,9,0,127 258 15,1,26,,679120,9,0,127 258 15,1,26,,679130,9,0,127 258 15,1,66,,679155,9,0,127 258 15,1,26,,569400,9,0,127 258 15,1,66,,679116,9,0,127 258 15,1,26,,679117,9,0,127 258 15,1,66,,524800,9,0,127 258 15,1,26,,679144,9,0,127 258 15,1,26,,679124,9,0,127 258 15,1,63,,679131,9,0,127 258 15,1,24,,679146,9,0,127 258 15,1,62,,592660,9,0,127 258 15,1,22,,679123,9,0,127 258 15,1,22,,679121,9,0,127 258 15,1,62,,679140,9,0,127 258 15,1,22,,679138,9,0,127 258 15,1,22,,679142,9,0,127 258 15,1,63,,679129,9,0,127 258 15,1,23,,557346,9,0,127 258 15,1,66,,679134,9,0,127 258 15,1,26,,585869,9,0,127 258 15,1,26,,679118,9,0,127 258 15,1,66,,679149,9,0,127 258 15,1,26,,679115,9,0,127 258 15,1,66,,679126,9,0,17 6 7 3 128,1
34002,'1',448,,682460,16,0,6 7 3 128,1,70,,682457,16,0,6 7 3 128,1,2030,,546945,16,0,6 7 3 128,1,70,,682458,16,0,6 7 3 128,1,30,,512619,16,0,6 7 3 128,1,70,,682459,16,0,6 7 3 128,1,30,,682456,16,0,6 7 3 128,1,70,,559268,16,0,6 7 3 128,1
34002,'2',448,,682464,16,0,6 7 3 128,1,70,,682462,16,0,6 7 3 128,1,2030,,682465,16,0,6 7 3 128,1,70,,396704,16,0,6 7 3 128,1,30,,682466,16,0,6 7 3 128,1,70,,682468,16,0,6 7 3 128,1,30,,682467,16,0,6 7 3 128,1,70,,483158,16,0,6 7 3 128,1
34002,'3',448,,682471,16,0,6 7 3 128,1,70,,682477,16,0,6 7 3 128,1,32,,482512,16,0,6 7 3 128,1,70,,682470,16,0,6 7 3 128,1,20,,682472,16,0,6 7 3 128,1,60,,519953,16,0,6 7 3 128,1,24,,682480,16,0,6 7 3 128,1,1824,,682474,16,0,6 7 3 128,1,70,,682475,16,0,6 7 3 128,1,30,,682476,16,0,6 7 3 128,1,70,,682478,16,0,6 7 3 128,1,30,,682479,16,0,6 7 3 128,1,70,,682473,16,0,6 7 3 128,1
34002,'5',448,,682487,16,0,6 7 3 128,1,70,,590234,16,0,6 7 3 128,1,2030,,682485,16,0,6 7 3 128,1,70,,682483,16,0,6 7 3 128,1,30,,682488,16,0,6 7 3 128,1,70,,682484,16,0,6 7 3 128,1,30,,682481,16,0,6 7 3 128,1,70,,682486,16,0,6 7 3 128,1
