9502,'1',523,,655773,56,0,14 38 15,1,11,,655776,56,0,14 38 15,1,16,,655745,56,0,14 38 15,1,55,,655712,56,0,14 38 15,1,12,,655717,56,0,14 38 15,1,9,,603009,56,0,14 38 15,1,10,,655738,56,0,14 38 15,1,10,,655779,56,0,14 38 15,1,10,,655799,56,0,14 38 15,1,50,,502510,56,0,14 38 15,1,10,,542737,56,0,14 38 15,1,9,,655716,56,0,14 38 15,1,9,,655715,56,0,14 38 15,1,10,,655804,56,0,14 38 15,1,9,,655755,56,0,14 38 15,1,51,,655748,56,0,14 38 15,1,10,,562760,56,0,14 38 15,1,10,,655772,56,0,14 38 15,1,10,,604144,56,0,14 38 15,1,10,,655754,56,0,14 38 15,1,10,,655790,56,0,14 38 15,1,50,,655802,56,0,14 38 15,1,8,,655730,56,0,14 38 15,1,10,,655806,56,0,14 38 15,1,7,,502621,56,0,14 38 15,1,11,,655805,56,0,14 38 15,1,9,,655743,56,0,14 38 15,1,9,,655713,56,0,14 38 15,1,50,,655788,56,0,14 38 15,1,10,,655741,56,0,14 38 15,1,10,,655724,56,0,14 38 15,1,10,,540989,56,0,14 38 15,1,8,,655737,56,0,14 38 15,1,10,,655777,56,0,14 38 15,1,50,,655781,56,0,14 38 15,1,9,,598070,56,0,14 38 15,1,10,,472978,56,0,14 38 15,1,10,,557820,56,0,14 38 15,1,10,,655736,56,0,14 38 15,1,10,,655759,56,0,14 38 15,1,50,,527640,56,0,14 38 15,1,10,,655731,56,0,14 38 15,1,10,,655760,56,0,14 38 15,1,10,,575904,56,0,14 38 15,1,10,,655756,56,0,14 38 15,1,10,,655769,56,0,14 38 15,1,50,,655787,56,0,14 38 15,1,10,,655711,56,0,14 38 15,1,10,,655750,56,0,14 38 15,1,10,,655747,56,0,14 38 15,1,10,,655780,56,0,14 38 15,1,10,,549866,56,0,14 38 15,1,50,,655791,56,0,14 38 15,1,10,,563785,56,0,14 38 15,1,10,,655761,56,0,14 38 15,1,10,,655771,56,0,14 38 15,1,10,,655786,56,0,14 38 15,1,10,,655729,56,0,14 38 15,1,49,,655726,56,0,14 38 15,1,11,,655778,56,0,14 38 15,1,11,,655812,56,0,14 38 15,1,12,,655719,56,0,14 38 15,1,12,,655810,56,0,14 38 15,1,50,,655770,56,0,14 38 15,1,10,,655763,56,0,14 38 15,1,10,,655768,56,0,14 38 15,1,10,,655725,56,0,14 38 15,1,10,,655746,56,0,14 38 15,1,10,,655814,56,0,14 38 15,1,50,,655785,56,0,14 38 15,1,10,,655797,56,0,14 38 15,1,10,,655740,56,0,14 38 15,1,10,,655807,56,0,14 38 15,1,10,,655792,56,0,14 38 15,1,10,,655803,56,0,14 38 15,1,50,,402122,56,0,14 38 15,1,10,,655728,56,0,14 38 15,1,10,,482143,56,0,14 38 15,1,10,,655809,56,0,14 38 15,1,10,,655733,56,0,14 38 15,1,10,,655727,56,0,14 38 15,1,50,,655752,56,0,14 38 15,1,9,,655732,56,0,14 38 15,1,9,,655753,56,0,14 38 15,1,8,,546775,56,0,14 38 15,1,7,,655784,56,0,14 38 15,1,8,,655765,56,0,14 38 15,1,9,,655774,56,0,14 38 15,1,6,,602949,46,0,14 38 15,1,46,,556736,56,0,14 38 15,1,6,,655789,46,0,14 38 15,1,6,,655720,56,0,14 38 15,1,6,,558753,46,0,14 38 15,1,6,,655775,56,0,14 38 15,1,6,,655782,46,0,14 38 15,1,6,,655742,56,0,14 38 15,1,6,,655751,46,0,14 38 15,1,6,,655714,56,0,14 38 15,1,6,,655735,46,0,14 38 15,1,46,,655764,56,0,14 38 15,1,6,,655808,46,0,14 38 15,1,6,,568517,56,0,14 38 15,1,6,,655767,46,0,14 38 15,1,6,,573439,56,0,14 38 15,1,6,,458278,46,0,14 38 15,1,6,,655718,56,0,14 38 15,1,6,,655749,46,0,14 38 15,1,6,,521020,56,0,14 38 15,1,6,,655723,46,0,14 38 15,1,45,,655744,56,0,14 38 15,1,4,,655757,46,0,14 38 15,1,5,,384004,56,0,14 38 15,1,4,,655801,46,0,14 38 15,1,6,,655758,56,0,14 38 15,1,6,,655766,46,0,14 38 15,1,6,,655721,56,0,14 38 15,1,6,,655783,46,0,14 38 15,1,12,,423507,56,0,14 38 15,1,50,,655795,46,0,14 38 15,1,10,,655811,56,0,14 38 15,1,10,,655793,46,0,14 38 15,1,10,,655798,56,0,14 38 15,1,10,,520971,46,0,14 38 15,1,10,,572763,56,0,14 38 15,1,50,,655794,46,0,14 38 15,1,10,,655796,56,0,14 38 15,1,10,,544847,46,0,14 38 15,1,10,,655762,56,0,14 38 15,1,10,,510711,46,0,14 38 15,1,10,,655813,56,0,14 38 15,1,50,,573248,46,0,14 38 15,1,10,,553067,56,0,14 38 15,1,8,,655722,46,0,14 38 15,1,15,,655739,56,0,14 38 15,1,13,,655734,46,0,14 38 15,1,11,,655800,56,0,14 38 15,1
9502,'2',534,,655937,56,0,14 38 15,1,17,,655821,56,0,14 38 15,1,57,,655843,56,0,14 38 15,1,9,,655823,46,0,14 38 15,1,8,,655930,56,0,14 38 15,1,8,,655858,46,0,14 38 15,1,8,,655936,56,0,14 38 15,1,8,,655868,46,0,14 38 15,1,8,,527697,56,0,14 38 15,1,48,,655943,46,0,14 38 15,1,8,,571581,56,0,14 38 15,1,8,,655853,46,0,14 38 15,1,8,,655898,56,0,14 38 15,1,8,,655864,46,0,14 38 15,1,8,,655920,56,0,14 38 15,1,8,,655872,46,0,14 38 15,1,48,,655861,56,0,14 38 15,1,8,,655844,46,0,14 38 15,1,8,,655885,56,0,14 38 15,1,8,,655933,46,0,14 38 15,1,8,,655851,56,0,14 38 15,1,8,,655857,46,0,14 38 15,1,6,,655825,56,0,14 38 15,1,8,,655850,46,0,14 38 15,1,47,,521054,56,0,14 38 15,1,8,,655908,46,0,14 38 15,1,7,,655830,56,0,14 38 15,1,8,,655873,46,0,14 38 15,1,7,,655854,56,0,14 38 15,1,8,,524375,46,0,14 38 15,1,7,,655903,56,0,14 38 15,1,10,,655912,46,0,14 38 15,1,48,,655945,56,0,14 38 15,1,9,,655816,46,0,14 38 15,1,8,,582078,56,0,14 38 15,1,8,,655947,46,0,14 38 15,1,7,,655875,56,0,14 38 15,1,8,,655931,46,0,14 38 15,1,7,,655847,56,0,14 38 15,1,48,,655829,46,0,14 38 15,1,7,,655893,56,0,14 38 15,1,8,,655935,46,0,14 38 15,1,7,,403303,56,0,14 38 15,1,8,,655862,46,0,14 38 15,1,7,,655946,56,0,14 38 15,1,8,,655863,46,0,14 38 15,1,7,,655880,56,0,14 38 15,1,48,,655856,46,0,14 38 15,1,7,,655882,56,0,14 38 15,1,8,,655916,46,0,14 38 15,1,7,,655887,56,0,14 38 15,1,8,,655884,46,0,14 38 15,1,7,,592428,56,0,14 38 15,1,4,,655865,46,0,14 38 15,1,6,,655852,56,0,14 38 15,1,6,,655870,46,0,14 38 15,1,6,,655820,56,0,14 38 15,1,46,,655834,46,0,14 38 15,1,6,,542432,56,0,14 38 15,1,6,,420845,46,0,14 38 15,1,6,,655860,56,0,14 38 15,1,6,,597519,46,0,14 38 15,1,6,,655932,56,0,14 38 15,1,6,,655921,46,0,14 38 15,1,6,,516283,56,0,14 38 15,1,6,,655837,46,0,14 38 15,1,6,,655915,56,0,14 38 15,1,46,,655831,46,0,14 38 15,1,6,,521041,56,0,14 38 15,1,6,,655934,46,0,14 38 15,1,6,,543757,56,0,14 38 15,1,6,,655919,46,0,14 38 15,1,6,,534106,56,0,14 38 15,1,6,,655883,46,0,14 38 15,1,6,,655929,56,0,14 38 15,1,6,,655950,46,0,14 38 15,1,6,,655949,56,0,14 38 15,1,46,,543807,46,0,14 38 15,1,6,,655840,56,0,14 38 15,1,6,,655907,46,0,14 38 15,1,6,,655905,56,0,14 38 15,1,6,,655886,46,0,14 38 15,1,6,,655846,56,0,14 38 15,1,6,,655942,46,0,14 38 15,1,6,,655878,56,0,14 38 15,1,6,,580492,46,0,14 38 15,1,6,,655819,56,0,14 38 15,1,46,,655869,46,0,14 38 15,1,6,,655879,56,0,14 38 15,1,6,,655901,46,0,14 38 15,1,6,,655896,56,0,14 38 15,1,6,,655902,46,0,14 38 15,1,6,,655849,56,0,14 38 15,1,6,,655927,46,0,14 38 15,1,6,,655923,56,0,14 38 15,1,6,,516159,46,0,14 38 15,1,6,,655938,56,0,14 38 15,1,46,,655910,46,0,14 38 15,1,6,,655897,56,0,14 38 15,1,6,,655926,46,0,14 38 15,1,6,,655867,56,0,14 38 15,1,6,,655866,46,0,14 38 15,1,6,,655855,56,0,14 38 15,1,6,,655817,46,0,14 38 15,1,6,,591928,56,0,14 38 15,1,6,,655892,46,0,14 38 15,1,6,,655824,56,0,14 38 15,1,46,,655904,46,0,14 38 15,1,6,,655832,56,0,14 38 15,1,6,,655909,46,0,14 38 15,1,6,,655917,56,0,14 38 15,1,6,,655939,46,0,14 38 15,1,6,,655835,56,0,14 38 15,1,6,,531458,46,0,14 38 15,1,6,,655906,56,0,14 38 15,1,7,,655838,46,0,14 38 15,1,48,,655922,56,0,14 38 15,1,8,,655839,46,0,14 38 15,1,8,,655894,56,0,14 38 15,1,8,,655848,46,0,14 38 15,1,8,,527383,56,0,14 38 15,1,8,,572951,46,0,14 38 15,1,8,,655911,56,0,14 38 15,1,8,,655842,46,0,14 38 15,1,48,,655876,56,0,14 38 15,1,8,,655895,46,0,14 38 15,1,8,,553677,56,0,14 38 15,1,8,,655940,46,0,14 38 15,1,8,,655889,56,0,14 38 15,1,8,,537560,46,0,14 38 15,1,8,,655925,56,0,14 38 15,1,48,,576442,46,0,14 38 15,1,8,,655900,56,0,14 38 15,1,8,,655874,46,0,14 38 15,1,8,,655871,56,0,14 38 15,1,8,,655818,46,0,14 38 15,1,8,,655841,56,0,14 38 15,1,8,,655913,46,0,14 38 15,1,8,,655881,56,0,14 38 15,1,49,,655815,46,0,14 38 15,1,8,,537402,56,0,14 38 15,1,9,,556221,46,0,14 38 15,1,8,,655859,56,0,14 38 15,1,8,,655890,46,0,14 38 15,1,8,,655877,56,0,14 38 15,1,8,,506728,46,0,14 38 15,1,48,,655826,56,0,14 38 15,1,8,,498627,46,0,14 38 15,1,8,,655836,56,0,14 38 15,1,8,,655833,46,0,14 38 15,1,8,,655845,56,0,14 38 15,1,8,,655928,46,0,14 38 15,1,8,,547075,56,0,14 38 15,1,48,,655914,46,0,14 38 15,1,8,,655924,56,0,14 38 15,1,8,,655918,46,0,14 38 15,1,8,,655891,56,0,14 38 15,1,8,,655888,46,0,14 38 15,1,8,,655941,56,0,14 38 15,1,8,,515530,46,0,14 38 15,1,8,,655899,56,0,14 38 15,1,48,,655828,46,0,14 38 15,1,8,,655827,56,0,14 38 15,1,8,,507562,46,0,14 38 15,1,13,,655944,56,0,14 38 15,1,12,,655948,46,0,14 38 15,1,12,,655822,56,0,14 38 15,1
9502,'3',745,,412857,56,0,14 38 15,1,55,,656044,56,0,14 38 15,1,11,,656069,46,0,14 38 15,1,10,,583462,56,0,14 38 15,1,10,,655967,46,0,14 38 15,1,8,,656060,56,0,14 38 15,1,8,,656016,46,0,14 38 15,1,8,,655958,56,0,14 38 15,1,48,,656000,46,0,14 38 15,1,8,,656038,56,0,14 38 15,1,8,,656068,46,0,14 38 15,1,8,,656042,56,0,14 38 15,1,8,,656001,46,0,14 38 15,1,8,,656012,56,0,14 38 15,1,8,,655955,46,0,14 38 15,1,8,,538737,56,0,14 38 15,1,48,,561015,46,0,14 38 15,1,8,,656035,56,0,14 38 15,1,8,,655966,46,0,14 38 15,1,8,,656073,56,0,14 38 15,1,8,,655970,46,0,14 38 15,1,8,,531547,56,0,14 38 15,1,8,,656062,46,0,14 38 15,1,48,,656029,56,0,14 38 15,1,8,,537805,46,0,14 38 15,1,8,,656040,56,0,14 38 15,1,8,,655997,46,0,14 38 15,1,8,,656065,56,0,14 38 15,1,8,,656039,46,0,14 38 15,1,8,,655956,56,0,14 38 15,1,8,,655996,46,0,14 38 15,1,46,,526926,56,0,14 38 15,1,6,,656021,46,0,14 38 15,1,6,,656019,56,0,14 38 15,1,6,,656005,46,0,14 38 15,1,6,,655981,56,0,14 38 15,1,6,,656020,46,0,14 38 15,1,6,,656074,56,0,14 38 15,1,6,,558045,46,0,14 38 15,1,6,,535250,56,0,14 38 15,1,6,,655975,46,0,14 38 15,1,46,,656064,56,0,14 38 15,1,6,,655995,46,0,14 38 15,1,6,,656025,56,0,14 38 15,1,6,,656010,46,0,14 38 15,1,6,,656047,56,0,14 38 15,1,6,,655985,46,0,14 38 15,1,6,,655965,56,0,14 38 15,1,6,,655979,46,0,14 38 15,1,6,,656031,56,0,14 38 15,1,6,,656054,46,0,14 38 15,1,46,,656076,56,0,14 38 15,1,6,,655960,46,0,14 38 15,1,6,,656004,56,0,14 38 15,1,6,,655986,46,0,14 38 15,1,6,,656067,56,0,14 38 15,1,6,,655989,46,0,14 38 15,1,6,,532747,56,0,14 38 15,1,6,,656050,46,0,14 38 15,1,6,,656008,56,0,14 38 15,1,6,,656036,46,0,14 38 15,1,46,,656015,56,0,14 38 15,1,6,,656063,46,0,14 38 15,1,6,,656048,56,0,14 38 15,1,6,,655964,46,0,14 38 15,1,6,,585805,56,0,14 38 15,1,6,,656023,46,0,14 38 15,1,6,,655988,56,0,14 38 15,1,6,,573135,46,0,14 38 15,1,6,,656011,56,0,14 38 15,1,6,,656003,46,0,14 38 15,1,46,,656045,56,0,14 38 15,1,6,,656030,46,0,14 38 15,1,6,,655968,56,0,14 38 15,1,6,,491794,46,0,14 38 15,1,6,,656033,56,0,14 38 15,1,6,,656041,46,0,14 38 15,1,6,,584807,56,0,14 38 15,1,6,,655976,46,0,14 38 15,1,6,,656037,56,0,14 38 15,1,6,,656058,46,0,14 38 15,1,46,,655982,56,0,14 38 15,1,6,,656022,46,0,14 38 15,1,6,,655959,56,0,14 38 15,1,6,,656053,46,0,14 38 15,1,6,,655971,56,0,14 38 15,1,6,,656013,46,0,14 38 15,1,6,,585168,56,0,14 38 15,1,6,,655980,46,0,14 38 15,1,6,,655962,56,0,14 38 15,1,6,,655957,46,0,14 38 15,1,46,,655963,56,0,14 38 15,1,6,,655994,46,0,14 38 15,1,6,,655983,56,0,14 38 15,1,6,,525221,46,0,14 38 15,1,6,,656071,56,0,14 38 15,1,6,,656034,46,0,14 38 15,1,6,,655974,56,0,14 38 15,1,6,,655977,46,0,14 38 15,1,6,,655972,56,0,14 38 15,1,48,,656043,46,0,14 38 15,1,8,,655952,56,0,14 38 15,1,8,,656028,46,0,14 38 15,1,8,,656017,56,0,14 38 15,1,8,,656051,46,0,14 38 15,1,8,,655993,56,0,14 38 15,1,8,,655990,46,0,14 38 15,1,8,,655991,56,0,14 38 15,1,48,,655951,46,0,14 38 15,1,8,,655969,56,0,14 38 15,1,8,,655973,46,0,14 38 15,1,8,,656018,56,0,14 38 15,1,8,,656032,46,0,14 38 15,1,8,,655953,56,0,14 38 15,1,8,,656072,46,0,14 38 15,1,48,,656066,56,0,14 38 15,1,8,,655954,46,0,14 38 15,1,8,,655992,56,0,14 38 15,1,8,,656049,46,0,14 38 15,1,8,,656007,56,0,14 38 15,1,8,,656052,46,0,14 38 15,1,8,,656070,56,0,14 38 15,1,8,,656057,46,0,14 38 15,1,50,,555874,56,0,14 38 15,1,10,,656006,46,0,14 38 15,1,10,,656014,56,0,14 38 15,1,10,,656075,46,0,14 38 15,1,10,,656061,56,0,14 38 15,1,11,,655984,46,0,14 38 15,1,50,,656026,56,0,14 38 15,1,10,,656027,46,0,14 38 15,1,10,,655961,56,0,14 38 15,1,10,,656024,46,0,14 38 15,1,10,,656059,56,0,14 38 15,1,10,,537781,46,0,14 38 15,1,50,,599542,56,0,14 38 15,1,10,,558042,46,0,14 38 15,1,10,,655999,56,0,14 38 15,1,10,,656002,46,0,14 38 15,1,10,,655987,56,0,14 38 15,1,10,,656055,46,0,14 38 15,1,50,,656009,56,0,14 38 15,1,10,,656056,46,0,14 38 15,1,14,,656046,56,0,14 38 15,1,13,,655978,46,0,14 38 15,1,12,,655998,56,0,14 38 15,1
9502,'5',533,,656176,56,0,14 38 15,1,13,,656112,56,0,14 38 15,1,13,,656165,56,0,14 38 15,1,48,,656118,46,0,14 38 15,1,8,,656181,56,0,14 38 15,1,8,,526192,46,0,14 38 15,1,8,,656093,56,0,14 38 15,1,8,,656162,46,0,14 38 15,1,9,,656111,56,0,14 38 15,1,9,,550065,46,0,14 38 15,1,48,,656153,56,0,14 38 15,1,8,,656172,46,0,14 38 15,1,8,,656095,56,0,14 38 15,1,8,,656119,46,0,14 38 15,1,8,,656100,56,0,14 38 15,1,8,,656082,46,0,14 38 15,1,8,,656205,56,0,14 38 15,1,49,,549449,46,0,14 38 15,1,8,,514783,56,0,14 38 15,1,5,,656193,46,0,14 38 15,1,8,,656145,56,0,14 38 15,1,8,,656152,46,0,14 38 15,1,8,,656168,56,0,14 38 15,1,8,,656161,46,0,14 38 15,1,8,,656140,56,0,14 38 15,1,48,,656192,46,0,14 38 15,1,8,,656103,56,0,14 38 15,1,8,,656124,46,0,14 38 15,1,8,,656098,56,0,14 38 15,1,8,,656187,46,0,14 38 15,1,8,,656196,56,0,14 38 15,1,8,,656101,46,0,14 38 15,1,8,,656190,56,0,14 38 15,1,48,,575277,46,0,14 38 15,1,8,,560583,56,0,14 38 15,1,8,,656135,46,0,14 38 15,1,8,,656115,56,0,14 38 15,1,8,,656088,46,0,14 38 15,1,8,,656084,56,0,14 38 15,1,8,,656201,46,0,14 38 15,1,48,,656094,56,0,14 38 15,1,8,,656139,46,0,14 38 15,1,8,,656087,56,0,14 38 15,1,8,,575886,46,0,14 38 15,1,8,,549743,56,0,14 38 15,1,8,,589387,46,0,14 38 15,1,8,,656160,56,0,14 38 15,1,8,,538930,46,0,14 38 15,1,46,,656136,56,0,14 38 15,1,6,,656117,46,0,14 38 15,1,6,,656102,56,0,14 38 15,1,6,,656200,46,0,14 38 15,1,6,,593132,56,0,14 38 15,1,6,,656186,46,0,14 38 15,1,6,,656130,56,0,14 38 15,1,6,,656183,46,0,14 38 15,1,6,,656170,56,0,14 38 15,1,6,,656077,46,0,14 38 15,1,46,,656144,56,0,14 38 15,1,6,,656079,46,0,14 38 15,1,6,,558235,56,0,14 38 15,1,6,,656167,46,0,14 38 15,1,6,,656189,56,0,14 38 15,1,6,,656127,46,0,14 38 15,1,6,,656099,56,0,14 38 15,1,6,,656078,46,0,14 38 15,1,6,,656194,56,0,14 38 15,1,6,,600566,46,0,14 38 15,1,46,,656126,56,0,14 38 15,1,6,,656164,46,0,14 38 15,1,6,,656156,56,0,14 38 15,1,6,,656180,46,0,14 38 15,1,6,,656110,56,0,14 38 15,1,6,,539639,46,0,14 38 15,1,6,,574348,56,0,14 38 15,1,6,,656121,46,0,14 38 15,1,6,,656154,56,0,14 38 15,1,6,,529844,46,0,14 38 15,1,46,,656114,56,0,14 38 15,1,6,,656090,46,0,14 38 15,1,6,,598542,56,0,14 38 15,1,6,,656191,46,0,14 38 15,1,6,,530705,56,0,14 38 15,1,6,,656171,46,0,14 38 15,1,6,,656204,56,0,14 38 15,1,6,,656146,46,0,14 38 15,1,6,,656177,56,0,14 38 15,1,6,,577940,46,0,14 38 15,1,46,,656081,56,0,14 38 15,1,6,,656141,46,0,14 38 15,1,6,,656163,56,0,14 38 15,1,6,,656142,46,0,14 38 15,1,6,,656149,56,0,14 38 15,1,6,,656108,46,0,14 38 15,1,6,,656137,56,0,14 38 15,1,6,,656182,46,0,14 38 15,1,6,,656106,56,0,14 38 15,1,6,,656173,46,0,14 38 15,1,46,,656091,56,0,14 38 15,1,6,,593623,46,0,14 38 15,1,6,,656086,56,0,14 38 15,1,6,,656122,46,0,14 38 15,1,6,,656097,56,0,14 38 15,1,6,,656185,46,0,14 38 15,1,6,,560607,56,0,14 38 15,1,6,,656184,46,0,14 38 15,1,6,,656085,56,0,14 38 15,1,6,,538928,46,0,14 38 15,1,46,,526149,56,0,14 38 15,1,6,,656158,46,0,14 38 15,1,6,,656131,56,0,14 38 15,1,6,,656092,46,0,14 38 15,1,6,,656166,56,0,14 38 15,1,6,,656132,46,0,14 38 15,1,6,,656169,56,0,14 38 15,1,6,,656174,46,0,14 38 15,1,6,,656188,56,0,14 38 15,1,48,,656175,46,0,14 38 15,1,8,,656104,56,0,14 38 15,1,8,,656143,46,0,14 38 15,1,8,,656123,56,0,14 38 15,1,8,,656157,46,0,14 38 15,1,8,,656150,56,0,14 38 15,1,8,,524677,46,0,14 38 15,1,8,,656116,56,0,14 38 15,1,48,,656147,46,0,14 38 15,1,8,,656202,56,0,14 38 15,1,8,,656125,46,0,14 38 15,1,8,,656089,56,0,14 38 15,1,8,,583865,46,0,14 38 15,1,8,,656133,56,0,14 38 15,1,8,,656120,46,0,14 38 15,1,48,,656083,56,0,14 38 15,1,8,,656129,46,0,14 38 15,1,8,,656096,56,0,14 38 15,1,8,,656134,46,0,14 38 15,1,8,,548590,56,0,14 38 15,1,8,,530960,46,0,14 38 15,1,8,,656148,56,0,14 38 15,1,8,,565755,46,0,14 38 15,1,50,,656138,56,0,14 38 15,1,10,,524712,46,0,14 38 15,1,10,,656198,56,0,14 38 15,1,10,,656197,46,0,14 38 15,1,10,,555011,56,0,14 38 15,1,11,,656178,46,0,14 38 15,1,50,,534415,56,0,14 38 15,1,10,,579276,46,0,14 38 15,1,10,,656155,56,0,14 38 15,1,10,,656080,46,0,14 38 15,1,10,,656203,56,0,14 38 15,1,10,,656195,46,0,14 38 15,1,50,,656179,56,0,14 38 15,1,10,,656151,46,0,14 38 15,1,10,,656199,56,0,14 38 15,1,10,,656113,46,0,14 38 15,1,10,,581307,56,0,14 38 15,1,10,,656107,46,0,14 38 15,1,50,,656105,56,0,14 38 15,1,10,,656128,46,0,14 38 15,1,14,,656109,56,0,14 38 15,1,13,,656206,46,0,14 38 15,1,12,,656159,56,0,14 38 15,1
12202,'1',608,,668060,23,0,14 38 15,1,12,,668067,23,0,14 38 15,1,12,,668098,23,0,14 38 15,1,12,,668078,23,0,14 38 15,1,12,,668091,23,0,14 38 15,1,52,,668058,23,0,14 38 15,1,12,,516562,23,0,14 38 15,1,14,,668099,23,0,14 38 15,1,15,,668057,23,0,14 38 15,1,55,,668080,23,0,14 38 15,1,15,,668049,23,0,14 38 15,1,13,,668061,23,0,14 38 15,1,12,,668102,23,0,14 38 15,1,12,,668045,23,0,14 38 15,1,52,,668052,23,0,14 38 15,1,12,,668082,23,0,14 38 15,1,9,,668094,23,0,14 38 15,1,9,,534059,23,0,14 38 15,1,9,,536424,23,0,14 38 15,1,12,,668083,23,0,14 38 15,1,60,,668070,23,0,14 38 15,1,20,,566077,23,0,14 38 15,1,20,,533729,23,0,14 38 15,1,60,,668072,23,0,14 38 15,1,20,,549233,23,0,14 38 15,1,62,,668076,23,0,14 38 15,1,20,,668043,23,0,14 38 15,1,20,,470799,23,0,14 38 15,1,60,,668100,23,0,14 38 15,1,20,,668095,23,0,14 38 15,1,20,,668093,23,0,14 38 15,1,60,,551439,23,0,14 38 15,1,20,,668071,23,0,14 38 15,1,20,,668084,23,0,14 38 15,1,61,,668073,23,0,14 38 15,1,24,,668046,23,0,14 38 15,1,11,,668097,23,0,14 38 15,1,10,,535546,23,0,14 38 15,1,10,,668096,23,0,14 38 15,1,50,,477251,23,0,14 38 15,1,10,,668090,23,0,14 38 15,1,10,,491456,23,0,14 38 15,1,10,,668079,23,0,14 38 15,1,10,,554029,23,0,14 38 15,1,10,,668062,23,0,14 38 15,1,50,,668069,23,0,14 38 15,1,10,,516401,23,0,14 38 15,1,10,,668068,23,0,14 38 15,1,10,,668081,23,0,14 38 15,1,10,,668074,23,0,14 38 15,1,10,,668065,23,0,14 38 15,1,50,,668051,23,0,14 38 15,1,10,,668048,23,0,14 38 15,1,10,,668088,23,0,14 38 15,1,10,,444006,23,0,14 38 15,1,10,,668075,23,0,14 38 15,1,10,,668085,23,0,14 38 15,1,50,,597406,23,0,14 38 15,1,10,,668047,23,0,14 38 15,1,10,,668050,23,0,14 38 15,1,7,,668101,23,0,14 38 15,1,7,,668077,23,0,14 38 15,1,7,,668089,23,0,14 38 15,1,10,,668064,23,0,14 38 15,1,60,,668087,23,0,14 38 15,1,20,,668053,23,0,14 38 15,1,20,,668056,23,0,14 38 15,1,60,,668086,23,0,14 38 15,1,20,,668054,23,0,14 38 15,1,20,,668044,23,0,14 38 15,1,58,,668092,23,0,14 38 15,1,20,,668055,23,0,14 38 15,1,17,,405001,23,0,14 38 15,1,70,,668059,23,0,14 38 15,1,30,,540533,23,0,14 38 15,1,70,,579334,23,0,14 38 15,1,30,,575282,23,0,14 38 15,1,70,,668066,23,0,14 38 15,1,30,,668063,23,0,14 38 15,1
12202,'2',625,,668115,23,0,14 38 15,1,30,,524420,23,0,14 38 15,1,70,,668113,23,0,14 38 15,1,30,,552932,23,0,14 38 15,1,72,,560355,23,0,14 38 15,1,32,,668109,23,0,14 38 15,1,70,,668119,23,0,14 38 15,1,30,,668107,23,0,14 38 15,1,70,,596983,23,0,14 38 15,1,30,,410651,23,0,14 38 15,1,70,,668117,23,0,14 38 15,1,30,,668118,23,0,14 38 15,1,70,,668124,23,0,14 38 15,1,30,,600783,23,0,14 38 15,1,70,,668111,23,0,14 38 15,1,30,,668120,23,0,14 38 15,1,70,,668106,23,0,14 38 15,1,30,,668105,23,0,14 38 15,1,70,,668116,23,0,14 38 15,1,30,,668129,23,0,14 38 15,1,70,,530824,23,0,14 38 15,1,30,,668103,23,0,14 38 15,1,70,,551796,23,0,14 38 15,1,30,,668130,23,0,14 38 15,1,70,,668110,23,0,14 38 15,1,29,,668122,23,0,14 38 15,1,68,,668123,23,0,14 38 15,1,30,,518989,23,0,14 38 15,1,70,,516004,23,0,14 38 15,1,30,,668112,23,0,14 38 15,1,70,,668114,23,0,14 38 15,1,30,,668121,23,0,14 38 15,1,69,,668128,23,0,14 38 15,1,29,,668126,23,0,14 38 15,1,70,,668104,23,0,14 38 15,1,30,,559905,23,0,14 38 15,1,70,,668108,23,0,14 38 15,1,30,,668125,23,0,14 38 15,1,70,,668127,23,0,14 38 15,1,30,,517278,23,0,14 38 15,1
12202,'3',759,,558206,23,0,14 38 15,1,70,,668144,23,0,14 38 15,1,30,,668158,23,0,14 38 15,1,70,,564477,23,0,14 38 15,1,30,,668139,23,0,14 38 15,1,70,,668136,23,0,14 38 15,1,30,,668142,23,0,14 38 15,1,70,,668143,23,0,14 38 15,1,30,,668152,23,0,14 38 15,1,71,,668148,23,0,14 38 15,1,70,,668155,23,0,14 38 15,1,30,,668140,23,0,14 38 15,1,70,,668133,23,0,14 38 15,1,30,,668135,23,0,14 38 15,1,70,,668132,23,0,14 38 15,1,30,,552770,23,0,14 38 15,1,70,,474097,23,0,14 38 15,1,30,,668153,23,0,14 38 15,1,70,,668146,23,0,14 38 15,1,30,,546312,23,0,14 38 15,1,70,,668149,23,0,14 38 15,1,30,,668156,23,0,14 38 15,1,70,,668141,23,0,14 38 15,1,25,,668138,23,0,14 38 15,1,30,,668145,23,0,14 38 15,1,70,,575804,23,0,14 38 15,1,30,,668154,23,0,14 38 15,1,70,,668134,23,0,14 38 15,1,30,,668147,23,0,14 38 15,1,70,,549957,23,0,14 38 15,1,29,,668150,23,0,14 38 15,1,70,,668157,23,0,14 38 15,1,30,,668131,23,0,14 38 15,1,70,,585186,23,0,14 38 15,1,30,,516032,23,0,14 38 15,1,70,,668151,23,0,14 38 15,1,30,,668137,23,0,14 38 15,1
12202,'5',629,,668177,23,0,14 38 15,1,30,,668163,23,0,14 38 15,1,70,,668185,23,0,14 38 15,1,30,,668184,23,0,14 38 15,1,70,,668189,23,0,14 38 15,1,30,,577075,23,0,14 38 15,1,70,,668176,23,0,14 38 15,1,30,,668174,23,0,14 38 15,1,70,,668188,23,0,14 38 15,1,30,,668164,23,0,14 38 15,1,70,,668179,23,0,14 38 15,1,30,,668186,23,0,14 38 15,1,71,,541567,23,0,14 38 15,1,70,,668170,23,0,14 38 15,1,30,,522665,23,0,14 38 15,1,70,,668180,23,0,14 38 15,1,30,,668187,23,0,14 38 15,1,70,,668160,23,0,14 38 15,1,30,,668190,23,0,14 38 15,1,70,,552812,23,0,14 38 15,1,30,,668181,23,0,14 38 15,1,70,,668161,23,0,14 38 15,1,30,,534388,23,0,14 38 15,1,70,,668169,23,0,14 38 15,1,30,,668159,23,0,14 38 15,1,70,,668183,23,0,14 38 15,1,25,,668168,23,0,14 38 15,1,30,,668173,23,0,14 38 15,1,70,,528543,23,0,14 38 15,1,30,,668166,23,0,14 38 15,1,70,,585669,23,0,14 38 15,1,30,,668175,23,0,14 38 15,1,70,,668167,23,0,14 38 15,1,29,,668172,23,0,14 38 15,1,70,,668162,23,0,14 38 15,1,30,,550079,23,0,14 38 15,1,70,,668182,23,0,14 38 15,1,30,,668178,23,0,14 38 15,1,70,,668165,23,0,14 38 15,1,30,,668171,23,0,14 38 15,1
39502,'1',426,,683190,63,0,11 12 14 38 15,1,30,,683192,63,0,11 12 14 38 15,1,57,,683193,63,0,11 12 14 38 15,1,2114,,683191,56,0,11 12 14 38 15,1,30,,683195,63,0,11 12 14 38 15,1,70,,683194,63,0,11 12 14 38 15,1,30,,525763,63,0,11 12 14 38 15,1
39502,'2',426,,683197,63,0,11 12 14 38 15,1,30,,683198,63,0,11 12 14 38 15,1,59,,683200,63,0,11 12 14 38 15,1,2112,,683199,56,0,11 12 14 38 15,1,30,,558938,63,0,11 12 14 38 15,1,70,,683201,63,0,11 12 14 38 15,1,30,,683196,63,0,11 12 14 38 15,1
39502,'3',426,,683202,63,0,11 12 14 38 15,1,30,,590190,63,0,11 12 14 38 15,1,70,,683212,63,0,11 12 14 38 15,1,29,,683208,63,0,11 12 14 38 15,1,60,,683207,63,0,11 12 14 38 15,1,20,,683210,63,0,11 12 14 38 15,1,20,,683203,63,0,11 12 14 38 15,1,60,,683209,63,0,11 12 14 38 15,1,20,,683206,63,0,11 12 14 38 15,1,1892,,683205,56,0,11 12 14 38 15,1,30,,683211,63,0,11 12 14 38 15,1,70,,683213,63,0,11 12 14 38 15,1,30,,683204,63,0,11 12 14 38 15,1
39502,'5',426,,548720,63,0,11 12 14 38 15,1,30,,683215,63,0,11 12 14 38 15,1,59,,683214,63,0,11 12 14 38 15,1,2112,,683216,56,0,11 12 14 38 15,1,30,,580877,63,0,11 12 14 38 15,1,70,,578414,63,0,11 12 14 38 15,1,30,,683217,63,0,11 12 14 38 15,1
