4104,'1',556,,709883,3,0,68 8,1,50,,709913,3,0,68 8,1,9,,709958,3,0,68 8,1,10,,709893,3,0,68 8,1,9,,709938,3,0,68 8,1,7,,709948,3,0,68 8,1,8,,709935,3,0,68 8,1,9,,617737,3,0,68 8,1,50,,709901,3,0,68 8,1,10,,709920,3,0,68 8,1,10,,709956,3,0,68 8,1,10,,604409,3,0,68 8,1,10,,709946,3,0,68 8,1,10,,709950,3,0,68 8,1,51,,709961,3,0,68 8,1,10,,596049,3,0,68 8,1,9,,709900,3,0,68 8,1,12,,709963,3,0,68 8,1,12,,515472,3,0,68 8,1,50,,656724,3,0,68 8,1,10,,709904,3,0,68 8,1,10,,709943,3,0,68 8,1,10,,709902,3,0,68 8,1,10,,709955,3,0,68 8,1,10,,647497,3,0,68 8,1,50,,709951,3,0,68 8,1,10,,709953,3,0,68 8,1,10,,709908,3,0,68 8,1,10,,709894,3,0,68 8,1,10,,709912,3,0,68 8,1,10,,709884,3,0,68 8,1,50,,633138,3,0,68 8,1,10,,709954,3,0,68 8,1,10,,690497,3,0,68 8,1,10,,623199,3,0,68 8,1,10,,709905,3,0,68 8,1,10,,650766,3,0,68 8,1,50,,709957,3,0,68 8,1,10,,709923,3,0,68 8,1,10,,669010,3,0,68 8,1,10,,709919,3,0,68 8,1,10,,709907,3,0,68 8,1,10,,709925,3,0,68 8,1,50,,635042,3,0,68 8,1,8,,639883,3,0,68 8,1,7,,709926,3,0,68 8,1,10,,550942,3,0,68 8,1,8,,709895,3,0,68 8,1,10,,709916,3,0,68 8,1,10,,607195,3,0,68 8,1,47,,625814,3,0,68 8,1,10,,675803,3,0,68 8,1,10,,709929,3,0,68 8,1,10,,709952,3,0,68 8,1,10,,709933,3,0,68 8,1,10,,709889,3,0,68 8,1,50,,709885,3,0,68 8,1,10,,709934,3,0,68 8,1,10,,709936,3,0,68 8,1,10,,709911,3,0,68 8,1,10,,709940,3,0,68 8,1,10,,709906,3,0,68 8,1,50,,709909,3,0,68 8,1,10,,709942,3,0,68 8,1,10,,709915,3,0,68 8,1,10,,709882,3,0,68 8,1,10,,709928,3,0,68 8,1,10,,607179,3,0,68 8,1,50,,709931,3,0,68 8,1,10,,709914,3,0,68 8,1,10,,709910,3,0,68 8,1,10,,709949,3,0,68 8,1,10,,709917,3,0,68 8,1,10,,685757,3,0,68 8,1,50,,709898,3,0,68 8,1,10,,709964,3,0,68 8,1,10,,709927,3,0,68 8,1,10,,632371,3,0,68 8,1,10,,709962,3,0,68 8,1,8,,709960,3,0,68 8,1,8,,709887,3,0,68 8,1,50,,709903,3,0,68 8,1,10,,709897,3,0,68 8,1,10,,709896,3,0,68 8,1,10,,709947,3,0,68 8,1,10,,644478,3,0,68 8,1,10,,645389,3,0,68 8,1,50,,709932,3,0,68 8,1,10,,529423,3,0,68 8,1,10,,709924,3,0,68 8,1,10,,523051,3,0,68 8,1,10,,709891,3,0,68 8,1,10,,709879,3,0,68 8,1,50,,709892,3,0,68 8,1,10,,709918,3,0,68 8,1,10,,709941,3,0,68 8,1,10,,686311,3,0,68 8,1,10,,637301,3,0,68 8,1,62,,709939,3,0,68 8,1,20,,709922,3,0,68 8,1,20,,709890,3,0,68 8,1,60,,709888,3,0,68 8,1,20,,709966,3,0,68 8,1,20,,646561,3,0,68 8,1,60,,709886,3,0,68 8,1,20,,709959,3,0,68 8,1,28,,709930,3,0,68 8,1,70,,709881,3,0,68 8,1,31,,709945,3,0,68 8,1,70,,683190,3,0,68 8,1
4104,'2',607,,635060,3,0,68 8,1,18,,710025,3,0,68 8,1,18,,709973,3,0,68 8,1,58,,710001,3,0,68 8,1,18,,710060,3,0,68 8,1,18,,710016,3,0,68 8,1,18,,710055,3,0,68 8,1,57,,710050,3,0,68 8,1,16,,710018,3,0,68 8,1,12,,710047,3,0,68 8,1,12,,709988,3,0,68 8,1,52,,657499,3,0,68 8,1,12,,636616,3,0,68 8,1,12,,710044,3,0,68 8,1,12,,710020,3,0,68 8,1,12,,710010,3,0,68 8,1,52,,710009,3,0,68 8,1,9,,612013,3,0,68 8,1,9,,710022,3,0,68 8,1,12,,709979,3,0,68 8,1,9,,709977,3,0,68 8,1,9,,456267,3,0,68 8,1,48,,582694,3,0,68 8,1,8,,710026,3,0,68 8,1,8,,709982,3,0,68 8,1,8,,709991,3,0,68 8,1,8,,710061,3,0,68 8,1,8,,710056,3,0,68 8,1,8,,709983,3,0,68 8,1,8,,675384,3,0,68 8,1,48,,710013,3,0,68 8,1,8,,710057,3,0,68 8,1,8,,710004,3,0,68 8,1,8,,710027,3,0,68 8,1,8,,710006,3,0,68 8,1,8,,710007,3,0,68 8,1,8,,710043,3,0,68 8,1,48,,710034,3,0,68 8,1,8,,710000,3,0,68 8,1,8,,710014,3,0,68 8,1,8,,710037,3,0,68 8,1,8,,615407,3,0,68 8,1,8,,709990,3,0,68 8,1,8,,642240,3,0,68 8,1,8,,710002,3,0,68 8,1,48,,710029,3,0,68 8,1,8,,709996,3,0,68 8,1,8,,709993,3,0,68 8,1,8,,709971,3,0,68 8,1,8,,675013,3,0,68 8,1,8,,709974,3,0,68 8,1,8,,710019,3,0,68 8,1,48,,710062,3,0,68 8,1,8,,709986,3,0,68 8,1,8,,710040,3,0,68 8,1,8,,709999,3,0,68 8,1,8,,710008,3,0,68 8,1,8,,709995,3,0,68 8,1,8,,710028,3,0,68 8,1,8,,709987,3,0,68 8,1,48,,710048,3,0,68 8,1,8,,709970,3,0,68 8,1,8,,709976,3,0,68 8,1,8,,710023,3,0,68 8,1,8,,710017,3,0,68 8,1,8,,710031,3,0,68 8,1,8,,635093,3,0,68 8,1,48,,709984,3,0,68 8,1,8,,710003,3,0,68 8,1,8,,636462,3,0,68 8,1,8,,710063,3,0,68 8,1,8,,709997,3,0,68 8,1,8,,709980,3,0,68 8,1,8,,710054,3,0,68 8,1,8,,709994,3,0,68 8,1,48,,710021,3,0,68 8,1,8,,709985,3,0,68 8,1,8,,710030,3,0,68 8,1,8,,710036,3,0,68 8,1,8,,668310,3,0,68 8,1,8,,710035,3,0,68 8,1,10,,710005,3,0,68 8,1,51,,710011,3,0,68 8,1,12,,653332,3,0,68 8,1,12,,710046,3,0,68 8,1,12,,709978,3,0,68 8,1,12,,709989,3,0,68 8,1,52,,710052,3,0,68 8,1,12,,710024,3,0,68 8,1,12,,709968,3,0,68 8,1,12,,620614,3,0,68 8,1,12,,709972,3,0,68 8,1,52,,559905,3,0,68 8,1,12,,709998,3,0,68 8,1,12,,710049,3,0,68 8,1,12,,710041,3,0,68 8,1,13,,710045,3,0,68 8,1,62,,710033,3,0,68 8,1,22,,710059,3,0,68 8,1,62,,710058,3,0,68 8,1,22,,709967,3,0,68 8,1,22,,709981,3,0,68 8,1,62,,710039,3,0,68 8,1,22,,710012,3,0,68 8,1,30,,520374,3,0,68 8,1,70,,619630,3,0,68 8,1,31,,710015,3,0,68 8,1,70,,710032,3,0,68 8,1
4104,'3',750,,528343,3,0,68 8,1,55,,710110,3,0,68 8,1,12,,605563,3,0,68 8,1,13,,633320,3,0,68 8,1,12,,710111,3,0,68 8,1,13,,710095,3,0,68 8,1,52,,710090,3,0,68 8,1,13,,710070,3,0,68 8,1,12,,619264,3,0,68 8,1,13,,710124,3,0,68 8,1,12,,710116,3,0,68 8,1,53,,710101,3,0,68 8,1,12,,682965,3,0,68 8,1,13,,710103,3,0,68 8,1,12,,710094,3,0,68 8,1,53,,710065,3,0,68 8,1,12,,530877,3,0,68 8,1,13,,678051,3,0,68 8,1,12,,481895,3,0,68 8,1,12,,710126,3,0,68 8,1,10,,710115,3,0,68 8,1,50,,710104,3,0,68 8,1,10,,710118,3,0,68 8,1,10,,710113,3,0,68 8,1,10,,710088,3,0,68 8,1,10,,679973,3,0,68 8,1,10,,710066,3,0,68 8,1,50,,710071,3,0,68 8,1,10,,710106,3,0,68 8,1,10,,710072,3,0,68 8,1,10,,710102,3,0,68 8,1,10,,625560,3,0,68 8,1,10,,710077,3,0,68 8,1,50,,710098,3,0,68 8,1,10,,710069,3,0,68 8,1,10,,710067,3,0,68 8,1,10,,710089,3,0,68 8,1,10,,513891,3,0,68 8,1,10,,710121,3,0,68 8,1,50,,710085,3,0,68 8,1,10,,710112,3,0,68 8,1,10,,710107,3,0,68 8,1,10,,710114,3,0,68 8,1,10,,664121,3,0,68 8,1,10,,710108,3,0,68 8,1,50,,710076,3,0,68 8,1,10,,710120,3,0,68 8,1,10,,710117,3,0,68 8,1,10,,710081,3,0,68 8,1,10,,710122,3,0,68 8,1,10,,515820,3,0,68 8,1,50,,710131,3,0,68 8,1,10,,710128,3,0,68 8,1,10,,710068,3,0,68 8,1,10,,710096,3,0,68 8,1,10,,616651,3,0,68 8,1,10,,710093,3,0,68 8,1,50,,710123,3,0,68 8,1,10,,710097,3,0,68 8,1,10,,687007,3,0,68 8,1,11,,710074,3,0,68 8,1,15,,710083,3,0,68 8,1,55,,710075,3,0,68 8,1,15,,710119,3,0,68 8,1,15,,710091,3,0,68 8,1,15,,710127,3,0,68 8,1,55,,710078,3,0,68 8,1,15,,710092,3,0,68 8,1,15,,710105,3,0,68 8,1,15,,710086,3,0,68 8,1,55,,710087,3,0,68 8,1,15,,710129,3,0,68 8,1,15,,620366,3,0,68 8,1,15,,710109,3,0,68 8,1,60,,710064,3,0,68 8,1,20,,710084,3,0,68 8,1,20,,710130,3,0,68 8,1,60,,681522,3,0,68 8,1,20,,710079,3,0,68 8,1,20,,597617,3,0,68 8,1,60,,710125,3,0,68 8,1,20,,632488,3,0,68 8,1,20,,710100,3,0,68 8,1,73,,710080,3,0,68 8,1,31,,710082,3,0,68 8,1,70,,710073,3,0,68 8,1
4104,'5',610,,687550,3,0,68 8,1,20,,710157,3,0,68 8,1,20,,710146,3,0,68 8,1,60,,710189,3,0,68 8,1,20,,710180,3,0,68 8,1,20,,710163,3,0,68 8,1,55,,710154,3,0,68 8,1,12,,710203,3,0,68 8,1,13,,710155,3,0,68 8,1,12,,647142,3,0,68 8,1,13,,710195,3,0,68 8,1,52,,710181,3,0,68 8,1,13,,710204,3,0,68 8,1,12,,710144,3,0,68 8,1,13,,710165,3,0,68 8,1,12,,710151,3,0,68 8,1,53,,710150,3,0,68 8,1,12,,710176,3,0,68 8,1,13,,654208,3,0,68 8,1,12,,710164,3,0,68 8,1,53,,710148,3,0,68 8,1,12,,710134,3,0,68 8,1,13,,620416,3,0,68 8,1,12,,710205,3,0,68 8,1,12,,710199,3,0,68 8,1,10,,710141,3,0,68 8,1,50,,710173,3,0,68 8,1,10,,710184,3,0,68 8,1,10,,710190,3,0,68 8,1,10,,710185,3,0,68 8,1,10,,610799,3,0,68 8,1,10,,710138,3,0,68 8,1,50,,710147,3,0,68 8,1,10,,710166,3,0,68 8,1,10,,710168,3,0,68 8,1,10,,710197,3,0,68 8,1,10,,710170,3,0,68 8,1,10,,710208,3,0,68 8,1,50,,710142,3,0,68 8,1,10,,710178,3,0,68 8,1,10,,710135,3,0,68 8,1,10,,710167,3,0,68 8,1,10,,710152,3,0,68 8,1,10,,710179,3,0,68 8,1,50,,710177,3,0,68 8,1,10,,710143,3,0,68 8,1,10,,710183,3,0,68 8,1,10,,710139,3,0,68 8,1,10,,710200,3,0,68 8,1,10,,710153,3,0,68 8,1,50,,615049,3,0,68 8,1,10,,619377,3,0,68 8,1,10,,710196,3,0,68 8,1,10,,710172,3,0,68 8,1,10,,710156,3,0,68 8,1,10,,710187,3,0,68 8,1,50,,710162,3,0,68 8,1,10,,710174,3,0,68 8,1,10,,655171,3,0,68 8,1,10,,710136,3,0,68 8,1,10,,710194,3,0,68 8,1,10,,710202,3,0,68 8,1,50,,710198,3,0,68 8,1,10,,710161,3,0,68 8,1,10,,710145,3,0,68 8,1,11,,676530,3,0,68 8,1,15,,671107,3,0,68 8,1,55,,710169,3,0,68 8,1,15,,533889,3,0,68 8,1,15,,710132,3,0,68 8,1,15,,710186,3,0,68 8,1,55,,710182,3,0,68 8,1,15,,710140,3,0,68 8,1,15,,710207,3,0,68 8,1,15,,580235,3,0,68 8,1,55,,710171,3,0,68 8,1,15,,710193,3,0,68 8,1,15,,710209,3,0,68 8,1,15,,710192,3,0,68 8,1,60,,710137,3,0,68 8,1,20,,710159,3,0,68 8,1,20,,688777,3,0,68 8,1,60,,537091,3,0,68 8,1,20,,710133,3,0,68 8,1,20,,710191,3,0,68 8,1,60,,710158,3,0,68 8,1,20,,710149,3,0,68 8,1,20,,710188,3,0,68 8,1,73,,614317,3,0,68 8,1,31,,710175,3,0,68 8,1,70,,710206,3,0,68 8,1
33503,'1',433,,770023,56,0,11 12 14 78,1,20,,770028,56,0,11 12 14 78,1,60,,621335,56,0,11 12 14 78,1,20,,770022,56,0,11 12 14 78,1,2108,,770025,3,0,11 12 14 78,1,15,,770029,3,0,11 12 14 78,1,57,,644982,56,0,11 12 14 78,1,20,,770026,56,0,11 12 14 78,1,20,,770024,56,0,11 12 14 78,1,60,,770030,56,0,11 12 14 78,1
33503,'2',433,,770035,56,0,11 12 14 78,1,20,,770031,56,0,11 12 14 78,1,60,,669047,56,0,11 12 14 78,1,20,,770034,56,0,11 12 14 78,1,2108,,770037,3,0,11 12 14 78,1,15,,770036,3,0,11 12 14 78,1,57,,770038,56,0,11 12 14 78,1,20,,770032,56,0,11 12 14 78,1,20,,664072,56,0,11 12 14 78,1,60,,651580,56,0,11 12 14 78,1
33503,'3',433,,770042,56,0,11 12 14 78,1,20,,770048,56,0,11 12 14 78,1,60,,770045,56,0,11 12 14 78,1,20,,770047,56,0,11 12 14 78,1,20,,770049,56,0,11 12 14 78,1,60,,770041,56,0,11 12 14 78,1,20,,770050,56,0,11 12 14 78,1,20,,612627,56,0,11 12 14 78,1,60,,682565,56,0,11 12 14 78,1,20,,614581,56,0,11 12 14 78,1,1906,,770051,3,0,11 12 14 78,1,15,,770052,3,0,11 12 14 78,1,59,,770044,56,0,11 12 14 78,1,20,,770043,56,0,11 12 14 78,1,20,,770040,56,0,11 12 14 78,1,60,,770046,56,0,11 12 14 78,1
33503,'5',433,,770054,56,0,11 12 14 78,1,20,,770058,56,0,11 12 14 78,1,60,,770053,56,0,11 12 14 78,1,20,,770057,56,0,11 12 14 78,1,2108,,770059,3,0,11 12 14 78,1,15,,517572,3,0,11 12 14 78,1,57,,770056,56,0,11 12 14 78,1,20,,770055,56,0,11 12 14 78,1,20,,770060,56,0,11 12 14 78,1,60,,520137,56,0,11 12 14 78,1
34103,'1',454,,770464,55,0,14 78,1,70,,770465,55,0,14 78,1,10,,770460,55,0,14 78,1,2120,,770461,54,0,14 78,1,70,,770463,55,0,14 78,1,30,,770462,55,0,14 78,1,70,,625337,55,0,14 78,1
34103,'2',454,,770467,55,0,14 78,1,70,,554750,55,0,14 78,1,20,,770469,55,0,14 78,1,2110,,615766,54,0,14 78,1,70,,770468,55,0,14 78,1,30,,770466,55,0,14 78,1,70,,627396,55,0,14 78,1
34103,'3',454,,770476,55,0,14 78,1,70,,770473,55,0,14 78,1,20,,770474,55,0,14 78,1,60,,770470,55,0,14 78,1,20,,515844,55,0,14 78,1,20,,770471,55,0,14 78,1,60,,770479,55,0,14 78,1,20,,770480,55,0,14 78,1,1930,,770478,54,0,14 78,1,70,,770472,55,0,14 78,1,30,,770475,55,0,14 78,1,70,,770477,55,0,14 78,1
34103,'5',454,,770481,55,0,14 78,1,70,,770482,55,0,14 78,1,20,,770483,55,0,14 78,1,2110,,770486,54,0,14 78,1,70,,770485,55,0,14 78,1,30,,657066,55,0,14 78,1,70,,770484,55,0,14 78,1
