1502,'1',543,,607604,6,0,32 33,1,65,,547953,6,0,32 33,1,25,,607631,6,0,32 33,1,25,,607609,6,0,32 33,1,60,,607620,6,0,32 33,1,20,,607626,6,0,32 33,1,20,,558776,6,0,32 33,1,60,,607630,6,0,32 33,1,20,,607603,6,0,32 33,1,20,,607619,6,0,32 33,1,70,,607615,6,0,32 33,1,30,,536370,6,0,32 33,1,70,,607605,6,0,32 33,1,30,,607634,6,0,32 33,1,70,,507593,6,0,32 33,1,30,,607602,6,0,32 33,1,70,,548056,6,0,32 33,1,30,,607635,6,0,32 33,1,70,,607606,6,0,32 33,1,30,,554040,6,0,32 33,1,60,,607614,6,0,32 33,1,20,,607633,6,0,32 33,1,20,,607625,6,0,32 33,1,60,,399552,6,0,32 33,1,20,,607607,6,0,32 33,1,20,,556117,6,0,32 33,1,60,,607632,6,0,32 33,1,20,,607622,6,0,32 33,1,20,,607608,6,0,32 33,1,60,,607618,6,0,32 33,1,20,,607617,6,0,32 33,1,20,,404890,6,0,32 33,1,60,,607600,6,0,32 33,1,20,,607613,6,0,32 33,1,20,,607621,6,0,32 33,1,65,,607629,6,0,32 33,1,25,,607623,6,0,32 33,1,65,,607612,6,0,32 33,1,25,,607624,6,0,32 33,1,65,,588970,6,0,32 33,1,25,,524863,6,0,32 33,1,25,,607611,6,0,32 33,1,68,,549827,6,0,32 33,1,30,,607601,6,0,32 33,1,70,,607616,6,0,32 33,1,30,,546988,6,0,32 33,1,70,,607628,6,0,32 33,1,30,,607610,6,0,32 33,1,70,,607627,6,0,32 33,1
1502,'2',551,,576230,6,0,32 33,1,70,,592857,6,0,32 33,1,30,,552732,6,0,32 33,1,70,,607638,6,0,32 33,1,30,,518092,6,0,32 33,1,70,,526872,6,0,32 33,1,30,,607659,6,0,32 33,1,67,,607650,6,0,32 33,1,25,,607657,6,0,32 33,1,65,,607646,6,0,32 33,1,25,,607643,6,0,32 33,1,25,,607644,6,0,32 33,1,65,,607648,6,0,32 33,1,26,,607661,6,0,32 33,1,69,,519888,6,0,32 33,1,30,,607652,6,0,32 33,1,70,,607660,6,0,32 33,1,30,,607651,6,0,32 33,1,70,,586484,6,0,32 33,1,30,,607656,6,0,32 33,1,70,,607639,6,0,32 33,1,30,,594918,6,0,32 33,1,70,,538367,6,0,32 33,1,30,,537593,6,0,32 33,1,70,,607636,6,0,32 33,1,30,,607655,6,0,32 33,1,70,,607637,6,0,32 33,1,30,,607663,6,0,32 33,1,70,,565422,6,0,32 33,1,30,,607654,6,0,32 33,1,65,,459503,6,0,32 33,1,25,,523675,6,0,32 33,1,65,,607649,6,0,32 33,1,25,,607642,6,0,32 33,1,25,,607647,6,0,32 33,1,68,,607641,6,0,32 33,1,30,,607640,6,0,32 33,1,70,,541909,6,0,32 33,1,30,,607653,6,0,32 33,1,70,,607645,6,0,32 33,1,30,,607662,6,0,32 33,1,70,,607658,6,0,32 33,1
1502,'3',807,,607685,6,0,32 33,1,30,,607690,6,0,32 33,1,70,,607666,6,0,32 33,1,30,,607667,6,0,32 33,1,70,,607695,6,0,32 33,1,30,,607692,6,0,32 33,1,70,,607689,6,0,32 33,1,28,,607672,6,0,32 33,1,70,,390597,6,0,32 33,1,30,,556330,6,0,32 33,1,65,,607668,6,0,32 33,1,25,,607693,6,0,32 33,1,25,,607676,6,0,32 33,1,65,,607664,6,0,32 33,1,25,,538635,6,0,32 33,1,65,,607681,6,0,32 33,1,25,,607688,6,0,32 33,1,25,,607679,6,0,32 33,1,65,,607683,6,0,32 33,1,25,,607673,6,0,32 33,1,65,,607682,6,0,32 33,1,25,,607678,6,0,32 33,1,65,,566336,6,0,32 33,1,25,,554539,6,0,32 33,1,28,,607687,6,0,32 33,1,70,,607671,6,0,32 33,1,25,,575236,6,0,32 33,1,65,,607680,6,0,32 33,1,25,,607684,6,0,32 33,1,65,,607686,6,0,32 33,1,25,,551309,6,0,32 33,1,25,,607665,6,0,32 33,1,67,,607675,6,0,32 33,1,30,,607670,6,0,32 33,1,70,,607691,6,0,32 33,1,30,,607677,6,0,32 33,1,70,,607669,6,0,32 33,1,30,,607694,6,0,32 33,1,70,,607674,6,0,32 33,1
1502,'5',551,,607709,6,0,32 33,1,56,,607723,6,0,32 33,1,30,,607702,6,0,32 33,1,70,,563299,6,0,32 33,1,30,,607726,6,0,32 33,1,70,,578405,6,0,32 33,1,30,,607720,6,0,32 33,1,70,,607701,6,0,32 33,1,30,,607718,6,0,32 33,1,70,,549418,6,0,32 33,1,30,,574607,6,0,32 33,1,70,,607710,6,0,32 33,1,28,,607700,6,0,32 33,1,70,,607707,6,0,32 33,1,30,,607722,6,0,32 33,1,65,,598351,6,0,32 33,1,25,,584947,6,0,32 33,1,25,,607724,6,0,32 33,1,65,,607721,6,0,32 33,1,25,,607714,6,0,32 33,1,65,,607698,6,0,32 33,1,25,,607717,6,0,32 33,1,25,,607715,6,0,32 33,1,65,,607705,6,0,32 33,1,25,,536895,6,0,32 33,1,65,,607697,6,0,32 33,1,25,,607716,6,0,32 33,1,65,,607704,6,0,32 33,1,25,,607699,6,0,32 33,1,28,,607706,6,0,32 33,1,70,,607708,6,0,32 33,1,25,,607727,6,0,32 33,1,65,,607711,6,0,32 33,1,25,,535294,6,0,32 33,1,65,,607696,6,0,32 33,1,25,,565696,6,0,32 33,1,25,,607719,6,0,32 33,1,67,,549120,6,0,32 33,1,30,,607725,6,0,32 33,1,70,,607712,6,0,32 33,1,30,,607728,6,0,32 33,1,70,,607703,6,0,32 33,1,30,,607713,6,0,32 33,1,70,,574609,6,0,32 33,1
7604,'1',528,,535926,6,0,5 263 264,1,12,,644947,6,0,5 263 264,1,8,,644944,6,0,5 263 264,1,8,,503473,6,0,5 263 264,1,51,,644882,6,0,5 263 264,1,10,,537216,6,0,5 263 264,1,10,,644981,6,0,5 263 264,1,10,,644912,6,0,5 263 264,1,10,,644895,6,0,5 263 264,1,10,,644889,6,0,5 263 264,1,50,,644890,6,0,5 263 264,1,6,,644939,6,0,34 165 3 192 193,1,4,,644991,6,0,5 263 264,1,10,,644894,6,0,5 263 264,1,6,,644925,6,0,34 165 3 192 193,1,4,,644964,6,0,5 263 264,1,10,,644927,6,0,5 263 264,1,6,,644993,6,0,34 165 3 192 193,1,4,,644971,6,0,5 263 264,1,50,,644935,6,0,5 263 264,1,6,,644980,6,0,34 165 3 192 193,1,4,,644996,6,0,5 263 264,1,10,,644883,6,0,5 263 264,1,6,,417120,6,0,34 165 3 192 193,1,4,,644948,6,0,5 263 264,1,10,,644919,6,0,5 263 264,1,6,,645002,6,0,34 165 3 192 193,1,4,,644888,6,0,5 263 264,1,50,,645005,6,0,5 263 264,1,9,,597330,6,0,5 263 264,1,6,,535513,6,0,34 165 3 192 193,1,4,,644961,6,0,5 263 264,1,10,,644901,6,0,5 263 264,1,10,,644880,6,0,5 263 264,1,6,,644887,6,0,34 165 3 192 193,1,4,,644928,6,0,5 263 264,1,50,,506180,6,0,5 263 264,1,10,,644924,6,0,5 263 264,1,6,,644950,6,0,34 165 3 192 193,1,4,,644934,6,0,5 263 264,1,10,,644975,6,0,5 263 264,1,10,,536373,6,0,5 263 264,1,6,,644903,6,0,34 165 3 192 193,1,4,,644917,6,0,5 263 264,1,50,,644879,6,0,5 263 264,1,10,,644956,6,0,5 263 264,1,6,,644904,6,0,34 165 3 192 193,1,4,,546386,6,0,5 263 264,1,10,,644997,6,0,5 263 264,1,10,,546385,6,0,5 263 264,1,6,,644941,6,0,34 165 3 192 193,1,4,,645006,6,0,5 263 264,1,50,,644896,6,0,5 263 264,1,10,,644946,6,0,5 263 264,1,6,,514476,6,0,34 165 3 192 193,1,4,,582809,6,0,5 263 264,1,10,,534040,6,0,5 263 264,1,10,,644986,6,0,5 263 264,1,6,,644982,6,0,34 165 3 192 193,1,4,,644909,6,0,5 263 264,1,50,,525982,6,0,5 263 264,1,10,,645001,6,0,5 263 264,1,6,,644891,6,0,34 165 3 192 193,1,4,,644969,6,0,5 263 264,1,10,,505091,6,0,5 263 264,1,10,,644931,6,0,5 263 264,1,6,,644916,6,0,34 165 3 192 193,1,4,,644972,6,0,5 263 264,1,50,,644959,6,0,5 263 264,1,10,,644945,6,0,5 263 264,1,6,,557800,6,0,34 165 3 192 193,1,4,,594590,6,0,5 263 264,1,10,,644984,6,0,5 263 264,1,10,,644923,6,0,5 263 264,1,6,,644963,6,0,34 165 3 192 193,1,4,,644926,6,0,5 263 264,1,49,,644952,6,0,5 263 264,1,8,,644960,6,0,34 165 3 192 193,1,1,,600288,6,0,5 263 264,1,9,,644908,6,0,5 263 264,1,5,,644886,6,0,34 165 3 192 193,1,4,,644900,6,0,5 263 264,1,9,,465007,6,0,5 263 264,1,5,,644970,6,0,34 165 3 192 193,1,4,,644999,6,0,5 263 264,1,9,,644942,6,0,5 263 264,1,45,,645003,6,0,34 165 3 192 193,1,4,,644897,6,0,5 263 264,1,9,,644922,6,0,5 263 264,1,5,,602199,6,0,34 165 3 192 193,1,4,,644983,6,0,5 263 264,1,9,,644951,6,0,5 263 264,1,5,,644907,6,0,34 165 3 192 193,1,4,,644966,6,0,5 263 264,1,9,,644910,6,0,5 263 264,1,5,,644918,6,0,34 165 3 192 193,1,44,,644954,6,0,5 263 264,1,9,,644915,6,0,5 263 264,1,5,,644977,6,0,34 165 3 192 193,1,4,,523143,6,0,5 263 264,1,9,,644957,6,0,5 263 264,1,5,,644902,6,0,34 165 3 192 193,1,4,,644940,6,0,5 263 264,1,9,,644987,6,0,5 263 264,1,5,,536744,6,0,34 165 3 192 193,1,4,,644978,6,0,5 263 264,1,49,,645004,6,0,5 263 264,1,5,,644995,6,0,34 165 3 192 193,1,4,,644958,6,0,5 263 264,1,9,,517485,6,0,5 263 264,1,5,,644906,6,0,34 165 3 192 193,1,4,,644914,6,0,5 263 264,1,10,,644881,6,0,5 263 264,1,4,,517657,6,0,34 165 3 192 193,1,5,,644936,6,0,5 263 264,1,51,,644920,6,0,34 165 3 192 193,1,0,,644932,6,0,5 263 264,1,10,,583761,6,0,5 263 264,1,4,,533230,6,0,34 165 3 192 193,1,6,,555361,6,0,5 263 264,1,7,,644955,6,0,34 165 3 192 193,1,3,,644874,6,0,5 263 264,1,10,,644976,6,0,5 263 264,1,1,,644884,6,0,34 165 3 192 193,1,9,,644989,6,0,5 263 264,1,6,,537303,6,0,34 165 3 192 193,1,44,,644973,6,0,5 263 264,1,10,,644962,6,0,5 263 264,1,1,,645000,6,0,34 165 3 192 193,1,9,,644992,6,0,5 263 264,1,6,,578534,6,0,34 165 3 192 193,1,4,,644933,6,0,5 263 264,1,10,,644968,6,0,5 263 264,1,1,,644875,6,0,34 165 3 192 193,1,9,,507290,6,0,5 263 264,1,6,,644893,6,0,34 165 3 192 193,1,44,,644899,6,0,5 263 264,1,10,,644929,6,0,5 263 264,1,1,,546412,6,0,34 165 3 192 193,1,9,,644877,6,0,5 263 264,1,6,,644988,6,0,34 165 3 192 193,1,4,,587179,6,0,5 263 264,1,10,,644898,6,0,5 263 264,1,1,,644990,6,0,34 165 3 192 193,1,9,,522314,6,0,5 263 264,1,6,,514871,6,0,34 165 3 192 193,1,45,,644921,6,0,5 263 264,1,10,,644965,6,0,5 263 264,1,10,,644930,6,0,5 263 264,1,10,,644967,6,0,5 263 264,1,10,,497266,6,0,5 263 264,1,10,,644953,6,0,5 263 264,1,50,,583755,6,0,5 263 264,1,10,,543220,6,0,5 263 264,1,10,,644938,6,0,5 263 264,1,10,,463327,6,0,5 263 264,1,10,,644885,6,0,5 263 264,1,10,,644943,6,0,5 263 264,1,50,,644974,6,0,5 263 264,1,10,,644911,6,0,5 263 264,1,10,,489278,6,0,5 263 264,1,10,,644892,6,0,5 263 264,1,10,,644905,6,0,5 263 264,1,10,,644878,6,0,5 263 264,1,55,,644985,6,0,5 263 264,1,15,,644998,6,0,5 263 264,1,15,,644994,6,0,5 263 264,1,15,,573215,6,0,5 263 264,1,55,,644913,6,0,5 263 264,1,15,,469097,6,0,5 263 264,1
7604,'2',603,,645072,6,0,5 263 264,1,10,,645026,6,0,5 263 264,1,9,,421291,6,0,5 263 264,1,10,,645013,6,0,5 263 264,1,10,,461423,6,0,5 263 264,1,10,,645075,6,0,5 263 264,1,50,,645109,6,0,5 263 264,1,5,,645083,6,0,34 165 3 192 193,1,5,,645071,6,0,5 263 264,1,10,,602284,6,0,5 263 264,1,10,,645029,6,0,5 263 264,1,5,,645105,6,0,34 165 3 192 193,1,5,,645079,6,0,5 263 264,1,10,,645065,6,0,5 263 264,1,50,,521071,6,0,5 263 264,1,5,,645081,6,0,34 165 3 192 193,1,5,,411656,6,0,5 263 264,1,10,,575180,6,0,5 263 264,1,10,,645106,6,0,5 263 264,1,5,,645063,6,0,34 165 3 192 193,1,4,,520692,6,0,5 263 264,1,10,,645042,6,0,5 263 264,1,50,,645093,6,0,5 263 264,1,5,,645028,6,0,34 165 3 192 193,1,5,,388687,6,0,5 263 264,1,10,,645069,6,0,5 263 264,1,10,,645014,6,0,5 263 264,1,5,,645097,6,0,34 165 3 192 193,1,5,,597517,6,0,5 263 264,1,10,,645100,6,0,5 263 264,1,50,,645088,6,0,5 263 264,1,5,,645060,6,0,34 165 3 192 193,1,5,,645110,6,0,5 263 264,1,10,,645017,6,0,5 263 264,1,10,,645089,6,0,5 263 264,1,5,,645101,6,0,34 165 3 192 193,1,5,,577744,6,0,5 263 264,1,10,,645061,6,0,5 263 264,1,50,,645049,6,0,5 263 264,1,5,,526056,6,0,34 165 3 192 193,1,5,,645059,6,0,5 263 264,1,10,,645068,6,0,5 263 264,1,10,,645078,6,0,5 263 264,1,5,,645018,6,0,34 165 3 192 193,1,5,,545310,6,0,5 263 264,1,10,,645054,6,0,5 263 264,1,8,,559439,6,0,5 263 264,1,47,,645045,6,0,34 165 3 192 193,1,5,,645074,6,0,5 263 264,1,10,,588245,6,0,5 263 264,1,10,,645111,6,0,5 263 264,1,5,,576427,6,0,34 165 3 192 193,1,5,,645020,6,0,5 263 264,1,10,,645056,6,0,5 263 264,1,50,,516744,6,0,5 263 264,1,5,,645057,6,0,34 165 3 192 193,1,5,,645036,6,0,5 263 264,1,10,,645086,6,0,5 263 264,1,10,,645082,6,0,5 263 264,1,5,,645040,6,0,34 165 3 192 193,1,5,,645104,6,0,5 263 264,1,10,,479550,6,0,5 263 264,1,50,,514924,6,0,5 263 264,1,5,,645016,6,0,34 165 3 192 193,1,5,,645033,6,0,5 263 264,1,10,,645067,6,0,5 263 264,1,10,,645053,6,0,5 263 264,1,5,,645096,6,0,34 165 3 192 193,1,5,,645076,6,0,5 263 264,1,10,,508146,6,0,5 263 264,1,50,,645012,6,0,5 263 264,1,5,,589513,6,0,34 165 3 192 193,1,5,,645066,6,0,5 263 264,1,10,,558862,6,0,5 263 264,1,10,,551252,6,0,5 263 264,1,5,,645030,6,0,34 165 3 192 193,1,5,,645084,6,0,5 263 264,1,10,,645007,6,0,5 263 264,1,50,,645052,6,0,5 263 264,1,5,,645098,6,0,34 165 3 192 193,1,5,,532360,6,0,5 263 264,1,10,,645062,6,0,5 263 264,1,10,,645019,6,0,5 263 264,1,5,,522795,6,0,34 165 3 192 193,1,5,,496125,6,0,5 263 264,1,10,,645021,6,0,5 263 264,1,50,,645048,6,0,5 263 264,1,5,,645043,6,0,34 165 3 192 193,1,5,,528830,6,0,5 263 264,1,10,,645027,6,0,5 263 264,1,10,,535622,6,0,5 263 264,1,5,,645112,6,0,34 165 3 192 193,1,5,,645031,6,0,5 263 264,1,10,,645051,6,0,5 263 264,1,50,,645025,6,0,5 263 264,1,5,,645035,6,0,34 165 3 192 193,1,5,,645050,6,0,5 263 264,1,10,,645024,6,0,5 263 264,1,10,,645094,6,0,5 263 264,1,5,,645108,6,0,34 165 3 192 193,1,5,,645095,6,0,5 263 264,1,10,,645102,6,0,5 263 264,1,50,,645044,6,0,5 263 264,1,5,,645077,6,0,34 165 3 192 193,1,9,,645032,6,0,5 263 264,1,10,,645099,6,0,5 263 264,1,10,,645010,6,0,5 263 264,1,10,,582042,6,0,5 263 264,1,10,,645039,6,0,5 263 264,1,50,,589078,6,0,5 263 264,1,10,,645038,6,0,5 263 264,1,10,,596965,6,0,5 263 264,1,10,,645058,6,0,5 263 264,1,10,,553711,6,0,5 263 264,1,10,,645085,6,0,5 263 264,1,50,,645022,6,0,5 263 264,1,10,,645055,6,0,5 263 264,1,10,,645103,6,0,5 263 264,1,10,,645023,6,0,5 263 264,1,10,,645107,6,0,5 263 264,1,10,,645073,6,0,5 263 264,1,50,,645092,6,0,5 263 264,1,10,,645070,6,0,5 263 264,1,10,,645091,6,0,5 263 264,1,10,,645046,6,0,5 263 264,1,10,,645080,6,0,5 263 264,1,10,,645087,6,0,5 263 264,1,50,,581857,6,0,5 263 264,1,10,,645008,6,0,5 263 264,1,10,,645015,6,0,5 263 264,1,10,,645034,6,0,5 263 264,1,10,,645047,6,0,5 263 264,1,10,,645037,6,0,5 263 264,1,50,,645011,6,0,5 263 264,1,10,,645009,6,0,5 263 264,1,10,,645041,6,0,5 263 264,1,10,,645090,6,0,5 263 264,1,10,,525776,6,0,5 263 264,1,10,,527021,6,0,5 263 264,1,50,,580143,6,0,5 263 264,1,13,,504719,6,0,5 263 264,1
7604,'3',738,,645121,6,0,34 165 3 192 193,1,68,,645156,6,0,34 165 3 192 193,1,5,,645197,6,0,5 263 264,1,10,,645203,6,0,5 263 264,1,10,,567715,6,0,5 263 264,1,5,,645188,6,0,34 165 3 192 193,1,5,,645173,6,0,5 263 264,1,10,,645159,6,0,5 263 264,1,50,,645115,6,0,5 263 264,1,5,,596178,6,0,34 165 3 192 193,1,5,,645183,6,0,5 263 264,1,10,,645217,6,0,5 263 264,1,10,,377255,6,0,5 263 264,1,5,,645169,6,0,34 165 3 192 193,1,5,,475925,6,0,5 263 264,1,10,,645191,6,0,5 263 264,1,50,,645143,6,0,5 263 264,1,5,,645133,6,0,34 165 3 192 193,1,5,,645212,6,0,5 263 264,1,10,,645187,6,0,5 263 264,1,10,,645193,6,0,5 263 264,1,5,,645196,6,0,34 165 3 192 193,1,5,,645164,6,0,5 263 264,1,10,,645200,6,0,5 263 264,1,50,,645215,6,0,5 263 264,1,5,,593851,6,0,34 165 3 192 193,1,5,,645154,6,0,5 263 264,1,10,,597671,6,0,5 263 264,1,10,,645150,6,0,5 263 264,1,5,,534272,6,0,34 165 3 192 193,1,5,,645216,6,0,5 263 264,1,9,,645163,6,0,5 263 264,1,50,,645130,6,0,5 263 264,1,6,,645182,6,0,34 165 3 192 193,1,5,,645209,6,0,5 263 264,1,10,,645165,6,0,5 263 264,1,10,,645218,6,0,5 263 264,1,5,,645174,6,0,34 165 3 192 193,1,5,,645219,6,0,5 263 264,1,10,,645148,6,0,5 263 264,1,50,,645139,6,0,5 263 264,1,5,,562870,6,0,34 165 3 192 193,1,5,,645119,6,0,5 263 264,1,10,,645184,6,0,5 263 264,1,10,,645146,6,0,5 263 264,1,5,,645210,6,0,34 165 3 192 193,1,5,,645128,6,0,5 263 264,1,10,,580337,6,0,5 263 264,1,50,,574296,6,0,5 263 264,1,5,,645137,6,0,34 165 3 192 193,1,5,,645140,6,0,5 263 264,1,10,,595251,6,0,5 263 264,1,10,,645199,6,0,5 263 264,1,5,,645214,6,0,34 165 3 192 193,1,5,,645122,6,0,5 263 264,1,10,,645170,6,0,5 263 264,1,50,,645118,6,0,5 263 264,1,5,,645195,6,0,34 165 3 192 193,1,5,,645162,6,0,5 263 264,1,10,,645167,6,0,5 263 264,1,10,,645131,6,0,5 263 264,1,5,,645177,6,0,34 165 3 192 193,1,5,,645149,6,0,5 263 264,1,10,,645176,6,0,5 263 264,1,50,,534227,6,0,5 263 264,1,5,,645120,6,0,34 165 3 192 193,1,5,,645166,6,0,5 263 264,1,10,,645189,6,0,5 263 264,1,10,,645147,6,0,5 263 264,1,5,,645127,6,0,34 165 3 192 193,1,5,,645158,6,0,5 263 264,1,10,,645138,6,0,5 263 264,1,50,,645179,6,0,5 263 264,1,5,,645192,6,0,34 165 3 192 193,1,5,,645145,6,0,5 263 264,1,10,,645144,6,0,5 263 264,1,10,,645198,6,0,5 263 264,1,5,,570145,6,0,34 165 3 192 193,1,5,,645190,6,0,5 263 264,1,10,,645172,6,0,5 263 264,1,50,,645206,6,0,5 263 264,1,5,,645153,6,0,34 165 3 192 193,1,5,,645180,6,0,5 263 264,1,10,,645168,6,0,5 263 264,1,10,,546661,6,0,5 263 264,1,5,,645135,6,0,34 165 3 192 193,1,4,,645213,6,0,5 263 264,1,10,,557090,6,0,5 263 264,1,50,,645155,6,0,5 263 264,1,6,,645152,6,0,34 165 3 192 193,1,9,,550320,6,0,5 263 264,1,10,,571679,6,0,5 263 264,1,10,,587730,6,0,5 263 264,1,10,,645186,6,0,5 263 264,1,10,,645185,6,0,5 263 264,1,50,,645171,6,0,5 263 264,1,10,,645204,6,0,5 263 264,1,10,,645202,6,0,5 263 264,1,10,,645129,6,0,5 263 264,1,10,,645161,6,0,5 263 264,1,10,,645157,6,0,5 263 264,1,50,,645151,6,0,5 263 264,1,10,,645116,6,0,5 263 264,1,10,,645194,6,0,5 263 264,1,10,,499476,6,0,5 263 264,1,10,,645134,6,0,5 263 264,1,10,,645178,6,0,5 263 264,1,50,,570464,6,0,5 263 264,1,10,,645125,6,0,5 263 264,1,10,,645123,6,0,5 263 264,1,10,,645141,6,0,5 263 264,1,10,,645201,6,0,5 263 264,1,10,,645117,6,0,5 263 264,1,50,,645181,6,0,5 263 264,1,10,,645142,6,0,5 263 264,1,10,,645205,6,0,5 263 264,1,10,,488018,6,0,5 263 264,1,10,,460964,6,0,5 263 264,1,10,,645132,6,0,5 263 264,1,50,,645175,6,0,5 263 264,1,10,,541374,6,0,5 263 264,1,10,,645211,6,0,5 263 264,1,10,,645136,6,0,5 263 264,1,10,,645208,6,0,5 263 264,1,10,,645114,6,0,5 263 264,1,50,,645160,6,0,5 263 264,1,13,,645113,6,0,5 263 264,1
7604,'5',611,,645245,6,0,5 263 264,1,10,,645316,6,0,5 263 264,1,10,,645307,6,0,5 263 264,1,10,,645338,6,0,5 263 264,1,10,,645337,6,0,5 263 264,1,50,,645327,6,0,5 263 264,1,5,,525894,6,0,34 165 3 192 193,1,5,,645275,6,0,5 263 264,1,10,,645227,6,0,5 263 264,1,10,,645247,6,0,5 263 264,1,5,,645285,6,0,34 165 3 192 193,1,5,,645270,6,0,5 263 264,1,10,,645267,6,0,5 263 264,1,50,,545880,6,0,5 263 264,1,5,,645321,6,0,34 165 3 192 193,1,5,,645246,6,0,5 263 264,1,10,,645298,6,0,5 263 264,1,10,,515877,6,0,5 263 264,1,5,,645324,6,0,34 165 3 192 193,1,5,,645241,6,0,5 263 264,1,10,,645334,6,0,5 263 264,1,50,,580890,6,0,5 263 264,1,5,,645319,6,0,34 165 3 192 193,1,5,,645312,6,0,5 263 264,1,10,,645240,6,0,5 263 264,1,10,,645339,6,0,5 263 264,1,5,,645272,6,0,34 165 3 192 193,1,5,,645281,6,0,5 263 264,1,10,,645273,6,0,5 263 264,1,50,,645310,6,0,5 263 264,1,5,,645235,6,0,34 165 3 192 193,1,5,,645295,6,0,5 263 264,1,10,,645243,6,0,5 263 264,1,10,,645239,6,0,5 263 264,1,5,,645225,6,0,34 165 3 192 193,1,5,,645345,6,0,5 263 264,1,10,,585654,6,0,5 263 264,1,50,,645269,6,0,5 263 264,1,5,,645260,6,0,34 165 3 192 193,1,5,,645262,6,0,5 263 264,1,10,,576099,6,0,5 263 264,1,10,,645222,6,0,5 263 264,1,5,,645232,6,0,34 165 3 192 193,1,5,,645277,6,0,5 263 264,1,9,,645306,6,0,5 263 264,1,50,,645268,6,0,5 263 264,1,6,,645299,6,0,34 165 3 192 193,1,5,,517352,6,0,5 263 264,1,10,,645280,6,0,5 263 264,1,10,,645223,6,0,5 263 264,1,5,,645340,6,0,34 165 3 192 193,1,5,,645323,6,0,5 263 264,1,10,,645292,6,0,5 263 264,1,50,,645308,6,0,5 263 264,1,5,,645333,6,0,34 165 3 192 193,1,5,,645315,6,0,5 263 264,1,10,,645286,6,0,5 263 264,1,10,,645271,6,0,5 263 264,1,5,,645258,6,0,34 165 3 192 193,1,5,,645274,6,0,5 263 264,1,10,,645255,6,0,5 263 264,1,50,,520499,6,0,5 263 264,1,5,,645266,6,0,34 165 3 192 193,1,5,,645224,6,0,5 263 264,1,10,,547812,6,0,5 263 264,1,10,,645314,6,0,5 263 264,1,5,,645303,6,0,34 165 3 192 193,1,5,,645250,6,0,5 263 264,1,10,,645254,6,0,5 263 264,1,50,,645330,6,0,5 263 264,1,5,,645302,6,0,34 165 3 192 193,1,5,,645296,6,0,5 263 264,1,10,,541415,6,0,5 263 264,1,10,,645294,6,0,5 263 264,1,5,,645265,6,0,34 165 3 192 193,1,5,,645261,6,0,5 263 264,1,10,,645344,6,0,5 263 264,1,50,,645248,6,0,5 263 264,1,5,,645289,6,0,34 165 3 192 193,1,5,,534319,6,0,5 263 264,1,10,,645220,6,0,5 263 264,1,10,,523041,6,0,5 263 264,1,5,,645237,6,0,34 165 3 192 193,1,5,,645257,6,0,5 263 264,1,10,,645293,6,0,5 263 264,1,50,,645304,6,0,5 263 264,1,5,,645278,6,0,34 165 3 192 193,1,5,,645221,6,0,5 263 264,1,10,,645279,6,0,5 263 264,1,10,,645263,6,0,5 263 264,1,5,,645322,6,0,34 165 3 192 193,1,5,,645335,6,0,5 263 264,1,10,,645336,6,0,5 263 264,1,50,,645253,6,0,5 263 264,1,5,,645259,6,0,34 165 3 192 193,1,5,,645343,6,0,5 263 264,1,10,,645326,6,0,5 263 264,1,10,,645228,6,0,5 263 264,1,5,,645328,6,0,34 165 3 192 193,1,4,,645233,6,0,5 263 264,1,10,,645231,6,0,5 263 264,1,50,,645234,6,0,5 263 264,1,6,,645238,6,0,34 165 3 192 193,1,9,,645230,6,0,5 263 264,1,10,,645252,6,0,5 263 264,1,10,,645226,6,0,5 263 264,1,10,,645311,6,0,5 263 264,1,10,,645282,6,0,5 263 264,1,50,,645325,6,0,5 263 264,1,10,,645297,6,0,5 263 264,1,10,,552314,6,0,5 263 264,1,10,,645332,6,0,5 263 264,1,10,,645288,6,0,5 263 264,1,10,,645341,6,0,5 263 264,1,50,,645249,6,0,5 263 264,1,10,,645229,6,0,5 263 264,1,10,,541510,6,0,5 263 264,1,10,,645309,6,0,5 263 264,1,10,,645242,6,0,5 263 264,1,10,,645305,6,0,5 263 264,1,50,,645313,6,0,5 263 264,1,10,,645251,6,0,5 263 264,1,10,,645318,6,0,5 263 264,1,10,,645256,6,0,5 263 264,1,10,,645264,6,0,5 263 264,1,10,,645236,6,0,5 263 264,1,50,,645331,6,0,5 263 264,1,10,,645342,6,0,5 263 264,1,10,,645329,6,0,5 263 264,1,10,,645287,6,0,5 263 264,1,10,,531696,6,0,5 263 264,1,10,,514475,6,0,5 263 264,1,50,,645276,6,0,5 263 264,1,10,,645320,6,0,5 263 264,1,10,,645284,6,0,5 263 264,1,10,,645301,6,0,5 263 264,1,10,,645244,6,0,5 263 264,1,10,,645317,6,0,5 263 264,1,50,,645291,6,0,5 263 264,1,13,,645283,6,0,5 263 264,1
31502,'1',451,,681173,6,0,11 12 29 30,1,70,,681176,6,0,11 12 29 30,1,2030,,681177,6,0,11 12 29 30,1,70,,681174,6,0,11 12 29 30,1,30,,681178,6,0,11 12 29 30,1,70,,681175,6,0,11 12 29 30,1,30,,555375,6,0,11 12 29 30,1,70,,515449,6,0,11 12 29 30,1
31502,'2',451,,681180,6,0,11 12 29 30,1,70,,535171,6,0,11 12 29 30,1,2030,,681181,6,0,11 12 29 30,1,70,,681179,6,0,11 12 29 30,1,30,,681183,6,0,11 12 29 30,1,70,,681184,6,0,11 12 29 30,1,30,,681185,6,0,11 12 29 30,1,70,,681182,6,0,11 12 29 30,1
31502,'3',451,,681197,6,0,11 12 29 30,1,70,,600504,6,0,11 12 29 30,1,30,,681187,6,0,11 12 29 30,1,70,,681194,6,0,11 12 29 30,1,30,,681189,6,0,11 12 29 30,1,70,,681193,6,0,11 12 29 30,1,30,,681186,6,0,11 12 29 30,1,1800,,681195,6,0,11 12 29 30,1,70,,681190,6,0,11 12 29 30,1,30,,681192,6,0,11 12 29 30,1,70,,681196,6,0,11 12 29 30,1,30,,681188,6,0,11 12 29 30,1,70,,681191,6,0,11 12 29 30,1
31502,'5',451,,681198,6,0,11 12 29 30,1,70,,681200,6,0,11 12 29 30,1,2030,,681199,6,0,11 12 29 30,1,70,,681202,6,0,11 12 29 30,1,30,,681205,6,0,11 12 29 30,1,70,,681201,6,0,11 12 29 30,1,30,,681203,6,0,11 12 29 30,1,70,,681204,6,0,11 12 29 30,1
