1002,'1',521,,692145,9,0,26 38 15,1,30,,692148,9,0,26 38 15,1,70,,692154,9,0,26 38 15,1,31,,692144,9,0,26 38 15,1,70,,668199,9,0,26 38 15,1,30,,692152,9,0,26 38 15,1,70,,632701,9,0,26 38 15,1,30,,692141,9,0,26 38 15,1,70,,616807,9,0,26 38 15,1,515,,631882,9,0,26 38 15,1,70,,692149,9,0,26 38 15,1,30,,692142,9,0,26 38 15,1,70,,692143,9,0,26 38 15,1,30,,692151,9,0,26 38 15,1,70,,692150,9,0,26 38 15,1,30,,692146,9,0,26 38 15,1,70,,692147,9,0,26 38 15,1,30,,692153,9,0,26 38 15,1,70,,618802,9,0,26 38 15,1
2504,'1',523,,699752,11,0,5 141 8,1,7,,699725,11,0,5 141 8,1,8,,699831,11,0,5 141 8,1,6,,699693,11,0,5 141 8,1,6,,699866,11,0,5 141 8,1,5,,699918,11,0,5 141 8,1,48,,699766,11,0,28 26 38 8,1,9,,533733,11,0,28 26 38 8,1,6,,699799,11,0,28 26 38 8,1,6,,699842,11,0,28 26 38 8,1,6,,699662,11,0,28 26 38 8,1,6,,699729,11,0,28 26 38 8,1,6,,699849,11,0,28 26 38 8,1,6,,699925,11,0,28 26 38 8,1,6,,610522,11,0,28 26 38 8,1,46,,455991,11,0,28 26 38 8,1,6,,699860,11,0,28 26 38 8,1,6,,699678,11,0,28 26 38 8,1,6,,699667,11,0,28 26 38 8,1,5,,699929,11,0,28 26 38 8,1,5,,663212,11,0,28 26 38 8,1,5,,699895,11,0,28 26 38 8,1,5,,571481,11,0,28 26 38 8,1,5,,699923,11,0,28 26 38 8,1,5,,699789,11,0,28 26 38 8,1,5,,699634,11,0,28 26 38 8,1,5,,686346,11,0,28 26 38 8,1,45,,699813,11,0,28 26 38 8,1,5,,699877,11,0,28 26 38 8,1,5,,699641,11,0,28 26 38 8,1,5,,660095,11,0,28 26 38 8,1,5,,518931,11,0,28 26 38 8,1,5,,647003,11,0,28 26 38 8,1,5,,699785,11,0,28 26 38 8,1,5,,699829,11,0,28 26 38 8,1,5,,699786,11,0,28 26 38 8,1,5,,699853,11,0,28 26 38 8,1,5,,699655,11,0,28 26 38 8,1,4,,699819,11,0,28 26 38 8,1,45,,699846,11,0,28 26 38 8,1,4,,699927,11,0,28 26 38 8,1,8,,699628,11,0,28 26 38 8,1,6,,699621,11,0,28 26 38 8,1,6,,699623,11,0,28 26 38 8,1,6,,699713,11,0,28 26 38 8,1,6,,699803,11,0,28 26 38 8,1,6,,699808,11,0,28 26 38 8,1,6,,699859,11,0,28 26 38 8,1,6,,699913,11,0,28 26 38 8,1,46,,699643,11,0,28 26 38 8,1,6,,660926,11,0,28 26 38 8,1,6,,699841,11,0,28 26 38 8,1,6,,699768,11,0,28 26 38 8,1,6,,699883,11,0,28 26 38 8,1,6,,699690,11,0,28 26 38 8,1,6,,560817,11,0,28 26 38 8,1,6,,699765,11,0,28 26 38 8,1,6,,566091,11,0,28 26 38 8,1,6,,668669,11,0,28 26 38 8,1,46,,699716,11,0,28 26 38 8,1,6,,699663,11,0,28 26 38 8,1,6,,699642,11,0,28 26 38 8,1,6,,637205,11,0,28 26 38 8,1,6,,699837,11,0,28 26 38 8,1,6,,699651,11,0,28 26 38 8,1,6,,679883,11,0,28 26 38 8,1,6,,699683,11,0,28 26 38 8,1,6,,699732,11,0,28 26 38 8,1,6,,699719,11,0,28 26 38 8,1,46,,699867,11,0,28 26 38 8,1,6,,699774,11,0,28 26 38 8,1,6,,699844,11,0,28 26 38 8,1,6,,657841,11,0,28 26 38 8,1,6,,699638,11,0,28 26 38 8,1,6,,569484,11,0,28 26 38 8,1,6,,699677,11,0,28 26 38 8,1,6,,699695,11,0,28 26 38 8,1,6,,699730,11,0,28 26 38 8,1,6,,699635,11,0,28 26 38 8,1,46,,699697,11,0,28 26 38 8,1,6,,699869,11,0,28 26 38 8,1,6,,699770,11,0,28 26 38 8,1,6,,699870,11,0,28 26 38 8,1,6,,699669,11,0,28 26 38 8,1,6,,699694,11,0,28 26 38 8,1,6,,699755,11,0,28 26 38 8,1,6,,608287,11,0,28 26 38 8,1,6,,699779,11,0,28 26 38 8,1,6,,683759,11,0,28 26 38 8,1,46,,699865,11,0,28 26 38 8,1,6,,699902,11,0,28 26 38 8,1,6,,699833,11,0,28 26 38 8,1,6,,699624,11,0,28 26 38 8,1,6,,699660,11,0,28 26 38 8,1,6,,645814,11,0,28 26 38 8,1,6,,699681,11,0,28 26 38 8,1,6,,699733,11,0,28 26 38 8,1,6,,699666,11,0,28 26 38 8,1,6,,699717,11,0,28 26 38 8,1,45,,699699,11,0,28 26 38 8,1,5,,699882,11,0,28 26 38 8,1,6,,699627,11,0,28 26 38 8,1,5,,699691,11,0,28 26 38 8,1,5,,699791,11,0,28 26 38 8,1,5,,663237,11,0,28 26 38 8,1,5,,660100,11,0,28 26 38 8,1,5,,699761,11,0,28 26 38 8,1,5,,699850,11,0,28 26 38 8,1,5,,699709,11,0,28 26 38 8,1,5,,699888,11,0,28 26 38 8,1,5,,699686,11,0,28 26 38 8,1,45,,677157,11,0,28 26 38 8,1,5,,699738,11,0,28 26 38 8,1,5,,684482,11,0,28 26 38 8,1,5,,699675,11,0,28 26 38 8,1,5,,699674,11,0,28 26 38 8,1,5,,699855,11,0,28 26 38 8,1,5,,480399,11,0,28 26 38 8,1,5,,699734,11,0,28 26 38 8,1,5,,699905,11,0,28 26 38 8,1,5,,699775,11,0,28 26 38 8,1,5,,699832,11,0,28 26 38 8,1,5,,699645,11,0,28 26 38 8,1,45,,667952,11,0,28 26 38 8,1,5,,699802,11,0,28 26 38 8,1,5,,699830,11,0,28 26 38 8,1,5,,699873,11,0,28 26 38 8,1,5,,699742,11,0,28 26 38 8,1,5,,699659,11,0,28 26 38 8,1,5,,699724,11,0,28 26 38 8,1,5,,699644,11,0,28 26 38 8,1,5,,699769,11,0,28 26 38 8,1,5,,699820,11,0,28 26 38 8,1,5,,699721,11,0,28 26 38 8,1,5,,699805,11,0,28 26 38 8,1,45,,699887,11,0,28 26 38 8,1,5,,699687,11,0,28 26 38 8,1,5,,699930,11,0,28 26 38 8,1,5,,630499,11,0,28 26 38 8,1,5,,646188,11,0,28 26 38 8,1,5,,699868,11,0,28 26 38 8,1,5,,699884,11,0,28 26 38 8,1,5,,699673,11,0,28 26 38 8,1,5,,699817,11,0,28 26 38 8,1,6,,621332,11,0,28 26 38 8,1,6,,699665,11,0,28 26 38 8,1,46,,699914,11,0,28 26 38 8,1,6,,699743,11,0,28 26 38 8,1,5,,699773,11,0,28 26 38 8,1,6,,699647,11,0,28 26 38 8,1,6,,699828,11,0,28 26 38 8,1,6,,699916,11,0,28 26 38 8,1,6,,658214,11,0,28 26 38 8,1,6,,699760,11,0,28 26 38 8,1,6,,699711,11,0,28 26 38 8,1,6,,699657,11,0,28 26 38 8,1,6,,699847,11,0,28 26 38 8,1,46,,699898,11,0,28 26 38 8,1,6,,699871,11,0,28 26 38 8,1,6,,699756,11,0,28 26 38 8,1,6,,699656,11,0,28 26 38 8,1,6,,699705,11,0,28 26 38 8,1,6,,631289,11,0,28 26 38 8,1,6,,699747,11,0,28 26 38 8,1,6,,566494,11,0,28 26 38 8,1,6,,689516,11,0,28 26 38 8,1,6,,699637,11,0,28 26 38 8,1,46,,625393,11,0,28 26 38 8,1,6,,699759,11,0,28 26 38 8,1,6,,699894,11,0,28 26 38 8,1,6,,699920,11,0,28 26 38 8,1,6,,699720,11,0,28 26 38 8,1,6,,674523,11,0,28 26 38 8,1,6,,699712,11,0,28 26 38 8,1,6,,699812,11,0,28 26 38 8,1,6,,699696,11,0,28 26 38 8,1,6,,699845,11,0,28 26 38 8,1,43,,699758,11,0,5 141 8,1,6,,699908,11,0,5 141 8,1,6,,699926,11,0,5 141 8,1,6,,699857,11,0,5 141 8,1,6,,699815,11,0,5 141 8,1,6,,699715,11,0,5 141 8,1,6,,699892,11,0,5 141 8,1,6,,699904,11,0,5 141 8,1,6,,623197,11,0,5 141 8,1,6,,699636,11,0,5 141 8,1,46,,699922,11,0,5 141 8,1,6,,699778,11,0,5 141 8,1,6,,699909,11,0,5 141 8,1,6,,665643,11,0,5 141 8,1,6,,643005,11,0,5 141 8,1,6,,587387,11,0,5 141 8,1,6,,699787,11,0,5 141 8,1,6,,699633,11,0,5 141 8,1,6,,635723,11,0,5 141 8,1,6,,699907,11,0,5 141 8,1,46,,689251,11,0,5 141 8,1,6,,699780,11,0,5 141 8,1,6,,642114,11,0,5 141 8,1,6,,699826,11,0,5 141 8,1,6,,699796,11,0,5 141 8,1,6,,699822,11,0,5 141 8,1,6,,699900,11,0,5 141 8,1,6,,669191,11,0,5 141 8,1,6,,629835,11,0,5 141 8,1,6,,699863,11,0,5 141 8,1,46,,699650,11,0,5 141 8,1,6,,699718,11,0,5 141 8,1,6,,699809,11,0,5 141 8,1,6,,618306,11,0,5 141 8,1,6,,654843,11,0,5 141 8,1,10,,699654,11,0,17 26 27 8,1,15,,663766,11,0,28 26 38 8,1,55,,699879,11,0,28 26 38 8,1,15,,699731,11,0,28 26 38 8,1
2504,'2',538,,699995,11,0,5 141 8,1,8,,699994,11,0,5 141 8,1,7,,700024,11,0,5 141 8,1,47,,700043,11,0,5 141 8,1,8,,700003,11,0,5 141 8,1,7,,699984,11,0,5 141 8,1,8,,700005,11,0,5 141 8,1,7,,699958,11,0,5 141 8,1,8,,700033,11,0,5 141 8,1,7,,699999,11,0,5 141 8,1,8,,700069,11,0,5 141 8,1,47,,700059,11,0,5 141 8,1,8,,700001,11,0,5 141 8,1,7,,700031,11,0,5 141 8,1,8,,636589,11,0,5 141 8,1,7,,615405,11,0,5 141 8,1,8,,614389,11,0,5 141 8,1,7,,700027,11,0,5 141 8,1,8,,699931,11,0,5 141 8,1,47,,699986,11,0,5 141 8,1,12,,700022,11,0,5 141 8,1,11,,700017,11,0,5 141 8,1,10,,645098,11,0,5 141 8,1,10,,639086,11,0,5 141 8,1,10,,700004,11,0,5 141 8,1,50,,699956,11,0,5 141 8,1,10,,699991,11,0,5 141 8,1,10,,700052,11,0,5 141 8,1,10,,699959,11,0,5 141 8,1,10,,642237,11,0,5 141 8,1,10,,700047,11,0,5 141 8,1,50,,699964,11,0,5 141 8,1,10,,700011,11,0,5 141 8,1,10,,700060,11,0,5 141 8,1,10,,699932,11,0,5 141 8,1,10,,699942,11,0,5 141 8,1,10,,699977,11,0,5 141 8,1,50,,699970,11,0,5 141 8,1,10,,699933,11,0,5 141 8,1,10,,699934,11,0,5 141 8,1,8,,641762,11,0,5 141 8,1,7,,632471,11,0,5 141 8,1,8,,699981,11,0,5 141 8,1,7,,699988,11,0,5 141 8,1,48,,699974,11,0,5 141 8,1,10,,700049,11,0,5 141 8,1,8,,699948,11,0,5 141 8,1,7,,700040,11,0,5 141 8,1,8,,699987,11,0,5 141 8,1,7,,700039,11,0,5 141 8,1,8,,699985,11,0,5 141 8,1,7,,699967,11,0,5 141 8,1,48,,528251,11,0,5 141 8,1,7,,699936,11,0,5 141 8,1,8,,700018,11,0,5 141 8,1,7,,699946,11,0,5 141 8,1,8,,699993,11,0,5 141 8,1,7,,700042,11,0,5 141 8,1,8,,699943,11,0,5 141 8,1,7,,700000,11,0,5 141 8,1,48,,700058,11,0,5 141 8,1,7,,624606,11,0,5 141 8,1,8,,700007,11,0,5 141 8,1,7,,699997,11,0,5 141 8,1,8,,700037,11,0,5 141 8,1,7,,699980,11,0,5 141 8,1,8,,617598,11,0,5 141 8,1,7,,386330,11,0,5 141 8,1,48,,700065,11,0,5 141 8,1,7,,662734,11,0,5 141 8,1,8,,699935,11,0,5 141 8,1,7,,699972,11,0,5 141 8,1,8,,700046,11,0,5 141 8,1,7,,699950,11,0,5 141 8,1,8,,699947,11,0,5 141 8,1,7,,700051,11,0,5 141 8,1,48,,699949,11,0,5 141 8,1,7,,699990,11,0,5 141 8,1,8,,565990,11,0,5 141 8,1,7,,699941,11,0,5 141 8,1,8,,700029,11,0,5 141 8,1,7,,699998,11,0,5 141 8,1,8,,700026,11,0,5 141 8,1,7,,700071,11,0,5 141 8,1,48,,700012,11,0,5 141 8,1,7,,700061,11,0,5 141 8,1,8,,699983,11,0,5 141 8,1,7,,699979,11,0,5 141 8,1,8,,700063,11,0,5 141 8,1,7,,700055,11,0,5 141 8,1,8,,699971,11,0,5 141 8,1,7,,687302,11,0,5 141 8,1,48,,699963,11,0,5 141 8,1,7,,641733,11,0,5 141 8,1,6,,700062,11,0,5 141 8,1,7,,699978,11,0,5 141 8,1,8,,699965,11,0,5 141 8,1,7,,699955,11,0,5 141 8,1,8,,700068,11,0,5 141 8,1,6,,636613,11,0,5 141 8,1,5,,699968,11,0,5 141 8,1,45,,699938,11,0,5 141 8,1,5,,700025,11,0,5 141 8,1,5,,700045,11,0,5 141 8,1,5,,700056,11,0,5 141 8,1,5,,699976,11,0,5 141 8,1,5,,612002,11,0,5 141 8,1,5,,699966,11,0,5 141 8,1,5,,618435,11,0,5 141 8,1,5,,700006,11,0,5 141 8,1,5,,699957,11,0,5 141 8,1,5,,699953,11,0,5 141 8,1,5,,700016,11,0,5 141 8,1,45,,700010,11,0,5 141 8,1,5,,623286,11,0,5 141 8,1,5,,699951,11,0,5 141 8,1,5,,700044,11,0,5 141 8,1,5,,700021,11,0,5 141 8,1,5,,502683,11,0,5 141 8,1,5,,700038,11,0,5 141 8,1,5,,699939,11,0,5 141 8,1,5,,699960,11,0,5 141 8,1,5,,700020,11,0,5 141 8,1,5,,513808,11,0,5 141 8,1,5,,699944,11,0,5 141 8,1,45,,700053,11,0,5 141 8,1,5,,699952,11,0,5 141 8,1,5,,609963,11,0,5 141 8,1,5,,699937,11,0,5 141 8,1,5,,682614,11,0,5 141 8,1,5,,700041,11,0,5 141 8,1,5,,699982,11,0,5 141 8,1,5,,442254,11,0,5 141 8,1,5,,699940,11,0,5 141 8,1,5,,699996,11,0,5 141 8,1,5,,681745,11,0,5 141 8,1,5,,700070,11,0,5 141 8,1,43,,699961,11,0,5 141 8,1,8,,699954,11,0,5 141 8,1,8,,699973,11,0,5 141 8,1,8,,700048,11,0,5 141 8,1,7,,699989,11,0,5 141 8,1,8,,700067,11,0,5 141 8,1,7,,700015,11,0,5 141 8,1,8,,700028,11,0,5 141 8,1,47,,700013,11,0,5 141 8,1,8,,699962,11,0,5 141 8,1,7,,700035,11,0,5 141 8,1,8,,700036,11,0,5 141 8,1,7,,700034,11,0,5 141 8,1,8,,699992,11,0,5 141 8,1,7,,700057,11,0,5 141 8,1,8,,700014,11,0,5 141 8,1,47,,700066,11,0,5 141 8,1,8,,679513,11,0,5 141 8,1,7,,699945,11,0,5 141 8,1,8,,700064,11,0,5 141 8,1,7,,700054,11,0,5 141 8,1,8,,700032,11,0,5 141 8,1,7,,700019,11,0,5 141 8,1,8,,700002,11,0,5 141 8,1,47,,700023,11,0,5 141 8,1,8,,542874,11,0,5 141 8,1,7,,700008,11,0,5 141 8,1,7,,700050,11,0,5 141 8,1,12,,700030,11,0,17 26 27 8,1,15,,700009,11,0,28 26 38 8,1,55,,699969,11,0,28 26 38 8,1,15,,635417,11,0,28 26 38 8,1
2504,'3',552,,700154,11,0,5 141 8,1,60,,700191,11,0,5 141 8,1,20,,700155,11,0,5 141 8,1,20,,684239,11,0,5 141 8,1,60,,700115,11,0,5 141 8,1,10,,700133,11,0,5 141 8,1,13,,700123,11,0,5 141 8,1,10,,700076,11,0,5 141 8,1,10,,700196,11,0,5 141 8,1,51,,700100,11,0,5 141 8,1,10,,677790,11,0,5 141 8,1,10,,700169,11,0,5 141 8,1,10,,700094,11,0,5 141 8,1,10,,700170,11,0,5 141 8,1,10,,700130,11,0,5 141 8,1,50,,700077,11,0,5 141 8,1,10,,616133,11,0,5 141 8,1,10,,635673,11,0,5 141 8,1,10,,656017,11,0,5 141 8,1,10,,700180,11,0,5 141 8,1,10,,700085,11,0,5 141 8,1,50,,700146,11,0,5 141 8,1,10,,700080,11,0,5 141 8,1,10,,700097,11,0,5 141 8,1,10,,700139,11,0,5 141 8,1,10,,700178,11,0,5 141 8,1,10,,700138,11,0,5 141 8,1,50,,647749,11,0,5 141 8,1,10,,700141,11,0,5 141 8,1,10,,700081,11,0,5 141 8,1,10,,700089,11,0,5 141 8,1,10,,700156,11,0,5 141 8,1,10,,623790,11,0,5 141 8,1,51,,700099,11,0,5 141 8,1,9,,700110,11,0,5 141 8,1,8,,700148,11,0,5 141 8,1,7,,700095,11,0,5 141 8,1,8,,700096,11,0,5 141 8,1,7,,688298,11,0,5 141 8,1,8,,700163,11,0,5 141 8,1,47,,700190,11,0,5 141 8,1,8,,700162,11,0,5 141 8,1,7,,700185,11,0,5 141 8,1,8,,700197,11,0,5 141 8,1,7,,684173,11,0,5 141 8,1,8,,700192,11,0,5 141 8,1,7,,700165,11,0,5 141 8,1,8,,700126,11,0,5 141 8,1,47,,700122,11,0,5 141 8,1,8,,700108,11,0,5 141 8,1,7,,700082,11,0,5 141 8,1,8,,700145,11,0,5 141 8,1,7,,700078,11,0,5 141 8,1,8,,700125,11,0,5 141 8,1,7,,700088,11,0,5 141 8,1,8,,700173,11,0,5 141 8,1,47,,700111,11,0,5 141 8,1,8,,700103,11,0,5 141 8,1,7,,700179,11,0,5 141 8,1,8,,700184,11,0,5 141 8,1,7,,700176,11,0,5 141 8,1,8,,700149,11,0,5 141 8,1,7,,700112,11,0,5 141 8,1,8,,700129,11,0,5 141 8,1,47,,619150,11,0,5 141 8,1,8,,643698,11,0,5 141 8,1,7,,669666,11,0,5 141 8,1,8,,700128,11,0,5 141 8,1,7,,700152,11,0,5 141 8,1,8,,700084,11,0,5 141 8,1,7,,700144,11,0,5 141 8,1,8,,495759,11,0,5 141 8,1,47,,680481,11,0,5 141 8,1,8,,700114,11,0,5 141 8,1,7,,700079,11,0,5 141 8,1,8,,700136,11,0,5 141 8,1,7,,700083,11,0,5 141 8,1,8,,700177,11,0,5 141 8,1,7,,700183,11,0,5 141 8,1,8,,700072,11,0,5 141 8,1,47,,700120,11,0,5 141 8,1,8,,700101,11,0,5 141 8,1,7,,595164,11,0,5 141 8,1,8,,700186,11,0,5 141 8,1,7,,700104,11,0,5 141 8,1,8,,700143,11,0,5 141 8,1,7,,700086,11,0,5 141 8,1,8,,700109,11,0,5 141 8,1,46,,700160,11,0,5 141 8,1,6,,700168,11,0,5 141 8,1,5,,700124,11,0,5 141 8,1,5,,700159,11,0,5 141 8,1,5,,700142,11,0,5 141 8,1,5,,555220,11,0,5 141 8,1,5,,613773,11,0,5 141 8,1,5,,700140,11,0,5 141 8,1,5,,700075,11,0,5 141 8,1,5,,700147,11,0,5 141 8,1,5,,700193,11,0,5 141 8,1,5,,614960,11,0,5 141 8,1,45,,658098,11,0,5 141 8,1,5,,700074,11,0,5 141 8,1,5,,625179,11,0,5 141 8,1,5,,700092,11,0,5 141 8,1,5,,700164,11,0,5 141 8,1,5,,677640,11,0,5 141 8,1,5,,700166,11,0,5 141 8,1,5,,700174,11,0,5 141 8,1,5,,700137,11,0,5 141 8,1,5,,700105,11,0,5 141 8,1,5,,700117,11,0,5 141 8,1,5,,700175,11,0,5 141 8,1,45,,700119,11,0,5 141 8,1,5,,640929,11,0,5 141 8,1,5,,700102,11,0,5 141 8,1,5,,700073,11,0,5 141 8,1,5,,700121,11,0,5 141 8,1,5,,700171,11,0,5 141 8,1,5,,700113,11,0,5 141 8,1,5,,700090,11,0,5 141 8,1,5,,641321,11,0,5 141 8,1,5,,700116,11,0,5 141 8,1,5,,700150,11,0,5 141 8,1,5,,700134,11,0,5 141 8,1,44,,700106,11,0,5 141 8,1,5,,700118,11,0,5 141 8,1,7,,700182,11,0,5 141 8,1,8,,635219,11,0,5 141 8,1,7,,631642,11,0,5 141 8,1,8,,700132,11,0,5 141 8,1,7,,700093,11,0,5 141 8,1,8,,700161,11,0,5 141 8,1,7,,700091,11,0,5 141 8,1,48,,700195,11,0,5 141 8,1,7,,700158,11,0,5 141 8,1,8,,700187,11,0,5 141 8,1,7,,700151,11,0,5 141 8,1,8,,700087,11,0,5 141 8,1,7,,594820,11,0,5 141 8,1,8,,700135,11,0,5 141 8,1,7,,690090,11,0,5 141 8,1,48,,700098,11,0,5 141 8,1,7,,700167,11,0,5 141 8,1,8,,700172,11,0,5 141 8,1,7,,661965,11,0,5 141 8,1,8,,700153,11,0,5 141 8,1,7,,700157,11,0,5 141 8,1,8,,700127,11,0,5 141 8,1,7,,649613,11,0,5 141 8,1,48,,700189,11,0,5 141 8,1,7,,700194,11,0,5 141 8,1,7,,700131,11,0,5 141 8,1,5,,620347,11,0,5 141 8,1,12,,700188,11,0,17 26 27 8,1,16,,627649,11,0,28 26 38 8,1,54,,700107,11,0,28 26 38 8,1,15,,700181,11,0,28 26 38 8,1
2504,'5',539,,630374,11,0,5 141 8,1,10,,700292,11,0,5 141 8,1,10,,700241,11,0,5 141 8,1,50,,686467,11,0,5 141 8,1,10,,700309,11,0,5 141 8,1,10,,613493,11,0,5 141 8,1,10,,700326,11,0,5 141 8,1,10,,700250,11,0,5 141 8,1,56,,700300,11,0,5 141 8,1,10,,556526,11,0,5 141 8,1,10,,700277,11,0,5 141 8,1,10,,700254,11,0,5 141 8,1,10,,700209,11,0,5 141 8,1,10,,700294,11,0,5 141 8,1,51,,700239,11,0,5 141 8,1,10,,700262,11,0,5 141 8,1,10,,700295,11,0,5 141 8,1,10,,700207,11,0,5 141 8,1,10,,664143,11,0,5 141 8,1,10,,700253,11,0,5 141 8,1,50,,700303,11,0,5 141 8,1,10,,686669,11,0,5 141 8,1,10,,700236,11,0,5 141 8,1,10,,700322,11,0,5 141 8,1,10,,700199,11,0,5 141 8,1,10,,700312,11,0,5 141 8,1,50,,700223,11,0,5 141 8,1,10,,700229,11,0,5 141 8,1,10,,700263,11,0,5 141 8,1,10,,700214,11,0,5 141 8,1,10,,700317,11,0,5 141 8,1,10,,700271,11,0,5 141 8,1,50,,615709,11,0,5 141 8,1,10,,700251,11,0,5 141 8,1,10,,641847,11,0,5 141 8,1,10,,700290,11,0,5 141 8,1,10,,653194,11,0,5 141 8,1,10,,700320,11,0,5 141 8,1,51,,700324,11,0,5 141 8,1,9,,700225,11,0,5 141 8,1,8,,700304,11,0,5 141 8,1,7,,539858,11,0,5 141 8,1,8,,700228,11,0,5 141 8,1,7,,700323,11,0,5 141 8,1,8,,571844,11,0,5 141 8,1,47,,700291,11,0,5 141 8,1,8,,700227,11,0,5 141 8,1,7,,700316,11,0,5 141 8,1,8,,700280,11,0,5 141 8,1,7,,700276,11,0,5 141 8,1,8,,700242,11,0,5 141 8,1,7,,700283,11,0,5 141 8,1,8,,700218,11,0,5 141 8,1,47,,700310,11,0,5 141 8,1,8,,700226,11,0,5 141 8,1,7,,700261,11,0,5 141 8,1,8,,700269,11,0,5 141 8,1,7,,700215,11,0,5 141 8,1,8,,700268,11,0,5 141 8,1,7,,700230,11,0,5 141 8,1,8,,678293,11,0,5 141 8,1,47,,700286,11,0,5 141 8,1,8,,700202,11,0,5 141 8,1,7,,700281,11,0,5 141 8,1,8,,700247,11,0,5 141 8,1,7,,700258,11,0,5 141 8,1,8,,700305,11,0,5 141 8,1,7,,700293,11,0,5 141 8,1,8,,700255,11,0,5 141 8,1,47,,700204,11,0,5 141 8,1,8,,700311,11,0,5 141 8,1,7,,667480,11,0,5 141 8,1,8,,700285,11,0,5 141 8,1,7,,700284,11,0,5 141 8,1,8,,700272,11,0,5 141 8,1,7,,700231,11,0,5 141 8,1,8,,700297,11,0,5 141 8,1,47,,700201,11,0,5 141 8,1,8,,700211,11,0,5 141 8,1,7,,700237,11,0,5 141 8,1,8,,700245,11,0,5 141 8,1,7,,700301,11,0,5 141 8,1,8,,700308,11,0,5 141 8,1,7,,630404,11,0,5 141 8,1,8,,700256,11,0,5 141 8,1,47,,700240,11,0,5 141 8,1,8,,651792,11,0,5 141 8,1,7,,700220,11,0,5 141 8,1,8,,700278,11,0,5 141 8,1,7,,700266,11,0,5 141 8,1,8,,659969,11,0,5 141 8,1,7,,700288,11,0,5 141 8,1,8,,700198,11,0,5 141 8,1,46,,700264,11,0,5 141 8,1,6,,700205,11,0,5 141 8,1,5,,700314,11,0,5 141 8,1,5,,661392,11,0,5 141 8,1,5,,623648,11,0,5 141 8,1,5,,700216,11,0,5 141 8,1,5,,700306,11,0,5 141 8,1,5,,700210,11,0,5 141 8,1,5,,576063,11,0,5 141 8,1,5,,700222,11,0,5 141 8,1,5,,700319,11,0,5 141 8,1,5,,700260,11,0,5 141 8,1,45,,700234,11,0,5 141 8,1,5,,631798,11,0,5 141 8,1,5,,627769,11,0,5 141 8,1,5,,700200,11,0,5 141 8,1,5,,700275,11,0,5 141 8,1,5,,663136,11,0,5 141 8,1,5,,700298,11,0,5 141 8,1,5,,700325,11,0,5 141 8,1,5,,700274,11,0,5 141 8,1,5,,700233,11,0,5 141 8,1,5,,700244,11,0,5 141 8,1,5,,700206,11,0,5 141 8,1,45,,700221,11,0,5 141 8,1,5,,700302,11,0,5 141 8,1,5,,700235,11,0,5 141 8,1,5,,677816,11,0,5 141 8,1,5,,700203,11,0,5 141 8,1,5,,563673,11,0,5 141 8,1,5,,700208,11,0,5 141 8,1,5,,700224,11,0,5 141 8,1,5,,665739,11,0,5 141 8,1,5,,571839,11,0,5 141 8,1,5,,700307,11,0,5 141 8,1,5,,700219,11,0,5 141 8,1,44,,700315,11,0,5 141 8,1,5,,700259,11,0,5 141 8,1,7,,566798,11,0,5 141 8,1,8,,700289,11,0,5 141 8,1,7,,700299,11,0,5 141 8,1,8,,700248,11,0,5 141 8,1,7,,700287,11,0,5 141 8,1,8,,612672,11,0,5 141 8,1,7,,700265,11,0,5 141 8,1,48,,700267,11,0,5 141 8,1,7,,700249,11,0,5 141 8,1,8,,661560,11,0,5 141 8,1,7,,700279,11,0,5 141 8,1,8,,700212,11,0,5 141 8,1,7,,519076,11,0,5 141 8,1,8,,700217,11,0,5 141 8,1,7,,700232,11,0,5 141 8,1,48,,700243,11,0,5 141 8,1,7,,659930,11,0,5 141 8,1,8,,619977,11,0,5 141 8,1,7,,700213,11,0,5 141 8,1,8,,700282,11,0,5 141 8,1,7,,700238,11,0,5 141 8,1,8,,633426,11,0,5 141 8,1,7,,700273,11,0,5 141 8,1,48,,700318,11,0,5 141 8,1,7,,700313,11,0,5 141 8,1,7,,700252,11,0,5 141 8,1,5,,700257,11,0,5 141 8,1,12,,700246,11,0,17 26 27 8,1,16,,700321,11,0,28 26 38 8,1,54,,700296,11,0,28 26 38 8,1,15,,700270,11,0,28 26 38 8,1
16902,'1',935,,766014,46,0,5 26 38 15,1,70,,766004,46,0,5 26 38 15,1,30,,765991,46,0,5 26 38 15,1,70,,766017,46,0,5 26 38 15,1,30,,765997,46,0,5 26 38 15,1,70,,765993,46,0,5 26 38 15,1,30,,766013,46,0,5 26 38 15,1,70,,766000,46,0,5 26 38 15,1,30,,690182,46,0,5 26 38 15,1,71,,766007,46,0,5 26 38 15,1,527,,766005,46,0,5 26 38 15,1,70,,766018,46,0,5 26 38 15,1,30,,765996,46,0,5 26 38 15,1,70,,650732,46,0,5 26 38 15,1,30,,673848,46,0,5 26 38 15,1,70,,766016,46,0,5 26 38 15,1,29,,765992,46,0,5 26 38 15,1,70,,766008,46,0,5 26 38 15,1,30,,681732,46,0,5 26 38 15,1,70,,766019,46,0,5 26 38 15,1,30,,765998,46,0,5 26 38 15,1,70,,606083,46,0,5 26 38 15,1,30,,765994,46,0,5 26 38 15,1
16902,'2',634,,766029,46,0,5 26 38 15,1,70,,766031,46,0,5 26 38 15,1,30,,766027,46,0,5 26 38 15,1,70,,766032,46,0,5 26 38 15,1,29,,672232,46,0,5 26 38 15,1,70,,766045,46,0,5 26 38 15,1,30,,766044,46,0,5 26 38 15,1,70,,766028,46,0,5 26 38 15,1,30,,766036,46,0,5 26 38 15,1,70,,609929,46,0,5 26 38 15,1,30,,766033,46,0,5 26 38 15,1,71,,637409,46,0,5 26 38 15,1,32,,618999,46,0,5 26 38 15,1,70,,766041,46,0,5 26 38 15,1,30,,766025,46,0,5 26 38 15,1,70,,619679,46,0,5 26 38 15,1,30,,766026,46,0,5 26 38 15,1,70,,766023,46,0,5 26 38 15,1,30,,633911,46,0,5 26 38 15,1,70,,766038,46,0,5 26 38 15,1,30,,670927,46,0,5 26 38 15,1,70,,766030,46,0,5 26 38 15,1,30,,766024,46,0,5 26 38 15,1,70,,766042,46,0,5 26 38 15,1,30,,766035,46,0,5 26 38 15,1,70,,766046,46,0,5 26 38 15,1,26,,766022,46,0,5 26 38 15,1,70,,766040,46,0,5 26 38 15,1,30,,766047,46,0,5 26 38 15,1,70,,766037,46,0,5 26 38 15,1,30,,766034,46,0,5 26 38 15,1,70,,766043,46,0,5 26 38 15,1,30,,766039,46,0,5 26 38 15,1
16902,'3',802,,766055,46,0,5 26 38 15,1,30,,766067,46,0,5 26 38 15,1,70,,766068,46,0,5 26 38 15,1,30,,766069,46,0,5 26 38 15,1,70,,766049,46,0,5 26 38 15,1,30,,766071,46,0,5 26 38 15,1,70,,766054,46,0,5 26 38 15,1,30,,766051,46,0,5 26 38 15,1,72,,766063,46,0,5 26 38 15,1,32,,766061,46,0,5 26 38 15,1,70,,766065,46,0,5 26 38 15,1,30,,766064,46,0,5 26 38 15,1,70,,766056,46,0,5 26 38 15,1,30,,673918,46,0,5 26 38 15,1,70,,619832,46,0,5 26 38 15,1,30,,766059,46,0,5 26 38 15,1,70,,766073,46,0,5 26 38 15,1,30,,766053,46,0,5 26 38 15,1,70,,766052,46,0,5 26 38 15,1,30,,766070,46,0,5 26 38 15,1,70,,629951,46,0,5 26 38 15,1,30,,659442,46,0,5 26 38 15,1,70,,766066,46,0,5 26 38 15,1,28,,766072,46,0,5 26 38 15,1,70,,766062,46,0,5 26 38 15,1,30,,766058,46,0,5 26 38 15,1,70,,766057,46,0,5 26 38 15,1,30,,766050,46,0,5 26 38 15,1,70,,766048,46,0,5 26 38 15,1,30,,766060,46,0,5 26 38 15,1
16902,'5',702,,766098,46,0,5 26 38 15,1,30,,766089,46,0,5 26 38 15,1,70,,766094,46,0,5 26 38 15,1,30,,766077,46,0,5 26 38 15,1,70,,766091,46,0,5 26 38 15,1,30,,766080,46,0,5 26 38 15,1,70,,628804,46,0,5 26 38 15,1,30,,573573,46,0,5 26 38 15,1,70,,766086,46,0,5 26 38 15,1,30,,609021,46,0,5 26 38 15,1,72,,766075,46,0,5 26 38 15,1,32,,675852,46,0,5 26 38 15,1,70,,766096,46,0,5 26 38 15,1,30,,766093,46,0,5 26 38 15,1,70,,766090,46,0,5 26 38 15,1,30,,766081,46,0,5 26 38 15,1,70,,632646,46,0,5 26 38 15,1,30,,766078,46,0,5 26 38 15,1,70,,766087,46,0,5 26 38 15,1,30,,766079,46,0,5 26 38 15,1,70,,766095,46,0,5 26 38 15,1,30,,766084,46,0,5 26 38 15,1,70,,766076,46,0,5 26 38 15,1,30,,766092,46,0,5 26 38 15,1,70,,766088,46,0,5 26 38 15,1,28,,766074,46,0,5 26 38 15,1,70,,766097,46,0,5 26 38 15,1,30,,618726,46,0,5 26 38 15,1,70,,766082,46,0,5 26 38 15,1,30,,630086,46,0,5 26 38 15,1,70,,766083,46,0,5 26 38 15,1,30,,766085,46,0,5 26 38 15,1
32504,'1',451,,769713,11,0,11 12 147,1,56,,769714,11,0,11 12 147,1,2144,,642103,11,0,11 12 147,1,70,,671987,11,0,11 12 147,1,30,,670824,11,0,11 12 147,1,70,,673859,11,0,11 12 147,1
32504,'2',451,,769722,11,0,11 12 147,1,58,,769717,11,0,11 12 147,1,2142,,769720,11,0,11 12 147,1,70,,769718,11,0,11 12 147,1,30,,769721,11,0,11 12 147,1,70,,642180,11,0,11 12 147,1
32504,'3',451,,769724,11,0,11 12 147,1,68,,769725,11,0,11 12 147,1,2132,,680852,11,0,11 12 147,1,70,,769730,11,0,11 12 147,1,30,,624679,11,0,11 12 147,1,70,,769726,11,0,11 12 147,1
32504,'5',453,,769734,11,0,11 12 147,1,58,,635699,11,0,11 12 147,1,2140,,769737,11,0,11 12 147,1,70,,769738,11,0,11 12 147,1,30,,769735,11,0,11 12 147,1,70,,769731,11,0,11 12 147,1
