1201,'1',548,,692761,19,0,5 55 15,1,58,,692756,24,0,5 55 15,1,13,,692776,24,0,5 55 15,1,13,,692737,25,0,31 78 105 106 39,1,16,,692747,24,0,5 55 15,1,54,,692728,25,0,31 78 105 106 39,1,14,,692724,24,0,5 55 15,1,13,,692762,25,0,31 78 105 106 39,1,11,,692730,24,0,5 55 15,1,9,,544436,25,0,31 78 105 106 39,1,51,,639859,24,0,5 55 15,1,9,,692753,25,0,31 78 105 106 39,1,11,,639320,24,0,5 55 15,1,9,,692750,25,0,31 78 105 106 39,1,11,,692785,24,0,5 55 15,1,9,,692742,25,0,31 78 105 106 39,1,51,,692767,24,0,5 55 15,1,8,,692746,25,0,31 78 105 106 39,1,12,,676689,24,0,5 55 15,1,13,,678521,25,0,31 78 105 106 39,1,17,,692759,24,0,5 55 15,1,53,,692775,25,0,31 78 105 106 39,1,17,,692773,24,0,5 55 15,1,13,,676247,25,0,31 78 105 106 39,1,17,,692784,24,0,5 55 15,1,53,,692734,25,0,31 78 105 106 39,1,17,,623898,24,0,5 55 15,1,13,,579964,25,0,31 78 105 106 39,1,17,,692723,24,0,5 55 15,1,53,,692721,25,0,31 78 105 106 39,1,17,,692727,24,0,5 55 15,1,13,,692781,25,0,31 78 105 106 39,1,17,,652877,24,0,5 55 15,1,53,,692752,25,0,31 78 105 106 39,1,17,,692741,24,0,5 55 15,1,13,,692768,25,0,31 78 105 106 39,1,17,,692777,24,0,5 55 15,1,53,,692733,25,0,31 78 105 106 39,1,17,,692778,24,0,5 55 15,1,13,,692765,25,0,31 78 105 106 39,1,20,,692779,24,0,5 55 15,1,50,,638985,25,0,31 78 105 106 39,1,12,,623194,24,0,5 55 15,1,8,,642558,25,0,31 78 105 106 39,1,12,,692754,24,0,5 55 15,1,8,,692757,25,0,31 78 105 106 39,1,12,,685947,24,0,5 55 15,1,48,,692739,25,0,31 78 105 106 39,1,12,,692766,24,0,5 55 15,1,8,,692745,25,0,31 78 105 106 39,1,12,,578970,24,0,5 55 15,1,8,,692770,25,0,31 78 105 106 39,1,12,,634986,24,0,5 55 15,1,48,,627971,25,0,31 78 105 106 39,1,12,,692748,24,0,5 55 15,1,8,,692743,25,0,31 78 105 106 39,1,12,,692769,24,0,5 55 15,1,8,,692751,25,0,31 78 105 106 39,1,12,,686348,24,0,5 55 15,1,48,,692725,25,0,31 78 105 106 39,1,12,,692738,24,0,5 55 15,1,8,,692758,25,0,31 78 105 106 39,1,12,,626982,24,0,5 55 15,1,10,,692744,25,0,31 78 105 106 39,1,9,,636110,24,0,5 55 15,1,55,,692735,25,0,31 78 105 106 39,1,9,,692720,24,0,5 55 15,1,11,,692764,25,0,31 78 105 106 39,1,13,,653218,24,0,5 55 15,1,11,,692783,25,0,31 78 105 106 39,1,53,,651491,24,0,5 55 15,1,11,,692740,25,0,31 78 105 106 39,1,13,,692780,24,0,5 55 15,1,11,,692771,25,0,31 78 105 106 39,1,13,,692729,24,0,5 55 15,1,51,,692722,25,0,31 78 105 106 39,1,13,,685135,24,0,5 55 15,1,11,,692774,25,0,31 78 105 106 39,1,13,,692760,24,0,5 55 15,1,11,,654856,25,0,31 78 105 106 39,1,53,,692732,24,0,5 55 15,1,11,,692726,25,0,31 78 105 106 39,1,13,,692749,25,0,34 55 15,1,20,,692763,25,0,34 55 15,1,60,,471087,25,0,34 55 15,1,20,,670353,25,0,34 55 15,1,20,,692736,25,0,34 55 15,1,60,,692782,25,0,34 55 15,1,20,,692731,25,0,34 55 15,1,20,,692772,25,0,34 55 15,1,60,,692755,25,0,34 55 15,1,20,,681263,25,0,34 55 15,1,26,,623172,25,0,34 55 15,1,70,,692719,25,0,34 55 15,1
1201,'2',547,,692798,19,0,5 55 15,1,61,,677204,25,0,34 55 15,1,15,,610587,24,0,5 55 15,1,15,,666391,25,0,34 55 15,1,15,,692822,24,0,5 55 15,1,55,,692842,25,0,34 55 15,1,15,,692799,24,0,5 55 15,1,15,,692807,25,0,34 55 15,1,15,,692811,24,0,5 55 15,1,55,,692836,25,0,34 55 15,1,17,,677995,24,0,5 55 15,1,15,,692805,25,0,34 55 15,1,15,,692819,24,0,5 55 15,1,55,,692826,25,0,34 55 15,1,15,,692790,24,0,5 55 15,1,15,,692792,25,0,34 55 15,1,15,,692806,24,0,5 55 15,1,55,,692816,25,0,34 55 15,1,15,,619079,24,0,5 55 15,1,15,,650462,25,0,34 55 15,1,15,,692833,24,0,5 55 15,1,55,,692809,25,0,34 55 15,1,15,,692840,24,0,5 55 15,1,15,,692835,25,0,34 55 15,1,15,,692813,24,0,5 55 15,1,55,,669943,25,0,34 55 15,1,19,,692834,24,0,5 55 15,1,10,,692802,25,0,34 55 15,1,15,,692810,24,0,5 55 15,1,49,,692788,25,0,34 55 15,1,15,,692787,24,0,5 55 15,1,9,,692832,25,0,34 55 15,1,15,,692841,24,0,5 55 15,1,9,,692808,25,0,34 55 15,1,55,,692846,24,0,5 55 15,1,9,,692827,25,0,34 55 15,1,15,,632815,24,0,5 55 15,1,9,,692801,25,0,34 55 15,1,15,,692789,24,0,5 55 15,1,49,,692814,25,0,34 55 15,1,15,,692794,24,0,5 55 15,1,9,,692812,25,0,34 55 15,1,15,,692843,24,0,5 55 15,1,9,,692831,25,0,34 55 15,1,55,,629649,24,0,5 55 15,1,9,,671490,25,0,34 55 15,1,15,,692837,24,0,5 55 15,1,9,,639683,25,0,34 55 15,1,15,,692838,24,0,5 55 15,1,49,,600798,25,0,34 55 15,1,15,,692825,24,0,5 55 15,1,9,,670940,25,0,34 55 15,1,15,,651359,24,0,5 55 15,1,9,,692824,25,0,34 55 15,1,55,,626845,24,0,5 55 15,1,9,,692848,25,0,34 55 15,1,15,,692797,24,0,5 55 15,1,9,,692804,25,0,34 55 15,1,15,,692818,24,0,5 55 15,1,49,,610145,25,0,34 55 15,1,13,,692815,25,0,34 55 15,1,14,,692820,25,0,34 55 15,1,15,,692796,25,0,34 55 15,1,55,,673735,25,0,34 55 15,1,15,,523643,25,0,34 55 15,1,15,,628161,25,0,34 55 15,1,15,,692844,25,0,34 55 15,1,55,,692829,25,0,34 55 15,1,15,,692821,25,0,34 55 15,1,15,,692793,25,0,34 55 15,1,15,,692839,25,0,34 55 15,1,55,,692823,25,0,34 55 15,1,15,,633239,25,0,34 55 15,1,14,,692795,25,0,34 55 15,1,20,,644006,25,0,34 55 15,1,60,,692817,25,0,34 55 15,1,20,,686840,25,0,34 55 15,1,20,,692845,25,0,34 55 15,1,60,,692800,25,0,34 55 15,1,20,,692828,25,0,34 55 15,1,20,,692830,25,0,34 55 15,1,60,,692791,25,0,34 55 15,1,20,,692786,25,0,34 55 15,1,27,,692847,25,0,34 55 15,1,70,,692803,25,0,34 55 15,1
1201,'3',739,,692855,19,0,5 55 15,1,18,,692884,25,0,34 55 15,1,55,,692866,19,0,5 55 15,1,16,,692892,24,0,5 55 15,1,23,,692897,24,0,5 55 15,1,58,,692903,25,0,34 55 15,1,16,,593711,24,0,5 55 15,1,14,,692865,25,0,34 55 15,1,16,,692851,24,0,5 55 15,1,54,,692877,25,0,34 55 15,1,16,,692859,24,0,5 55 15,1,14,,692860,25,0,34 55 15,1,16,,692891,24,0,5 55 15,1,54,,692861,25,0,34 55 15,1,16,,692870,24,0,5 55 15,1,14,,692852,25,0,34 55 15,1,16,,692857,24,0,5 55 15,1,54,,692901,25,0,34 55 15,1,16,,692905,24,0,5 55 15,1,14,,692854,25,0,34 55 15,1,16,,692872,24,0,5 55 15,1,54,,692879,25,0,34 55 15,1,16,,692902,24,0,5 55 15,1,14,,692849,25,0,34 55 15,1,16,,639157,24,0,5 55 15,1,54,,692900,25,0,34 55 15,1,16,,692850,24,0,5 55 15,1,14,,692862,25,0,34 55 15,1,16,,692882,24,0,5 55 15,1,54,,692896,25,0,34 55 15,1,16,,692856,24,0,5 55 15,1,14,,692858,25,0,34 55 15,1,16,,692873,24,0,5 55 15,1,54,,692876,25,0,34 55 15,1,16,,692899,24,0,5 55 15,1,14,,692853,25,0,34 55 15,1,16,,692898,24,0,5 55 15,1,54,,692883,25,0,34 55 15,1,16,,692906,24,0,5 55 15,1,14,,692890,25,0,34 55 15,1,16,,692867,24,0,5 55 15,1,54,,686943,25,0,34 55 15,1,16,,656469,24,0,5 55 15,1,14,,692886,25,0,34 55 15,1,16,,692908,24,0,5 55 15,1,56,,692869,25,0,34 55 15,1,15,,692907,25,0,34 55 15,1,15,,692880,25,0,34 55 15,1,15,,692889,25,0,34 55 15,1,55,,692863,25,0,34 55 15,1,15,,692894,25,0,34 55 15,1,15,,692868,25,0,34 55 15,1,15,,692874,25,0,34 55 15,1,55,,692904,25,0,34 55 15,1,15,,692893,25,0,34 55 15,1,15,,692885,25,0,34 55 15,1,15,,692871,25,0,34 55 15,1,55,,692887,25,0,34 55 15,1,15,,692909,25,0,34 55 15,1,20,,692875,25,0,34 55 15,1,60,,688661,25,0,34 55 15,1,20,,692910,25,0,34 55 15,1,20,,692895,25,0,34 55 15,1,60,,400228,25,0,34 55 15,1,20,,692878,25,0,34 55 15,1,20,,692888,25,0,34 55 15,1,60,,645881,25,0,34 55 15,1,22,,692864,25,0,34 55 15,1,28,,692881,25,0,34 55 15,1,70,,642361,25,0,34 55 15,1
1201,'5',545,,692914,19,0,5 55 15,1,67,,692945,25,0,34 55 15,1,16,,692965,24,0,5 55 15,1,14,,692913,25,0,34 55 15,1,16,,692968,24,0,5 55 15,1,54,,692961,25,0,34 55 15,1,16,,692935,24,0,5 55 15,1,14,,692931,25,0,34 55 15,1,16,,692926,24,0,5 55 15,1,54,,692962,25,0,34 55 15,1,16,,692947,24,0,5 55 15,1,21,,692924,24,0,5 55 15,1,60,,692940,25,0,34 55 15,1,16,,692917,24,0,5 55 15,1,14,,692954,25,0,34 55 15,1,16,,692915,24,0,5 55 15,1,54,,692948,25,0,34 55 15,1,16,,692932,24,0,5 55 15,1,14,,585209,25,0,34 55 15,1,16,,692933,24,0,5 55 15,1,54,,692957,25,0,34 55 15,1,16,,692936,24,0,5 55 15,1,14,,692946,25,0,34 55 15,1,16,,692951,24,0,5 55 15,1,54,,692944,25,0,34 55 15,1,16,,692963,24,0,5 55 15,1,14,,692941,25,0,34 55 15,1,16,,662859,24,0,5 55 15,1,54,,692920,25,0,34 55 15,1,16,,516352,24,0,5 55 15,1,14,,692919,25,0,34 55 15,1,16,,692964,24,0,5 55 15,1,54,,692912,25,0,34 55 15,1,16,,605273,24,0,5 55 15,1,14,,692922,25,0,34 55 15,1,16,,668018,24,0,5 55 15,1,54,,634195,25,0,34 55 15,1,16,,692925,24,0,5 55 15,1,14,,692911,25,0,34 55 15,1,16,,692970,24,0,5 55 15,1,54,,692949,25,0,34 55 15,1,16,,626720,24,0,5 55 15,1,14,,692953,25,0,34 55 15,1,16,,692967,24,0,5 55 15,1,54,,617731,25,0,34 55 15,1,16,,692918,24,0,5 55 15,1,14,,692956,25,0,34 55 15,1,16,,671100,24,0,5 55 15,1,54,,609512,25,0,34 55 15,1,16,,692972,24,0,5 55 15,1,14,,692969,25,0,34 55 15,1,16,,682413,24,0,5 55 15,1,56,,692971,25,0,34 55 15,1,15,,541490,25,0,34 55 15,1,15,,692930,25,0,34 55 15,1,15,,692938,25,0,34 55 15,1,55,,692934,25,0,34 55 15,1,15,,692959,25,0,34 55 15,1,15,,633432,25,0,34 55 15,1,15,,692943,25,0,34 55 15,1,55,,692960,25,0,34 55 15,1,15,,692955,25,0,34 55 15,1,15,,692921,25,0,34 55 15,1,15,,692916,25,0,34 55 15,1,55,,544983,25,0,34 55 15,1,15,,692928,25,0,34 55 15,1,20,,692927,25,0,34 55 15,1,60,,692942,25,0,34 55 15,1,20,,692958,25,0,34 55 15,1,20,,692929,25,0,34 55 15,1,60,,692966,25,0,34 55 15,1,20,,624297,25,0,34 55 15,1,20,,692952,25,0,34 55 15,1,60,,692923,25,0,34 55 15,1,22,,692937,25,0,34 55 15,1,28,,692950,25,0,34 55 15,1,70,,692939,25,0,34 55 15,1
6904,'1',602,,728388,22,0,6 7 181 182,1,17,,728403,22,0,6 7 181 182,1,27,,728395,22,0,6 7 181 182,1,70,,728390,22,0,6 7 181 182,1,20,,728404,22,0,6 7 181 182,1,20,,728384,22,0,6 7 181 182,1,60,,728418,22,0,6 7 181 182,1,20,,649369,22,0,6 7 181 182,1,20,,728414,22,0,6 7 181 182,1,60,,728401,22,0,6 7 181 182,1,20,,728396,22,0,6 7 181 182,1,20,,728423,22,0,6 7 181 182,1,60,,728409,22,0,6 7 181 182,1,20,,677338,22,0,6 7 181 182,1,20,,634049,22,0,6 7 181 182,1,60,,728426,22,0,6 7 181 182,1,20,,689699,22,0,6 7 181 182,1,20,,488333,22,0,6 7 181 182,1,60,,386771,22,0,6 7 181 182,1,20,,588402,22,0,6 7 181 182,1,20,,728422,22,0,6 7 181 182,1,60,,628042,22,0,6 7 181 182,1,20,,728392,22,0,6 7 181 182,1,20,,728410,22,0,6 7 181 182,1,61,,728383,22,0,6 7 181 182,1,20,,728429,22,0,6 7 181 182,1,20,,728387,22,0,6 7 181 182,1,60,,728402,22,0,6 7 181 182,1,20,,728400,22,0,6 7 181 182,1,20,,728399,22,0,6 7 181 182,1,60,,728419,22,0,6 7 181 182,1,20,,728406,22,0,6 7 181 182,1,20,,728415,22,0,6 7 181 182,1,60,,728405,22,0,6 7 181 182,1,20,,728391,22,0,6 7 181 182,1,20,,728394,22,0,6 7 181 182,1,58,,728421,22,0,6 7 181 182,1,20,,728397,22,0,6 7 181 182,1,70,,517149,22,0,6 7 181 182,1,30,,728416,22,0,6 7 181 182,1,70,,728411,22,0,6 7 181 182,1,30,,728428,22,0,6 7 181 182,1,70,,728408,22,0,6 7 181 182,1,30,,728413,22,0,6 7 181 182,1,69,,728386,22,0,6 7 181 182,1,22,,728412,22,0,6 7 181 182,1,21,,728398,22,0,6 7 181 182,1,62,,728425,22,0,6 7 181 182,1,22,,728385,22,0,6 7 181 182,1,22,,728393,22,0,6 7 181 182,1,62,,728389,22,0,6 7 181 182,1,22,,728424,22,0,6 7 181 182,1,22,,728407,22,0,6 7 181 182,1,66,,728417,22,0,6 7 181 182,1,30,,728427,22,0,6 7 181 182,1
6904,'2',614,,618950,22,0,6 7 181 182,1,25,,728442,22,0,6 7 181 182,1,65,,728435,22,0,6 7 181 182,1,25,,728445,22,0,6 7 181 182,1,25,,728448,22,0,6 7 181 182,1,69,,728456,22,0,6 7 181 182,1,27,,728441,22,0,6 7 181 182,1,67,,728444,22,0,6 7 181 182,1,27,,728438,22,0,6 7 181 182,1,67,,612546,22,0,6 7 181 182,1,27,,728465,22,0,6 7 181 182,1,67,,728463,22,0,6 7 181 182,1,27,,728436,22,0,6 7 181 182,1,27,,728439,22,0,6 7 181 182,1,68,,728469,22,0,6 7 181 182,1,30,,728437,22,0,6 7 181 182,1,70,,728455,22,0,6 7 181 182,1,30,,728449,22,0,6 7 181 182,1,70,,728453,22,0,6 7 181 182,1,30,,728468,22,0,6 7 181 182,1,70,,728450,22,0,6 7 181 182,1,30,,728460,22,0,6 7 181 182,1,70,,728451,22,0,6 7 181 182,1,30,,634653,22,0,6 7 181 182,1,70,,728447,22,0,6 7 181 182,1,30,,728462,22,0,6 7 181 182,1,70,,728433,22,0,6 7 181 182,1,30,,688977,22,0,6 7 181 182,1,67,,728467,22,0,6 7 181 182,1,25,,728466,22,0,6 7 181 182,1,65,,728440,22,0,6 7 181 182,1,25,,610956,22,0,6 7 181 182,1,65,,728464,22,0,6 7 181 182,1,25,,728446,22,0,6 7 181 182,1,25,,728459,22,0,6 7 181 182,1,64,,728443,22,0,6 7 181 182,1,25,,728457,22,0,6 7 181 182,1,65,,728452,22,0,6 7 181 182,1,25,,728434,22,0,6 7 181 182,1,25,,728432,22,0,6 7 181 182,1,65,,595214,22,0,6 7 181 182,1,25,,728458,22,0,6 7 181 182,1,65,,728461,22,0,6 7 181 182,1,25,,728431,22,0,6 7 181 182,1,65,,685186,22,0,6 7 181 182,1
6904,'3',805,,728489,22,0,6 7 181 182,1,14,,728497,22,0,6 7 181 182,1,30,,728487,22,0,6 7 181 182,1,62,,728495,22,0,6 7 181 182,1,27,,728479,22,0,6 7 181 182,1,67,,624200,22,0,6 7 181 182,1,27,,651732,22,0,6 7 181 182,1,27,,728488,22,0,6 7 181 182,1,67,,728500,22,0,6 7 181 182,1,27,,728477,22,0,6 7 181 182,1,67,,728473,22,0,6 7 181 182,1,29,,728499,22,0,6 7 181 182,1,70,,728505,22,0,6 7 181 182,1,30,,728485,22,0,6 7 181 182,1,70,,728490,22,0,6 7 181 182,1,30,,728476,22,0,6 7 181 182,1,70,,636754,22,0,6 7 181 182,1,30,,728478,22,0,6 7 181 182,1,70,,728501,22,0,6 7 181 182,1,30,,728474,22,0,6 7 181 182,1,70,,728502,22,0,6 7 181 182,1,30,,728475,22,0,6 7 181 182,1,70,,728470,22,0,6 7 181 182,1,30,,728491,22,0,6 7 181 182,1,65,,728483,22,0,6 7 181 182,1,25,,728498,22,0,6 7 181 182,1,65,,609141,22,0,6 7 181 182,1,25,,728503,22,0,6 7 181 182,1,25,,728482,22,0,6 7 181 182,1,65,,728480,22,0,6 7 181 182,1,25,,728486,22,0,6 7 181 182,1,65,,728481,22,0,6 7 181 182,1,23,,728496,22,0,6 7 181 182,1,25,,728471,22,0,6 7 181 182,1,65,,666072,22,0,6 7 181 182,1,25,,728484,22,0,6 7 181 182,1,65,,728472,22,0,6 7 181 182,1,25,,728494,22,0,6 7 181 182,1,66,,728492,22,0,6 7 181 182,1,30,,614185,22,0,6 7 181 182,1,70,,728493,22,0,6 7 181 182,1
6904,'5',623,,728516,22,0,6 7 181 182,1,16,,728531,22,0,6 7 181 182,1,67,,728511,22,0,6 7 181 182,1,17,,572480,22,0,6 7 181 182,1,27,,597805,22,0,6 7 181 182,1,67,,728512,22,0,6 7 181 182,1,27,,728510,22,0,6 7 181 182,1,67,,728507,22,0,6 7 181 182,1,27,,728541,22,0,6 7 181 182,1,67,,728506,22,0,6 7 181 182,1,27,,728519,22,0,6 7 181 182,1,27,,621003,22,0,6 7 181 182,1,67,,728534,22,0,6 7 181 182,1,27,,728535,22,0,6 7 181 182,1,67,,677809,22,0,6 7 181 182,1,29,,728520,22,0,6 7 181 182,1,70,,728533,22,0,6 7 181 182,1,30,,728513,22,0,6 7 181 182,1,70,,728525,22,0,6 7 181 182,1,30,,728537,22,0,6 7 181 182,1,70,,728540,22,0,6 7 181 182,1,30,,685319,22,0,6 7 181 182,1,70,,728524,22,0,6 7 181 182,1,30,,728530,22,0,6 7 181 182,1,70,,728522,22,0,6 7 181 182,1,30,,664558,22,0,6 7 181 182,1,70,,728527,22,0,6 7 181 182,1,30,,624799,22,0,6 7 181 182,1,65,,610756,22,0,6 7 181 182,1,25,,728509,22,0,6 7 181 182,1,65,,728515,22,0,6 7 181 182,1,25,,660479,22,0,6 7 181 182,1,25,,728528,22,0,6 7 181 182,1,65,,728517,22,0,6 7 181 182,1,25,,728514,22,0,6 7 181 182,1,65,,728523,22,0,6 7 181 182,1,23,,728538,22,0,6 7 181 182,1,25,,728539,22,0,6 7 181 182,1,65,,728529,22,0,6 7 181 182,1,25,,728532,22,0,6 7 181 182,1,65,,728521,22,0,6 7 181 182,1,25,,728508,22,0,6 7 181 182,1,66,,612736,22,0,6 7 181 182,1,30,,728536,22,0,6 7 181 182,1,70,,728518,22,0,6 7 181 182,1
31603,'1',2638,,769225,19,0,9,1,70,,769224,19,0,9,1,30,,769222,19,0,9,1,70,,769223,19,0,9,1,30,,769221,19,0,9,1,70,,769226,19,0,9,1
31603,'2',2638,,617881,19,0,9,1,70,,769227,19,0,9,1,30,,623520,19,0,9,1,70,,769229,19,0,9,1,30,,769228,19,0,9,1,70,,674418,19,0,9,1
31603,'3',538,,585815,19,0,9,1,70,,769231,19,0,9,1,30,,769232,19,0,9,1,70,,532415,19,0,9,1,1930,,769230,19,0,9,1,70,,607103,19,0,9,1,30,,630298,19,0,9,1,70,,650551,19,0,9,1,30,,769234,19,0,9,1,70,,769233,19,0,9,1
31603,'5',2638,,666998,19,0,9,1,70,,769238,19,0,9,1,30,,769237,19,0,9,1,70,,641404,19,0,9,1,30,,769236,19,0,9,1,70,,769235,19,0,9,1
