8601,'1',551,,825849,11,0,31 64,1,49,,825866,11,0,34 65 66,1,9,,825936,11,0,28 44,1,7,,825929,11,0,31 64,1,6,,825916,11,0,34 65 66,1,6,,825904,11,0,5 67,1,6,,825891,11,0,31 64,1,6,,825874,11,0,34 65 66,1,6,,669141,11,0,5 67,1,6,,825882,11,0,31 64,1,6,,825856,11,0,34 65 66,1,47,,825875,11,0,5 67,1,6,,825951,11,0,31 64,1,8,,700692,11,0,5 67,1,6,,634410,11,0,31 64,1,6,,825838,11,0,5 67,1,6,,825948,11,0,34 65 66,1,6,,825895,11,0,31 64,1,6,,825842,11,0,5 67,1,6,,825903,11,0,34 65 66,1,46,,825905,11,0,31 64,1,6,,825930,11,0,5 67,1,6,,825909,11,0,34 65 66,1,6,,713804,11,0,31 64,1,6,,703482,11,0,5 67,1,6,,775242,11,0,34 65 66,1,6,,825860,11,0,31 64,1,6,,825869,11,0,5 67,1,6,,568925,11,0,34 65 66,1,6,,825881,11,0,31 64,1,46,,825927,11,0,5 67,1,7,,825918,11,0,5 67,1,6,,710232,11,0,31 64,1,6,,825931,11,0,5 67,1,6,,825950,11,0,34 65 66,1,6,,825877,11,0,31 64,1,6,,825910,11,0,5 67,1,6,,825913,11,0,34 65 66,1,8,,825899,11,0,31 64,1,48,,825897,11,0,5 67,1,8,,825898,11,0,34 65 66,1,8,,825914,11,0,31 64,1,8,,825884,11,0,5 67,1,8,,825937,11,0,34 65 66,1,8,,825896,11,0,31 64,1,8,,825963,11,0,5 67,1,8,,825945,11,0,34 65 66,1,48,,825900,11,0,31 64,1,8,,741778,11,0,5 67,1,8,,825901,11,0,34 65 66,1,8,,825886,11,0,31 64,1,8,,740967,11,0,5 67,1,8,,825880,11,0,34 65 66,1,8,,825917,11,0,31 64,1,48,,825840,11,0,5 67,1,8,,825870,11,0,34 65 66,1,8,,825854,11,0,31 64,1,8,,825885,11,0,5 67,1,8,,825848,11,0,34 65 66,1,8,,825920,11,0,31 64,1,8,,825851,11,0,5 67,1,8,,825940,11,0,34 65 66,1,48,,825947,11,0,31 64,1,8,,825925,11,0,5 67,1,8,,825839,11,0,34 65 66,1,8,,825850,11,0,31 64,1,8,,759566,11,0,5 67,1,8,,605322,11,0,34 65 66,1,8,,825893,11,0,31 64,1,48,,825868,11,0,5 67,1,8,,763359,11,0,34 65 66,1,8,,825923,11,0,31 64,1,8,,732890,11,0,5 67,1,8,,825834,11,0,34 65 66,1,6,,737079,11,0,31 64,1,8,,825847,11,0,5 67,1,8,,825928,11,0,34 65 66,1,48,,707072,11,0,31 64,1,9,,825902,11,0,34 65 66,1,8,,825864,11,0,5 67,1,6,,825935,11,0,31 64,1,6,,732485,11,0,34 65 66,1,6,,825941,11,0,5 67,1,6,,825907,11,0,31 64,1,6,,758778,11,0,34 65 66,1,6,,825845,11,0,5 67,1,46,,825844,11,0,31 64,1,6,,778029,11,0,34 65 66,1,6,,653232,11,0,5 67,1,6,,825841,11,0,31 64,1,6,,825961,11,0,34 65 66,1,6,,825887,11,0,5 67,1,6,,825964,11,0,31 64,1,6,,759340,11,0,34 65 66,1,6,,738749,11,0,5 67,1,6,,694828,11,0,31 64,1,46,,825892,11,0,34 65 66,1,6,,774443,11,0,5 67,1,6,,692760,11,0,31 64,1,6,,825911,11,0,34 65 66,1,6,,825943,11,0,5 67,1,6,,825888,11,0,31 64,1,6,,825924,11,0,34 65 66,1,6,,740340,11,0,5 67,1,6,,825883,11,0,31 64,1,6,,825933,11,0,34 65 66,1,46,,825867,11,0,5 67,1,6,,825942,11,0,31 64,1,6,,778357,11,0,34 65 66,1,6,,825912,11,0,5 67,1,6,,825863,11,0,31 64,1,6,,763559,11,0,34 65 66,1,6,,731273,11,0,5 67,1,6,,825861,11,0,31 64,1,6,,825938,11,0,34 65 66,1,6,,825872,11,0,28 44,1,46,,825946,11,0,31 64,1,5,,825871,11,0,34 65 66,1,5,,721074,11,0,28 44,1,5,,825915,11,0,31 64,1,8,,825921,11,0,34 65 66,1,8,,723386,11,0,28 44,1,8,,825944,11,0,34 65 66,1,8,,825837,11,0,28 44,1,8,,825959,11,0,34 65 66,1,48,,825957,11,0,28 44,1,8,,825865,11,0,34 65 66,1,8,,735484,11,0,28 44,1,8,,728860,11,0,34 65 66,1,8,,825939,11,0,28 44,1,8,,825962,11,0,34 65 66,1,8,,763970,11,0,28 44,1,48,,825926,11,0,34 65 66,1,8,,825890,11,0,28 44,1,8,,825835,11,0,34 65 66,1,8,,825956,11,0,28 44,1,8,,825853,11,0,34 65 66,1,8,,825836,11,0,28 44,1,8,,825862,11,0,28 44,1,8,,774456,11,0,28 44,1,47,,825906,11,0,28 44,1,7,,825846,11,0,28 44,1,8,,825873,11,0,28 44,1,8,,764856,11,0,28 44,1,8,,768274,11,0,28 44,1,8,,825932,11,0,28 44,1,8,,825908,11,0,28 44,1,8,,825855,11,0,28 44,1,48,,750103,11,0,28 44,1,8,,699152,11,0,28 44,1,8,,825960,11,0,28 44,1,8,,825878,11,0,28 44,1,8,,825852,11,0,28 44,1,8,,825958,11,0,28 44,1,8,,825889,11,0,28 44,1,48,,825857,11,0,28 44,1,8,,825919,11,0,28 44,1,8,,825833,11,0,28 44,1,8,,825879,11,0,28 44,1,8,,825949,11,0,28 44,1,8,,825955,11,0,28 44,1,8,,751589,11,0,28 44,1,8,,713424,11,0,28 44,1,48,,825876,11,0,28 44,1,8,,825894,11,0,28 44,1,13,,825843,11,0,28 44,1,14,,825858,11,0,28 44,1,13,,701042,11,0,28 44,1,55,,738007,11,0,28 44,1,15,,825952,11,0,28 44,1
8601,'2',557,,826091,11,0,28 44,1,52,,826031,11,0,28 44,1,5,,826029,11,0,31 64,1,5,,724842,11,0,28 44,1,10,,826079,11,0,28 44,1,5,,826077,11,0,31 64,1,5,,514933,11,0,28 44,1,10,,742174,11,0,28 44,1,5,,826033,11,0,31 64,1,5,,722211,11,0,28 44,1,50,,826097,11,0,5 67,1,5,,826074,11,0,31 64,1,5,,826006,11,0,5 67,1,10,,653892,11,0,5 67,1,5,,825968,11,0,31 64,1,5,,826036,11,0,5 67,1,10,,762862,11,0,5 67,1,5,,826011,11,0,31 64,1,5,,769086,11,0,5 67,1,51,,826016,11,0,5 67,1,5,,825985,11,0,31 64,1,5,,717592,11,0,5 67,1,10,,826050,11,0,5 67,1,5,,825969,11,0,31 64,1,5,,825972,11,0,5 67,1,10,,825987,11,0,5 67,1,5,,826098,11,0,31 64,1,45,,826025,11,0,5 67,1,10,,826015,11,0,5 67,1,5,,826092,11,0,31 64,1,5,,517708,11,0,5 67,1,10,,826080,11,0,5 67,1,5,,825995,11,0,31 64,1,5,,826041,11,0,5 67,1,10,,825984,11,0,5 67,1,5,,750191,11,0,31 64,1,45,,826096,11,0,5 67,1,10,,611639,11,0,5 67,1,5,,826026,11,0,31 64,1,5,,825994,11,0,5 67,1,10,,825965,11,0,5 67,1,5,,826069,11,0,31 64,1,5,,825978,11,0,5 67,1,10,,825973,11,0,5 67,1,5,,826027,11,0,31 64,1,45,,825976,11,0,5 67,1,10,,826024,11,0,5 67,1,5,,826051,11,0,31 64,1,5,,826037,11,0,5 67,1,10,,704909,11,0,5 67,1,5,,826018,11,0,31 64,1,5,,826065,11,0,5 67,1,10,,747670,11,0,5 67,1,5,,826017,11,0,31 64,1,45,,826088,11,0,5 67,1,11,,708061,11,0,5 67,1,5,,826087,11,0,31 64,1,5,,825992,11,0,5 67,1,10,,826082,11,0,5 67,1,5,,826066,11,0,31 64,1,5,,826021,11,0,5 67,1,10,,826035,11,0,5 67,1,5,,610581,11,0,31 64,1,45,,825997,11,0,5 67,1,10,,826038,11,0,5 67,1,5,,826059,11,0,31 64,1,5,,826042,11,0,5 67,1,10,,722678,11,0,5 67,1,5,,825990,11,0,31 64,1,5,,826040,11,0,5 67,1,10,,825975,11,0,5 67,1,5,,727323,11,0,31 64,1,45,,826073,11,0,5 67,1,10,,826085,11,0,5 67,1,5,,715013,11,0,31 64,1,5,,825970,11,0,5 67,1,10,,721699,11,0,5 67,1,5,,767703,11,0,31 64,1,5,,826022,11,0,5 67,1,10,,826030,11,0,5 67,1,5,,826000,11,0,31 64,1,45,,826070,11,0,5 67,1,10,,826056,11,0,5 67,1,5,,707461,11,0,31 64,1,5,,826014,11,0,5 67,1,10,,826047,11,0,5 67,1,5,,826043,11,0,31 64,1,5,,826007,11,0,5 67,1,10,,826064,11,0,5 67,1,5,,825980,11,0,31 64,1,45,,825983,11,0,5 67,1,10,,826001,11,0,5 67,1,5,,826061,11,0,31 64,1,5,,826095,11,0,5 67,1,10,,694609,11,0,5 67,1,5,,826039,11,0,31 64,1,5,,826090,11,0,5 67,1,10,,723643,11,0,5 67,1,5,,826028,11,0,31 64,1,45,,826089,11,0,5 67,1,10,,825979,11,0,5 67,1,5,,826019,11,0,31 64,1,5,,826010,11,0,5 67,1,10,,826032,11,0,5 67,1,5,,826072,11,0,31 64,1,5,,826071,11,0,5 67,1,10,,826081,11,0,5 67,1,5,,826078,11,0,31 64,1,45,,825993,11,0,5 67,1,10,,826023,11,0,5 67,1,5,,826004,11,0,31 64,1,5,,772891,11,0,5 67,1,10,,825974,11,0,28 44,1,5,,825991,11,0,31 64,1,5,,826075,11,0,28 44,1,10,,825981,11,0,28 44,1,5,,826055,11,0,31 64,1,45,,826093,11,0,28 44,1,9,,825977,11,0,28 44,1,5,,826060,11,0,31 64,1,5,,826068,11,0,28 44,1,10,,826053,11,0,28 44,1,9,,826005,11,0,28 44,1,8,,826063,11,0,28 44,1,8,,732087,11,0,28 44,1,48,,700393,11,0,28 44,1,8,,826094,11,0,28 44,1,8,,825988,11,0,28 44,1,8,,825967,11,0,28 44,1,8,,826002,11,0,28 44,1,8,,825986,11,0,28 44,1,8,,826067,11,0,28 44,1,8,,825982,11,0,28 44,1,48,,641509,11,0,28 44,1,8,,826034,11,0,28 44,1,8,,826013,11,0,28 44,1,8,,826046,11,0,28 44,1,8,,826083,11,0,28 44,1,8,,826062,11,0,28 44,1,8,,825996,11,0,28 44,1,48,,826086,11,0,28 44,1,8,,826012,11,0,28 44,1,7,,826058,11,0,28 44,1,8,,826048,11,0,28 44,1,9,,564459,11,0,28 44,1,10,,617628,11,0,28 44,1,10,,826049,11,0,28 44,1,50,,825966,11,0,28 44,1,10,,826057,11,0,28 44,1,10,,772276,11,0,28 44,1,10,,826054,11,0,28 44,1,10,,826009,11,0,28 44,1,10,,825989,11,0,28 44,1,50,,826052,11,0,28 44,1,10,,826076,11,0,28 44,1,10,,826020,11,0,28 44,1,10,,826044,11,0,28 44,1,10,,774248,11,0,28 44,1,10,,758192,11,0,28 44,1,50,,826084,11,0,28 44,1,10,,825999,11,0,28 44,1,12,,826008,11,0,28 44,1,13,,710012,11,0,28 44,1,14,,826003,11,0,28 44,1,55,,826045,11,0,28 44,1,15,,825998,11,0,28 44,1
8601,'3',818,,826141,11,0,5 67,1,8,,826137,11,0,5 67,1,8,,756631,11,0,5 67,1,8,,826130,11,0,5 67,1,8,,826176,11,0,5 67,1,8,,826126,11,0,5 67,1,48,,826149,11,0,5 67,1,8,,691208,11,0,5 67,1,8,,826179,11,0,5 67,1,8,,826143,11,0,5 67,1,8,,826157,11,0,5 67,1,8,,826136,11,0,5 67,1,8,,826104,11,0,5 67,1,48,,826123,11,0,5 67,1,8,,826101,11,0,5 67,1,8,,826206,11,0,5 67,1,8,,826127,11,0,5 67,1,8,,826155,11,0,5 67,1,8,,826153,11,0,5 67,1,8,,826177,11,0,5 67,1,8,,826106,11,0,5 67,1,48,,826172,11,0,5 67,1,8,,826118,11,0,5 67,1,8,,826199,11,0,5 67,1,8,,826108,11,0,5 67,1,8,,728702,11,0,5 67,1,8,,826119,11,0,5 67,1,8,,826103,11,0,5 67,1,48,,826150,11,0,5 67,1,9,,826160,11,0,5 67,1,8,,752739,11,0,5 67,1,8,,826120,11,0,5 67,1,8,,826105,11,0,5 67,1,8,,826162,11,0,5 67,1,8,,609454,11,0,5 67,1,8,,826122,11,0,5 67,1,48,,826165,11,0,5 67,1,8,,826138,11,0,5 67,1,8,,826140,11,0,5 67,1,8,,826142,11,0,5 67,1,8,,826194,11,0,5 67,1,8,,759458,11,0,5 67,1,8,,769319,11,0,5 67,1,48,,826109,11,0,5 67,1,8,,826161,11,0,5 67,1,8,,826188,11,0,5 67,1,8,,692310,11,0,5 67,1,8,,826145,11,0,5 67,1,8,,826203,11,0,5 67,1,8,,826132,11,0,5 67,1,8,,826173,11,0,5 67,1,48,,826113,11,0,5 67,1,8,,826189,11,0,5 67,1,8,,826168,11,0,5 67,1,8,,826116,11,0,5 67,1,8,,826112,11,0,5 67,1,8,,826175,11,0,5 67,1,8,,826152,11,0,5 67,1,48,,826124,11,0,5 67,1,8,,826182,11,0,5 67,1,8,,826139,11,0,5 67,1,8,,826133,11,0,5 67,1,8,,826166,11,0,5 67,1,8,,826159,11,0,5 67,1,8,,826121,11,0,5 67,1,8,,826198,11,0,5 67,1,48,,826192,11,0,5 67,1,8,,826148,11,0,5 67,1,8,,654429,11,0,5 67,1,8,,826205,11,0,5 67,1,8,,826134,11,0,5 67,1,8,,721523,11,0,5 67,1,8,,826156,11,0,5 67,1,48,,826107,11,0,5 67,1,8,,687752,11,0,5 67,1,8,,826202,11,0,5 67,1,8,,826129,11,0,28 44,1,8,,826102,11,0,28 44,1,8,,826207,11,0,28 44,1,8,,703994,11,0,28 44,1,8,,826114,11,0,28 44,1,48,,826154,11,0,28 44,1,8,,826186,11,0,28 44,1,10,,826151,11,0,28 44,1,10,,826197,11,0,28 44,1,10,,826181,11,0,28 44,1,10,,826146,11,0,28 44,1,50,,826131,11,0,28 44,1,10,,826185,11,0,28 44,1,10,,826144,11,0,28 44,1,10,,668158,11,0,28 44,1,10,,826190,11,0,28 44,1,10,,826196,11,0,28 44,1,50,,826187,11,0,28 44,1,10,,826163,11,0,28 44,1,10,,826178,11,0,28 44,1,10,,826110,11,0,28 44,1,10,,709780,11,0,28 44,1,10,,826128,11,0,28 44,1,49,,826170,11,0,28 44,1,10,,826193,11,0,28 44,1,10,,826183,11,0,28 44,1,10,,826191,11,0,28 44,1,10,,826201,11,0,28 44,1,10,,777501,11,0,28 44,1,50,,826158,11,0,28 44,1,10,,702518,11,0,28 44,1,10,,826184,11,0,28 44,1,10,,826147,11,0,28 44,1,10,,826204,11,0,28 44,1,10,,747175,11,0,28 44,1,50,,826195,11,0,28 44,1,10,,826174,11,0,28 44,1,10,,826167,11,0,28 44,1,10,,752088,11,0,28 44,1,10,,826125,11,0,28 44,1,10,,826100,11,0,28 44,1,50,,653956,11,0,28 44,1,10,,826117,11,0,28 44,1,12,,826115,11,0,28 44,1,14,,826099,11,0,28 44,1,14,,656017,11,0,28 44,1,55,,826200,11,0,28 44,1,15,,826169,11,0,28 44,1
8601,'5',603,,826210,11,0,28 44,1,18,,826217,11,0,28 44,1,10,,826300,11,0,28 44,1,10,,826286,11,0,28 44,1,10,,826247,11,0,28 44,1,50,,724263,11,0,28 44,1,9,,826265,11,0,5 67,1,10,,826295,11,0,5 67,1,10,,826304,11,0,5 67,1,10,,826313,11,0,5 67,1,10,,773033,11,0,5 67,1,50,,826248,11,0,5 67,1,10,,826306,11,0,5 67,1,8,,826311,11,0,5 67,1,8,,826246,11,0,5 67,1,8,,826226,11,0,5 67,1,8,,826278,11,0,5 67,1,8,,826244,11,0,5 67,1,8,,826283,11,0,5 67,1,48,,826266,11,0,5 67,1,8,,609669,11,0,5 67,1,8,,826309,11,0,5 67,1,8,,826287,11,0,5 67,1,8,,764612,11,0,5 67,1,8,,826273,11,0,5 67,1,8,,826240,11,0,5 67,1,48,,719990,11,0,5 67,1,8,,717954,11,0,5 67,1,8,,826289,11,0,5 67,1,8,,612733,11,0,5 67,1,8,,708404,11,0,5 67,1,8,,608639,11,0,5 67,1,8,,826297,11,0,5 67,1,8,,826245,11,0,5 67,1,48,,719985,11,0,5 67,1,8,,718087,11,0,5 67,1,8,,727200,11,0,5 67,1,8,,696924,11,0,5 67,1,8,,826220,11,0,5 67,1,8,,826214,11,0,5 67,1,8,,826274,11,0,5 67,1,48,,826277,11,0,5 67,1,9,,826302,11,0,5 67,1,8,,826250,11,0,5 67,1,8,,826294,11,0,5 67,1,8,,826213,11,0,5 67,1,8,,826218,11,0,5 67,1,8,,826241,11,0,5 67,1,8,,826255,11,0,5 67,1,48,,826259,11,0,5 67,1,8,,826292,11,0,5 67,1,8,,826230,11,0,5 67,1,8,,826238,11,0,5 67,1,8,,826251,11,0,5 67,1,8,,826314,11,0,5 67,1,8,,826239,11,0,5 67,1,48,,826236,11,0,5 67,1,8,,826211,11,0,5 67,1,8,,826279,11,0,5 67,1,8,,715641,11,0,5 67,1,8,,777913,11,0,5 67,1,8,,640198,11,0,5 67,1,8,,601438,11,0,5 67,1,8,,826221,11,0,5 67,1,48,,768110,11,0,5 67,1,8,,826212,11,0,5 67,1,8,,751263,11,0,5 67,1,8,,826280,11,0,5 67,1,8,,826293,11,0,5 67,1,8,,701357,11,0,5 67,1,8,,826299,11,0,5 67,1,48,,826242,11,0,5 67,1,8,,826276,11,0,5 67,1,8,,739137,11,0,5 67,1,8,,826223,11,0,5 67,1,8,,826257,11,0,5 67,1,8,,771037,11,0,5 67,1,8,,826285,11,0,5 67,1,8,,826231,11,0,5 67,1,48,,826264,11,0,5 67,1,8,,826225,11,0,5 67,1,8,,826268,11,0,5 67,1,8,,826222,11,0,5 67,1,8,,826312,11,0,5 67,1,8,,826258,11,0,5 67,1,8,,826233,11,0,5 67,1,48,,826270,11,0,5 67,1,8,,826215,11,0,5 67,1,8,,708860,11,0,5 67,1,8,,826303,11,0,28 44,1,8,,826296,11,0,28 44,1,8,,826263,11,0,28 44,1,8,,826237,11,0,28 44,1,8,,826219,11,0,28 44,1,48,,684373,11,0,28 44,1,8,,826261,11,0,28 44,1,10,,826234,11,0,28 44,1,10,,826249,11,0,28 44,1,10,,826232,11,0,28 44,1,10,,692105,11,0,28 44,1,50,,700970,11,0,28 44,1,10,,826291,11,0,28 44,1,10,,826272,11,0,28 44,1,10,,826288,11,0,28 44,1,10,,826284,11,0,28 44,1,10,,826298,11,0,28 44,1,50,,826262,11,0,28 44,1,10,,826216,11,0,28 44,1,10,,826224,11,0,28 44,1,10,,826282,11,0,28 44,1,10,,826256,11,0,28 44,1,10,,826253,11,0,28 44,1,49,,826307,11,0,28 44,1,10,,826254,11,0,28 44,1,10,,766083,11,0,28 44,1,10,,826308,11,0,28 44,1,10,,826209,11,0,28 44,1,10,,826260,11,0,28 44,1,50,,826310,11,0,28 44,1,10,,826281,11,0,28 44,1,10,,826271,11,0,28 44,1,10,,826315,11,0,28 44,1,10,,826269,11,0,28 44,1,10,,712546,11,0,28 44,1,50,,826305,11,0,28 44,1,10,,826227,11,0,28 44,1,10,,826252,11,0,28 44,1,10,,826228,11,0,28 44,1,10,,742409,11,0,28 44,1,10,,826235,11,0,28 44,1,50,,826267,11,0,28 44,1,10,,826229,11,0,28 44,1,12,,826243,11,0,28 44,1,14,,826290,11,0,28 44,1,14,,826208,11,0,28 44,1,55,,826275,11,0,28 44,1,15,,826301,11,0,28 44,1
11601,'1',547,,842247,11,0,16 3 59,1,10,,692212,11,0,16 3 59,1,49,,842230,11,0,16 3 59,1,8,,756404,11,0,16 3 59,1,8,,842225,11,0,16 3 59,1,8,,842224,11,0,16 3 59,1,8,,842276,11,0,16 3 59,1,8,,842194,11,0,16 3 59,1,7,,842185,11,0,16 3 59,1,47,,842222,11,0,16 3 59,1,8,,734111,11,0,16 3 59,1,8,,842199,11,0,16 3 59,1,7,,842202,11,0,16 3 59,1,7,,740310,11,0,16 3 59,1,7,,842281,11,0,16 3 59,1,7,,842255,11,0,16 3 59,1,7,,842252,11,0,16 3 59,1,7,,842254,11,0,16 3 59,1,47,,778497,11,0,16 3 59,1,7,,842184,11,0,16 3 59,1,7,,842213,11,0,16 3 59,1,7,,842173,11,0,16 3 59,1,7,,842245,11,0,16 3 59,1,7,,731439,11,0,16 3 59,1,4,,842192,11,0,16 3 59,1,3,,842234,11,0,16 3 59,1,4,,842218,11,0,16 3 59,1,3,,504968,11,0,16 3 59,1,47,,842228,11,0,16 3 59,1,8,,842171,11,0,16 3 59,1,7,,842215,11,0,16 3 59,1,8,,842242,11,0,16 3 59,1,8,,842277,11,0,16 3 59,1,8,,842280,11,0,16 3 59,1,8,,674528,11,0,16 3 59,1,8,,842188,11,0,16 3 59,1,48,,842226,11,0,16 3 59,1,8,,842240,11,0,16 3 59,1,8,,842176,11,0,16 3 59,1,8,,842279,11,0,16 3 59,1,8,,842181,11,0,16 3 59,1,8,,842201,11,0,16 3 59,1,8,,842282,11,0,16 3 59,1,48,,842206,11,0,16 3 59,1,8,,842183,11,0,16 3 59,1,8,,842235,11,0,16 3 59,1,8,,842283,11,0,16 3 59,1,8,,528187,11,0,16 3 59,1,8,,748669,11,0,16 3 59,1,8,,842210,11,0,16 3 59,1,8,,842269,11,0,16 3 59,1,48,,842285,11,0,16 3 59,1,8,,755658,11,0,16 3 59,1,8,,694117,11,0,16 3 59,1,8,,842203,11,0,16 3 59,1,8,,842275,11,0,16 3 59,1,8,,842170,11,0,16 3 59,1,8,,842178,11,0,16 3 59,1,48,,842164,11,0,16 3 59,1,8,,842211,11,0,16 3 59,1,8,,842264,11,0,16 3 59,1,8,,842177,11,0,16 3 59,1,8,,842191,11,0,16 3 59,1,8,,708938,11,0,16 3 59,1,7,,842237,11,0,16 3 59,1,7,,842272,11,0,16 3 59,1,48,,842291,11,0,16 3 59,1,9,,842262,11,0,16 3 59,1,9,,714009,11,0,16 3 59,1,8,,842180,11,0,16 3 59,1,8,,842233,11,0,16 3 59,1,8,,731665,11,0,16 3 59,1,8,,842236,11,0,16 3 59,1,48,,692453,11,0,16 3 59,1,8,,709568,11,0,16 3 59,1,8,,842193,11,0,16 3 59,1,8,,842182,11,0,16 3 59,1,8,,842186,11,0,16 3 59,1,8,,631889,11,0,16 3 59,1,8,,842169,11,0,16 3 59,1,8,,842214,11,0,16 3 59,1,48,,842197,11,0,16 3 59,1,8,,691010,11,0,16 3 59,1,8,,710254,11,0,16 3 59,1,8,,842256,11,0,16 3 59,1,8,,842266,11,0,16 3 59,1,8,,842271,11,0,16 3 59,1,8,,842286,11,0,16 3 59,1,48,,779037,11,0,16 3 59,1,8,,690182,11,0,16 3 59,1,8,,662627,11,0,16 3 59,1,8,,842289,11,0,16 3 59,1,8,,842239,11,0,16 3 59,1,8,,772795,11,0,16 3 59,1,8,,751985,11,0,16 3 59,1,8,,842253,11,0,16 3 59,1,48,,842263,11,0,16 3 59,1,8,,727707,11,0,16 3 59,1,8,,717031,11,0,16 3 59,1,8,,842223,11,0,16 3 59,1,8,,842287,11,0,16 3 59,1,8,,776896,11,0,16 3 59,1,8,,578023,11,0,16 3 59,1,48,,842231,11,0,16 3 59,1,8,,769289,11,0,16 3 59,1,8,,842195,11,0,16 3 59,1,7,,842175,11,0,16 3 59,1,8,,842288,11,0,16 3 59,1,8,,842244,11,0,16 3 59,1,8,,842227,11,0,16 3 59,1,8,,842238,11,0,16 3 59,1,48,,842290,11,0,16 3 59,1,6,,842216,11,0,16 3 59,1,7,,842165,11,0,16 3 59,1,8,,842246,11,0,16 3 59,1,8,,742495,11,0,16 3 59,1,8,,842257,11,0,16 3 59,1,8,,842219,11,0,16 3 59,1,8,,842205,11,0,16 3 59,1,48,,842166,11,0,16 3 59,1,8,,842172,11,0,16 3 59,1,8,,624459,11,0,16 3 59,1,8,,842229,11,0,16 3 59,1,8,,842187,11,0,16 3 59,1,8,,842200,11,0,16 3 59,1,8,,575008,11,0,16 3 59,1,48,,707689,11,0,16 3 59,1,6,,702736,11,0,16 3 59,1,8,,842179,11,0,16 3 59,1,8,,842207,11,0,16 3 59,1,9,,842270,11,0,16 3 59,1,10,,842249,11,0,16 3 59,1,10,,842232,11,0,16 3 59,1,50,,842209,11,0,16 3 59,1,10,,632327,11,0,16 3 59,1,10,,842243,11,0,16 3 59,1,10,,749803,11,0,16 3 59,1,10,,842212,11,0,16 3 59,1,10,,842265,11,0,16 3 59,1,50,,842261,11,0,16 3 59,1,10,,842259,11,0,16 3 59,1,10,,842208,11,0,16 3 59,1,10,,842198,11,0,16 3 59,1,10,,842217,11,0,16 3 59,1,10,,697367,11,0,16 3 59,1,50,,842268,11,0,16 3 59,1,10,,842260,11,0,16 3 59,1,10,,842251,11,0,16 3 59,1,14,,842274,11,0,16 3 59,1,12,,842190,11,0,16 3 59,1,55,,842204,11,0,16 3 59,1,15,,842267,11,0,16 3 59,1,15,,694791,11,0,16 3 59,1
11601,'2',547,,842387,11,0,16 3 59,1,53,,775446,11,0,16 3 59,1,10,,842343,11,0,16 3 59,1,10,,703107,11,0,16 3 59,1,10,,842345,11,0,16 3 59,1,10,,842366,11,0,16 3 59,1,10,,842400,11,0,16 3 59,1,50,,842395,11,0,16 3 59,1,10,,842392,11,0,16 3 59,1,10,,737675,11,0,16 3 59,1,10,,724910,11,0,16 3 59,1,10,,842317,11,0,16 3 59,1,10,,842314,11,0,16 3 59,1,50,,842293,11,0,16 3 59,1,11,,842319,11,0,16 3 59,1,12,,842299,11,0,16 3 59,1,10,,842382,11,0,16 3 59,1,10,,842335,11,0,16 3 59,1,10,,842389,11,0,16 3 59,1,50,,842326,11,0,16 3 59,1,10,,842327,11,0,16 3 59,1,10,,721317,11,0,16 3 59,1,10,,842384,11,0,16 3 59,1,10,,842359,11,0,16 3 59,1,10,,842330,11,0,16 3 59,1,50,,842385,11,0,16 3 59,1,10,,842416,11,0,16 3 59,1,10,,764406,11,0,16 3 59,1,10,,842349,11,0,16 3 59,1,10,,842324,11,0,16 3 59,1,10,,742639,11,0,16 3 59,1,50,,842407,11,0,16 3 59,1,10,,842296,11,0,16 3 59,1,10,,842300,11,0,16 3 59,1,10,,724931,11,0,16 3 59,1,8,,842371,11,0,16 3 59,1,9,,842362,11,0,16 3 59,1,8,,758801,11,0,16 3 59,1,50,,842295,11,0,16 3 59,1,10,,774816,11,0,16 3 59,1,10,,842355,11,0,16 3 59,1,10,,842352,11,0,16 3 59,1,10,,842375,11,0,16 3 59,1,10,,842341,11,0,16 3 59,1,49,,842396,11,0,16 3 59,1,8,,842332,11,0,16 3 59,1,7,,842351,11,0,16 3 59,1,8,,842411,11,0,16 3 59,1,7,,842297,11,0,16 3 59,1,8,,842305,11,0,16 3 59,1,7,,698631,11,0,16 3 59,1,48,,842417,11,0,16 3 59,1,7,,842356,11,0,16 3 59,1,8,,706794,11,0,16 3 59,1,7,,842353,11,0,16 3 59,1,8,,842301,11,0,16 3 59,1,7,,842370,11,0,16 3 59,1,8,,726193,11,0,16 3 59,1,7,,842303,11,0,16 3 59,1,48,,842339,11,0,16 3 59,1,7,,842329,11,0,16 3 59,1,8,,743666,11,0,16 3 59,1,7,,842401,11,0,16 3 59,1,8,,842321,11,0,16 3 59,1,7,,842376,11,0,16 3 59,1,8,,842336,11,0,16 3 59,1,7,,842363,11,0,16 3 59,1,48,,842354,11,0,16 3 59,1,7,,842331,11,0,16 3 59,1,8,,842365,11,0,16 3 59,1,7,,842313,11,0,16 3 59,1,8,,842306,11,0,16 3 59,1,7,,756546,11,0,16 3 59,1,8,,842360,11,0,16 3 59,1,7,,770654,11,0,16 3 59,1,48,,673206,11,0,16 3 59,1,7,,842333,11,0,16 3 59,1,8,,842337,11,0,16 3 59,1,7,,842318,11,0,16 3 59,1,8,,842412,11,0,16 3 59,1,7,,842415,11,0,16 3 59,1,8,,842402,11,0,16 3 59,1,7,,842307,11,0,16 3 59,1,48,,842372,11,0,16 3 59,1,7,,842377,11,0,16 3 59,1,8,,842320,11,0,16 3 59,1,7,,842390,11,0,16 3 59,1,8,,842325,11,0,16 3 59,1,7,,842380,11,0,16 3 59,1,8,,842322,11,0,16 3 59,1,7,,842381,11,0,16 3 59,1,48,,842368,11,0,16 3 59,1,7,,842379,11,0,16 3 59,1,8,,668359,11,0,16 3 59,1,7,,842328,11,0,16 3 59,1,8,,842312,11,0,16 3 59,1,7,,842391,11,0,16 3 59,1,8,,842308,11,0,16 3 59,1,7,,842348,11,0,16 3 59,1,48,,842398,11,0,16 3 59,1,7,,639367,11,0,16 3 59,1,7,,842369,11,0,16 3 59,1,7,,842413,11,0,16 3 59,1,10,,753518,11,0,16 3 59,1,10,,842346,11,0,16 3 59,1,10,,842358,11,0,16 3 59,1,50,,842364,11,0,16 3 59,1,10,,842394,11,0,16 3 59,1,10,,842347,11,0,16 3 59,1,10,,747710,11,0,16 3 59,1,10,,842388,11,0,16 3 59,1,10,,842340,11,0,16 3 59,1,50,,842298,11,0,16 3 59,1,10,,842357,11,0,16 3 59,1,9,,713669,11,0,16 3 59,1,10,,842304,11,0,16 3 59,1,10,,842393,11,0,16 3 59,1,10,,842310,11,0,16 3 59,1,50,,842315,11,0,16 3 59,1,10,,705854,11,0,16 3 59,1,10,,842292,11,0,16 3 59,1,10,,842344,11,0,16 3 59,1,10,,731146,11,0,16 3 59,1,10,,842350,11,0,16 3 59,1,50,,842386,11,0,16 3 59,1,10,,842409,11,0,16 3 59,1,10,,777743,11,0,16 3 59,1,10,,842403,11,0,16 3 59,1,10,,762070,11,0,16 3 59,1,10,,842373,11,0,16 3 59,1,50,,842334,11,0,16 3 59,1,10,,842323,11,0,16 3 59,1,10,,842406,11,0,16 3 59,1,14,,761730,11,0,16 3 59,1,13,,842338,11,0,16 3 59,1,55,,842408,11,0,16 3 59,1,15,,842383,11,0,16 3 59,1,15,,842378,11,0,16 3 59,1
11601,'3',745,,774557,11,0,16 3 59,1,10,,842522,11,0,16 3 59,1,50,,842422,11,0,16 3 59,1,10,,842519,11,0,16 3 59,1,10,,717189,11,0,16 3 59,1,10,,609812,11,0,16 3 59,1,10,,842479,11,0,16 3 59,1,10,,842504,11,0,16 3 59,1,50,,842427,11,0,16 3 59,1,10,,842517,11,0,16 3 59,1,10,,842456,11,0,16 3 59,1,10,,716037,11,0,16 3 59,1,10,,842524,11,0,16 3 59,1,10,,842424,11,0,16 3 59,1,50,,842486,11,0,16 3 59,1,10,,842425,11,0,16 3 59,1,10,,740502,11,0,16 3 59,1,10,,842503,11,0,16 3 59,1,10,,842495,11,0,16 3 59,1,10,,716321,11,0,16 3 59,1,50,,842444,11,0,16 3 59,1,10,,742279,11,0,16 3 59,1,10,,842466,11,0,16 3 59,1,10,,842496,11,0,16 3 59,1,9,,842448,11,0,16 3 59,1,9,,842473,11,0,16 3 59,1,49,,842508,11,0,16 3 59,1,10,,842471,11,0,16 3 59,1,8,,842476,11,0,16 3 59,1,7,,604936,11,0,16 3 59,1,8,,842492,11,0,16 3 59,1,7,,842506,11,0,16 3 59,1,8,,842463,11,0,16 3 59,1,7,,772461,11,0,16 3 59,1,48,,842462,11,0,16 3 59,1,7,,842501,11,0,16 3 59,1,8,,842467,11,0,16 3 59,1,7,,842452,11,0,16 3 59,1,8,,842480,11,0,16 3 59,1,7,,706407,11,0,16 3 59,1,8,,842491,11,0,16 3 59,1,7,,842451,11,0,16 3 59,1,48,,842514,11,0,16 3 59,1,7,,842507,11,0,16 3 59,1,8,,729033,11,0,16 3 59,1,7,,842518,11,0,16 3 59,1,8,,842438,11,0,16 3 59,1,7,,646438,11,0,16 3 59,1,8,,842455,11,0,16 3 59,1,7,,842474,11,0,16 3 59,1,48,,842450,11,0,16 3 59,1,7,,842523,11,0,16 3 59,1,8,,720997,11,0,16 3 59,1,7,,741309,11,0,16 3 59,1,8,,842488,11,0,16 3 59,1,7,,842436,11,0,16 3 59,1,8,,842520,11,0,16 3 59,1,7,,842493,11,0,16 3 59,1,48,,842441,11,0,16 3 59,1,7,,842459,11,0,16 3 59,1,8,,768040,11,0,16 3 59,1,7,,842478,11,0,16 3 59,1,8,,763684,11,0,16 3 59,1,7,,671013,11,0,16 3 59,1,8,,842511,11,0,16 3 59,1,7,,842510,11,0,16 3 59,1,48,,842494,11,0,16 3 59,1,7,,842509,11,0,16 3 59,1,8,,842447,11,0,16 3 59,1,7,,842420,11,0,16 3 59,1,8,,696793,11,0,16 3 59,1,7,,697171,11,0,16 3 59,1,8,,842477,11,0,16 3 59,1,7,,842465,11,0,16 3 59,1,48,,842429,11,0,16 3 59,1,7,,720367,11,0,16 3 59,1,8,,842498,11,0,16 3 59,1,7,,842472,11,0,16 3 59,1,8,,842453,11,0,16 3 59,1,7,,842521,11,0,16 3 59,1,8,,842470,11,0,16 3 59,1,7,,842449,11,0,16 3 59,1,48,,842461,11,0,16 3 59,1,7,,842489,11,0,16 3 59,1,8,,842500,11,0,16 3 59,1,7,,770560,11,0,16 3 59,1,8,,842485,11,0,16 3 59,1,7,,693617,11,0,16 3 59,1,8,,842460,11,0,16 3 59,1,7,,842445,11,0,16 3 59,1,48,,721834,11,0,16 3 59,1,7,,842512,11,0,16 3 59,1,8,,842435,11,0,16 3 59,1,10,,746762,11,0,16 3 59,1,10,,842421,11,0,16 3 59,1,10,,842490,11,0,16 3 59,1,50,,842426,11,0,16 3 59,1,10,,842443,11,0,16 3 59,1,10,,842481,11,0,16 3 59,1,10,,842464,11,0,16 3 59,1,10,,842483,11,0,16 3 59,1,10,,842497,11,0,16 3 59,1,50,,842428,11,0,16 3 59,1,9,,842513,11,0,16 3 59,1,10,,713213,11,0,16 3 59,1,10,,772392,11,0,16 3 59,1,10,,842440,11,0,16 3 59,1,10,,842433,11,0,16 3 59,1,10,,842526,11,0,16 3 59,1,50,,842454,11,0,16 3 59,1,10,,726513,11,0,16 3 59,1,10,,842469,11,0,16 3 59,1,10,,756629,11,0,16 3 59,1,10,,842446,11,0,16 3 59,1,10,,842468,11,0,16 3 59,1,50,,842431,11,0,16 3 59,1,10,,752759,11,0,16 3 59,1,10,,736744,11,0,16 3 59,1,10,,842482,11,0,16 3 59,1,10,,842442,11,0,16 3 59,1,10,,708801,11,0,16 3 59,1,50,,842423,11,0,16 3 59,1,10,,842487,11,0,16 3 59,1,15,,842515,11,0,16 3 59,1,13,,842418,11,0,16 3 59,1,55,,842505,11,0,16 3 59,1,15,,842502,11,0,16 3 59,1,15,,842439,11,0,16 3 59,1
11601,'5',548,,842590,11,0,16 3 59,1,55,,709834,11,0,16 3 59,1,12,,842616,11,0,16 3 59,1,10,,842635,11,0,16 3 59,1,10,,750953,11,0,16 3 59,1,10,,842589,11,0,16 3 59,1,10,,842546,11,0,16 3 59,1,50,,842541,11,0,16 3 59,1,10,,842553,11,0,16 3 59,1,10,,842623,11,0,16 3 59,1,10,,842595,11,0,16 3 59,1,10,,842646,11,0,16 3 59,1,10,,842561,11,0,16 3 59,1,50,,842575,11,0,16 3 59,1,10,,842545,11,0,16 3 59,1,10,,842530,11,0,16 3 59,1,10,,842629,11,0,16 3 59,1,10,,842640,11,0,16 3 59,1,10,,842611,11,0,16 3 59,1,50,,842552,11,0,16 3 59,1,10,,842543,11,0,16 3 59,1,10,,724251,11,0,16 3 59,1,10,,842578,11,0,16 3 59,1,10,,842542,11,0,16 3 59,1,10,,842596,11,0,16 3 59,1,50,,842551,11,0,16 3 59,1,10,,842569,11,0,16 3 59,1,10,,842632,11,0,16 3 59,1,10,,842642,11,0,16 3 59,1,10,,842603,11,0,16 3 59,1,10,,842608,11,0,16 3 59,1,50,,842592,11,0,16 3 59,1,10,,842559,11,0,16 3 59,1,10,,747955,11,0,16 3 59,1,10,,842636,11,0,16 3 59,1,9,,842601,11,0,16 3 59,1,9,,842582,11,0,16 3 59,1,49,,842631,11,0,16 3 59,1,10,,842639,11,0,16 3 59,1,8,,842535,11,0,16 3 59,1,7,,842638,11,0,16 3 59,1,8,,691319,11,0,16 3 59,1,7,,842643,11,0,16 3 59,1,8,,842591,11,0,16 3 59,1,7,,842612,11,0,16 3 59,1,48,,842560,11,0,16 3 59,1,7,,842630,11,0,16 3 59,1,8,,842567,11,0,16 3 59,1,7,,842620,11,0,16 3 59,1,8,,842604,11,0,16 3 59,1,7,,842577,11,0,16 3 59,1,8,,842576,11,0,16 3 59,1,7,,614311,11,0,16 3 59,1,48,,842532,11,0,16 3 59,1,7,,842568,11,0,16 3 59,1,8,,842605,11,0,16 3 59,1,7,,842634,11,0,16 3 59,1,8,,842580,11,0,16 3 59,1,7,,842585,11,0,16 3 59,1,8,,664929,11,0,16 3 59,1,7,,637923,11,0,16 3 59,1,48,,842613,11,0,16 3 59,1,7,,842593,11,0,16 3 59,1,8,,842624,11,0,16 3 59,1,7,,842540,11,0,16 3 59,1,8,,842584,11,0,16 3 59,1,7,,842558,11,0,16 3 59,1,8,,842633,11,0,16 3 59,1,7,,842617,11,0,16 3 59,1,48,,842557,11,0,16 3 59,1,7,,842562,11,0,16 3 59,1,8,,842600,11,0,16 3 59,1,7,,842528,11,0,16 3 59,1,8,,842628,11,0,16 3 59,1,7,,842614,11,0,16 3 59,1,8,,842549,11,0,16 3 59,1,7,,842538,11,0,16 3 59,1,48,,842644,11,0,16 3 59,1,7,,842647,11,0,16 3 59,1,8,,731229,11,0,16 3 59,1,7,,842618,11,0,16 3 59,1,8,,842587,11,0,16 3 59,1,7,,842565,11,0,16 3 59,1,8,,842586,11,0,16 3 59,1,7,,756355,11,0,16 3 59,1,48,,626137,11,0,16 3 59,1,7,,746062,11,0,16 3 59,1,8,,842610,11,0,16 3 59,1,7,,842627,11,0,16 3 59,1,8,,842615,11,0,16 3 59,1,7,,777930,11,0,16 3 59,1,8,,842550,11,0,16 3 59,1,7,,842564,11,0,16 3 59,1,48,,842597,11,0,16 3 59,1,7,,842556,11,0,16 3 59,1,8,,842607,11,0,16 3 59,1,7,,842544,11,0,16 3 59,1,8,,842527,11,0,16 3 59,1,7,,842625,11,0,16 3 59,1,8,,842547,11,0,16 3 59,1,7,,842602,11,0,16 3 59,1,48,,842539,11,0,16 3 59,1,7,,842621,11,0,16 3 59,1,8,,693533,11,0,16 3 59,1,10,,735901,11,0,16 3 59,1,10,,842594,11,0,16 3 59,1,10,,842529,11,0,16 3 59,1,50,,842570,11,0,16 3 59,1,10,,842572,11,0,16 3 59,1,10,,842609,11,0,16 3 59,1,10,,842579,11,0,16 3 59,1,10,,734768,11,0,16 3 59,1,10,,740268,11,0,16 3 59,1,50,,697360,11,0,16 3 59,1,9,,842531,11,0,16 3 59,1,10,,842581,11,0,16 3 59,1,10,,694713,11,0,16 3 59,1,10,,607725,11,0,16 3 59,1,10,,740896,11,0,16 3 59,1,10,,750042,11,0,16 3 59,1,50,,842563,11,0,16 3 59,1,10,,732752,11,0,16 3 59,1,10,,842622,11,0,16 3 59,1,10,,749516,11,0,16 3 59,1,10,,842537,11,0,16 3 59,1,10,,842626,11,0,16 3 59,1,50,,842606,11,0,16 3 59,1,10,,589821,11,0,16 3 59,1,10,,842555,11,0,16 3 59,1,10,,842599,11,0,16 3 59,1,10,,842583,11,0,16 3 59,1,10,,842641,11,0,16 3 59,1,50,,842637,11,0,16 3 59,1,10,,842533,11,0,16 3 59,1,15,,842645,11,0,16 3 59,1,13,,842548,11,0,16 3 59,1,55,,842574,11,0,16 3 59,1,15,,842619,11,0,16 3 59,1,15,,842554,11,0,16 3 59,1
33401,'1',2646,,669143,70,0,34 16 3 57,1,70,,858371,68,0,34 16 3 57,1,30,,858363,66,0,34 16 3 57,1,70,,858364,66,0,34 16 3 57,1,30,,858359,66,0,34 16 3 57,1,70,,858366,66,0,34 16 3 57,1
33401,'2',2646,,858384,70,0,34 16 3 57,1,70,,858380,68,0,34 16 3 57,1,30,,748431,66,0,34 16 3 57,1,70,,750836,66,0,34 16 3 57,1,30,,858379,66,0,34 16 3 57,1,70,,858388,66,0,34 16 3 57,1
33401,'3',546,,858417,66,0,34 16 3 57,1,70,,858424,66,0,34 16 3 57,1,24,,858409,66,0,34 16 3 57,1,63,,858400,68,0,34 16 3 57,1,20,,858432,68,0,34 16 3 57,1,1923,,858410,70,0,34 16 3 57,1,70,,858407,68,0,34 16 3 57,1,30,,858419,66,0,34 16 3 57,1,70,,723915,66,0,34 16 3 57,1,30,,858427,66,0,34 16 3 57,1,70,,858429,66,0,34 16 3 57,1
33401,'5',2646,,858445,70,0,34 16 3 57,1,70,,858450,68,0,34 16 3 57,1,30,,747895,66,0,34 16 3 57,1,70,,858435,66,0,34 16 3 57,1,30,,858446,66,0,34 16 3 57,1,70,,769736,66,0,34 16 3 57,1
38601,'1',452,,859712,12,0,44,1,69,,859707,12,0,44,1,23,,859710,12,0,44,1,2108,,859711,12,0,44,1,70,,859713,12,0,44,1,30,,859708,12,0,44,1,70,,859709,12,0,44,1
38601,'2',452,,859716,12,0,44,1,68,,859717,12,0,44,1,22,,859715,12,0,44,1,2110,,701906,12,0,44,1,70,,859714,12,0,44,1,30,,735183,12,0,44,1,70,,709052,12,0,44,1
38601,'3',452,,859730,12,0,44,1,68,,859733,12,0,44,1,22,,859734,12,0,44,1,59,,859732,12,0,44,1,18,,859731,12,0,44,1,10,,859723,12,0,44,1,10,,859725,12,0,44,1,10,,859721,12,0,44,1,10,,859727,12,0,44,1,50,,859720,12,0,44,1,10,,859718,12,0,44,1,10,,859726,12,0,44,1,10,,859724,12,0,44,1,10,,729255,12,0,44,1,10,,859729,12,0,44,1,50,,859719,12,0,44,1,1843,,690835,12,0,44,1,70,,859728,12,0,44,1,30,,627619,12,0,44,1,70,,859722,12,0,44,1
38601,'5',452,,859739,12,0,44,1,68,,859738,12,0,44,1,20,,859737,12,0,44,1,2112,,859736,12,0,44,1,70,,764641,12,0,44,1,30,,859740,12,0,44,1,70,,859735,12,0,44,1
