7303,'1',518,,730379,29,0,28 54,1,23,,730465,29,0,28 54,1,63,,730401,29,0,28 54,1,17,,730407,29,0,28 54,1,10,,730473,29,0,31 95 63,1,12,,634253,29,0,28 54,1,10,,730428,29,0,31 95 63,1,52,,730430,29,0,28 54,1,10,,645501,29,0,31 95 63,1,16,,669600,29,0,28 54,1,11,,658887,29,0,31 95 63,1,13,,688506,29,0,28 54,1,51,,730440,29,0,31 95 63,1,13,,730386,29,0,28 54,1,11,,730449,29,0,31 95 63,1,13,,730404,29,0,28 54,1,11,,730444,29,0,31 95 63,1,53,,730396,29,0,28 54,1,11,,730464,29,0,31 95 63,1,11,,641689,29,0,28 54,1,11,,517456,29,0,31 95 63,1,13,,730399,29,0,28 54,1,64,,730384,29,0,28 54,1,24,,730415,29,0,28 54,1,64,,730397,29,0,28 54,1,24,,730469,29,0,28 54,1,24,,730382,29,0,28 54,1,64,,730419,29,0,28 54,1,24,,730429,29,0,28 54,1,64,,730434,29,0,28 54,1,24,,730467,29,0,28 54,1,24,,614518,29,0,28 54,1,64,,730402,29,0,28 54,1,12,,730394,29,0,28 54,1,11,,730395,29,0,31 95 63,1,11,,730452,29,0,28 54,1,51,,730433,29,0,31 95 63,1,13,,652284,29,0,28 54,1,11,,730423,29,0,31 95 63,1,13,,730450,29,0,28 54,1,11,,730438,29,0,31 95 63,1,53,,642947,29,0,28 54,1,11,,730412,29,0,31 95 63,1,13,,730445,29,0,28 54,1,11,,554907,29,0,31 95 63,1,13,,640610,29,0,28 54,1,51,,730472,29,0,31 95 63,1,13,,610459,29,0,28 54,1,11,,730439,29,0,31 95 63,1,13,,730468,29,0,28 54,1,11,,730400,29,0,31 95 63,1,53,,730466,29,0,28 54,1,11,,730475,29,0,31 95 63,1,13,,730431,29,0,28 54,1,11,,730410,29,0,31 95 63,1,13,,730422,29,0,28 54,1,51,,730425,29,0,31 95 63,1,13,,730413,29,0,28 54,1,15,,730427,29,0,28 54,1,24,,730470,29,0,28 54,1,64,,730459,29,0,28 54,1,24,,730424,29,0,28 54,1,64,,730391,29,0,28 54,1,24,,630604,29,0,28 54,1,24,,730421,29,0,28 54,1,59,,730387,29,0,28 54,1,20,,730432,29,0,28 54,1,24,,730380,29,0,28 54,1,64,,730403,29,0,28 54,1,24,,730388,29,0,28 54,1,64,,730443,29,0,28 54,1,24,,730474,29,0,28 54,1,24,,606632,29,0,28 54,1,64,,730435,29,0,28 54,1
7303,'2',508,,730519,29,0,28 54,1,26,,730558,29,0,28 54,1,22,,730485,29,0,28 54,1,64,,730501,29,0,28 54,1,24,,658050,29,0,28 54,1,64,,730507,29,0,28 54,1,24,,730502,29,0,28 54,1,24,,616890,29,0,28 54,1,62,,730498,29,0,28 54,1,23,,730518,29,0,28 54,1,64,,679900,29,0,28 54,1,24,,730508,29,0,28 54,1,24,,730493,29,0,28 54,1,64,,730545,29,0,28 54,1,23,,730503,29,0,28 54,1,64,,730486,29,0,28 54,1,24,,730553,29,0,28 54,1,23,,730484,29,0,28 54,1,62,,730550,29,0,28 54,1,22,,730512,29,0,28 54,1,22,,730536,29,0,28 54,1,62,,730544,29,0,28 54,1,22,,730514,29,0,28 54,1,62,,730523,29,0,28 54,1,22,,730556,29,0,28 54,1,22,,730547,29,0,28 54,1,62,,730562,29,0,28 54,1,22,,730555,29,0,28 54,1,22,,730552,29,0,28 54,1,62,,730520,29,0,28 54,1,22,,537409,29,0,28 54,1,22,,730515,29,0,28 54,1,62,,730477,29,0,28 54,1,22,,678681,29,0,28 54,1,62,,730539,29,0,28 54,1,22,,730551,29,0,28 54,1,22,,604869,29,0,28 54,1,62,,730500,29,0,28 54,1,19,,730487,29,0,28 54,1,24,,730483,29,0,28 54,1,64,,585369,29,0,28 54,1,24,,730513,29,0,28 54,1,64,,730557,29,0,28 54,1,24,,730506,29,0,28 54,1,24,,730540,29,0,28 54,1,59,,517868,29,0,28 54,1,20,,730488,29,0,28 54,1,24,,730546,29,0,28 54,1,64,,730517,29,0,28 54,1,24,,730542,29,0,28 54,1,64,,730496,29,0,28 54,1,24,,538518,29,0,28 54,1,24,,730548,29,0,28 54,1,64,,730524,29,0,28 54,1
7303,'3',737,,730623,29,0,28 54,1,22,,730605,29,0,28 54,1,63,,730576,29,0,28 54,1,22,,730583,29,0,28 54,1,62,,730609,29,0,28 54,1,22,,627521,29,0,28 54,1,22,,730586,29,0,28 54,1,60,,730618,29,0,28 54,1,16,,624726,29,0,28 54,1,21,,730604,29,0,28 54,1,64,,730580,29,0,28 54,1,24,,730612,29,0,28 54,1,24,,730613,29,0,28 54,1,64,,608604,29,0,28 54,1,24,,617163,29,0,28 54,1,64,,730578,29,0,28 54,1,24,,730603,29,0,28 54,1,24,,730569,29,0,28 54,1,64,,730629,29,0,28 54,1,24,,730594,29,0,28 54,1,64,,619851,29,0,28 54,1,24,,730588,29,0,28 54,1,24,,646249,29,0,28 54,1,64,,730573,29,0,28 54,1,24,,730621,29,0,28 54,1,64,,613106,29,0,28 54,1,24,,636661,29,0,28 54,1,24,,730614,29,0,28 54,1,64,,730572,29,0,28 54,1,24,,539467,29,0,28 54,1,64,,517540,29,0,28 54,1,18,,730568,29,0,28 54,1,24,,730622,29,0,28 54,1,64,,682808,29,0,28 54,1,24,,730615,29,0,28 54,1,64,,730596,29,0,28 54,1,24,,730566,29,0,28 54,1,24,,730631,29,0,28 54,1,59,,730590,29,0,28 54,1,22,,730600,29,0,28 54,1,24,,730607,29,0,28 54,1,64,,677017,29,0,28 54,1,24,,730632,29,0,28 54,1,64,,565498,29,0,28 54,1,24,,647128,29,0,28 54,1,24,,730625,29,0,28 54,1,64,,730587,29,0,28 54,1
7303,'5',511,,730660,29,0,28 54,1,23,,644149,29,0,28 54,1,70,,730637,29,0,28 54,1,24,,730648,29,0,28 54,1,24,,730640,29,0,28 54,1,64,,730658,29,0,28 54,1,24,,730676,29,0,28 54,1,62,,730633,29,0,28 54,1,20,,730692,29,0,28 54,1,22,,730647,29,0,28 54,1,62,,650580,29,0,28 54,1,22,,730673,29,0,28 54,1,22,,730701,29,0,28 54,1,60,,730696,29,0,28 54,1,16,,730666,29,0,28 54,1,21,,730645,29,0,28 54,1,64,,730634,29,0,28 54,1,24,,652235,29,0,28 54,1,24,,730712,29,0,28 54,1,64,,730705,29,0,28 54,1,24,,730678,29,0,28 54,1,64,,730670,29,0,28 54,1,24,,730677,29,0,28 54,1,24,,730662,29,0,28 54,1,64,,730685,29,0,28 54,1,24,,730714,29,0,28 54,1,64,,730671,29,0,28 54,1,24,,730659,29,0,28 54,1,24,,730635,29,0,28 54,1,64,,730707,29,0,28 54,1,24,,730695,29,0,28 54,1,64,,730674,29,0,28 54,1,24,,730681,29,0,28 54,1,24,,730664,29,0,28 54,1,64,,730711,29,0,28 54,1,24,,608234,29,0,28 54,1,64,,730686,29,0,28 54,1,18,,730689,29,0,28 54,1,24,,730703,29,0,28 54,1,64,,730702,29,0,28 54,1,24,,730653,29,0,28 54,1,64,,730683,29,0,28 54,1,24,,730646,29,0,28 54,1,24,,730638,29,0,28 54,1,59,,662826,29,0,28 54,1,22,,730694,29,0,28 54,1,24,,730651,29,0,28 54,1,64,,730708,29,0,28 54,1,24,,730663,29,0,28 54,1,64,,730680,29,0,28 54,1,24,,622191,29,0,28 54,1,24,,730657,29,0,28 54,1,64,,616729,29,0,28 54,1
8903,'1',511,,630110,43,0,95 63,1,25,,739177,43,0,95 63,1,22,,739189,43,0,95 63,1,56,,551922,42,0,95 63,1,10,,739240,42,0,95 63,1,10,,739224,42,0,95 63,1,10,,677312,42,0,95 63,1,10,,739231,42,0,95 63,1,50,,739217,42,0,95 63,1,10,,739205,42,0,95 63,1,10,,739250,42,0,95 63,1,10,,599126,42,0,95 63,1,12,,739212,42,0,95 63,1,13,,739178,42,0,95 63,1,52,,739202,42,0,95 63,1,10,,739199,42,0,95 63,1,10,,739245,42,0,95 63,1,10,,739253,42,0,95 63,1,10,,739229,42,0,95 63,1,50,,685383,42,0,95 63,1,10,,739197,42,0,95 63,1,10,,607469,42,0,95 63,1,10,,739180,42,0,95 63,1,10,,739243,42,0,95 63,1,11,,739207,42,0,95 63,1,51,,739227,42,0,95 63,1,10,,677310,42,0,95 63,1,10,,739235,42,0,95 63,1,10,,739249,42,0,95 63,1,10,,739198,42,0,95 63,1,10,,739209,42,0,95 63,1,50,,739216,42,0,95 63,1,10,,739183,42,0,95 63,1,10,,739192,42,0,95 63,1,10,,739181,42,0,95 63,1,10,,739258,42,0,95 63,1,10,,686781,42,0,95 63,1,50,,687613,42,0,95 63,1,10,,739190,42,0,95 63,1,10,,739187,42,0,95 63,1,10,,739201,42,0,95 63,1,10,,616305,42,0,95 63,1,10,,739200,42,0,95 63,1,50,,739221,42,0,95 63,1,10,,739222,42,0,95 63,1,10,,739230,42,0,95 63,1,10,,518016,42,0,95 63,1,10,,623152,42,0,95 63,1,10,,739175,42,0,95 63,1,50,,739239,42,0,95 63,1,13,,570742,42,0,95 63,1,12,,552680,42,0,95 63,1,12,,599845,42,0,95 63,1,14,,739220,42,0,95 63,1,50,,739256,42,0,95 63,1,10,,739213,42,0,95 63,1,10,,739257,42,0,95 63,1,10,,631325,42,0,95 63,1,10,,739218,42,0,95 63,1,10,,739237,42,0,95 63,1,50,,739206,42,0,95 63,1,10,,739215,42,0,95 63,1,10,,739236,42,0,95 63,1,10,,739184,42,0,95 63,1,10,,739210,42,0,95 63,1,10,,640547,42,0,95 63,1,50,,739238,42,0,95 63,1,10,,739226,42,0,95 63,1,10,,550192,42,0,95 63,1,10,,675142,42,0,95 63,1,10,,739214,42,0,95 63,1,10,,642563,42,0,95 63,1,50,,575596,42,0,95 63,1,10,,739241,42,0,95 63,1,10,,739251,42,0,95 63,1,10,,628073,42,0,95 63,1,10,,676753,42,0,95 63,1,10,,739232,42,0,95 63,1,50,,676232,42,0,95 63,1,8,,638413,42,0,95 63,1,9,,739254,42,0,95 63,1,6,,739186,42,0,95 63,1,5,,739193,42,0,95 63,1,6,,739185,42,0,95 63,1,10,,739252,42,0,95 63,1,10,,651550,42,0,95 63,1,50,,739247,42,0,95 63,1,10,,739203,42,0,95 63,1,10,,739173,42,0,95 63,1,10,,739191,42,0,95 63,1,10,,739211,42,0,95 63,1,10,,664633,42,0,95 63,1,50,,464759,42,0,95 63,1,10,,630570,42,0,95 63,1,10,,739225,42,0,95 63,1,10,,658430,42,0,95 63,1,10,,609706,42,0,95 63,1,10,,739259,42,0,95 63,1,49,,739228,42,0,95 63,1,9,,739246,42,0,95 63,1,7,,739182,42,0,95 63,1,6,,739195,42,0,95 63,1,10,,675308,42,0,95 63,1,10,,739234,42,0,95 63,1,10,,739174,42,0,95 63,1,50,,739176,42,0,95 63,1,10,,739208,42,0,95 63,1,10,,658475,42,0,95 63,1,10,,739204,42,0,95 63,1,10,,628115,42,0,95 63,1,10,,739188,42,0,95 63,1,50,,739248,42,0,95 63,1,10,,739194,42,0,95 63,1,10,,739233,42,0,95 63,1,10,,739219,42,0,95 63,1,10,,605632,42,0,95 63,1,10,,739244,42,0,95 63,1,50,,739255,42,0,95 63,1,10,,526535,42,0,95 63,1,10,,739179,42,0,95 63,1,9,,739242,42,0,95 63,1,12,,739196,42,0,95 63,1,55,,739223,42,0,95 63,1,15,,598616,42,0,95 63,1,15,,641867,42,0,95 63,1
8903,'2',540,,739360,39,0,95 63,1,70,,739296,43,0,95 63,1,10,,739273,42,0,95 63,1,10,,739336,42,0,95 63,1,10,,739343,42,0,95 63,1,10,,739264,42,0,95 63,1,50,,739327,42,0,95 63,1,10,,739263,42,0,95 63,1,10,,619109,42,0,95 63,1,10,,739359,42,0,95 63,1,10,,739294,42,0,95 63,1,10,,739313,42,0,95 63,1,50,,554078,42,0,95 63,1,12,,739272,42,0,95 63,1,13,,739348,42,0,95 63,1,15,,739293,42,0,95 63,1,10,,739321,42,0,95 63,1,50,,739362,42,0,95 63,1,10,,739282,42,0,95 63,1,10,,739344,42,0,95 63,1,10,,739364,42,0,95 63,1,10,,739339,42,0,95 63,1,10,,739312,42,0,95 63,1,50,,739284,42,0,95 63,1,10,,739306,42,0,95 63,1,10,,739301,42,0,95 63,1,10,,674217,42,0,95 63,1,10,,739262,42,0,95 63,1,10,,679679,42,0,95 63,1,50,,678195,42,0,95 63,1,11,,739324,42,0,95 63,1,12,,739279,42,0,95 63,1,11,,614902,42,0,95 63,1,15,,739277,42,0,95 63,1,10,,739311,42,0,95 63,1,50,,739278,42,0,95 63,1,8,,541230,42,0,95 63,1,8,,670480,42,0,95 63,1,8,,739341,42,0,95 63,1,8,,739338,42,0,95 63,1,6,,739322,42,0,95 63,1,8,,739318,42,0,95 63,1,48,,739305,42,0,95 63,1,8,,739281,42,0,95 63,1,8,,739316,42,0,95 63,1,8,,739320,42,0,95 63,1,8,,739333,42,0,95 63,1,8,,739309,42,0,95 63,1,8,,739325,42,0,95 63,1,8,,739355,42,0,95 63,1,48,,739347,42,0,95 63,1,8,,516159,42,0,95 63,1,8,,739275,42,0,95 63,1,8,,739326,42,0,95 63,1,8,,739323,42,0,95 63,1,8,,739319,42,0,95 63,1,8,,739261,42,0,95 63,1,48,,739260,42,0,95 63,1,8,,689334,42,0,95 63,1,8,,739337,42,0,95 63,1,8,,588433,42,0,95 63,1,8,,739291,42,0,95 63,1,8,,739286,42,0,95 63,1,8,,658047,42,0,95 63,1,8,,675245,42,0,95 63,1,48,,739358,42,0,95 63,1,8,,739331,42,0,95 63,1,8,,653849,42,0,95 63,1,8,,472562,42,0,95 63,1,8,,739269,42,0,95 63,1,8,,739361,42,0,95 63,1,8,,605153,42,0,95 63,1,48,,739292,42,0,95 63,1,8,,739350,42,0,95 63,1,8,,739274,42,0,95 63,1,8,,642642,42,0,95 63,1,8,,739287,42,0,95 63,1,8,,739340,42,0,95 63,1,8,,739266,42,0,95 63,1,8,,739351,42,0,95 63,1,48,,739300,42,0,95 63,1,8,,607522,42,0,95 63,1,8,,739289,42,0,95 63,1,8,,739354,42,0,95 63,1,8,,687650,42,0,95 63,1,8,,739329,42,0,95 63,1,8,,739276,42,0,95 63,1,48,,739283,42,0,95 63,1,7,,739342,42,0,95 63,1,7,,739290,42,0,95 63,1,5,,739297,42,0,95 63,1,5,,460024,42,0,95 63,1,6,,739345,42,0,95 63,1,5,,739317,42,0,95 63,1,8,,639074,42,0,95 63,1,8,,739288,42,0,95 63,1,48,,739328,42,0,95 63,1,8,,739352,42,0,95 63,1,8,,739265,42,0,95 63,1,8,,739335,42,0,95 63,1,8,,739308,42,0,95 63,1,8,,739310,42,0,95 63,1,8,,739299,42,0,95 63,1,8,,739346,42,0,95 63,1,48,,678539,42,0,95 63,1,8,,546257,42,0,95 63,1,8,,678692,42,0,95 63,1,8,,739349,42,0,95 63,1,8,,739334,42,0,95 63,1,8,,739295,42,0,95 63,1,8,,565361,42,0,95 63,1,48,,739332,42,0,95 63,1,7,,739357,42,0,95 63,1,7,,739271,42,0,95 63,1,6,,628272,42,0,95 63,1,7,,739268,42,0,95 63,1,10,,739353,42,0,95 63,1,10,,739270,42,0,95 63,1,10,,739314,42,0,95 63,1,50,,650827,42,0,95 63,1,10,,739303,42,0,95 63,1,10,,739280,42,0,95 63,1,10,,617104,42,0,95 63,1,10,,689321,42,0,95 63,1,10,,739267,42,0,95 63,1,50,,739302,42,0,95 63,1,10,,739304,42,0,95 63,1,10,,739298,42,0,95 63,1,10,,739307,42,0,95 63,1,10,,739315,42,0,95 63,1,10,,620594,42,0,95 63,1,50,,632895,42,0,95 63,1,10,,739330,42,0,95 63,1,10,,739363,42,0,95 63,1,9,,739356,42,0,95 63,1,12,,739285,42,0,95 63,1,55,,605681,42,0,95 63,1,15,,641756,42,0,95 63,1,15,,625043,42,0,95 63,1
8903,'3',544,,739407,39,0,95 63,1,68,,739426,43,0,95 63,1,15,,739383,43,0,95 63,1,15,,739372,43,0,95 63,1,15,,739420,43,0,95 63,1,55,,739408,43,0,95 63,1,15,,739443,43,0,95 63,1,15,,739391,43,0,95 63,1,15,,739367,43,0,95 63,1,53,,739404,43,0,95 63,1,13,,612123,43,0,95 63,1,15,,739418,42,0,95 63,1,10,,615004,42,0,95 63,1,10,,739445,42,0,95 63,1,50,,739379,42,0,95 63,1,10,,618571,42,0,95 63,1,10,,739450,42,0,95 63,1,10,,739423,42,0,95 63,1,10,,739430,42,0,95 63,1,10,,739453,42,0,95 63,1,50,,739411,42,0,95 63,1,10,,404688,42,0,95 63,1,10,,462859,42,0,95 63,1,10,,739394,42,0,95 63,1,10,,739412,42,0,95 63,1,10,,739376,42,0,95 63,1,50,,739409,42,0,95 63,1,10,,739421,42,0,95 63,1,10,,676956,42,0,95 63,1,10,,739413,42,0,95 63,1,10,,739375,42,0,95 63,1,10,,739386,42,0,95 63,1,50,,739377,42,0,95 63,1,12,,739429,42,0,95 63,1,11,,739425,42,0,95 63,1,13,,739368,42,0,95 63,1,10,,556383,42,0,95 63,1,50,,739449,42,0,95 63,1,10,,739403,42,0,95 63,1,10,,739393,42,0,95 63,1,10,,661533,42,0,95 63,1,10,,614127,42,0,95 63,1,10,,739390,42,0,95 63,1,50,,681896,42,0,95 63,1,10,,739369,42,0,95 63,1,10,,739392,42,0,95 63,1,10,,739366,42,0,95 63,1,10,,739398,42,0,95 63,1,10,,739402,42,0,95 63,1,50,,739380,42,0,95 63,1,10,,675955,42,0,95 63,1,10,,739434,42,0,95 63,1,10,,739382,42,0,95 63,1,10,,641115,42,0,95 63,1,10,,739397,42,0,95 63,1,50,,659102,42,0,95 63,1,10,,628568,42,0,95 63,1,10,,739419,42,0,95 63,1,10,,739431,42,0,95 63,1,10,,687411,42,0,95 63,1,10,,739400,42,0,95 63,1,50,,739456,42,0,95 63,1,10,,739385,42,0,95 63,1,10,,739441,42,0,95 63,1,10,,739384,42,0,95 63,1,10,,739415,42,0,95 63,1,10,,739454,42,0,95 63,1,50,,739399,42,0,95 63,1,10,,739414,42,0,95 63,1,10,,604967,42,0,95 63,1,10,,739432,42,0,95 63,1,10,,739422,42,0,95 63,1,10,,613476,42,0,95 63,1,50,,739433,42,0,95 63,1,9,,739440,42,0,95 63,1,7,,645438,42,0,95 63,1,8,,739416,42,0,95 63,1,7,,739461,42,0,95 63,1,10,,665114,42,0,95 63,1,10,,739396,42,0,95 63,1,50,,739405,42,0,95 63,1,10,,739406,42,0,95 63,1,10,,739460,42,0,95 63,1,10,,739381,42,0,95 63,1,10,,739437,42,0,95 63,1,10,,739451,42,0,95 63,1,50,,739365,42,0,95 63,1,10,,739446,42,0,95 63,1,10,,739424,42,0,95 63,1,10,,739410,42,0,95 63,1,10,,739401,42,0,95 63,1,10,,739428,42,0,95 63,1,50,,739374,42,0,95 63,1,8,,739447,42,0,95 63,1,7,,739389,42,0,95 63,1,6,,739373,42,0,95 63,1,10,,662990,42,0,95 63,1,10,,739439,42,0,95 63,1,10,,739448,42,0,95 63,1,50,,739388,42,0,95 63,1,10,,739452,42,0,95 63,1,10,,739387,42,0,95 63,1,10,,739458,42,0,95 63,1,10,,739427,42,0,95 63,1,10,,628590,42,0,95 63,1,50,,739417,42,0,95 63,1,10,,739442,42,0,95 63,1,10,,739457,42,0,95 63,1,10,,739436,42,0,95 63,1,10,,739370,42,0,95 63,1,10,,739459,42,0,95 63,1,50,,739378,42,0,95 63,1,10,,739455,42,0,95 63,1,10,,739438,42,0,95 63,1,10,,739371,42,0,95 63,1,14,,739435,42,0,95 63,1,55,,739444,42,0,95 63,1,15,,739395,42,0,95 63,1,15,,665126,42,0,95 63,1
8903,'5',540,,615853,39,0,95 63,1,70,,739504,43,0,95 63,1,11,,606341,42,0,95 63,1,10,,739495,42,0,95 63,1,10,,688076,42,0,95 63,1,10,,739492,42,0,95 63,1,50,,739551,42,0,95 63,1,10,,739538,42,0,95 63,1,10,,619973,42,0,95 63,1,10,,739510,42,0,95 63,1,10,,739515,42,0,95 63,1,10,,548801,42,0,95 63,1,51,,739474,42,0,95 63,1,10,,739518,42,0,95 63,1,10,,739471,42,0,95 63,1,16,,739488,42,0,95 63,1,10,,739473,42,0,95 63,1,10,,739476,42,0,95 63,1,50,,739552,42,0,95 63,1,10,,739522,42,0,95 63,1,10,,739559,42,0,95 63,1,10,,659198,42,0,95 63,1,10,,739544,42,0,95 63,1,10,,739520,42,0,95 63,1,50,,650976,42,0,95 63,1,10,,680512,42,0,95 63,1,10,,739519,42,0,95 63,1,10,,739537,42,0,95 63,1,10,,739511,42,0,95 63,1,10,,739499,42,0,95 63,1,50,,739556,42,0,95 63,1,10,,739532,42,0,95 63,1,10,,668176,42,0,95 63,1,10,,739561,42,0,95 63,1,10,,739512,42,0,95 63,1,10,,739467,42,0,95 63,1,50,,739529,42,0,95 63,1,12,,739516,42,0,95 63,1,11,,739490,42,0,95 63,1,13,,739534,42,0,95 63,1,10,,739506,42,0,95 63,1,50,,739514,42,0,95 63,1,10,,739496,42,0,95 63,1,10,,739475,42,0,95 63,1,10,,739524,42,0,95 63,1,10,,739485,42,0,95 63,1,10,,739528,42,0,95 63,1,50,,739546,42,0,95 63,1,10,,739493,42,0,95 63,1,10,,739500,42,0,95 63,1,10,,739535,42,0,95 63,1,10,,739525,42,0,95 63,1,10,,739543,42,0,95 63,1,50,,739472,42,0,95 63,1,10,,739465,42,0,95 63,1,10,,739463,42,0,95 63,1,10,,739505,42,0,95 63,1,10,,618216,42,0,95 63,1,10,,739508,42,0,95 63,1,50,,739517,42,0,95 63,1,10,,739462,42,0,95 63,1,10,,739507,42,0,95 63,1,10,,739540,42,0,95 63,1,10,,739560,42,0,95 63,1,10,,739562,42,0,95 63,1,50,,640484,42,0,95 63,1,10,,739466,42,0,95 63,1,10,,739498,42,0,95 63,1,10,,739550,42,0,95 63,1,10,,739536,42,0,95 63,1,10,,739523,42,0,95 63,1,50,,739501,42,0,95 63,1,10,,648793,42,0,95 63,1,10,,739483,42,0,95 63,1,10,,663153,42,0,95 63,1,10,,739554,42,0,95 63,1,10,,739469,42,0,95 63,1,50,,739545,42,0,95 63,1,9,,739478,42,0,95 63,1,7,,739509,42,0,95 63,1,8,,739526,42,0,95 63,1,7,,739484,42,0,95 63,1,10,,587346,42,0,95 63,1,10,,556006,42,0,95 63,1,50,,739542,42,0,95 63,1,10,,739494,42,0,95 63,1,10,,739541,42,0,95 63,1,10,,739553,42,0,95 63,1,10,,535294,42,0,95 63,1,10,,739563,42,0,95 63,1,50,,739531,42,0,95 63,1,10,,739481,42,0,95 63,1,10,,739468,42,0,95 63,1,10,,739557,42,0,95 63,1,10,,739487,42,0,95 63,1,10,,739539,42,0,95 63,1,50,,739491,42,0,95 63,1,8,,739486,42,0,95 63,1,7,,739479,42,0,95 63,1,6,,739548,42,0,95 63,1,10,,739489,42,0,95 63,1,10,,539062,42,0,95 63,1,10,,739547,42,0,95 63,1,50,,739530,42,0,95 63,1,10,,549428,42,0,95 63,1,10,,739497,42,0,95 63,1,10,,739503,42,0,95 63,1,10,,739527,42,0,95 63,1,10,,739533,42,0,95 63,1,50,,739477,42,0,95 63,1,10,,627739,42,0,95 63,1,10,,739555,42,0,95 63,1,10,,739521,42,0,95 63,1,10,,641617,42,0,95 63,1,10,,739549,42,0,95 63,1,50,,739464,42,0,95 63,1,10,,739482,42,0,95 63,1,10,,739502,42,0,95 63,1,10,,739558,42,0,95 63,1,14,,739480,42,0,95 63,1,55,,739470,42,0,95 63,1,15,,635244,42,0,95 63,1,15,,739513,42,0,95 63,1
15802,'1',533,,763043,21,0,62 63 3 88,1,11,,763023,21,0,62 63 3 88,1,12,,762992,21,0,62 63 3 88,1,50,,763025,21,0,62 63 3 88,1,10,,763049,21,0,62 63 3 88,1,10,,763020,21,0,62 63 3 88,1,10,,763013,21,0,62 63 3 88,1,10,,763056,21,0,62 63 3 88,1,10,,762997,21,0,62 63 3 88,1,52,,642484,21,0,62 63 3 88,1,10,,542257,21,0,62 63 3 88,1,10,,673183,21,0,62 63 3 88,1,10,,763034,21,0,62 63 3 88,1,10,,763017,21,0,62 63 3 88,1,10,,763041,21,0,62 63 3 88,1,50,,624986,21,0,62 63 3 88,1,10,,556122,21,0,62 63 3 88,1,10,,763028,21,0,62 63 3 88,1,10,,763002,21,0,62 63 3 88,1,10,,763022,21,0,62 63 3 88,1,10,,763050,21,0,62 63 3 88,1,50,,763057,21,0,62 63 3 88,1,11,,613935,21,0,62 63 3 88,1,15,,763026,21,0,62 63 3 88,1,15,,763036,21,0,62 63 3 88,1,55,,763030,21,0,62 63 3 88,1,15,,762995,21,0,62 63 3 88,1,15,,763027,21,0,62 63 3 88,1,15,,686670,21,0,62 63 3 88,1,55,,763011,21,0,62 63 3 88,1,15,,763007,21,0,62 63 3 88,1,15,,763031,21,0,62 63 3 88,1,15,,512611,21,0,62 63 3 88,1,55,,763045,21,0,62 63 3 88,1,15,,763003,21,0,62 63 3 88,1,15,,763024,21,0,62 63 3 88,1,15,,763053,21,0,62 63 3 88,1,55,,763015,21,0,62 63 3 88,1,15,,763042,21,0,62 63 3 88,1,15,,629839,21,0,62 63 3 88,1,15,,763008,21,0,62 63 3 88,1,55,,763029,21,0,62 63 3 88,1,15,,763004,21,0,62 63 3 88,1,15,,548070,21,0,62 63 3 88,1,15,,532597,21,0,62 63 3 88,1,55,,763038,21,0,62 63 3 88,1,16,,763058,21,0,62 63 3 88,1,14,,763037,21,0,62 63 3 88,1,13,,618855,21,0,62 63 3 88,1,55,,620520,21,0,62 63 3 88,1,15,,763010,21,0,62 63 3 88,1,15,,763054,21,0,62 63 3 88,1,15,,763005,21,0,62 63 3 88,1,55,,762998,21,0,62 63 3 88,1,15,,763012,21,0,62 63 3 88,1,15,,763048,21,0,62 63 3 88,1,15,,762994,21,0,62 63 3 88,1,55,,602953,21,0,62 63 3 88,1,15,,763039,21,0,62 63 3 88,1,15,,763021,21,0,62 63 3 88,1,15,,763016,21,0,62 63 3 88,1,55,,762996,21,0,62 63 3 88,1,11,,763044,21,0,62 63 3 88,1,13,,763001,21,0,62 63 3 88,1,18,,763018,21,0,62 63 3 88,1,58,,598149,21,0,62 63 3 88,1,18,,763055,21,0,62 63 3 88,1,18,,763014,21,0,62 63 3 88,1,18,,763040,21,0,62 63 3 88,1,58,,763052,21,0,62 63 3 88,1,18,,762993,21,0,62 63 3 88,1,18,,763051,21,0,62 63 3 88,1,56,,763009,21,0,62 63 3 88,1,14,,763046,21,0,62 63 3 88,1,16,,763006,21,0,62 63 3 88,1,19,,763032,21,0,62 63 3 88,1,60,,763033,21,0,62 63 3 88,1,20,,762999,21,0,62 63 3 88,1,20,,763035,21,0,62 63 3 88,1,60,,763047,21,0,62 63 3 88,1,20,,763019,21,0,62 63 3 88,1,20,,521397,21,0,62 63 3 88,1,60,,763000,21,0,62 63 3 88,1
15802,'2',616,,763067,21,0,62 63 3 88,1,20,,635810,21,0,62 63 3 88,1,20,,763089,21,0,62 63 3 88,1,60,,763101,21,0,62 63 3 88,1,20,,763070,21,0,62 63 3 88,1,20,,763068,21,0,62 63 3 88,1,64,,763099,21,0,62 63 3 88,1,18,,763105,21,0,62 63 3 88,1,18,,763085,21,0,62 63 3 88,1,58,,763083,21,0,62 63 3 88,1,18,,763094,21,0,62 63 3 88,1,18,,763108,21,0,62 63 3 88,1,58,,686903,21,0,62 63 3 88,1,18,,763093,21,0,62 63 3 88,1,18,,676833,21,0,62 63 3 88,1,58,,624594,21,0,62 63 3 88,1,18,,763077,21,0,62 63 3 88,1,18,,763102,21,0,62 63 3 88,1,18,,763086,21,0,62 63 3 88,1,61,,763074,21,0,62 63 3 88,1,18,,650480,21,0,62 63 3 88,1,16,,763066,21,0,62 63 3 88,1,56,,681453,21,0,62 63 3 88,1,16,,649546,21,0,62 63 3 88,1,16,,763087,21,0,62 63 3 88,1,16,,763096,21,0,62 63 3 88,1,56,,763106,21,0,62 63 3 88,1,16,,763097,21,0,62 63 3 88,1,16,,763095,21,0,62 63 3 88,1,16,,418472,21,0,62 63 3 88,1,56,,763092,21,0,62 63 3 88,1,16,,763079,21,0,62 63 3 88,1,16,,763107,21,0,62 63 3 88,1,56,,763071,21,0,62 63 3 88,1,16,,763088,21,0,62 63 3 88,1,16,,763076,21,0,62 63 3 88,1,16,,572792,21,0,62 63 3 88,1,56,,617910,21,0,62 63 3 88,1,16,,763082,21,0,62 63 3 88,1,16,,763065,21,0,62 63 3 88,1,16,,763073,21,0,62 63 3 88,1,56,,763064,21,0,62 63 3 88,1,16,,763104,21,0,62 63 3 88,1,16,,763075,21,0,62 63 3 88,1,16,,651663,21,0,62 63 3 88,1,53,,763062,21,0,62 63 3 88,1,14,,763100,21,0,62 63 3 88,1,18,,542924,21,0,62 63 3 88,1,58,,763059,21,0,62 63 3 88,1,18,,763078,21,0,62 63 3 88,1,18,,763072,21,0,62 63 3 88,1,18,,763069,21,0,62 63 3 88,1,58,,763080,21,0,62 63 3 88,1,18,,763081,21,0,62 63 3 88,1,18,,649975,21,0,62 63 3 88,1,56,,645032,21,0,62 63 3 88,1,14,,763061,21,0,62 63 3 88,1,16,,763063,21,0,62 63 3 88,1,19,,669208,21,0,62 63 3 88,1,60,,763103,21,0,62 63 3 88,1,20,,763091,21,0,62 63 3 88,1,20,,763098,21,0,62 63 3 88,1,60,,763060,21,0,62 63 3 88,1,20,,763084,21,0,62 63 3 88,1,20,,584202,21,0,62 63 3 88,1,60,,763090,21,0,62 63 3 88,1
15802,'3',730,,763117,21,0,62 63 3 88,1,28,,613766,21,0,62 63 3 88,1,61,,763150,21,0,62 63 3 88,1,18,,763133,21,0,62 63 3 88,1,18,,763116,21,0,62 63 3 88,1,58,,763152,21,0,62 63 3 88,1,18,,763115,21,0,62 63 3 88,1,18,,551330,21,0,62 63 3 88,1,58,,763149,21,0,62 63 3 88,1,18,,763129,21,0,62 63 3 88,1,18,,763114,21,0,62 63 3 88,1,58,,481734,21,0,62 63 3 88,1,18,,763120,21,0,62 63 3 88,1,18,,763142,21,0,62 63 3 88,1,18,,763112,21,0,62 63 3 88,1,59,,624732,21,0,62 63 3 88,1,19,,763148,21,0,62 63 3 88,1,18,,669262,21,0,62 63 3 88,1,58,,763123,21,0,62 63 3 88,1,18,,763147,21,0,62 63 3 88,1,18,,634346,21,0,62 63 3 88,1,58,,763109,21,0,62 63 3 88,1,18,,763110,21,0,62 63 3 88,1,18,,763141,21,0,62 63 3 88,1,18,,763153,21,0,62 63 3 88,1,58,,763127,21,0,62 63 3 88,1,18,,763138,21,0,62 63 3 88,1,18,,763124,21,0,62 63 3 88,1,58,,763134,21,0,62 63 3 88,1,18,,763140,21,0,62 63 3 88,1,18,,763154,21,0,62 63 3 88,1,58,,763139,21,0,62 63 3 88,1,18,,763144,21,0,62 63 3 88,1,18,,763126,21,0,62 63 3 88,1,18,,763128,21,0,62 63 3 88,1,58,,763143,21,0,62 63 3 88,1,18,,763137,21,0,62 63 3 88,1,18,,763113,21,0,62 63 3 88,1,58,,763130,21,0,62 63 3 88,1,17,,763151,21,0,62 63 3 88,1,18,,525118,21,0,62 63 3 88,1,58,,763111,21,0,62 63 3 88,1,18,,550627,21,0,62 63 3 88,1,18,,763125,21,0,62 63 3 88,1,18,,763135,21,0,62 63 3 88,1,58,,763155,21,0,62 63 3 88,1,18,,604994,21,0,62 63 3 88,1,18,,763121,21,0,62 63 3 88,1,56,,763145,21,0,62 63 3 88,1,14,,763119,21,0,62 63 3 88,1,16,,763136,21,0,62 63 3 88,1,19,,763118,21,0,62 63 3 88,1,60,,763132,21,0,62 63 3 88,1,20,,613079,21,0,62 63 3 88,1,20,,655487,21,0,62 63 3 88,1,60,,763131,21,0,62 63 3 88,1,20,,763146,21,0,62 63 3 88,1,20,,763122,21,0,62 63 3 88,1,60,,763156,21,0,62 63 3 88,1
15802,'5',609,,763172,21,0,62 63 3 88,1,20,,613507,21,0,62 63 3 88,1,20,,763162,21,0,62 63 3 88,1,60,,763177,21,0,62 63 3 88,1,17,,763175,21,0,62 63 3 88,1,17,,763200,21,0,62 63 3 88,1,15,,763198,21,0,62 63 3 88,1,61,,763192,21,0,62 63 3 88,1,18,,763170,21,0,62 63 3 88,1,18,,763173,21,0,62 63 3 88,1,58,,763188,21,0,62 63 3 88,1,18,,673123,21,0,62 63 3 88,1,18,,763184,21,0,62 63 3 88,1,58,,763189,21,0,62 63 3 88,1,18,,667876,21,0,62 63 3 88,1,18,,763186,21,0,62 63 3 88,1,58,,763165,21,0,62 63 3 88,1,18,,645239,21,0,62 63 3 88,1,18,,763176,21,0,62 63 3 88,1,18,,637882,21,0,62 63 3 88,1,59,,631181,21,0,62 63 3 88,1,19,,763168,21,0,62 63 3 88,1,18,,763163,21,0,62 63 3 88,1,58,,763195,21,0,62 63 3 88,1,18,,763160,21,0,62 63 3 88,1,18,,606365,21,0,62 63 3 88,1,58,,763204,21,0,62 63 3 88,1,18,,763199,21,0,62 63 3 88,1,18,,763202,21,0,62 63 3 88,1,18,,763197,21,0,62 63 3 88,1,58,,763181,21,0,62 63 3 88,1,18,,763169,21,0,62 63 3 88,1,18,,571339,21,0,62 63 3 88,1,58,,763164,21,0,62 63 3 88,1,18,,763187,21,0,62 63 3 88,1,18,,672094,21,0,62 63 3 88,1,58,,670682,21,0,62 63 3 88,1,18,,763157,21,0,62 63 3 88,1,18,,763193,21,0,62 63 3 88,1,18,,763178,21,0,62 63 3 88,1,58,,597967,21,0,62 63 3 88,1,18,,628713,21,0,62 63 3 88,1,18,,763183,21,0,62 63 3 88,1,58,,620109,21,0,62 63 3 88,1,17,,763194,21,0,62 63 3 88,1,18,,609308,21,0,62 63 3 88,1,58,,654117,21,0,62 63 3 88,1,18,,763180,21,0,62 63 3 88,1,18,,763174,21,0,62 63 3 88,1,18,,763196,21,0,62 63 3 88,1,58,,763190,21,0,62 63 3 88,1,18,,763185,21,0,62 63 3 88,1,18,,763159,21,0,62 63 3 88,1,56,,763158,21,0,62 63 3 88,1,14,,763161,21,0,62 63 3 88,1,16,,763201,21,0,62 63 3 88,1,19,,763179,21,0,62 63 3 88,1,60,,574225,21,0,62 63 3 88,1,20,,763203,21,0,62 63 3 88,1,20,,763171,21,0,62 63 3 88,1,60,,763166,21,0,62 63 3 88,1,20,,763191,21,0,62 63 3 88,1,20,,763182,21,0,62 63 3 88,1,60,,763167,21,0,62 63 3 88,1
37303,'1',2544,,771016,29,0,11 12 9 3 73,1,65,,771015,29,0,11 12 9 3 73,1,30,,771018,29,0,11 12 9 3 73,1,70,,599658,29,0,11 12 9 3 73,1,30,,771020,29,0,11 12 9 3 73,1,70,,771017,29,0,11 12 9 3 73,1,30,,771019,29,0,11 12 9 3 73,1
37303,'2',2539,,771022,29,0,11 12 9 3 73,1,70,,632401,29,0,11 12 9 3 73,1,30,,684698,29,0,11 12 9 3 73,1,70,,650459,29,0,11 12 9 3 73,1,30,,397297,29,0,11 12 9 3 73,1,70,,771021,29,0,11 12 9 3 73,1,30,,771023,29,0,11 12 9 3 73,1
37303,'3',509,,771029,29,0,11 12 9 3 73,1,30,,771025,29,0,11 12 9 3 73,1,70,,771033,29,0,11 12 9 3 73,1,30,,771028,29,0,11 12 9 3 73,1,70,,683010,29,0,11 12 9 3 73,1,1845,,688023,29,0,11 12 9 3 73,1,65,,771032,29,0,11 12 9 3 73,1,30,,771024,29,0,11 12 9 3 73,1,70,,771027,29,0,11 12 9 3 73,1,30,,771026,29,0,11 12 9 3 73,1,70,,771030,29,0,11 12 9 3 73,1,30,,771031,29,0,11 12 9 3 73,1
37303,'5',2539,,771039,29,0,11 12 9 3 73,1,70,,771036,29,0,11 12 9 3 73,1,30,,771038,29,0,11 12 9 3 73,1,70,,771037,29,0,11 12 9 3 73,1,30,,771035,29,0,11 12 9 3 73,1,70,,606036,29,0,11 12 9 3 73,1,30,,771034,29,0,11 12 9 3 73,1
