1103,'1',531,,692210,17,0,5 9,1,20,,692224,17,0,5 9,1,60,,658851,17,0,5 9,1,20,,692162,17,0,5 9,1,20,,692178,17,0,5 9,1,64,,692235,17,0,5 9,1,21,,692179,17,0,5 9,1,17,,692158,17,0,5 9,1,3,,611936,17,0,5 9,1,60,,665867,17,0,5 9,1,20,,692228,17,0,5 9,1,20,,483356,17,0,5 9,1,57,,692180,17,0,5 9,1,22,,692233,17,0,5 9,1,22,,692188,17,0,5 9,1,62,,692215,17,0,5 9,1,22,,620516,17,0,5 9,1,62,,692229,17,0,5 9,1,22,,692161,17,0,5 9,1,22,,692183,17,0,5 9,1,62,,692186,17,0,5 9,1,22,,692207,17,0,5 9,1,22,,678360,17,0,5 9,1,62,,692225,17,0,5 9,1,22,,692232,17,0,5 9,1,22,,692217,17,0,5 9,1,67,,692211,17,0,5 9,1,19,,692166,17,0,5 9,1,58,,692221,17,0,5 9,1,18,,677556,17,0,5 9,1,18,,692182,17,0,5 9,1,18,,692201,17,0,5 9,1,58,,692170,17,0,5 9,1,18,,692230,17,0,5 9,1,18,,692172,17,0,5 9,1,58,,563012,17,0,5 9,1,18,,692218,17,0,5 9,1,14,,692177,17,0,5 9,1,18,,692209,17,0,5 9,1,58,,692165,17,0,5 9,1,26,,692208,17,0,5 9,1,68,,692157,17,0,5 9,1,28,,648015,17,0,5 9,1,68,,692176,17,0,5 9,1,28,,692226,17,0,5 9,1,68,,680060,17,0,5 9,1,24,,625822,17,0,5 9,1,28,,603362,17,0,5 9,1,61,,692164,17,0,5 9,1,19,,692171,17,0,5 9,1,20,,692185,17,0,5 9,1,59,,692193,17,0,5 9,1,20,,692199,17,0,5 9,1,20,,658014,17,0,5 9,1,60,,666845,17,0,5 9,1,20,,550153,17,0,5 9,1,20,,692196,17,0,5 9,1,66,,692231,17,0,5 9,1
1103,'2',612,,692270,17,0,5 9,1,24,,692243,17,0,5 9,1,64,,692283,17,0,5 9,1,24,,679668,17,0,5 9,1,24,,692251,17,0,5 9,1,64,,692250,17,0,5 9,1,30,,692245,17,0,5 9,1,68,,630803,17,0,5 9,1,28,,692299,17,0,5 9,1,68,,692248,17,0,5 9,1,28,,692291,17,0,5 9,1,68,,692290,17,0,5 9,1,28,,692242,17,0,5 9,1,28,,690018,17,0,5 9,1,65,,692292,17,0,5 9,1,27,,692267,17,0,5 9,1,65,,692276,17,0,5 9,1,25,,692268,17,0,5 9,1,65,,692239,17,0,5 9,1,25,,692265,17,0,5 9,1,25,,692282,17,0,5 9,1,65,,692303,17,0,5 9,1,25,,692244,17,0,5 9,1,65,,692295,17,0,5 9,1,25,,568143,17,0,5 9,1,65,,692286,17,0,5 9,1,25,,692240,17,0,5 9,1,25,,692304,17,0,5 9,1,65,,612490,17,0,5 9,1,25,,692285,17,0,5 9,1,65,,692306,17,0,5 9,1,23,,692289,17,0,5 9,1,25,,692284,17,0,5 9,1,65,,682211,17,0,5 9,1,25,,692255,17,0,5 9,1,65,,451826,17,0,5 9,1,25,,692269,17,0,5 9,1,25,,692246,17,0,5 9,1,64,,692253,17,0,5 9,1,25,,692247,17,0,5 9,1,63,,692277,17,0,5 9,1,25,,692262,17,0,5 9,1,65,,692281,17,0,5 9,1,26,,567058,17,0,5 9,1,30,,692264,17,0,5 9,1,70,,649569,17,0,5 9,1
1103,'3',732,,692322,17,0,5 9,1,25,,692320,17,0,5 9,1,65,,692321,17,0,5 9,1,25,,692325,17,0,5 9,1,65,,692375,17,0,5 9,1,25,,692334,17,0,5 9,1,65,,692310,17,0,5 9,1,25,,692365,17,0,5 9,1,25,,692337,17,0,5 9,1,65,,692312,17,0,5 9,1,25,,692333,17,0,5 9,1,69,,692346,17,0,5 9,1,30,,692360,17,0,5 9,1,70,,692372,17,0,5 9,1,30,,692317,17,0,5 9,1,70,,692370,17,0,5 9,1,30,,692315,17,0,5 9,1,70,,692358,17,0,5 9,1,30,,692340,17,0,5 9,1,70,,692354,17,0,5 9,1,30,,692364,17,0,5 9,1,70,,692328,17,0,5 9,1,30,,692313,17,0,5 9,1,70,,692355,17,0,5 9,1,30,,692368,17,0,5 9,1,65,,692361,17,0,5 9,1,25,,692319,17,0,5 9,1,24,,692308,17,0,5 9,1,65,,692349,17,0,5 9,1,25,,692356,17,0,5 9,1,65,,692345,17,0,5 9,1,25,,692352,17,0,5 9,1,65,,692363,17,0,5 9,1,29,,623041,17,0,5 9,1,25,,658725,17,0,5 9,1,65,,692369,17,0,5 9,1,25,,692347,17,0,5 9,1,65,,692327,17,0,5 9,1,25,,692338,17,0,5 9,1,20,,692371,17,0,5 9,1,65,,692342,17,0,5 9,1
1103,'5',732,,692440,17,0,5 9,1,25,,667609,17,0,5 9,1,65,,692424,17,0,5 9,1,25,,657665,17,0,5 9,1,65,,692388,17,0,5 9,1,25,,692391,17,0,5 9,1,65,,692393,17,0,5 9,1,25,,692389,17,0,5 9,1,25,,692430,17,0,5 9,1,65,,692385,17,0,5 9,1,25,,692399,17,0,5 9,1,69,,692429,17,0,5 9,1,30,,692383,17,0,5 9,1,70,,692419,17,0,5 9,1,30,,621779,17,0,5 9,1,70,,692420,17,0,5 9,1,30,,692403,17,0,5 9,1,70,,692425,17,0,5 9,1,30,,692439,17,0,5 9,1,70,,692417,17,0,5 9,1,30,,692433,17,0,5 9,1,70,,661361,17,0,5 9,1,30,,669703,17,0,5 9,1,70,,650648,17,0,5 9,1,30,,692397,17,0,5 9,1,65,,646827,17,0,5 9,1,25,,692407,17,0,5 9,1,24,,692418,17,0,5 9,1,65,,692392,17,0,5 9,1,25,,692427,17,0,5 9,1,65,,692398,17,0,5 9,1,25,,692410,17,0,5 9,1,65,,692401,17,0,5 9,1,29,,692435,17,0,5 9,1,25,,602121,17,0,5 9,1,65,,692412,17,0,5 9,1,25,,567831,17,0,5 9,1,65,,677501,17,0,5 9,1,25,,692434,17,0,5 9,1,20,,692387,17,0,5 9,1,65,,652995,17,0,5 9,1
12401,'1',551,,756781,13,0,24 25,1,55,,756840,13,0,24 25,1,16,,756835,13,0,24 25,1,11,,756783,13,0,24 25,1,11,,756828,13,0,24 25,1,11,,515425,13,0,24 25,1,49,,756801,13,0,24 25,1,10,,756793,13,0,24 25,1,9,,624402,13,0,24 25,1,9,,756779,13,0,24 25,1,9,,601167,13,0,24 25,1,9,,756794,13,0,24 25,1,9,,756847,13,0,24 25,1,49,,756787,13,0,24 25,1,9,,756790,13,0,24 25,1,9,,756819,13,0,24 25,1,9,,756797,13,0,24 25,1,9,,756832,13,0,24 25,1,9,,756830,13,0,24 25,1,49,,756792,13,0,24 25,1,9,,756839,13,0,24 25,1,8,,756818,13,0,24 25,1,15,,756829,13,0,24 25,1,16,,575650,13,0,24 25,1,56,,756824,13,0,24 25,1,18,,756814,13,0,24 25,1,18,,756833,13,0,24 25,1,58,,756806,13,0,24 25,1,18,,559310,13,0,24 25,1,18,,756815,13,0,24 25,1,18,,689945,13,0,24 25,1,58,,756838,13,0,24 25,1,18,,756812,13,0,24 25,1,18,,756817,13,0,24 25,1,58,,613560,13,0,24 25,1,18,,756789,13,0,24 25,1,18,,756804,13,0,24 25,1,58,,756841,13,0,24 25,1,18,,756811,13,0,24 25,1,18,,756810,13,0,24 25,1,18,,649373,13,0,24 25,1,58,,756823,13,0,24 25,1,18,,756788,13,0,24 25,1,13,,756848,13,0,24 25,1,10,,756796,13,0,24 25,1,49,,756834,13,0,24 25,1,9,,756778,13,0,24 25,1,9,,756813,13,0,24 25,1,9,,652338,13,0,24 25,1,9,,756784,13,0,24 25,1,9,,658015,13,0,24 25,1,9,,756836,13,0,24 25,1,49,,756837,13,0,24 25,1,9,,756809,13,0,24 25,1,9,,756816,13,0,24 25,1,9,,756844,13,0,24 25,1,9,,756842,13,0,24 25,1,9,,657471,13,0,24 25,1,9,,756786,13,0,24 25,1,49,,756827,13,0,24 25,1,9,,756782,13,0,24 25,1,9,,600335,13,0,24 25,1,9,,756795,13,0,24 25,1,9,,623872,13,0,24 25,1,7,,756780,13,0,24 25,1,49,,756805,13,0,24 25,1,9,,668623,13,0,24 25,1,14,,519113,13,0,24 25,1,15,,756799,13,0,24 25,1,15,,756820,13,0,24 25,1,55,,756821,13,0,24 25,1,15,,756822,13,0,24 25,1,15,,756843,13,0,24 25,1,15,,756800,13,0,24 25,1,55,,756825,13,0,24 25,1,15,,756803,13,0,24 25,1,14,,756791,13,0,24 25,1,15,,756808,13,0,24 25,1,55,,756845,13,0,24 25,1,15,,756785,13,0,24 25,1,30,,756798,13,0,24 25,1,70,,756831,13,0,24 25,1,30,,668059,13,0,24 25,1,70,,608651,13,0,24 25,1,30,,756846,13,0,24 25,1,70,,756826,13,0,24 25,1,34,,756807,13,0,24 25,1,70,,756802,13,0,24 25,1
12401,'2',603,,630713,13,0,24 25,1,15,,622681,13,0,24 25,1,15,,636606,13,0,24 25,1,15,,756860,13,0,24 25,1,55,,756892,13,0,24 25,1,15,,756856,13,0,24 25,1,15,,756876,13,0,24 25,1,15,,634739,13,0,24 25,1,55,,756877,13,0,24 25,1,15,,756869,13,0,24 25,1,15,,756864,13,0,24 25,1,15,,756872,13,0,24 25,1,55,,756851,13,0,24 25,1,15,,649959,13,0,24 25,1,15,,756849,13,0,24 25,1,15,,756875,13,0,24 25,1,55,,756882,13,0,24 25,1,15,,756862,13,0,24 25,1,15,,756888,13,0,24 25,1,15,,756855,13,0,24 25,1,55,,756885,13,0,24 25,1,15,,756896,13,0,24 25,1,15,,756893,13,0,24 25,1,15,,756858,13,0,24 25,1,55,,756874,13,0,24 25,1,16,,756871,13,0,24 25,1,15,,756854,13,0,24 25,1,15,,611264,13,0,24 25,1,55,,680239,13,0,24 25,1,15,,680588,13,0,24 25,1,15,,756900,13,0,24 25,1,15,,756891,13,0,24 25,1,55,,756899,13,0,24 25,1,15,,756897,13,0,24 25,1,15,,756850,13,0,24 25,1,15,,756879,13,0,24 25,1,55,,756859,13,0,24 25,1,15,,756873,13,0,24 25,1,15,,756857,13,0,24 25,1,15,,756887,13,0,24 25,1,55,,756898,13,0,24 25,1,15,,660294,13,0,24 25,1,15,,756881,13,0,24 25,1,15,,756895,13,0,24 25,1,55,,756870,13,0,24 25,1,15,,680394,13,0,24 25,1,15,,756866,13,0,24 25,1,15,,756863,13,0,24 25,1,55,,756886,13,0,24 25,1,15,,756894,13,0,24 25,1,15,,680676,13,0,24 25,1,15,,639646,13,0,24 25,1,55,,756861,13,0,24 25,1,20,,619080,13,0,24 25,1,30,,654388,13,0,24 25,1,70,,756853,13,0,24 25,1,30,,756878,13,0,24 25,1,70,,756865,13,0,24 25,1,30,,756883,13,0,24 25,1,67,,756890,13,0,24 25,1,30,,656888,13,0,24 25,1,70,,756852,13,0,24 25,1,30,,756884,13,0,24 25,1,70,,756889,13,0,24 25,1,30,,756868,13,0,24 25,1,70,,756867,13,0,24 25,1,35,,756901,13,0,24 25,1,70,,756880,13,0,24 25,1
12401,'3',602,,618077,13,0,24 25,1,15,,554214,13,0,24 25,1,15,,756927,13,0,24 25,1,15,,685261,13,0,24 25,1,55,,756916,13,0,24 25,1,15,,756946,13,0,24 25,1,15,,756905,13,0,24 25,1,15,,756955,13,0,24 25,1,55,,657325,13,0,24 25,1,15,,756921,13,0,24 25,1,15,,756930,13,0,24 25,1,15,,756923,13,0,24 25,1,55,,756920,13,0,24 25,1,15,,756919,13,0,24 25,1,15,,756948,13,0,24 25,1,15,,756951,13,0,24 25,1,55,,756934,13,0,24 25,1,15,,756954,13,0,24 25,1,15,,756907,13,0,24 25,1,15,,756942,13,0,24 25,1,55,,689844,13,0,24 25,1,15,,756918,13,0,24 25,1,15,,756932,13,0,24 25,1,15,,756911,13,0,24 25,1,55,,756944,13,0,24 25,1,16,,756931,13,0,24 25,1,15,,756935,13,0,24 25,1,15,,756945,13,0,24 25,1,55,,756953,13,0,24 25,1,15,,756904,13,0,24 25,1,15,,595339,13,0,24 25,1,15,,756903,13,0,24 25,1,55,,756915,13,0,24 25,1,15,,756939,13,0,24 25,1,15,,756924,13,0,24 25,1,15,,756917,13,0,24 25,1,55,,756952,13,0,24 25,1,15,,756908,13,0,24 25,1,15,,756936,13,0,24 25,1,15,,756909,13,0,24 25,1,55,,756949,13,0,24 25,1,15,,756910,13,0,24 25,1,15,,756947,13,0,24 25,1,15,,756941,13,0,24 25,1,55,,756913,13,0,24 25,1,15,,756912,13,0,24 25,1,15,,756925,13,0,24 25,1,15,,662475,13,0,24 25,1,55,,756940,13,0,24 25,1,15,,756943,13,0,24 25,1,15,,756914,13,0,24 25,1,15,,629992,13,0,24 25,1,55,,756906,13,0,24 25,1,19,,756938,13,0,24 25,1,30,,756937,13,0,24 25,1,70,,756926,13,0,24 25,1,30,,649637,13,0,24 25,1,70,,756950,13,0,24 25,1,30,,756929,13,0,24 25,1,69,,756902,13,0,24 25,1,30,,756933,13,0,24 25,1,70,,624228,13,0,24 25,1,30,,756922,13,0,24 25,1,70,,756928,13,0,24 25,1,30,,756956,13,0,24 25,1,70,,522626,13,0,24 25,1,35,,687752,13,0,24 25,1,70,,684746,13,0,24 25,1
12401,'5',602,,647846,13,0,24 25,1,15,,658751,13,0,24 25,1,15,,756961,13,0,24 25,1,15,,756994,13,0,24 25,1,55,,757002,13,0,24 25,1,15,,756983,13,0,24 25,1,15,,756969,13,0,24 25,1,15,,620454,13,0,24 25,1,55,,756975,13,0,24 25,1,15,,756984,13,0,24 25,1,15,,756996,13,0,24 25,1,15,,619396,13,0,24 25,1,55,,756978,13,0,24 25,1,15,,756974,13,0,24 25,1,15,,587153,13,0,24 25,1,15,,757010,13,0,24 25,1,55,,658750,13,0,24 25,1,15,,756987,13,0,24 25,1,15,,756966,13,0,24 25,1,15,,756973,13,0,24 25,1,55,,756959,13,0,24 25,1,15,,756979,13,0,24 25,1,15,,756993,13,0,24 25,1,15,,756967,13,0,24 25,1,55,,756968,13,0,24 25,1,16,,757003,13,0,24 25,1,15,,756972,13,0,24 25,1,15,,757004,13,0,24 25,1,55,,756995,13,0,24 25,1,15,,756990,13,0,24 25,1,15,,757006,13,0,24 25,1,15,,757012,13,0,24 25,1,55,,756964,13,0,24 25,1,15,,757001,13,0,24 25,1,15,,756980,13,0,24 25,1,15,,757007,13,0,24 25,1,55,,756985,13,0,24 25,1,15,,756998,13,0,24 25,1,15,,756988,13,0,24 25,1,15,,756992,13,0,24 25,1,55,,756989,13,0,24 25,1,15,,757008,13,0,24 25,1,15,,624864,13,0,24 25,1,15,,756976,13,0,24 25,1,55,,677454,13,0,24 25,1,15,,756960,13,0,24 25,1,15,,756982,13,0,24 25,1,15,,757013,13,0,24 25,1,55,,756971,13,0,24 25,1,15,,756970,13,0,24 25,1,15,,756965,13,0,24 25,1,15,,757005,13,0,24 25,1,55,,756963,13,0,24 25,1,19,,757011,13,0,24 25,1,30,,756962,13,0,24 25,1,70,,756957,13,0,24 25,1,30,,756981,13,0,24 25,1,70,,756977,13,0,24 25,1,30,,756999,13,0,24 25,1,69,,756986,13,0,24 25,1,30,,756958,13,0,24 25,1,70,,650953,13,0,24 25,1,30,,757009,13,0,24 25,1,70,,608259,13,0,24 25,1,30,,757014,13,0,24 25,1,70,,757000,13,0,24 25,1,35,,756991,13,0,24 25,1,70,,756997,13,0,24 25,1
35201,'1',547,,770634,71,0,11 12 24 25,1,2097,,770638,71,0,11 12 24 25,1,70,,770635,71,0,11 12 24 25,1,30,,678823,71,0,11 12 24 25,1,70,,770633,71,0,11 12 24 25,1,30,,770636,71,0,11 12 24 25,1,70,,770642,71,0,11 12 24 25,1
35201,'2',546,,770646,71,0,11 12 24 25,1,2098,,770652,71,0,11 12 24 25,1,70,,770650,71,0,11 12 24 25,1,30,,770649,71,0,11 12 24 25,1,70,,770655,71,0,11 12 24 25,1,30,,770653,71,0,11 12 24 25,1,70,,770648,71,0,11 12 24 25,1
35201,'3',546,,662994,71,0,11 12 24 25,1,2098,,770664,71,0,11 12 24 25,1,70,,770657,71,0,11 12 24 25,1,30,,609458,71,0,11 12 24 25,1,70,,770656,71,0,11 12 24 25,1,30,,770665,71,0,11 12 24 25,1,70,,668830,71,0,11 12 24 25,1
35201,'5',546,,770668,71,0,11 12 24 25,1,2098,,770672,71,0,11 12 24 25,1,70,,619314,71,0,11 12 24 25,1,30,,770675,71,0,11 12 24 25,1,70,,770673,71,0,11 12 24 25,1,30,,770670,71,0,11 12 24 25,1,70,,559108,71,0,11 12 24 25,1
