7801,'1',640,,733156,1,0,221,1,60,,733175,1,0,221,1,20,,733142,1,0,221,1,20,,733162,1,0,221,1,60,,733140,1,0,221,1,20,,733155,1,0,221,1,20,,668603,1,0,221,1,65,,598045,1,0,221,1,25,,643326,1,0,221,1,25,,634593,1,0,221,1,65,,684547,1,0,221,1,25,,733143,1,0,221,1,65,,733149,1,0,221,1,25,,733167,1,0,221,1,65,,632318,1,0,221,1,25,,733164,1,0,221,1,25,,566533,1,0,221,1,65,,733154,1,0,221,1,25,,733141,1,0,221,1,65,,733171,1,0,221,1,20,,510990,1,0,221,1,20,,733145,1,0,221,1,60,,733172,1,0,221,1,20,,733158,1,0,221,1,20,,733152,1,0,221,1,60,,733144,1,0,221,1,20,,733168,1,0,221,1,20,,733166,1,0,221,1,60,,733160,1,0,221,1,20,,733173,1,0,221,1,20,,614642,1,0,221,1,60,,733161,1,0,221,1,20,,733174,1,0,221,1,20,,733159,1,0,221,1,60,,733153,1,0,221,1,25,,656266,1,0,221,1,25,,733170,1,0,221,1,65,,733157,1,0,221,1,25,,733163,1,0,221,1,65,,733147,1,0,221,1,25,,650331,1,0,221,1,65,,733176,1,0,221,1,30,,733169,1,0,221,1,70,,733165,1,0,221,1,30,,674749,1,0,221,1,70,,733150,1,0,221,1,30,,733146,1,0,221,1,70,,733151,1,0,221,1
7801,'2',630,,733212,1,0,221,1,70,,733185,1,0,221,1,25,,733194,1,0,221,1,25,,733190,1,0,221,1,65,,733206,1,0,221,1,25,,733198,1,0,221,1,65,,733205,1,0,221,1,25,,733196,1,0,221,1,25,,733189,1,0,221,1,65,,733188,1,0,221,1,25,,733207,1,0,221,1,65,,624091,1,0,221,1,25,,733208,1,0,221,1,65,,733211,1,0,221,1,30,,733197,1,0,221,1,70,,733210,1,0,221,1,30,,460042,1,0,221,1,70,,641289,1,0,221,1,30,,733199,1,0,221,1,70,,733204,1,0,221,1,30,,733184,1,0,221,1,70,,733187,1,0,221,1,30,,733202,1,0,221,1,70,,733186,1,0,221,1,30,,733178,1,0,221,1,70,,733193,1,0,221,1,30,,733192,1,0,221,1,70,,733200,1,0,221,1,30,,733182,1,0,221,1,25,,733209,1,0,221,1,65,,733203,1,0,221,1,25,,557668,1,0,221,1,65,,733201,1,0,221,1,25,,632835,1,0,221,1,65,,733195,1,0,221,1,30,,733183,1,0,221,1,70,,733191,1,0,221,1,30,,733180,1,0,221,1,70,,685808,1,0,221,1,30,,687953,1,0,221,1,70,,733179,1,0,221,1
7801,'3',750,,733244,1,0,221,1,65,,683625,1,0,221,1,25,,733232,1,0,221,1,65,,636042,1,0,221,1,25,,687729,1,0,221,1,25,,733235,1,0,221,1,65,,733237,1,0,221,1,25,,733226,1,0,221,1,65,,733231,1,0,221,1,25,,616948,1,0,221,1,65,,733236,1,0,221,1,25,,733239,1,0,221,1,25,,733228,1,0,221,1,65,,647662,1,0,221,1,25,,733219,1,0,221,1,65,,733227,1,0,221,1,25,,733233,1,0,221,1,25,,733218,1,0,221,1,65,,733214,1,0,221,1,25,,733241,1,0,221,1,65,,733217,1,0,221,1,25,,733225,1,0,221,1,65,,733221,1,0,221,1,25,,661316,1,0,221,1,25,,733215,1,0,221,1,65,,733243,1,0,221,1,25,,733213,1,0,221,1,65,,733222,1,0,221,1,25,,733234,1,0,221,1,25,,624663,1,0,221,1,65,,733229,1,0,221,1,25,,663363,1,0,221,1,65,,733238,1,0,221,1,25,,733224,1,0,221,1,65,,733245,1,0,221,1,30,,733216,1,0,221,1,70,,524636,1,0,221,1,30,,733240,1,0,221,1,70,,733230,1,0,221,1,30,,733220,1,0,221,1,70,,733242,1,0,221,1
7801,'5',630,,564695,1,0,221,1,70,,733281,1,0,221,1,25,,518872,1,0,221,1,25,,733273,1,0,221,1,65,,733247,1,0,221,1,25,,733275,1,0,221,1,65,,733276,1,0,221,1,25,,733282,1,0,221,1,25,,733250,1,0,221,1,65,,733248,1,0,221,1,25,,625323,1,0,221,1,65,,733254,1,0,221,1,25,,733270,1,0,221,1,65,,733257,1,0,221,1,25,,733272,1,0,221,1,25,,733252,1,0,221,1,65,,733251,1,0,221,1,25,,733262,1,0,221,1,65,,733249,1,0,221,1,25,,733246,1,0,221,1,25,,679440,1,0,221,1,65,,733278,1,0,221,1,25,,733260,1,0,221,1,65,,733279,1,0,221,1,25,,733255,1,0,221,1,65,,733267,1,0,221,1,25,,733271,1,0,221,1,25,,733269,1,0,221,1,65,,733261,1,0,221,1,25,,733263,1,0,221,1,65,,653180,1,0,221,1,25,,733253,1,0,221,1,25,,733277,1,0,221,1,65,,733259,1,0,221,1,25,,733258,1,0,221,1,65,,621038,1,0,221,1,25,,733268,1,0,221,1,65,,733274,1,0,221,1,30,,733283,1,0,221,1,70,,733265,1,0,221,1,30,,733264,1,0,221,1,70,,733266,1,0,221,1,30,,733284,1,0,221,1,70,,733256,1,0,221,1
7802,'1',626,,612897,19,4,,1,21,,733303,19,4,,1,60,,733295,19,4,,1,20,,733302,19,4,,1,22,,733308,19,4,,1,60,,671883,19,4,,1,20,,733294,19,4,,1,20,,733300,19,4,,1,60,,733289,19,4,,1,25,,733291,19,4,,1,25,,617396,19,4,,1,65,,686117,19,4,,1,25,,733285,19,4,,1,65,,733309,19,4,,1,25,,605320,19,4,,1,65,,651882,19,4,,1,25,,733313,19,4,,1,25,,614653,19,4,,1,65,,580580,19,4,,1,25,,733304,19,4,,1,65,,733307,19,4,,1,26,,733288,19,4,,1,20,,733287,19,4,,1,62,,733301,19,4,,1,20,,733286,19,4,,1,20,,733305,19,4,,1,60,,733297,19,4,,1,20,,654552,19,4,,1,20,,625439,19,4,,1,60,,733293,19,4,,1,20,,733314,19,4,,1,20,,733317,19,4,,1,60,,587265,19,4,,1,20,,733315,19,4,,1,20,,689700,19,4,,1,60,,733312,19,4,,1,19,,649900,19,4,,1,22,,733316,19,4,,1,65,,555105,19,4,,1,25,,733290,19,4,,1,65,,733296,19,4,,1,25,,733311,19,4,,1,65,,733298,19,4,,1,25,,733292,19,4,,1,30,,733306,19,4,,1,67,,733310,19,4,,1,30,,666284,19,4,,1,70,,677837,19,4,,1,31,,733299,19,4,,1
7802,'2',624,,733322,19,4,,1,30,,608567,19,4,,1,70,,733337,19,4,,1,25,,614861,19,4,,1,68,,733350,19,4,,1,28,,733334,19,4,,1,65,,733319,19,4,,1,25,,733328,19,4,,1,65,,640341,19,4,,1,25,,733335,19,4,,1,25,,733321,19,4,,1,65,,733327,19,4,,1,25,,733341,19,4,,1,65,,733336,19,4,,1,27,,733347,19,4,,1,70,,733329,19,4,,1,30,,733325,19,4,,1,70,,733320,19,4,,1,30,,733318,19,4,,1,70,,733345,19,4,,1,30,,733331,19,4,,1,70,,733323,19,4,,1,30,,733326,19,4,,1,70,,733330,19,4,,1,30,,733349,19,4,,1,70,,733339,19,4,,1,30,,733342,19,4,,1,70,,733344,19,4,,1,30,,733333,19,4,,1,68,,733346,19,4,,1,25,,613029,19,4,,1,25,,685421,19,4,,1,65,,733332,19,4,,1,25,,733338,19,4,,1,65,,473760,19,4,,1,18,,733343,19,4,,1,30,,656895,19,4,,1,70,,580163,19,4,,1,30,,733348,19,4,,1,70,,733340,19,4,,1,33,,733324,19,4,,1
7802,'3',755,,733352,19,4,,1,65,,733382,19,4,,1,25,,733373,19,4,,1,65,,640720,19,4,,1,25,,733386,19,4,,1,65,,733360,19,4,,1,25,,733369,19,4,,1,25,,733376,19,4,,1,65,,733363,19,4,,1,25,,733370,19,4,,1,65,,733377,19,4,,1,25,,733385,19,4,,1,25,,733375,19,4,,1,65,,733383,19,4,,1,25,,733384,19,4,,1,65,,733359,19,4,,1,25,,639101,19,4,,1,65,,733371,19,4,,1,25,,666476,19,4,,1,25,,733364,19,4,,1,65,,733366,19,4,,1,25,,622064,19,4,,1,65,,733355,19,4,,1,25,,733365,19,4,,1,25,,733380,19,4,,1,65,,733368,19,4,,1,25,,733367,19,4,,1,65,,733353,19,4,,1,25,,733361,19,4,,1,65,,733354,19,4,,1,25,,733351,19,4,,1,25,,733358,19,4,,1,65,,666941,19,4,,1,25,,733372,19,4,,1,65,,733378,19,4,,1,18,,733379,19,4,,1,30,,733356,19,4,,1,70,,733374,19,4,,1,30,,733381,19,4,,1,70,,733357,19,4,,1,33,,733362,19,4,,1
7802,'5',624,,733396,19,4,,1,30,,733395,19,4,,1,70,,733405,19,4,,1,25,,733402,19,4,,1,68,,733394,19,4,,1,28,,733406,19,4,,1,65,,733414,19,4,,1,25,,549155,19,4,,1,65,,733390,19,4,,1,25,,571800,19,4,,1,25,,733403,19,4,,1,65,,733412,19,4,,1,25,,733416,19,4,,1,65,,569137,19,4,,1,25,,733398,19,4,,1,25,,733387,19,4,,1,65,,733415,19,4,,1,25,,525307,19,4,,1,65,,733404,19,4,,1,25,,733409,19,4,,1,65,,733401,19,4,,1,25,,733388,19,4,,1,25,,651862,19,4,,1,65,,733400,19,4,,1,25,,612699,19,4,,1,65,,733411,19,4,,1,25,,534910,19,4,,1,25,,659163,19,4,,1,65,,733397,19,4,,1,25,,612190,19,4,,1,65,,628707,19,4,,1,25,,733407,19,4,,1,65,,687466,19,4,,1,25,,733413,19,4,,1,25,,733408,19,4,,1,65,,689467,19,4,,1,25,,733391,19,4,,1,65,,733399,19,4,,1,18,,733393,19,4,,1,30,,733389,19,4,,1,70,,733392,19,4,,1,30,,733410,19,4,,1,70,,605421,19,4,,1,33,,638623,19,4,,1
11501,'1',610,,753173,1,0,56,1,20,,753165,1,0,56,1,20,,753166,1,0,56,1,60,,753153,1,0,56,1,20,,619575,1,0,56,1,20,,753167,1,0,56,1,60,,753155,1,0,56,1,20,,753179,1,0,56,1,20,,652331,1,0,56,1,65,,753159,1,0,56,1,25,,680204,1,0,56,1,65,,472967,1,0,56,1,25,,753176,1,0,56,1,25,,753163,1,0,56,1,65,,690178,1,0,56,1,25,,753168,1,0,56,1,65,,753161,1,0,56,1,25,,753170,1,0,56,1,65,,753157,1,0,56,1,25,,753172,1,0,56,1,24,,753175,1,0,56,1,60,,523075,1,0,56,1,15,,753178,1,0,56,1,16,,753174,1,0,56,1,60,,753171,1,0,56,1,20,,673513,1,0,56,1,20,,753154,1,0,56,1,60,,665647,1,0,56,1,20,,753156,1,0,56,1,20,,753160,1,0,56,1,60,,612426,1,0,56,1,20,,607196,1,0,56,1,20,,753169,1,0,56,1,60,,753152,1,0,56,1,20,,530382,1,0,56,1,20,,753180,1,0,56,1,60,,753158,1,0,56,1,20,,631283,1,0,56,1,20,,753151,1,0,56,1,65,,640551,1,0,56,1,25,,753177,1,0,56,1,25,,753162,1,0,56,1,65,,403942,1,0,56,1,25,,646141,1,0,56,1,65,,753164,1,0,56,1
11501,'2',610,,753182,1,0,56,1,30,,753197,1,0,56,1,70,,753208,1,0,56,1,25,,566170,1,0,56,1,65,,651134,1,0,56,1,25,,657276,1,0,56,1,25,,753193,1,0,56,1,65,,753186,1,0,56,1,25,,753202,1,0,56,1,65,,753190,1,0,56,1,25,,753189,1,0,56,1,25,,753204,1,0,56,1,65,,753207,1,0,56,1,25,,753183,1,0,56,1,65,,753185,1,0,56,1,30,,753191,1,0,56,1,70,,753200,1,0,56,1,30,,753199,1,0,56,1,70,,673208,1,0,56,1,30,,753195,1,0,56,1,70,,753205,1,0,56,1,30,,662681,1,0,56,1,70,,632479,1,0,56,1,30,,753194,1,0,56,1,70,,753206,1,0,56,1,30,,753198,1,0,56,1,70,,753201,1,0,56,1,30,,753181,1,0,56,1,70,,753209,1,0,56,1,30,,753203,1,0,56,1,65,,753184,1,0,56,1,25,,753187,1,0,56,1,25,,625555,1,0,56,1,65,,753192,1,0,56,1,25,,753196,1,0,56,1,65,,753188,1,0,56,1
11501,'3',735,,753226,1,0,56,1,65,,753231,1,0,56,1,25,,753211,1,0,56,1,25,,753219,1,0,56,1,65,,753222,1,0,56,1,25,,753220,1,0,56,1,65,,389015,1,0,56,1,25,,659074,1,0,56,1,25,,753212,1,0,56,1,65,,753227,1,0,56,1,25,,633612,1,0,56,1,65,,622442,1,0,56,1,25,,753229,1,0,56,1,65,,656567,1,0,56,1,25,,659817,1,0,56,1,25,,640404,1,0,56,1,65,,753216,1,0,56,1,25,,753215,1,0,56,1,65,,753218,1,0,56,1,25,,753221,1,0,56,1,25,,753233,1,0,56,1,65,,753214,1,0,56,1,25,,666955,1,0,56,1,65,,753224,1,0,56,1,25,,753225,1,0,56,1,65,,608411,1,0,56,1,25,,753223,1,0,56,1,25,,753210,1,0,56,1,65,,628902,1,0,56,1,25,,753217,1,0,56,1,65,,753232,1,0,56,1,25,,753228,1,0,56,1,25,,508247,1,0,56,1,65,,753230,1,0,56,1,25,,636764,1,0,56,1,65,,753213,1,0,56,1
11501,'5',610,,753259,1,0,56,1,30,,753240,1,0,56,1,70,,627800,1,0,56,1,25,,753253,1,0,56,1,65,,753261,1,0,56,1,25,,753234,1,0,56,1,25,,753264,1,0,56,1,65,,753245,1,0,56,1,25,,753258,1,0,56,1,65,,753246,1,0,56,1,25,,608828,1,0,56,1,25,,578844,1,0,56,1,65,,667466,1,0,56,1,25,,753236,1,0,56,1,65,,753257,1,0,56,1,25,,580382,1,0,56,1,65,,753239,1,0,56,1,25,,753237,1,0,56,1,25,,753249,1,0,56,1,65,,753255,1,0,56,1,25,,753238,1,0,56,1,65,,753243,1,0,56,1,25,,753252,1,0,56,1,25,,753241,1,0,56,1,65,,753244,1,0,56,1,25,,753242,1,0,56,1,65,,753265,1,0,56,1,25,,753256,1,0,56,1,65,,753248,1,0,56,1,25,,753260,1,0,56,1,25,,682067,1,0,56,1,65,,753254,1,0,56,1,25,,753263,1,0,56,1,65,,753262,1,0,56,1,25,,753251,1,0,56,1,25,,753250,1,0,56,1,65,,753247,1,0,56,1,25,,753235,1,0,56,1,65,,525327,1,0,56,1
11502,'1',645,,753285,23,4,,1,60,,753282,23,4,,1,21,,753268,23,4,,1,29,,753273,23,4,,1,61,,753278,23,4,,1,20,,753271,23,4,,1,20,,678173,23,4,,1,60,,753283,23,4,,1,20,,685140,23,4,,1,17,,753291,23,4,,1,62,,753267,23,4,,1,25,,638134,23,4,,1,65,,753269,23,4,,1,25,,404032,23,4,,1,25,,753279,23,4,,1,65,,493727,23,4,,1,25,,651473,23,4,,1,65,,585030,23,4,,1,25,,578545,23,4,,1,65,,604373,23,4,,1,25,,753284,23,4,,1,25,,753280,23,4,,1,65,,522914,23,4,,1,25,,753290,23,4,,1,62,,753286,23,4,,1,20,,753288,23,4,,1,20,,678642,23,4,,1,60,,753275,23,4,,1,20,,753272,23,4,,1,20,,593766,23,4,,1,60,,753277,23,4,,1,20,,652883,23,4,,1,20,,753266,23,4,,1,61,,625415,23,4,,1,5,,753270,23,4,,1,20,,626261,23,4,,1,22,,612357,23,4,,1,9,,753287,23,4,,1,56,,753289,23,4,,1,25,,753281,23,4,,1,65,,753292,23,4,,1,25,,753274,23,4,,1,25,,595019,23,4,,1,65,,411989,23,4,,1,26,,753276,23,4,,1
11502,'2',643,,753307,23,4,,1,68,,753319,23,4,,1,30,,753320,23,4,,1,65,,753312,23,4,,1,30,,753310,23,4,,1,65,,753302,23,4,,1,25,,646021,23,4,,1,25,,572226,23,4,,1,65,,640632,23,4,,1,25,,753306,23,4,,1,65,,628164,23,4,,1,25,,753313,23,4,,1,25,,753298,23,4,,1,66,,676286,23,4,,1,27,,620297,23,4,,1,70,,753308,23,4,,1,30,,753311,23,4,,1,70,,753304,23,4,,1,30,,753293,23,4,,1,70,,753303,23,4,,1,30,,753299,23,4,,1,70,,753314,23,4,,1,30,,753315,23,4,,1,70,,753301,23,4,,1,30,,753295,23,4,,1,70,,753296,23,4,,1,30,,753300,23,4,,1,68,,753305,23,4,,1,30,,753317,23,4,,1,67,,753309,23,4,,1,25,,569277,23,4,,1,65,,753294,23,4,,1,25,,644055,23,4,,1,25,,753316,23,4,,1,65,,753318,23,4,,1,25,,753297,23,4,,1
11502,'3',806,,576688,23,4,,1,25,,594441,23,4,,1,25,,753336,23,4,,1,65,,753325,23,4,,1,25,,753339,23,4,,1,65,,753327,23,4,,1,25,,753344,23,4,,1,65,,753329,23,4,,1,25,,753328,23,4,,1,25,,753322,23,4,,1,66,,753326,23,4,,1,27,,650179,23,4,,1,65,,753324,23,4,,1,25,,753337,23,4,,1,25,,753343,23,4,,1,65,,753341,23,4,,1,25,,753331,23,4,,1,65,,753323,23,4,,1,25,,753342,23,4,,1,65,,753335,23,4,,1,25,,619900,23,4,,1,25,,599005,23,4,,1,65,,753338,23,4,,1,25,,753345,23,4,,1,65,,753321,23,4,,1,25,,753333,23,4,,1,25,,607677,23,4,,1,64,,753334,23,4,,1,23,,753332,23,4,,1,65,,661318,23,4,,1,25,,613066,23,4,,1,65,,651746,23,4,,1,25,,666771,23,4,,1,25,,688292,23,4,,1,65,,753340,23,4,,1,27,,753330,23,4,,1
11502,'5',643,,753371,23,4,,1,68,,753363,23,4,,1,30,,753376,23,4,,1,65,,536639,23,4,,1,25,,753367,23,4,,1,25,,753366,23,4,,1,65,,519230,23,4,,1,25,,753369,23,4,,1,65,,753351,23,4,,1,25,,753378,23,4,,1,65,,753350,23,4,,1,25,,753372,23,4,,1,25,,753368,23,4,,1,66,,753346,23,4,,1,27,,753365,23,4,,1,65,,753347,23,4,,1,25,,753364,23,4,,1,25,,753359,23,4,,1,65,,753361,23,4,,1,25,,753353,23,4,,1,65,,664906,23,4,,1,25,,753373,23,4,,1,65,,669716,23,4,,1,25,,753377,23,4,,1,25,,753348,23,4,,1,65,,753356,23,4,,1,25,,753374,23,4,,1,65,,753370,23,4,,1,25,,753354,23,4,,1,25,,753360,23,4,,1,64,,753357,23,4,,1,23,,753375,23,4,,1,65,,753358,23,4,,1,25,,753349,23,4,,1,65,,753352,23,4,,1,25,,611838,23,4,,1,25,,753355,23,4,,1,65,,638917,23,4,,1,27,,753362,23,4,,1
