8402,'1',551,,586811,25,0,5 62 63,1,56,,533523,25,0,5 62 63,1,11,,735548,25,0,5 62 63,1,5,,735565,25,0,28 9,1,5,,735613,25,0,5 62 63,1,5,,735473,25,0,31 82 48 15,1,5,,735570,25,0,5 62 63,1,5,,735566,25,0,28 9,1,5,,735607,25,0,5 62 63,1,5,,735577,25,0,31 82 48 15,1,5,,735507,25,0,5 62 63,1,45,,735597,25,0,28 9,1,5,,735610,25,0,5 62 63,1,5,,735513,25,0,31 82 48 15,1,5,,663222,25,0,5 62 63,1,5,,735488,25,0,28 9,1,5,,735581,25,0,5 62 63,1,5,,735498,25,0,31 82 48 15,1,5,,735586,25,0,5 62 63,1,6,,735598,25,0,28 9,1,6,,735521,25,0,5 62 63,1,7,,735588,25,0,31 82 48 15,1,45,,735509,25,0,5 62 63,1,5,,669584,25,0,28 9,1,5,,735483,25,0,5 62 63,1,5,,735538,25,0,31 82 48 15,1,5,,663990,25,0,5 62 63,1,5,,735560,25,0,28 9,1,5,,735536,25,0,5 62 63,1,5,,735549,25,0,31 82 48 15,1,5,,735503,25,0,5 62 63,1,5,,622314,25,0,28 9,1,5,,735530,25,0,5 62 63,1,5,,735573,25,0,31 82 48 15,1,45,,642083,25,0,5 62 63,1,5,,628010,25,0,28 9,1,4,,735552,25,0,5 62 63,1,6,,735511,25,0,31 82 48 15,1,4,,735559,25,0,5 62 63,1,4,,649322,25,0,28 9,1,1,,643958,25,0,5 62 63,1,7,,688940,25,0,5 62 63,1,7,,689271,25,0,5 62 63,1,7,,735527,25,0,5 62 63,1,7,,735590,25,0,5 62 63,1,47,,735540,25,0,5 62 63,1,7,,629574,25,0,5 62 63,1,7,,735578,25,0,5 62 63,1,7,,684883,25,0,5 62 63,1,7,,735534,25,0,5 62 63,1,7,,620850,25,0,5 62 63,1,7,,735595,25,0,5 62 63,1,7,,735494,25,0,5 62 63,1,7,,735470,25,0,5 62 63,1,47,,735604,25,0,5 62 63,1,7,,735584,25,0,5 62 63,1,7,,735575,25,0,5 62 63,1,7,,735506,25,0,5 62 63,1,7,,735614,25,0,5 62 63,1,7,,735587,25,0,5 62 63,1,7,,735541,25,0,5 62 63,1,7,,735556,25,0,5 62 63,1,47,,735514,25,0,5 62 63,1,7,,735516,25,0,5 62 63,1,7,,735551,25,0,5 62 63,1,7,,678851,25,0,5 62 63,1,7,,735576,25,0,5 62 63,1,7,,735519,25,0,5 62 63,1,7,,735594,25,0,5 62 63,1,7,,735572,25,0,5 62 63,1,7,,735543,25,0,5 62 63,1,47,,735547,25,0,5 62 63,1,7,,735493,25,0,5 62 63,1,7,,735510,25,0,5 62 63,1,7,,735544,25,0,5 62 63,1,7,,664787,25,0,5 62 63,1,7,,735533,25,0,5 62 63,1,7,,735593,25,0,5 62 63,1,7,,660931,25,0,5 62 63,1,48,,735486,25,0,5 62 63,1,7,,735484,25,0,5 62 63,1,9,,735490,25,0,5 62 63,1,7,,735524,25,0,5 62 63,1,9,,735508,25,0,5 62 63,1,7,,735605,25,0,5 62 63,1,6,,687554,25,0,31 82 48 15,1,7,,735606,25,0,5 62 63,1,48,,618862,25,0,5 62 63,1,7,,735562,25,0,28 9,1,8,,409038,25,0,31 82 48 15,1,7,,735501,25,0,5 62 63,1,8,,735481,25,0,5 62 63,1,7,,735612,25,0,28 9,1,8,,735529,25,0,31 82 48 15,1,7,,735477,25,0,5 62 63,1,48,,735515,25,0,5 62 63,1,8,,672124,25,0,28 9,1,7,,735571,25,0,31 82 48 15,1,7,,662048,25,0,5 62 63,1,8,,735561,25,0,28 9,1,7,,735591,25,0,5 62 63,1,8,,735580,25,0,31 82 48 15,1,7,,735555,25,0,5 62 63,1,48,,735542,25,0,28 9,1,7,,735495,25,0,5 62 63,1,8,,735502,25,0,31 82 48 15,1,7,,735525,25,0,5 62 63,1,8,,621417,25,0,28 9,1,7,,735553,25,0,5 62 63,1,8,,735589,25,0,31 82 48 15,1,7,,735599,25,0,5 62 63,1,48,,735592,25,0,28 9,1,7,,735500,25,0,5 62 63,1,8,,735523,25,0,31 82 48 15,1,7,,561716,25,0,5 62 63,1,8,,735472,25,0,28 9,1,7,,735563,25,0,5 62 63,1,6,,735602,25,0,31 82 48 15,1,4,,735603,25,0,5 62 63,1,9,,735474,25,0,5 62 63,1,47,,735583,25,0,5 62 63,1,7,,735497,25,0,5 62 63,1,7,,735532,25,0,5 62 63,1,7,,735608,25,0,5 62 63,1,7,,735504,25,0,5 62 63,1,7,,735568,25,0,5 62 63,1,7,,660115,25,0,5 62 63,1,7,,735505,25,0,5 62 63,1,7,,735491,25,0,5 62 63,1,47,,735517,25,0,5 62 63,1,7,,735479,25,0,5 62 63,1,7,,641211,25,0,5 62 63,1,7,,735531,25,0,5 62 63,1,7,,735478,25,0,5 62 63,1,7,,735539,25,0,5 62 63,1,7,,735535,25,0,5 62 63,1,7,,735609,25,0,5 62 63,1,46,,631376,25,0,5 62 63,1,8,,735558,25,0,5 62 63,1,7,,735537,25,0,5 62 63,1,2,,735489,25,0,5 62 63,1,7,,735471,25,0,5 62 63,1,7,,735526,25,0,5 62 63,1,3,,735528,25,0,5 62 63,1,7,,735485,25,0,5 62 63,1,7,,735611,25,0,5 62 63,1,7,,735574,25,0,5 62 63,1,47,,735520,25,0,5 62 63,1,7,,464324,25,0,5 62 63,1,9,,735554,25,0,5 62 63,1,10,,735564,25,0,5 62 63,1,10,,735475,25,0,5 62 63,1,10,,735499,25,0,5 62 63,1,10,,620862,25,0,5 62 63,1,50,,735482,25,0,5 62 63,1,10,,735546,25,0,5 62 63,1,10,,735582,25,0,5 62 63,1,10,,646197,25,0,5 62 63,1,10,,735557,25,0,5 62 63,1,10,,735496,25,0,5 62 63,1,50,,735522,25,0,5 62 63,1,10,,735518,25,0,5 62 63,1,10,,735569,25,0,5 62 63,1,10,,735476,25,0,5 62 63,1,10,,735512,25,0,5 62 63,1,10,,735600,25,0,5 62 63,1,50,,735487,25,0,5 62 63,1,12,,605140,25,0,5 62 63,1,15,,735480,25,0,5 62 63,1,12,,681934,25,0,5 62 63,1,55,,735585,25,0,5 62 63,1,15,,663054,25,0,5 62 63,1,15,,735567,25,0,5 62 63,1
8402,'2',549,,607380,26,0,5 62 63,1,53,,735706,25,0,5 62 63,1,8,,735744,25,0,5 62 63,1,8,,735698,25,0,5 62 63,1,8,,735666,25,0,5 62 63,1,8,,735672,25,0,5 62 63,1,8,,735641,25,0,5 62 63,1,8,,735668,25,0,5 62 63,1,8,,735676,25,0,5 62 63,1,48,,735654,25,0,5 62 63,1,8,,735733,25,0,5 62 63,1,8,,735679,25,0,5 62 63,1,8,,735717,25,0,5 62 63,1,8,,735690,25,0,5 62 63,1,8,,735741,25,0,5 62 63,1,10,,735747,25,0,5 62 63,1,48,,735737,25,0,5 62 63,1,9,,735616,25,0,5 62 63,1,8,,735752,25,0,5 62 63,1,8,,735743,25,0,5 62 63,1,8,,735742,25,0,5 62 63,1,8,,735745,25,0,5 62 63,1,8,,735665,25,0,5 62 63,1,48,,735731,25,0,5 62 63,1,8,,735647,25,0,5 62 63,1,8,,735688,25,0,5 62 63,1,7,,735727,25,0,5 62 63,1,8,,735674,25,0,5 62 63,1,8,,551822,25,0,5 62 63,1,8,,735736,25,0,5 62 63,1,8,,735720,25,0,5 62 63,1,48,,735705,25,0,5 62 63,1,8,,735686,25,0,5 62 63,1,8,,676069,25,0,5 62 63,1,8,,735675,25,0,5 62 63,1,8,,735664,25,0,5 62 63,1,8,,735713,25,0,5 62 63,1,8,,735739,25,0,5 62 63,1,48,,599338,25,0,5 62 63,1,8,,493948,25,0,5 62 63,1,8,,735749,25,0,5 62 63,1,8,,735715,25,0,5 62 63,1,8,,735677,25,0,5 62 63,1,7,,735721,25,0,5 62 63,1,9,,735663,25,0,5 62 63,1,8,,735617,25,0,5 62 63,1,47,,735667,25,0,5 62 63,1,10,,735656,25,0,5 62 63,1,8,,735673,25,0,5 62 63,1,8,,735726,25,0,5 62 63,1,6,,735709,25,0,5 62 63,1,6,,735730,25,0,5 62 63,1,6,,735728,25,0,5 62 63,1,6,,735630,25,0,5 62 63,1,6,,735692,25,0,5 62 63,1,46,,593561,25,0,5 62 63,1,6,,735653,25,0,5 62 63,1,6,,735632,25,0,5 62 63,1,6,,735707,25,0,5 62 63,1,6,,735657,25,0,5 62 63,1,6,,735642,25,0,5 62 63,1,6,,591016,25,0,5 62 63,1,6,,672035,25,0,5 62 63,1,6,,682083,25,0,5 62 63,1,6,,642662,25,0,5 62 63,1,46,,735620,25,0,5 62 63,1,6,,622676,25,0,5 62 63,1,6,,735640,25,0,5 62 63,1,6,,735628,25,0,5 62 63,1,6,,603531,25,0,5 62 63,1,6,,735755,25,0,5 62 63,1,6,,735627,25,0,5 62 63,1,6,,735693,25,0,5 62 63,1,6,,735639,25,0,5 62 63,1,6,,735635,25,0,5 62 63,1,46,,735661,25,0,5 62 63,1,6,,735746,25,0,5 62 63,1,6,,735694,25,0,5 62 63,1,6,,629442,25,0,5 62 63,1,6,,735619,25,0,5 62 63,1,6,,735704,25,0,5 62 63,1,6,,735697,25,0,5 62 63,1,6,,735750,25,0,5 62 63,1,6,,684070,25,0,5 62 63,1,6,,735623,25,0,5 62 63,1,46,,735622,25,0,5 62 63,1,6,,735682,25,0,5 62 63,1,6,,735751,25,0,5 62 63,1,6,,735638,25,0,5 62 63,1,6,,639952,25,0,5 62 63,1,6,,639923,25,0,5 62 63,1,6,,660646,25,0,5 62 63,1,6,,735708,25,0,5 62 63,1,6,,676794,25,0,5 62 63,1,6,,735671,25,0,5 62 63,1,46,,735687,25,0,5 62 63,1,6,,735732,25,0,5 62 63,1,6,,735683,25,0,5 62 63,1,6,,527721,25,0,5 62 63,1,6,,674797,25,0,5 62 63,1,6,,735651,25,0,5 62 63,1,6,,735624,25,0,5 62 63,1,6,,735718,25,0,5 62 63,1,6,,639069,25,0,5 62 63,1,6,,735740,25,0,5 62 63,1,46,,735634,25,0,5 62 63,1,6,,686826,25,0,5 62 63,1,6,,735636,25,0,5 62 63,1,6,,735646,25,0,5 62 63,1,6,,611997,25,0,5 62 63,1,6,,735748,25,0,5 62 63,1,6,,661116,25,0,5 62 63,1,6,,735685,25,0,5 62 63,1,5,,649511,25,0,5 62 63,1,7,,735629,25,0,5 62 63,1,46,,735738,25,0,5 62 63,1,5,,735649,25,0,5 62 63,1,6,,625552,25,0,5 62 63,1,4,,735711,25,0,5 62 63,1,8,,735678,25,0,5 62 63,1,8,,735618,25,0,5 62 63,1,8,,735669,25,0,5 62 63,1,8,,735680,25,0,5 62 63,1,48,,735670,25,0,5 62 63,1,8,,735701,25,0,5 62 63,1,8,,670525,25,0,5 62 63,1,8,,735710,25,0,5 62 63,1,8,,735754,25,0,5 62 63,1,8,,625945,25,0,5 62 63,1,8,,735662,25,0,5 62 63,1,8,,735655,25,0,5 62 63,1,48,,735660,25,0,5 62 63,1,8,,735695,25,0,5 62 63,1,8,,735734,25,0,5 62 63,1,8,,735648,25,0,5 62 63,1,8,,735645,25,0,5 62 63,1,8,,735637,25,0,5 62 63,1,6,,735659,25,0,5 62 63,1,50,,735681,25,0,5 62 63,1,8,,553675,25,0,5 62 63,1,5,,735633,25,0,5 62 63,1,6,,735643,25,0,5 62 63,1,8,,735722,25,0,5 62 63,1,9,,735725,25,0,5 62 63,1,10,,735724,25,0,5 62 63,1,9,,735703,25,0,5 62 63,1,50,,735753,25,0,5 62 63,1,9,,735712,25,0,5 62 63,1,10,,735696,25,0,5 62 63,1,9,,735719,25,0,5 62 63,1,10,,688201,25,0,5 62 63,1,9,,735652,25,0,5 62 63,1,50,,635390,25,0,5 62 63,1,9,,735723,25,0,5 62 63,1,10,,735699,25,0,5 62 63,1,9,,735650,25,0,5 62 63,1,10,,620257,25,0,5 62 63,1,9,,735615,25,0,5 62 63,1,10,,735631,25,0,5 62 63,1,49,,735702,25,0,5 62 63,1,12,,735714,25,0,5 62 63,1,15,,735691,25,0,5 62 63,1,13,,533293,25,0,5 62 63,1,55,,735684,25,0,5 62 63,1,15,,613655,25,0,5 62 63,1,15,,735625,25,0,5 62 63,1
8402,'3',747,,735863,26,0,5 62 63,1,8,,735838,26,0,5 62 63,1,49,,688686,26,0,5 62 63,1,12,,735840,25,0,5 62 63,1,10,,735757,25,0,5 62 63,1,8,,672910,25,0,5 62 63,1,9,,735860,25,0,5 62 63,1,8,,735776,25,0,5 62 63,1,49,,735803,25,0,5 62 63,1,8,,616156,25,0,5 62 63,1,9,,735806,25,0,5 62 63,1,8,,735766,25,0,5 62 63,1,9,,735834,25,0,5 62 63,1,8,,735852,25,0,5 62 63,1,9,,735760,25,0,5 62 63,1,8,,735827,25,0,5 62 63,1,49,,735777,25,0,5 62 63,1,8,,735864,25,0,5 62 63,1,9,,735773,25,0,5 62 63,1,8,,735808,25,0,5 62 63,1,9,,735813,25,0,5 62 63,1,8,,533070,25,0,5 62 63,1,9,,735763,25,0,5 62 63,1,48,,735868,25,0,5 62 63,1,9,,735854,25,0,5 62 63,1,8,,735761,25,0,5 62 63,1,9,,735784,25,0,5 62 63,1,8,,735871,25,0,5 62 63,1,9,,735772,25,0,5 62 63,1,8,,735769,25,0,5 62 63,1,49,,637831,25,0,5 62 63,1,9,,735815,25,0,5 62 63,1,11,,735771,25,0,5 62 63,1,8,,735857,25,0,5 62 63,1,9,,735843,25,0,5 62 63,1,7,,735781,25,0,5 62 63,1,8,,735826,25,0,5 62 63,1,47,,735768,25,0,5 62 63,1,8,,735829,25,0,5 62 63,1,7,,735822,25,0,5 62 63,1,8,,474427,25,0,5 62 63,1,7,,735787,25,0,5 62 63,1,8,,735850,25,0,5 62 63,1,7,,735812,25,0,5 62 63,1,8,,735847,25,0,5 62 63,1,47,,735831,25,0,5 62 63,1,8,,735759,25,0,5 62 63,1,7,,627536,25,0,5 62 63,1,8,,735782,25,0,5 62 63,1,7,,735869,25,0,5 62 63,1,8,,672382,25,0,5 62 63,1,7,,679259,25,0,5 62 63,1,8,,735851,25,0,5 62 63,1,47,,663121,25,0,5 62 63,1,8,,735775,25,0,5 62 63,1,7,,620676,25,0,5 62 63,1,8,,735862,25,0,5 62 63,1,7,,735865,25,0,5 62 63,1,8,,735779,25,0,5 62 63,1,7,,735798,25,0,5 62 63,1,8,,735785,25,0,5 62 63,1,47,,735756,25,0,5 62 63,1,8,,735842,25,0,5 62 63,1,7,,735796,25,0,5 62 63,1,8,,735820,25,0,5 62 63,1,7,,735762,25,0,5 62 63,1,8,,735765,25,0,5 62 63,1,7,,735830,25,0,5 62 63,1,8,,735767,25,0,5 62 63,1,47,,735788,25,0,5 62 63,1,8,,735794,25,0,5 62 63,1,7,,735818,25,0,5 62 63,1,8,,508735,25,0,5 62 63,1,7,,735825,25,0,5 62 63,1,8,,735778,25,0,5 62 63,1,7,,735866,25,0,5 62 63,1,8,,735797,25,0,5 62 63,1,47,,735858,25,0,5 62 63,1,8,,735844,25,0,5 62 63,1,7,,656463,25,0,5 62 63,1,8,,735770,25,0,5 62 63,1,7,,735816,25,0,5 62 63,1,8,,735839,25,0,5 62 63,1,7,,682444,25,0,5 62 63,1,8,,735802,25,0,5 62 63,1,47,,735853,25,0,5 62 63,1,6,,735849,25,0,5 62 63,1,6,,620324,25,0,5 62 63,1,9,,735823,25,0,5 62 63,1,10,,735836,25,0,5 62 63,1,9,,735819,25,0,5 62 63,1,9,,735790,25,0,5 62 63,1,51,,735848,25,0,5 62 63,1,10,,735792,25,0,5 62 63,1,9,,643160,25,0,5 62 63,1,10,,735814,25,0,5 62 63,1,10,,735870,25,0,5 62 63,1,10,,674433,25,0,5 62 63,1,49,,735811,25,0,5 62 63,1,10,,642368,25,0,5 62 63,1,10,,735867,25,0,5 62 63,1,10,,735795,25,0,5 62 63,1,9,,735810,25,0,5 62 63,1,10,,735800,25,0,5 62 63,1,49,,735833,25,0,5 62 63,1,10,,735774,25,0,5 62 63,1,8,,735789,25,0,5 62 63,1,9,,735859,25,0,5 62 63,1,9,,735809,25,0,5 62 63,1,10,,735828,25,0,5 62 63,1,9,,735804,25,0,5 62 63,1,50,,735780,25,0,5 62 63,1,9,,735821,25,0,5 62 63,1,10,,735791,25,0,5 62 63,1,9,,653470,25,0,5 62 63,1,10,,735855,25,0,5 62 63,1,9,,735793,25,0,5 62 63,1,50,,735841,25,0,5 62 63,1,9,,689090,25,0,5 62 63,1,10,,735783,25,0,5 62 63,1,9,,439669,25,0,5 62 63,1,10,,735832,25,0,5 62 63,1,9,,735835,25,0,5 62 63,1,50,,735824,25,0,5 62 63,1,9,,735845,25,0,5 62 63,1,12,,735786,25,0,5 62 63,1,15,,735799,25,0,5 62 63,1,11,,735805,25,0,5 62 63,1,55,,735846,25,0,5 62 63,1,15,,735807,25,0,5 62 63,1,15,,735856,25,0,5 62 63,1
8402,'5',547,,735911,26,0,5 62 63,1,53,,735921,25,0,5 62 63,1,10,,735901,25,0,5 62 63,1,10,,735995,25,0,5 62 63,1,10,,640029,25,0,5 62 63,1,10,,657359,25,0,5 62 63,1,10,,735955,25,0,5 62 63,1,50,,735920,25,0,5 62 63,1,10,,735957,25,0,5 62 63,1,10,,735961,25,0,5 62 63,1,10,,735949,25,0,5 62 63,1,10,,630357,25,0,5 62 63,1,10,,735880,25,0,5 62 63,1,9,,735943,25,0,5 62 63,1,47,,735882,25,0,5 62 63,1,10,,735898,25,0,5 62 63,1,9,,735908,25,0,5 62 63,1,9,,735884,25,0,5 62 63,1,9,,735907,25,0,5 62 63,1,8,,735940,25,0,5 62 63,1,49,,735900,25,0,5 62 63,1,8,,735971,25,0,5 62 63,1,9,,735918,25,0,5 62 63,1,8,,735999,25,0,5 62 63,1,9,,735929,25,0,5 62 63,1,8,,735913,25,0,5 62 63,1,9,,735926,25,0,5 62 63,1,8,,735875,25,0,5 62 63,1,49,,735914,25,0,5 62 63,1,8,,659349,25,0,5 62 63,1,9,,735964,25,0,5 62 63,1,8,,735919,25,0,5 62 63,1,9,,735948,25,0,5 62 63,1,8,,632241,25,0,5 62 63,1,9,,735981,25,0,5 62 63,1,48,,735934,25,0,5 62 63,1,9,,735952,25,0,5 62 63,1,8,,735928,25,0,5 62 63,1,9,,735951,25,0,5 62 63,1,8,,670689,25,0,5 62 63,1,9,,735924,25,0,5 62 63,1,8,,645314,25,0,5 62 63,1,49,,609503,25,0,5 62 63,1,9,,735997,25,0,5 62 63,1,11,,735904,25,0,5 62 63,1,8,,735965,25,0,5 62 63,1,9,,735970,25,0,5 62 63,1,7,,735885,25,0,5 62 63,1,8,,735996,25,0,5 62 63,1,47,,735956,25,0,5 62 63,1,8,,735982,25,0,5 62 63,1,7,,735978,25,0,5 62 63,1,8,,735969,25,0,5 62 63,1,7,,735950,25,0,5 62 63,1,8,,735917,25,0,5 62 63,1,7,,540755,25,0,5 62 63,1,8,,661064,25,0,5 62 63,1,47,,735987,25,0,5 62 63,1,8,,735886,25,0,5 62 63,1,7,,735973,25,0,5 62 63,1,8,,735992,25,0,5 62 63,1,7,,735891,25,0,5 62 63,1,8,,735944,25,0,5 62 63,1,7,,735931,25,0,5 62 63,1,8,,735906,25,0,5 62 63,1,47,,735941,25,0,5 62 63,1,8,,735876,25,0,5 62 63,1,7,,672741,25,0,5 62 63,1,8,,735874,25,0,5 62 63,1,7,,643760,25,0,5 62 63,1,8,,735945,25,0,5 62 63,1,7,,735910,25,0,5 62 63,1,8,,735958,25,0,5 62 63,1,47,,529809,25,0,5 62 63,1,8,,670705,25,0,5 62 63,1,7,,735933,25,0,5 62 63,1,8,,735937,25,0,5 62 63,1,7,,735881,25,0,5 62 63,1,4,,735923,25,0,5 62 63,1,4,,735905,25,0,5 62 63,1,7,,638043,25,0,5 62 63,1,8,,735974,25,0,5 62 63,1,47,,735954,25,0,5 62 63,1,8,,669290,25,0,5 62 63,1,7,,610775,25,0,5 62 63,1,8,,735991,25,0,5 62 63,1,7,,735983,25,0,5 62 63,1,8,,735873,25,0,5 62 63,1,7,,669712,25,0,5 62 63,1,8,,735989,25,0,5 62 63,1,47,,622529,25,0,5 62 63,1,8,,735946,25,0,5 62 63,1,7,,735915,25,0,5 62 63,1,8,,735938,25,0,5 62 63,1,7,,735930,25,0,5 62 63,1,8,,735988,25,0,5 62 63,1,7,,735976,25,0,5 62 63,1,8,,735979,25,0,5 62 63,1,47,,735909,25,0,5 62 63,1,6,,735966,25,0,5 62 63,1,6,,735903,25,0,5 62 63,1,9,,735897,25,0,5 62 63,1,10,,735960,25,0,5 62 63,1,9,,735972,25,0,5 62 63,1,9,,735936,25,0,5 62 63,1,51,,735916,25,0,5 62 63,1,10,,735980,25,0,5 62 63,1,9,,735922,25,0,5 62 63,1,10,,735985,25,0,5 62 63,1,10,,735878,25,0,5 62 63,1,10,,735998,25,0,5 62 63,1,49,,735935,25,0,5 62 63,1,10,,735990,25,0,5 62 63,1,10,,735993,25,0,5 62 63,1,10,,566777,25,0,5 62 63,1,9,,735894,25,0,5 62 63,1,10,,608643,25,0,5 62 63,1,49,,735984,25,0,5 62 63,1,10,,735895,25,0,5 62 63,1,8,,735896,25,0,5 62 63,1,9,,735942,25,0,5 62 63,1,9,,735947,25,0,5 62 63,1,10,,590906,25,0,5 62 63,1,9,,735939,25,0,5 62 63,1,50,,735968,25,0,5 62 63,1,9,,669864,25,0,5 62 63,1,10,,735892,25,0,5 62 63,1,9,,735962,25,0,5 62 63,1,10,,735877,25,0,5 62 63,1,9,,735879,25,0,5 62 63,1,50,,735927,25,0,5 62 63,1,9,,735986,25,0,5 62 63,1,10,,735977,25,0,5 62 63,1,9,,735959,25,0,5 62 63,1,10,,735975,25,0,5 62 63,1,9,,735902,25,0,5 62 63,1,50,,735912,25,0,5 62 63,1,9,,735889,25,0,5 62 63,1,12,,735963,25,0,5 62 63,1,15,,735893,25,0,5 62 63,1,11,,518364,25,0,5 62 63,1,55,,735932,25,0,5 62 63,1,15,,735953,25,0,5 62 63,1,15,,735994,25,0,5 62 63,1
10602,'1',535,,749321,10,0,47 48 15,1,18,,590312,10,0,47 48 15,1,58,,749334,10,0,47 48 15,1,18,,749336,10,0,47 48 15,1,18,,564790,10,0,47 48 15,1,58,,749323,10,0,47 48 15,1,17,,647957,10,0,47 48 15,1,17,,749325,10,0,47 48 15,1,16,,749297,10,0,47 48 15,1,56,,749291,10,0,47 48 15,1,16,,749288,10,0,47 48 15,1,16,,630584,10,0,47 48 15,1,16,,749298,10,0,47 48 15,1,57,,749301,10,0,47 48 15,1,20,,749295,10,0,47 48 15,1,20,,749316,10,0,47 48 15,1,60,,749299,10,0,47 48 15,1,20,,749302,10,0,47 48 15,1,20,,604424,10,0,47 48 15,1,60,,749326,10,0,47 48 15,1,20,,749310,10,0,47 48 15,1,20,,590348,10,0,47 48 15,1,60,,749300,10,0,47 48 15,1,20,,749294,10,0,47 48 15,1,20,,749293,10,0,47 48 15,1,60,,749315,10,0,47 48 15,1,20,,749311,10,0,47 48 15,1,20,,749306,10,0,47 48 15,1,60,,749317,10,0,47 48 15,1,20,,749329,10,0,47 48 15,1,15,,749309,10,0,47 48 15,1,54,,662624,10,0,47 48 15,1,14,,749324,10,0,47 48 15,1,14,,749289,10,0,47 48 15,1,14,,658437,10,0,47 48 15,1,54,,683876,10,0,47 48 15,1,14,,749322,10,0,47 48 15,1,14,,749296,10,0,47 48 15,1,14,,749330,10,0,47 48 15,1,14,,749313,10,0,47 48 15,1,54,,749332,10,0,47 48 15,1,14,,749303,10,0,47 48 15,1,14,,749287,10,0,47 48 15,1,14,,648521,10,0,47 48 15,1,54,,749286,10,0,47 48 15,1,15,,523069,10,0,47 48 15,1,14,,749338,10,0,47 48 15,1,15,,749290,10,0,47 48 15,1,55,,749335,10,0,47 48 15,1,15,,749331,10,0,47 48 15,1,15,,749305,10,0,47 48 15,1,16,,749333,10,0,47 48 15,1,58,,749327,10,0,47 48 15,1,18,,749292,10,0,47 48 15,1,18,,684571,10,0,47 48 15,1,58,,749307,10,0,47 48 15,1,18,,749320,10,0,47 48 15,1,18,,654232,10,0,47 48 15,1,18,,684904,10,0,47 48 15,1,58,,749319,10,0,47 48 15,1,18,,538250,10,0,47 48 15,1,18,,749314,10,0,47 48 15,1,60,,749318,10,0,47 48 15,1,22,,749337,10,0,47 48 15,1,24,,749308,10,0,47 48 15,1,64,,649867,10,0,47 48 15,1,24,,749304,10,0,47 48 15,1,61,,749328,10,0,47 48 15,1,27,,690573,10,0,47 48 15,1,70,,749312,10,0,47 48 15,1,30,,749339,10,0,47 48 15,1
10602,'2',536,,749348,10,0,47 48 15,1,67,,749351,10,0,47 48 15,1,24,,749386,10,0,47 48 15,1,24,,749371,10,0,47 48 15,1,64,,749349,10,0,47 48 15,1,24,,610571,10,0,47 48 15,1,64,,749345,10,0,47 48 15,1,15,,749382,10,0,47 48 15,1,18,,749356,10,0,47 48 15,1,18,,749343,10,0,47 48 15,1,58,,749387,10,0,47 48 15,1,18,,749395,10,0,47 48 15,1,18,,749370,10,0,47 48 15,1,58,,659019,10,0,47 48 15,1,18,,749360,10,0,47 48 15,1,18,,749346,10,0,47 48 15,1,58,,749342,10,0,47 48 15,1,18,,749352,10,0,47 48 15,1,18,,749344,10,0,47 48 15,1,18,,624657,10,0,47 48 15,1,58,,749394,10,0,47 48 15,1,18,,749373,10,0,47 48 15,1,18,,632847,10,0,47 48 15,1,58,,749358,10,0,47 48 15,1,18,,749368,10,0,47 48 15,1,18,,749391,10,0,47 48 15,1,58,,749389,10,0,47 48 15,1,18,,632838,10,0,47 48 15,1,18,,749347,10,0,47 48 15,1,18,,749378,10,0,47 48 15,1,58,,749367,10,0,47 48 15,1,18,,531069,10,0,47 48 15,1,18,,749355,10,0,47 48 15,1,58,,560869,10,0,47 48 15,1,18,,749377,10,0,47 48 15,1,18,,749375,10,0,47 48 15,1,58,,749340,10,0,47 48 15,1,18,,749372,10,0,47 48 15,1,18,,749362,10,0,47 48 15,1,18,,749350,10,0,47 48 15,1,58,,749396,10,0,47 48 15,1,18,,614781,10,0,47 48 15,1,18,,749354,10,0,47 48 15,1,56,,749363,10,0,47 48 15,1,18,,749393,10,0,47 48 15,1,14,,749384,10,0,47 48 15,1,16,,749379,10,0,47 48 15,1,56,,749366,10,0,47 48 15,1,16,,749341,10,0,47 48 15,1,16,,655332,10,0,47 48 15,1,16,,749390,10,0,47 48 15,1,56,,749374,10,0,47 48 15,1,16,,749388,10,0,47 48 15,1,16,,749369,10,0,47 48 15,1,56,,749361,10,0,47 48 15,1,16,,749383,10,0,47 48 15,1,16,,749385,10,0,47 48 15,1,16,,643434,10,0,47 48 15,1,56,,749353,10,0,47 48 15,1,16,,634315,10,0,47 48 15,1,16,,749357,10,0,47 48 15,1,16,,749364,10,0,47 48 15,1,56,,749392,10,0,47 48 15,1,16,,613626,10,0,47 48 15,1,16,,749380,10,0,47 48 15,1,67,,749376,10,0,47 48 15,1,27,,749381,10,0,47 48 15,1,70,,749365,10,0,47 48 15,1,30,,749359,10,0,47 48 15,1
10602,'3',735,,749433,10,0,47 48 15,1,14,,749452,10,0,47 48 15,1,56,,627550,10,0,47 48 15,1,16,,749423,10,0,47 48 15,1,16,,749427,10,0,47 48 15,1,16,,749441,10,0,47 48 15,1,56,,653490,10,0,47 48 15,1,16,,749440,10,0,47 48 15,1,16,,749437,10,0,47 48 15,1,16,,749429,10,0,47 48 15,1,57,,469662,10,0,47 48 15,1,18,,749414,10,0,47 48 15,1,18,,749411,10,0,47 48 15,1,58,,749404,10,0,47 48 15,1,18,,749403,10,0,47 48 15,1,18,,749424,10,0,47 48 15,1,58,,749430,10,0,47 48 15,1,18,,749453,10,0,47 48 15,1,18,,749436,10,0,47 48 15,1,18,,749426,10,0,47 48 15,1,58,,749438,10,0,47 48 15,1,18,,663648,10,0,47 48 15,1,18,,749451,10,0,47 48 15,1,58,,749419,10,0,47 48 15,1,18,,749425,10,0,47 48 15,1,18,,749456,10,0,47 48 15,1,56,,749439,10,0,47 48 15,1,15,,551077,10,0,47 48 15,1,14,,749397,10,0,47 48 15,1,14,,749432,10,0,47 48 15,1,14,,749431,10,0,47 48 15,1,54,,749416,10,0,47 48 15,1,14,,749400,10,0,47 48 15,1,14,,749444,10,0,47 48 15,1,14,,414926,10,0,47 48 15,1,54,,749406,10,0,47 48 15,1,14,,749445,10,0,47 48 15,1,14,,540312,10,0,47 48 15,1,14,,749408,10,0,47 48 15,1,54,,749442,10,0,47 48 15,1,14,,749458,10,0,47 48 15,1,14,,749398,10,0,47 48 15,1,14,,749401,10,0,47 48 15,1,14,,749449,10,0,47 48 15,1,55,,749457,10,0,47 48 15,1,16,,749407,10,0,47 48 15,1,15,,749415,10,0,47 48 15,1,56,,749446,10,0,47 48 15,1,16,,749448,10,0,47 48 15,1,16,,749412,10,0,47 48 15,1,16,,749413,10,0,47 48 15,1,56,,749409,10,0,47 48 15,1,16,,749450,10,0,47 48 15,1,16,,749447,10,0,47 48 15,1,16,,749405,10,0,47 48 15,1,57,,749410,10,0,47 48 15,1,16,,749399,10,0,47 48 15,1,16,,613749,10,0,47 48 15,1,16,,749418,10,0,47 48 15,1,56,,749402,10,0,47 48 15,1,16,,749420,10,0,47 48 15,1,16,,749455,10,0,47 48 15,1,56,,749454,10,0,47 48 15,1,16,,749422,10,0,47 48 15,1,16,,749434,10,0,47 48 15,1,16,,749421,10,0,47 48 15,1,57,,749417,10,0,47 48 15,1,27,,749435,10,0,47 48 15,1,70,,749443,10,0,47 48 15,1,30,,749428,10,0,47 48 15,1
10602,'5',535,,749464,10,0,47 48 15,1,16,,749525,10,0,47 48 15,1,56,,749480,10,0,47 48 15,1,16,,749510,10,0,47 48 15,1,16,,749500,10,0,47 48 15,1,16,,749460,10,0,47 48 15,1,59,,749492,10,0,47 48 15,1,19,,749519,10,0,47 48 15,1,16,,749485,10,0,47 48 15,1,56,,749471,10,0,47 48 15,1,16,,749491,10,0,47 48 15,1,16,,749475,10,0,47 48 15,1,16,,749505,10,0,47 48 15,1,56,,749513,10,0,47 48 15,1,16,,749459,10,0,47 48 15,1,16,,631197,10,0,47 48 15,1,16,,749478,10,0,47 48 15,1,57,,664903,10,0,47 48 15,1,18,,749468,10,0,47 48 15,1,18,,571842,10,0,47 48 15,1,58,,749488,10,0,47 48 15,1,18,,749516,10,0,47 48 15,1,18,,659980,10,0,47 48 15,1,58,,749486,10,0,47 48 15,1,18,,749507,10,0,47 48 15,1,18,,749520,10,0,47 48 15,1,18,,749509,10,0,47 48 15,1,58,,749506,10,0,47 48 15,1,18,,749501,10,0,47 48 15,1,18,,749502,10,0,47 48 15,1,58,,749511,10,0,47 48 15,1,18,,749463,10,0,47 48 15,1,18,,749497,10,0,47 48 15,1,56,,749524,10,0,47 48 15,1,15,,749467,10,0,47 48 15,1,14,,749477,10,0,47 48 15,1,14,,749517,10,0,47 48 15,1,14,,749512,10,0,47 48 15,1,54,,749499,10,0,47 48 15,1,14,,749487,10,0,47 48 15,1,14,,749479,10,0,47 48 15,1,14,,749483,10,0,47 48 15,1,54,,749498,10,0,47 48 15,1,14,,749495,10,0,47 48 15,1,14,,749508,10,0,47 48 15,1,14,,749496,10,0,47 48 15,1,54,,749472,10,0,47 48 15,1,14,,749514,10,0,47 48 15,1,14,,749466,10,0,47 48 15,1,14,,749469,10,0,47 48 15,1,14,,749522,10,0,47 48 15,1,55,,749521,10,0,47 48 15,1,16,,627752,10,0,47 48 15,1,15,,749484,10,0,47 48 15,1,56,,749474,10,0,47 48 15,1,16,,749518,10,0,47 48 15,1,16,,749523,10,0,47 48 15,1,16,,749503,10,0,47 48 15,1,56,,679854,10,0,47 48 15,1,16,,749462,10,0,47 48 15,1,16,,749461,10,0,47 48 15,1,16,,749476,10,0,47 48 15,1,57,,662554,10,0,47 48 15,1,16,,749504,10,0,47 48 15,1,16,,689492,10,0,47 48 15,1,16,,749481,10,0,47 48 15,1,56,,749473,10,0,47 48 15,1,16,,635688,10,0,47 48 15,1,16,,749490,10,0,47 48 15,1,56,,614484,10,0,47 48 15,1,16,,749493,10,0,47 48 15,1,16,,749465,10,0,47 48 15,1,16,,749489,10,0,47 48 15,1,57,,749515,10,0,47 48 15,1,27,,749470,10,0,47 48 15,1,70,,749494,10,0,47 48 15,1,30,,749482,10,0,47 48 15,1
10802,'1',618,,750135,10,0,34 47 48 15,1,18,,750122,10,0,34 47 48 15,1,18,,750172,10,0,34 47 48 15,1,58,,750154,10,0,34 47 48 15,1,15,,750144,10,0,34 47 48 15,1,22,,750132,10,0,34 47 48 15,1,60,,750111,10,0,34 47 48 15,1,20,,658434,10,0,34 47 48 15,1,20,,750097,10,0,34 47 48 15,1,60,,555095,10,0,34 47 48 15,1,20,,750131,10,0,34 47 48 15,1,20,,750118,10,0,34 47 48 15,1,60,,530371,10,0,34 47 48 15,1,20,,750138,10,0,34 47 48 15,1,20,,750110,10,0,34 47 48 15,1,60,,750166,10,0,34 47 48 15,1,20,,426618,10,0,34 47 48 15,1,20,,750141,10,0,34 47 48 15,1,60,,690572,10,0,34 47 48 15,1,20,,750171,10,0,34 47 48 15,1,20,,683768,10,0,34 47 48 15,1,60,,750115,10,0,34 47 48 15,1,20,,690483,10,0,34 47 48 15,1,21,,750158,10,0,34 47 48 15,1,62,,665762,10,0,34 47 48 15,1,22,,750162,10,0,34 47 48 15,1,22,,750159,10,0,34 47 48 15,1,62,,750107,10,0,34 47 48 15,1,22,,750100,10,0,34 47 48 15,1,62,,750119,10,0,34 47 48 15,1,22,,750108,10,0,34 47 48 15,1,22,,750125,10,0,34 47 48 15,1,62,,750150,10,0,34 47 48 15,1,22,,612895,10,0,34 47 48 15,1,22,,635755,10,0,34 47 48 15,1,62,,750134,10,0,34 47 48 15,1,22,,556711,10,0,34 47 48 15,1,22,,625025,10,0,34 47 48 15,1,62,,750173,10,0,34 47 48 15,1,26,,750160,10,0,34 47 48 15,1,66,,627089,10,0,34 47 48 15,1,26,,750148,10,0,34 47 48 15,1,66,,750164,10,0,34 47 48 15,1,26,,609883,10,0,34 47 48 15,1,26,,750168,10,0,34 47 48 15,1,67,,750147,10,0,34 47 48 15,1,28,,750167,10,0,34 47 48 15,1,70,,750165,10,0,34 47 48 15,1,30,,750140,10,0,34 47 48 15,1,70,,611218,10,0,34 47 48 15,1,30,,687855,10,0,34 47 48 15,1
10802,'2',622,,750234,10,0,34 47 48 15,1,30,,750206,10,0,34 47 48 15,1,70,,750188,10,0,34 47 48 15,1,28,,750243,10,0,34 47 48 15,1,66,,684642,10,0,34 47 48 15,1,26,,750204,10,0,34 47 48 15,1,66,,750246,10,0,34 47 48 15,1,26,,644639,10,0,34 47 48 15,1,66,,750210,10,0,34 47 48 15,1,26,,750175,10,0,34 47 48 15,1,26,,750187,10,0,34 47 48 15,1,66,,750248,10,0,34 47 48 15,1,26,,750196,10,0,34 47 48 15,1,63,,750231,10,0,34 47 48 15,1,25,,750254,10,0,34 47 48 15,1,20,,750177,10,0,34 47 48 15,1,60,,750242,10,0,34 47 48 15,1,20,,750183,10,0,34 47 48 15,1,20,,750224,10,0,34 47 48 15,1,60,,750228,10,0,34 47 48 15,1,20,,623540,10,0,34 47 48 15,1,20,,750199,10,0,34 47 48 15,1,60,,610225,10,0,34 47 48 15,1,20,,750207,10,0,34 47 48 15,1,20,,750225,10,0,34 47 48 15,1,60,,750200,10,0,34 47 48 15,1,20,,750237,10,0,34 47 48 15,1,20,,750244,10,0,34 47 48 15,1,60,,750205,10,0,34 47 48 15,1,20,,630771,10,0,34 47 48 15,1,20,,750227,10,0,34 47 48 15,1,60,,750194,10,0,34 47 48 15,1,20,,750179,10,0,34 47 48 15,1,21,,750230,10,0,34 47 48 15,1,67,,684039,10,0,34 47 48 15,1,26,,750239,10,0,34 47 48 15,1,66,,750198,10,0,34 47 48 15,1,26,,750214,10,0,34 47 48 15,1,66,,584390,10,0,34 47 48 15,1,26,,750252,10,0,34 47 48 15,1,26,,623254,10,0,34 47 48 15,1,66,,750178,10,0,34 47 48 15,1,29,,750185,10,0,34 47 48 15,1,70,,750217,10,0,34 47 48 15,1,30,,750249,10,0,34 47 48 15,1,70,,750208,10,0,34 47 48 15,1,30,,750245,10,0,34 47 48 15,1
10802,'3',816,,750258,10,0,34 47 48 15,1,26,,641553,10,0,34 47 48 15,1,66,,750283,10,0,34 47 48 15,1,26,,750280,10,0,34 47 48 15,1,66,,750286,10,0,34 47 48 15,1,26,,750304,10,0,34 47 48 15,1,26,,750256,10,0,34 47 48 15,1,66,,750282,10,0,34 47 48 15,1,26,,750301,10,0,34 47 48 15,1,62,,750274,10,0,34 47 48 15,1,25,,750316,10,0,34 47 48 15,1,24,,750297,10,0,34 47 48 15,1,64,,644697,10,0,34 47 48 15,1,24,,750259,10,0,34 47 48 15,1,64,,750266,10,0,34 47 48 15,1,24,,750275,10,0,34 47 48 15,1,24,,750302,10,0,34 47 48 15,1,64,,750305,10,0,34 47 48 15,1,24,,633371,10,0,34 47 48 15,1,64,,401227,10,0,34 47 48 15,1,24,,620303,10,0,34 47 48 15,1,24,,750289,10,0,34 47 48 15,1,64,,750317,10,0,34 47 48 15,1,24,,666026,10,0,34 47 48 15,1,64,,750315,10,0,34 47 48 15,1,24,,750318,10,0,34 47 48 15,1,24,,750308,10,0,34 47 48 15,1,65,,750279,10,0,34 47 48 15,1,26,,750272,10,0,34 47 48 15,1,66,,750267,10,0,34 47 48 15,1,26,,750264,10,0,34 47 48 15,1,66,,750321,10,0,34 47 48 15,1,26,,628897,10,0,34 47 48 15,1,26,,750300,10,0,34 47 48 15,1,66,,750314,10,0,34 47 48 15,1,28,,636841,10,0,34 47 48 15,1,70,,750288,10,0,34 47 48 15,1,30,,750320,10,0,34 47 48 15,1,70,,750313,10,0,34 47 48 15,1,30,,750271,10,0,34 47 48 15,1
10802,'5',622,,750328,10,0,34 47 48 15,1,30,,680727,10,0,34 47 48 15,1,70,,750334,10,0,34 47 48 15,1,28,,750387,10,0,34 47 48 15,1,66,,667602,10,0,34 47 48 15,1,26,,629562,10,0,34 47 48 15,1,66,,574018,10,0,34 47 48 15,1,26,,541585,10,0,34 47 48 15,1,66,,750379,10,0,34 47 48 15,1,26,,750322,10,0,34 47 48 15,1,26,,750323,10,0,34 47 48 15,1,66,,750361,10,0,34 47 48 15,1,26,,608435,10,0,34 47 48 15,1,62,,750343,10,0,34 47 48 15,1,25,,750360,10,0,34 47 48 15,1,24,,633016,10,0,34 47 48 15,1,64,,529228,10,0,34 47 48 15,1,24,,750341,10,0,34 47 48 15,1,64,,750388,10,0,34 47 48 15,1,24,,750385,10,0,34 47 48 15,1,24,,642399,10,0,34 47 48 15,1,64,,750356,10,0,34 47 48 15,1,24,,750333,10,0,34 47 48 15,1,64,,750344,10,0,34 47 48 15,1,24,,750384,10,0,34 47 48 15,1,24,,750367,10,0,34 47 48 15,1,64,,651826,10,0,34 47 48 15,1,24,,750339,10,0,34 47 48 15,1,64,,750336,10,0,34 47 48 15,1,24,,750368,10,0,34 47 48 15,1,24,,750330,10,0,34 47 48 15,1,65,,619327,10,0,34 47 48 15,1,26,,538077,10,0,34 47 48 15,1,66,,750340,10,0,34 47 48 15,1,26,,750386,10,0,34 47 48 15,1,66,,657796,10,0,34 47 48 15,1,26,,750355,10,0,34 47 48 15,1,26,,750338,10,0,34 47 48 15,1,66,,750366,10,0,34 47 48 15,1,28,,627853,10,0,34 47 48 15,1,70,,750383,10,0,34 47 48 15,1,30,,750353,10,0,34 47 48 15,1,70,,594709,10,0,34 47 48 15,1,30,,750362,10,0,34 47 48 15,1
38402,'1',523,,771086,26,0,17 62 63,1,2129,,771089,27,0,9 3 49,1,70,,771087,26,0,9 3 49,1,30,,771088,26,0,9 3 49,1,71,,771091,26,0,9 3 49,1,30,,771090,26,0,9 3 49,1
38402,'2',523,,771094,26,0,9 3 49,1,2129,,771093,27,0,9 3 49,1,70,,771097,26,0,9 3 49,1,30,,771096,26,0,9 3 49,1,71,,771095,26,0,9 3 49,1,30,,771092,26,0,9 3 49,1
38402,'3',523,,771099,26,0,9 3 49,1,30,,771104,26,0,9 3 49,1,70,,771098,26,0,9 3 49,1,30,,771102,26,0,9 3 49,1,70,,771100,26,0,9 3 49,1,1929,,771106,27,0,9 3 49,1,70,,771105,26,0,9 3 49,1,30,,771101,26,0,9 3 49,1,71,,668884,26,0,9 3 49,1,30,,771103,26,0,9 3 49,1
38402,'5',523,,771107,26,0,9 3 49,1,2129,,771109,27,0,9 3 49,1,70,,643529,26,0,9 3 49,1,30,,771110,26,0,9 3 49,1,71,,771108,26,0,9 3 49,1,30,,607586,26,0,9 3 49,1
