6002,'1',458,,682980,22,0,31 252,1,60,,722094,22,0,31 252,1,9,,722104,22,0,31 252,1,7,,722042,40,0,31 252,1,7,,722032,40,0,31 252,1,8,,722051,22,0,31 252,1,8,,722069,41,0,31 252,1,1698,,722019,41,0,34 86 87,1,64,,616295,41,0,34 86 87,1,24,,636241,41,0,34 86 87,1,64,,635756,41,0,34 86 87,1,24,,722058,41,0,34 86 87,1,24,,722025,41,0,34 86 87,1,64,,722046,41,0,34 86 87,1,23,,722078,41,0,34 86 87,1,67,,612456,41,0,34 86 87,1,47,,722108,41,0,34 86 87,1
6002,'2',522,,722116,40,0,31 252,1,20,,642613,40,0,31 252,1,63,,722171,41,0,31 252,1,15,,686559,41,0,31 252,1,15,,722139,41,0,31 252,1,15,,722184,41,0,31 252,1,55,,655436,41,0,31 252,1,15,,722182,41,0,31 252,1,15,,633546,41,0,31 252,1,15,,722179,41,0,31 252,1,55,,722118,41,0,31 252,1,15,,722200,41,0,31 252,1,1118,,722185,41,0,34 86 87,1,16,,722150,41,0,34 86 87,1,56,,722214,41,0,34 86 87,1,16,,722191,41,0,34 86 87,1,16,,655944,41,0,34 86 87,1,16,,722223,41,0,34 86 87,1,56,,722199,41,0,34 86 87,1,17,,722193,41,0,34 86 87,1,16,,722170,41,0,34 86 87,1,56,,722156,41,0,34 86 87,1,16,,722142,41,0,34 86 87,1,16,,722224,41,0,34 86 87,1,18,,617436,41,0,34 86 87,1,60,,722203,41,0,34 86 87,1,20,,615778,41,0,34 86 87,1,20,,646733,41,0,34 86 87,1,60,,722215,41,0,34 86 87,1,20,,722209,41,0,34 86 87,1,20,,722141,41,0,34 86 87,1,60,,722166,41,0,34 86 87,1,20,,722196,41,0,34 86 87,1,20,,722120,41,0,34 86 87,1,60,,722225,41,0,34 86 87,1,21,,722198,41,0,34 86 87,1,21,,722173,41,0,34 86 87,1
6002,'3',1951,,611736,41,0,34 86 87,1,60,,722251,41,0,34 86 87,1,20,,375624,41,0,34 86 87,1,20,,722291,41,0,34 86 87,1,60,,667438,41,0,34 86 87,1,20,,608177,41,0,34 86 87,1,20,,722302,41,0,34 86 87,1,60,,722287,41,0,34 86 87,1,23,,675608,41,0,34 86 87,1,20,,658706,41,0,34 86 87,1,60,,722261,41,0,34 86 87,1,20,,722298,41,0,34 86 87,1,20,,722310,41,0,34 86 87,1,60,,552765,41,0,34 86 87,1,20,,722260,41,0,34 86 87,1,20,,722230,41,0,34 86 87,1,60,,722303,41,0,34 86 87,1,20,,722294,41,0,34 86 87,1,20,,722266,41,0,34 86 87,1,60,,722296,41,0,34 86 87,1,41,,722247,41,0,34 86 87,1
6002,'5',605,,722372,41,0,34 86 87,1,15,,643917,41,0,34 86 87,1,15,,722396,41,0,34 86 87,1,15,,722391,41,0,34 86 87,1,55,,722399,41,0,34 86 87,1,15,,647800,41,0,34 86 87,1,15,,628605,41,0,34 86 87,1,15,,722326,41,0,34 86 87,1,55,,722413,41,0,34 86 87,1,15,,722376,41,0,34 86 87,1,1131,,722402,41,0,34 86 87,1,60,,722380,41,0,34 86 87,1,20,,722416,41,0,34 86 87,1,20,,722419,41,0,34 86 87,1,60,,722334,41,0,34 86 87,1,20,,722357,41,0,34 86 87,1,20,,722322,41,0,34 86 87,1,60,,722381,41,0,34 86 87,1,23,,672413,41,0,34 86 87,1,20,,722362,41,0,34 86 87,1,60,,536867,41,0,34 86 87,1,20,,722375,41,0,34 86 87,1,20,,722388,41,0,34 86 87,1,60,,722358,41,0,34 86 87,1,20,,722366,41,0,34 86 87,1,20,,722417,41,0,34 86 87,1,60,,687790,41,0,34 86 87,1,20,,722339,41,0,34 86 87,1,20,,722405,41,0,34 86 87,1,60,,722336,41,0,34 86 87,1,41,,722318,41,0,34 86 87,1
16602,'1',622,,765255,14,0,156,1,25,,765258,14,0,156,1,65,,765266,14,0,156,1,25,,765259,14,0,156,1,65,,765267,14,0,156,1,25,,765264,14,0,156,1,25,,765253,14,0,156,1,65,,765254,14,0,17 169 8,1,591,,642939,14,0,156,1,25,,765256,14,0,156,1,25,,765262,14,0,156,1,65,,641898,14,0,156,1,25,,591517,14,0,156,1,65,,765261,14,0,156,1,25,,765252,14,0,156,1,65,,765265,14,0,156,1,25,,765260,14,0,156,1,25,,765257,14,0,156,1,65,,765268,14,0,17 169 8,1
35302,'1',455,,687116,93,0,11 12 86 87,1,70,,770757,93,0,11 12 86 87,1,30,,770753,93,0,11 12 86 87,1,2077,,770758,63,0,11 12 86 87,1,70,,770750,93,0,11 12 86 87,1,30,,770759,93,0,11 12 86 87,1,70,,770751,93,0,11 12 86 87,1,30,,770756,93,0,11 12 86 87,1,70,,770752,93,0,11 12 86 87,1,26,,770755,93,0,11 12 86 87,1
35302,'2',628,,770767,93,0,11 12 86 87,1,2074,,770762,93,0,11 12 86 87,1,30,,770766,93,0,11 12 86 87,1,70,,770770,93,0,11 12 86 87,1,30,,770773,93,0,11 12 86 87,1,70,,770772,93,0,11 12 86 87,1,30,,770763,93,0,11 12 86 87,1
35302,'3',525,,614979,93,0,11 12 86 87,1,30,,770775,93,0,11 12 86 87,1,70,,660388,93,0,11 12 86 87,1,30,,770782,93,0,11 12 86 87,1,70,,770789,93,0,11 12 86 87,1,20,,770788,93,0,11 12 86 87,1,1957,,605399,93,0,11 12 86 87,1,30,,770781,93,0,11 12 86 87,1,70,,770779,93,0,11 12 86 87,1,30,,770785,93,0,11 12 86 87,1,70,,770777,93,0,11 12 86 87,1,30,,770778,93,0,11 12 86 87,1
35302,'5',628,,770793,93,0,11 12 86 87,1,2074,,770791,93,0,11 12 86 87,1,30,,770790,93,0,11 12 86 87,1,70,,770797,93,0,11 12 86 87,1,30,,770792,93,0,11 12 86 87,1,70,,770800,93,0,11 12 86 87,1,30,,770796,93,0,11 12 86 87,1
37303,'1',2603,,771016,58,0,11 12 9 3 73,1,25,,771015,58,0,11 12 9 3 73,1,30,,771018,58,0,11 12 9 3 73,1,70,,599658,58,0,11 12 9 3 73,1,30,,771020,58,0,11 12 9 3 73,1,70,,771017,58,0,11 12 9 3 73,1,30,,771019,58,0,11 12 9 3 73,1
37303,'2',2558,,771022,58,0,11 12 9 3 73,1,70,,632401,58,0,11 12 9 3 73,1,30,,684698,58,0,11 12 9 3 73,1,70,,650459,58,0,11 12 9 3 73,1,30,,397297,58,0,11 12 9 3 73,1,70,,771021,58,0,11 12 9 3 73,1,30,,771023,58,0,11 12 9 3 73,1
37303,'3',528,,771029,58,0,11 12 9 3 73,1,30,,771025,58,0,11 12 9 3 73,1,70,,771033,58,0,11 12 9 3 73,1,30,,771028,58,0,11 12 9 3 73,1,70,,683010,58,0,11 12 9 3 73,1,1885,,688023,58,0,11 12 9 3 73,1,25,,771032,58,0,11 12 9 3 73,1,70,,771024,58,0,11 12 9 3 73,1,30,,771027,58,0,11 12 9 3 73,1,70,,771026,58,0,11 12 9 3 73,1,30,,771030,58,0,11 12 9 3 73,1,70,,771031,58,0,11 12 9 3 73,1
37303,'5',2558,,771039,58,0,11 12 9 3 73,1,70,,771036,58,0,11 12 9 3 73,1,30,,771038,58,0,11 12 9 3 73,1,70,,771037,58,0,11 12 9 3 73,1,30,,771035,58,0,11 12 9 3 73,1,70,,606036,58,0,11 12 9 3 73,1,30,,771034,58,0,11 12 9 3 73,1
38402,'1',2710,,771089,59,0,9 3 49,1,30,,771087,58,0,9 3 49,1,70,,771088,58,0,9 3 49,1,32,,771091,58,0,9 3 49,1,70,,771090,58,0,9 3 49,1
38402,'2',547,,771094,58,0,9 3 49,1,2163,,771093,59,0,9 3 49,1,30,,771097,58,0,9 3 49,1,70,,771096,58,0,9 3 49,1,32,,771095,58,0,9 3 49,1,70,,771092,58,0,9 3 49,1
38402,'3',542,,771099,58,0,9 3 49,1,70,,771104,58,0,9 3 49,1,30,,771098,58,0,9 3 49,1,70,,771102,58,0,9 3 49,1,30,,771100,58,0,9 3 49,1,1968,,771106,59,0,9 3 49,1,30,,771105,58,0,9 3 49,1,70,,771101,58,0,9 3 49,1,32,,668884,58,0,9 3 49,1,70,,771103,58,0,9 3 49,1
38402,'5',542,,771107,58,0,9 3 49,1,2168,,771109,59,0,9 3 49,1,30,,643529,58,0,9 3 49,1,70,,771110,58,0,9 3 49,1,32,,771108,58,0,9 3 49,1,70,,607586,58,0,9 3 49,1
96002,'1',604,,778762,25,0,31 252,1,6,,674951,25,0,31 252,1,7,,778769,25,0,31 252,1,7,,778750,25,0,31 252,1,7,,778831,25,0,31 252,1,7,,778815,25,0,31 252,1,7,,778783,25,0,31 252,1,7,,778832,25,0,31 252,1,7,,639899,25,0,31 252,1,47,,597230,25,0,31 252,1,8,,778748,25,0,31 252,1,10,,778802,25,0,31 252,1,8,,669029,25,0,31 252,1,7,,778754,25,0,31 252,1,7,,778789,25,0,31 252,1,7,,778749,25,0,31 252,1,47,,481187,25,0,31 252,1,7,,778823,25,0,31 252,1,7,,676743,25,0,31 252,1,7,,778761,25,0,31 252,1,7,,571240,25,0,31 252,1,7,,778787,25,0,31 252,1,7,,778800,25,0,31 252,1,7,,654505,25,0,31 252,1,7,,778776,25,0,31 252,1,47,,657184,25,0,31 252,1,7,,557414,25,0,31 252,1,7,,778829,25,0,31 252,1,7,,778795,25,0,31 252,1,7,,778805,25,0,31 252,1,7,,664972,25,0,31 252,1,7,,778759,25,0,31 252,1,7,,778766,25,0,31 252,1,7,,644935,25,0,31 252,1,47,,514479,25,0,31 252,1,7,,778826,25,0,31 252,1,7,,644250,25,0,31 252,1,7,,651521,25,0,31 252,1,6,,778814,25,0,31 252,1,7,,778791,25,0,31 252,1,7,,497642,25,0,31 252,1,7,,622911,25,0,31 252,1,47,,778812,25,0,31 252,1,7,,778785,25,0,31 252,1,7,,778799,25,0,31 252,1,7,,668090,25,0,31 252,1,7,,689532,25,0,31 252,1,7,,648517,25,0,31 252,1,9,,415675,25,0,31 252,1,9,,778792,25,0,31 252,1,49,,664608,25,0,31 252,1,9,,778807,25,0,31 252,1,9,,778808,25,0,31 252,1,9,,778779,25,0,31 252,1,9,,778803,25,0,31 252,1,9,,778752,25,0,31 252,1,9,,778763,25,0,31 252,1,49,,778818,25,0,31 252,1,9,,778806,25,0,31 252,1,9,,778781,25,0,31 252,1,9,,591883,25,0,31 252,1,9,,778772,25,0,31 252,1,9,,778797,25,0,31 252,1,49,,778819,25,0,31 252,1,13,,778809,25,0,31 252,1,10,,778746,25,0,31 252,1,11,,778775,25,0,31 252,1,14,,778751,25,0,31 252,1,8,,778771,25,0,31 252,1,48,,778794,25,0,31 252,1,8,,778773,25,0,31 252,1,8,,778804,25,0,31 252,1,8,,778784,25,0,31 252,1,8,,778774,25,0,31 252,1,8,,778793,25,0,31 252,1,8,,778786,25,0,31 252,1,5,,778821,25,0,31 252,1,48,,778790,25,0,31 252,1,8,,778788,25,0,31 252,1,8,,778778,25,0,31 252,1,8,,778755,25,0,31 252,1,8,,629094,25,0,31 252,1,8,,557615,25,0,31 252,1,8,,778828,25,0,31 252,1,48,,645526,25,0,31 252,1,8,,778758,25,0,31 252,1,8,,778830,25,0,31 252,1,8,,778770,25,0,31 252,1,8,,778767,25,0,31 252,1,8,,778777,25,0,31 252,1,8,,778796,25,0,31 252,1,8,,778765,25,0,31 252,1,48,,606665,25,0,31 252,1,8,,778757,25,0,31 252,1,8,,602978,25,0,31 252,1,8,,778825,25,0,31 252,1,8,,778780,25,0,31 252,1,8,,778798,25,0,34 86 87,1,8,,655230,25,0,34 86 87,1,48,,688445,25,0,34 86 87,1,8,,778827,25,0,34 86 87,1,8,,778820,25,0,34 86 87,1,8,,778811,25,0,34 86 87,1,8,,778753,25,0,34 86 87,1,8,,663053,25,0,34 86 87,1,8,,778747,25,0,34 86 87,1,9,,778833,25,0,34 86 87,1,46,,674530,25,0,34 86 87,1,5,,778760,25,0,34 86 87,1,8,,778764,25,0,34 86 87,1,4,,778810,25,0,34 86 87,1,8,,778801,25,0,34 86 87,1,10,,602556,25,0,34 86 87,1,10,,778817,25,0,34 86 87,1,10,,612291,25,0,34 86 87,1,50,,778816,25,0,34 86 87,1,10,,778768,25,0,34 86 87,1,10,,778834,25,0,34 86 87,1,10,,778782,25,0,34 86 87,1,10,,634643,25,0,34 86 87,1,10,,778813,25,0,34 86 87,1,50,,778822,25,0,34 86 87,1,10,,778756,25,0,34 86 87,1,10,,778824,25,0,34 86 87,1
96002,'2',839,,778845,25,0,31 252,1,10,,778865,25,0,31 252,1,10,,778877,25,0,31 252,1,50,,518611,25,0,31 252,1,10,,629641,25,0,31 252,1,10,,778838,25,0,31 252,1,10,,778850,25,0,31 252,1,10,,680569,25,0,31 252,1,10,,778849,25,0,31 252,1,50,,778842,25,0,31 252,1,10,,778848,25,0,31 252,1,10,,778837,25,0,31 252,1,10,,778863,25,0,31 252,1,10,,778884,25,0,31 252,1,10,,623763,25,0,31 252,1,50,,778851,25,0,31 252,1,10,,619655,25,0,31 252,1,10,,778878,25,0,31 252,1,10,,778881,25,0,31 252,1,10,,778858,25,0,31 252,1,9,,671506,25,0,31 252,1,48,,667413,25,0,31 252,1,8,,778855,25,0,31 252,1,8,,778887,25,0,31 252,1,10,,683026,25,0,31 252,1,8,,778885,25,0,31 252,1,8,,778861,25,0,31 252,1,8,,672869,25,0,31 252,1,48,,778868,25,0,31 252,1,8,,778888,25,0,31 252,1,8,,778874,25,0,31 252,1,8,,778883,25,0,31 252,1,8,,778859,25,0,31 252,1,8,,778840,25,0,31 252,1,8,,778841,25,0,31 252,1,48,,778872,25,0,31 252,1,8,,778854,25,0,31 252,1,8,,778882,25,0,31 252,1,8,,640139,25,0,31 252,1,8,,778836,25,0,31 252,1,8,,778853,25,0,31 252,1,8,,778867,25,0,31 252,1,8,,652024,25,0,31 252,1,48,,778852,25,0,31 252,1,8,,607506,25,0,31 252,1,8,,778864,25,0,31 252,1,8,,778870,25,0,31 252,1,8,,778857,25,0,31 252,1,8,,778843,25,0,31 252,1,8,,778862,25,0,31 252,1,48,,778889,25,0,31 252,1,8,,778844,25,0,31 252,1,8,,778879,25,0,31 252,1,8,,778856,25,0,31 252,1,8,,778866,25,0,31 252,1,8,,660956,25,0,31 252,1,8,,778890,25,0,31 252,1,8,,663849,25,0,31 252,1,48,,588994,25,0,31 252,1,8,,778847,25,0,31 252,1,8,,778876,25,0,31 252,1,8,,668714,25,0,31 252,1,8,,778873,25,0,31 252,1,8,,612521,25,0,31 252,1,8,,778886,25,0,31 252,1,48,,778860,25,0,31 252,1,8,,659756,25,0,31 252,1,8,,778880,25,0,31 252,1,8,,673206,25,0,31 252,1,8,,653341,25,0,31 252,1,8,,778839,25,0,31 252,1,8,,778846,25,0,31 252,1,6,,645038,25,0,34 86 87,1,48,,778871,25,0,34 86 87,1,8,,778875,25,0,34 86 87,1,8,,778869,25,0,34 86 87,1,8,,615769,25,0,34 86 87,1,8,,778835,25,0,34 86 87,1
96002,'3',812,,778924,25,0,34 86 87,1,18,,778896,25,0,34 86 87,1,10,,632512,25,0,34 86 87,1,10,,778906,25,0,34 86 87,1,50,,469672,25,0,34 86 87,1,10,,778909,25,0,34 86 87,1,10,,778914,25,0,34 86 87,1,10,,778901,25,0,34 86 87,1,10,,641963,25,0,34 86 87,1,10,,569910,25,0,34 86 87,1,50,,778907,25,0,34 86 87,1,10,,778917,25,0,34 86 87,1,10,,778927,25,0,34 86 87,1,10,,778916,25,0,34 86 87,1,10,,778891,25,0,34 86 87,1,10,,778910,25,0,34 86 87,1,50,,778931,25,0,34 86 87,1,10,,778929,25,0,34 86 87,1,10,,778920,25,0,34 86 87,1,10,,778913,25,0,34 86 87,1,10,,778935,25,0,34 86 87,1,12,,778921,25,0,34 86 87,1,53,,778902,25,0,34 86 87,1,12,,778893,25,0,34 86 87,1,11,,778897,25,0,34 86 87,1,10,,778899,25,0,34 86 87,1,10,,778934,25,0,34 86 87,1,10,,778912,25,0,34 86 87,1,50,,778905,25,0,34 86 87,1,10,,778919,25,0,34 86 87,1,10,,778900,25,0,34 86 87,1,10,,778923,25,0,34 86 87,1,10,,778925,25,0,34 86 87,1,10,,650126,25,0,34 86 87,1,50,,778939,25,0,34 86 87,1,10,,778892,25,0,34 86 87,1,10,,778930,25,0,34 86 87,1,10,,778918,25,0,34 86 87,1,10,,778908,25,0,34 86 87,1,10,,684760,25,0,34 86 87,1,50,,778915,25,0,34 86 87,1,10,,611721,25,0,34 86 87,1,10,,628905,25,0,34 86 87,1,10,,655521,25,0,34 86 87,1,10,,778895,25,0,34 86 87,1,10,,778898,25,0,34 86 87,1,50,,778940,25,0,34 86 87,1,10,,544729,25,0,34 86 87,1,10,,778936,25,0,34 86 87,1,10,,778926,25,0,34 86 87,1,10,,778904,25,0,34 86 87,1,10,,629195,25,0,34 86 87,1,50,,778928,25,0,34 86 87,1,10,,778911,25,0,34 86 87,1,10,,778903,25,0,34 86 87,1,10,,609463,25,0,34 86 87,1,10,,778933,25,0,34 86 87,1,10,,778942,25,0,34 86 87,1,50,,778922,25,0,34 86 87,1,10,,778937,25,0,34 86 87,1,10,,609976,25,0,34 86 87,1,10,,778938,25,0,34 86 87,1,10,,778894,25,0,34 86 87,1,10,,671796,25,0,34 86 87,1,50,,778932,25,0,34 86 87,1,10,,648207,25,0,34 86 87,1,10,,778941,25,0,34 86 87,1,10,,670611,25,0,34 86 87,1
96002,'5',810,,778944,25,0,34 86 87,1,20,,778977,25,0,34 86 87,1,10,,778989,25,0,34 86 87,1,10,,778964,25,0,34 86 87,1,50,,778984,25,0,34 86 87,1,10,,778978,25,0,34 86 87,1,10,,778957,25,0,34 86 87,1,10,,778947,25,0,34 86 87,1,10,,778987,25,0,34 86 87,1,10,,778997,25,0,34 86 87,1,50,,778983,25,0,34 86 87,1,10,,652528,25,0,34 86 87,1,10,,778958,25,0,34 86 87,1,10,,539469,25,0,34 86 87,1,10,,778975,25,0,34 86 87,1,10,,678343,25,0,34 86 87,1,50,,778943,25,0,34 86 87,1,10,,778954,25,0,34 86 87,1,10,,778966,25,0,34 86 87,1,10,,778999,25,0,34 86 87,1,10,,778948,25,0,34 86 87,1,12,,778976,25,0,34 86 87,1,53,,778956,25,0,34 86 87,1,12,,614312,25,0,34 86 87,1,11,,778959,25,0,34 86 87,1,10,,778949,25,0,34 86 87,1,10,,778988,25,0,34 86 87,1,10,,778991,25,0,34 86 87,1,50,,778961,25,0,34 86 87,1,10,,778986,25,0,34 86 87,1,10,,778955,25,0,34 86 87,1,10,,778945,25,0,34 86 87,1,10,,778979,25,0,34 86 87,1,10,,778967,25,0,34 86 87,1,50,,660001,25,0,34 86 87,1,10,,538930,25,0,34 86 87,1,10,,633998,25,0,34 86 87,1,10,,778953,25,0,34 86 87,1,10,,778962,25,0,34 86 87,1,10,,778973,25,0,34 86 87,1,50,,778960,25,0,34 86 87,1,10,,778952,25,0,34 86 87,1,10,,618164,25,0,34 86 87,1,10,,778951,25,0,34 86 87,1,10,,778981,25,0,34 86 87,1,10,,778982,25,0,34 86 87,1,50,,778946,25,0,34 86 87,1,10,,632208,25,0,34 86 87,1,10,,778969,25,0,34 86 87,1,10,,778995,25,0,34 86 87,1,10,,778996,25,0,34 86 87,1,10,,778992,25,0,34 86 87,1,50,,778985,25,0,34 86 87,1,10,,778980,25,0,34 86 87,1,10,,778970,25,0,34 86 87,1,10,,778965,25,0,34 86 87,1,10,,778968,25,0,34 86 87,1,10,,778950,25,0,34 86 87,1,50,,778974,25,0,34 86 87,1,10,,778993,25,0,34 86 87,1,10,,778990,25,0,34 86 87,1,10,,778963,25,0,34 86 87,1,10,,778971,25,0,34 86 87,1,10,,630085,25,0,34 86 87,1,50,,610829,25,0,34 86 87,1,10,,778998,25,0,34 86 87,1,10,,778994,25,0,34 86 87,1,10,,778972,25,0,34 86 87,1
