2704,'1',529,,701043,2,0,75 8,1,10,,635048,2,0,75 8,1,10,,701059,2,0,75 8,1,10,,701013,2,0,75 8,1,50,,701007,2,0,75 8,1,10,,701045,2,0,75 8,1,10,,701022,2,0,75 8,1,10,,701065,2,0,75 8,1,10,,701048,2,0,75 8,1,10,,701008,2,0,75 8,1,49,,701088,2,0,75 8,1,8,,701079,2,0,75 8,1,10,,603294,2,0,75 8,1,10,,701006,2,0,75 8,1,10,,701051,2,0,75 8,1,10,,701034,2,0,75 8,1,50,,701052,2,0,75 8,1,10,,701072,2,0,75 8,1,10,,701067,2,0,75 8,1,10,,701083,2,0,75 8,1,10,,701004,2,0,75 8,1,10,,683418,2,0,75 8,1,51,,701025,2,0,75 8,1,10,,509297,2,0,75 8,1,10,,701011,2,0,75 8,1,10,,701062,2,0,75 8,1,10,,701068,2,0,75 8,1,10,,655220,2,0,75 8,1,50,,701044,2,0,75 8,1,10,,701021,2,0,75 8,1,10,,679495,2,0,75 8,1,10,,701074,2,0,75 8,1,10,,701071,2,0,75 8,1,10,,701039,2,0,75 8,1,50,,701056,2,0,75 8,1,10,,701058,2,0,75 8,1,10,,701066,2,0,75 8,1,10,,701032,2,0,75 8,1,10,,701026,2,0,75 8,1,10,,701073,2,0,75 8,1,50,,621078,2,0,75 8,1,10,,701061,2,0,75 8,1,10,,701027,2,0,75 8,1,10,,701017,2,0,75 8,1,10,,701041,2,0,75 8,1,10,,667306,2,0,75 8,1,50,,701024,2,0,75 8,1,10,,654474,2,0,75 8,1,10,,701054,2,0,75 8,1,10,,701035,2,0,75 8,1,10,,616048,2,0,75 8,1,10,,701018,2,0,75 8,1,50,,672549,2,0,75 8,1,10,,689284,2,0,75 8,1,9,,701009,2,0,75 8,1,9,,701002,2,0,75 8,1,9,,686758,2,0,75 8,1,10,,701078,2,0,75 8,1,50,,701010,2,0,75 8,1,10,,701023,2,0,75 8,1,10,,701050,2,0,75 8,1,10,,701069,2,0,75 8,1,10,,640052,2,0,75 8,1,10,,701060,2,0,75 8,1,50,,701019,2,0,75 8,1,10,,701016,2,0,75 8,1,10,,546398,2,0,75 8,1,10,,701020,2,0,75 8,1,10,,701040,2,0,75 8,1,10,,701003,2,0,75 8,1,50,,629245,2,0,75 8,1,10,,657450,2,0,75 8,1,10,,701012,2,0,75 8,1,10,,683914,2,0,75 8,1,10,,701091,2,0,75 8,1,10,,701053,2,0,75 8,1,50,,701092,2,0,75 8,1,10,,701033,2,0,75 8,1,10,,701090,2,0,75 8,1,10,,701031,2,0,75 8,1,10,,701089,2,0,75 8,1,11,,701087,2,0,75 8,1,52,,701014,2,0,75 8,1,11,,701057,2,0,75 8,1,10,,701037,2,0,75 8,1,10,,701029,2,0,75 8,1,10,,688937,2,0,75 8,1,10,,701046,2,0,75 8,1,50,,701064,2,0,75 8,1,10,,602587,2,0,75 8,1,10,,616503,2,0,75 8,1,10,,672177,2,0,75 8,1,10,,701095,2,0,75 8,1,10,,701005,2,0,75 8,1,50,,701085,2,0,75 8,1,10,,689616,2,0,75 8,1,10,,666848,2,0,75 8,1,10,,701036,2,0,75 8,1,11,,701080,2,0,75 8,1,52,,701047,2,0,75 8,1,11,,701028,2,0,75 8,1,10,,701063,2,0,75 8,1,10,,701086,2,0,75 8,1,10,,701077,2,0,75 8,1,10,,701030,2,0,75 8,1,50,,701070,2,0,75 8,1,10,,483697,2,0,75 8,1,10,,529302,2,0,75 8,1,10,,701042,2,0,75 8,1,10,,701055,2,0,75 8,1,10,,701094,2,0,75 8,1,50,,701015,2,0,75 8,1,10,,685332,2,0,75 8,1,10,,701049,2,0,75 8,1,10,,701038,2,0,75 8,1,10,,701084,2,0,75 8,1,10,,612371,2,0,75 8,1,55,,701082,2,0,75 8,1,15,,701076,2,0,75 8,1,15,,652276,2,0,75 8,1,15,,701081,2,0,75 8,1,55,,701075,2,0,75 8,1,15,,701093,2,0,75 8,1
2704,'2',534,,701105,2,0,75 8,1,15,,701161,2,0,75 8,1,55,,701112,2,0,75 8,1,10,,641259,2,0,75 8,1,10,,701182,2,0,75 8,1,10,,701109,2,0,75 8,1,10,,701150,2,0,75 8,1,10,,701110,2,0,75 8,1,50,,701097,2,0,75 8,1,10,,701134,2,0,75 8,1,10,,701149,2,0,75 8,1,10,,701162,2,0,75 8,1,10,,670911,2,0,75 8,1,10,,701179,2,0,75 8,1,52,,701187,2,0,75 8,1,10,,701118,2,0,75 8,1,10,,701100,2,0,75 8,1,10,,435913,2,0,75 8,1,10,,701174,2,0,75 8,1,10,,621192,2,0,75 8,1,50,,701146,2,0,75 8,1,10,,666904,2,0,75 8,1,10,,701132,2,0,75 8,1,10,,701111,2,0,75 8,1,10,,701128,2,0,75 8,1,10,,701185,2,0,75 8,1,50,,701141,2,0,75 8,1,10,,701131,2,0,75 8,1,10,,618971,2,0,75 8,1,10,,653844,2,0,75 8,1,10,,537598,2,0,75 8,1,10,,701157,2,0,75 8,1,50,,701101,2,0,75 8,1,10,,570425,2,0,75 8,1,10,,661481,2,0,75 8,1,10,,701127,2,0,75 8,1,10,,701180,2,0,75 8,1,10,,701142,2,0,75 8,1,51,,701136,2,0,75 8,1,10,,672639,2,0,75 8,1,10,,701165,2,0,75 8,1,10,,701160,2,0,75 8,1,10,,701135,2,0,75 8,1,10,,701119,2,0,75 8,1,50,,701164,2,0,75 8,1,10,,701098,2,0,75 8,1,10,,701186,2,0,75 8,1,10,,687685,2,0,75 8,1,10,,701107,2,0,75 8,1,10,,701096,2,0,75 8,1,50,,701126,2,0,75 8,1,10,,701133,2,0,75 8,1,10,,630688,2,0,75 8,1,10,,701104,2,0,75 8,1,7,,701166,2,0,75 8,1,10,,701125,2,0,75 8,1,50,,701167,2,0,75 8,1,10,,701181,2,0,75 8,1,10,,624069,2,0,75 8,1,10,,657893,2,0,75 8,1,10,,701129,2,0,75 8,1,10,,654933,2,0,75 8,1,50,,701117,2,0,75 8,1,10,,701175,2,0,75 8,1,10,,701178,2,0,75 8,1,10,,701143,2,0,75 8,1,10,,631427,2,0,75 8,1,10,,701151,2,0,75 8,1,54,,701140,2,0,75 8,1,10,,648605,2,0,75 8,1,10,,701116,2,0,75 8,1,10,,701169,2,0,75 8,1,10,,382877,2,0,75 8,1,10,,701106,2,0,75 8,1,50,,701156,2,0,75 8,1,10,,701138,2,0,75 8,1,10,,701115,2,0,75 8,1,10,,701170,2,0,75 8,1,10,,604495,2,0,75 8,1,10,,701137,2,0,75 8,1,52,,701158,2,0,75 8,1,10,,701176,2,0,75 8,1,10,,701152,2,0,75 8,1,10,,701155,2,0,75 8,1,10,,701184,2,0,75 8,1,50,,701183,2,0,75 8,1,10,,631514,2,0,75 8,1,10,,701188,2,0,75 8,1,10,,701139,2,0,75 8,1,10,,701172,2,0,75 8,1,10,,701114,2,0,75 8,1,50,,701177,2,0,75 8,1,10,,701122,2,0,75 8,1,10,,701113,2,0,75 8,1,10,,701144,2,0,75 8,1,10,,531075,2,0,75 8,1,10,,701108,2,0,75 8,1,50,,701123,2,0,75 8,1,13,,701148,2,0,75 8,1,10,,701121,2,0,75 8,1,10,,701099,2,0,75 8,1,10,,701130,2,0,75 8,1,10,,701124,2,0,75 8,1,50,,701102,2,0,75 8,1,10,,619025,2,0,75 8,1,10,,530137,2,0,75 8,1,10,,701145,2,0,75 8,1,10,,701171,2,0,75 8,1,10,,701173,2,0,75 8,1,50,,701159,2,0,75 8,1,10,,529562,2,0,75 8,1,10,,519464,2,0,75 8,1,10,,701163,2,0,75 8,1,10,,701120,2,0,75 8,1,10,,701168,2,0,75 8,1,55,,660221,2,0,75 8,1,15,,701103,2,0,75 8,1,14,,701153,2,0,75 8,1,15,,701154,2,0,75 8,1,55,,701147,2,0,75 8,1,15,,668692,2,0,75 8,1
2704,'3',719,,701200,2,0,75 8,1,16,,701196,2,0,75 8,1,10,,701226,2,0,75 8,1,10,,701242,2,0,75 8,1,51,,701239,2,0,75 8,1,10,,701202,2,0,75 8,1,10,,625606,2,0,75 8,1,10,,701266,2,0,75 8,1,10,,701267,2,0,75 8,1,10,,684753,2,0,75 8,1,50,,701210,2,0,75 8,1,10,,701204,2,0,75 8,1,10,,701214,2,0,75 8,1,10,,701209,2,0,75 8,1,10,,701276,2,0,75 8,1,10,,701225,2,0,75 8,1,50,,701253,2,0,75 8,1,10,,701199,2,0,75 8,1,10,,701217,2,0,75 8,1,10,,654409,2,0,75 8,1,10,,672349,2,0,75 8,1,10,,660392,2,0,75 8,1,50,,701269,2,0,75 8,1,10,,701263,2,0,75 8,1,10,,701234,2,0,75 8,1,10,,701201,2,0,75 8,1,10,,701256,2,0,75 8,1,10,,582751,2,0,75 8,1,50,,701229,2,0,75 8,1,10,,640419,2,0,75 8,1,10,,701197,2,0,75 8,1,10,,701215,2,0,75 8,1,10,,701264,2,0,75 8,1,10,,701206,2,0,75 8,1,50,,633598,2,0,75 8,1,10,,701218,2,0,75 8,1,10,,701271,2,0,75 8,1,10,,701222,2,0,75 8,1,10,,701219,2,0,75 8,1,10,,701205,2,0,75 8,1,50,,701251,2,0,75 8,1,10,,701265,2,0,75 8,1,10,,701228,2,0,75 8,1,10,,701195,2,0,75 8,1,10,,648726,2,0,75 8,1,10,,701254,2,0,75 8,1,50,,701220,2,0,75 8,1,10,,701233,2,0,75 8,1,10,,701252,2,0,75 8,1,10,,701243,2,0,75 8,1,10,,672331,2,0,75 8,1,10,,678238,2,0,75 8,1,50,,701198,2,0,75 8,1,10,,701240,2,0,75 8,1,10,,701223,2,0,75 8,1,10,,701227,2,0,75 8,1,10,,701270,2,0,75 8,1,10,,701246,2,0,75 8,1,51,,660385,2,0,75 8,1,10,,701257,2,0,75 8,1,10,,701274,2,0,75 8,1,10,,701273,2,0,75 8,1,10,,701248,2,0,75 8,1,10,,701250,2,0,75 8,1,50,,701245,2,0,75 8,1,10,,701235,2,0,75 8,1,10,,701278,2,0,75 8,1,10,,701262,2,0,75 8,1,10,,701272,2,0,75 8,1,10,,701216,2,0,75 8,1,53,,701193,2,0,75 8,1,10,,607917,2,0,75 8,1,10,,701275,2,0,75 8,1,10,,544523,2,0,75 8,1,10,,701277,2,0,75 8,1,50,,701191,2,0,75 8,1,10,,657031,2,0,75 8,1,10,,701231,2,0,75 8,1,10,,701221,2,0,75 8,1,10,,701247,2,0,75 8,1,10,,701213,2,0,75 8,1,50,,701238,2,0,75 8,1,10,,701255,2,0,75 8,1,10,,701236,2,0,75 8,1,10,,659769,2,0,75 8,1,10,,701208,2,0,75 8,1,10,,701259,2,0,75 8,1,50,,537698,2,0,75 8,1,12,,701241,2,0,75 8,1,10,,701230,2,0,75 8,1,10,,701189,2,0,75 8,1,10,,701258,2,0,75 8,1,10,,701212,2,0,75 8,1,50,,563613,2,0,75 8,1,10,,701224,2,0,75 8,1,10,,701244,2,0,75 8,1,10,,701194,2,0,75 8,1,10,,701190,2,0,75 8,1,10,,701192,2,0,75 8,1,50,,701207,2,0,75 8,1,10,,609825,2,0,75 8,1,10,,701268,2,0,75 8,1,10,,701203,2,0,75 8,1,10,,701261,2,0,75 8,1,10,,701232,2,0,75 8,1,55,,701279,2,0,75 8,1,15,,701237,2,0,75 8,1,15,,701249,2,0,75 8,1,15,,701260,2,0,75 8,1,55,,639137,2,0,75 8,1,15,,701211,2,0,75 8,1
2704,'5',534,,701317,2,0,75 8,1,15,,653679,2,0,75 8,1,55,,682065,2,0,75 8,1,10,,667469,2,0,75 8,1,10,,701371,2,0,75 8,1,10,,628688,2,0,75 8,1,10,,701346,2,0,75 8,1,10,,635269,2,0,75 8,1,50,,701300,2,0,75 8,1,10,,701320,2,0,75 8,1,10,,701297,2,0,75 8,1,10,,701284,2,0,75 8,1,10,,645491,2,0,75 8,1,10,,682762,2,0,75 8,1,46,,701339,2,0,75 8,1,6,,701329,2,0,75 8,1,10,,650245,2,0,75 8,1,10,,542622,2,0,75 8,1,10,,701309,2,0,75 8,1,10,,701314,2,0,75 8,1,10,,701375,2,0,75 8,1,50,,701306,2,0,75 8,1,10,,701328,2,0,75 8,1,10,,701283,2,0,75 8,1,10,,701330,2,0,75 8,1,10,,701362,2,0,75 8,1,10,,701295,2,0,75 8,1,50,,701315,2,0,75 8,1,10,,701299,2,0,75 8,1,10,,701369,2,0,75 8,1,10,,701351,2,0,75 8,1,10,,701307,2,0,75 8,1,10,,701286,2,0,75 8,1,50,,701305,2,0,75 8,1,10,,701347,2,0,75 8,1,10,,701325,2,0,75 8,1,10,,701366,2,0,75 8,1,10,,701353,2,0,75 8,1,10,,622491,2,0,75 8,1,50,,701282,2,0,75 8,1,10,,623422,2,0,75 8,1,10,,701348,2,0,75 8,1,10,,701352,2,0,75 8,1,10,,701350,2,0,75 8,1,10,,701293,2,0,75 8,1,50,,670313,2,0,75 8,1,10,,701334,2,0,75 8,1,10,,701285,2,0,75 8,1,10,,701355,2,0,75 8,1,10,,701365,2,0,75 8,1,10,,701361,2,0,75 8,1,50,,687769,2,0,75 8,1,10,,701338,2,0,75 8,1,10,,701367,2,0,75 8,1,10,,701332,2,0,75 8,1,10,,651444,2,0,75 8,1,10,,701337,2,0,75 8,1,50,,606808,2,0,75 8,1,10,,701340,2,0,75 8,1,10,,615112,2,0,75 8,1,10,,701327,2,0,75 8,1,10,,701360,2,0,75 8,1,10,,701313,2,0,75 8,1,50,,701359,2,0,75 8,1,10,,701291,2,0,75 8,1,10,,701344,2,0,75 8,1,10,,701370,2,0,75 8,1,10,,701343,2,0,75 8,1,10,,676641,2,0,75 8,1,51,,701336,2,0,75 8,1,10,,701342,2,0,75 8,1,10,,701372,2,0,75 8,1,10,,657967,2,0,75 8,1,10,,701290,2,0,75 8,1,10,,701298,2,0,75 8,1,50,,701319,2,0,75 8,1,10,,701311,2,0,75 8,1,10,,701349,2,0,75 8,1,10,,701331,2,0,75 8,1,10,,520218,2,0,75 8,1,10,,701312,2,0,75 8,1,53,,701280,2,0,75 8,1,10,,701289,2,0,75 8,1,10,,701301,2,0,75 8,1,10,,701373,2,0,75 8,1,10,,701318,2,0,75 8,1,50,,701288,2,0,75 8,1,10,,673137,2,0,75 8,1,10,,701374,2,0,75 8,1,10,,701292,2,0,75 8,1,10,,701363,2,0,75 8,1,10,,701323,2,0,75 8,1,50,,701304,2,0,75 8,1,10,,701316,2,0,75 8,1,10,,701294,2,0,75 8,1,10,,701281,2,0,75 8,1,10,,701357,2,0,75 8,1,10,,701345,2,0,75 8,1,50,,701324,2,0,75 8,1,12,,701296,2,0,75 8,1,10,,701354,2,0,75 8,1,10,,701287,2,0,75 8,1,10,,701368,2,0,75 8,1,10,,701308,2,0,75 8,1,50,,701356,2,0,75 8,1,10,,701333,2,0,75 8,1,10,,701376,2,0,75 8,1,10,,660438,2,0,75 8,1,10,,701321,2,0,75 8,1,10,,675641,2,0,75 8,1,50,,701341,2,0,75 8,1,10,,611116,2,0,75 8,1,10,,701310,2,0,75 8,1,10,,701303,2,0,75 8,1,10,,641159,2,0,75 8,1,10,,672446,2,0,75 8,1,55,,701364,2,0,75 8,1,15,,701302,2,0,75 8,1,15,,701358,2,0,75 8,1,15,,701322,2,0,75 8,1,55,,701326,2,0,75 8,1,15,,701335,2,0,75 8,1
3202,'1',647,,703859,2,0,154 8,1,7,,703845,2,0,154 8,1,48,,703794,2,0,154 8,1,7,,703842,2,0,154 8,1,8,,703853,2,0,154 8,1,7,,703868,2,0,154 8,1,8,,703856,2,0,154 8,1,7,,661084,2,0,154 8,1,8,,703854,2,0,154 8,1,7,,528725,2,0,154 8,1,48,,431418,2,0,154 8,1,7,,703865,2,0,154 8,1,8,,703862,2,0,154 8,1,7,,703837,2,0,154 8,1,8,,703800,2,0,154 8,1,7,,596434,2,0,154 8,1,8,,703811,2,0,154 8,1,7,,703789,2,0,154 8,1,48,,703793,2,0,154 8,1,7,,703857,2,0,154 8,1,8,,639878,2,0,154 8,1,7,,703803,2,0,154 8,1,9,,703797,2,0,154 8,1,10,,703787,2,0,154 8,1,10,,703834,2,0,154 8,1,50,,703818,2,0,154 8,1,10,,703852,2,0,154 8,1,10,,703831,2,0,154 8,1,10,,703867,2,0,154 8,1,10,,703839,2,0,154 8,1,10,,633075,2,0,154 8,1,50,,703826,2,0,154 8,1,10,,703796,2,0,154 8,1,10,,703801,2,0,154 8,1,10,,703827,2,0,154 8,1,10,,703808,2,0,154 8,1,10,,665785,2,0,154 8,1,50,,703848,2,0,154 8,1,10,,703822,2,0,154 8,1,10,,703802,2,0,154 8,1,10,,703791,2,0,154 8,1,10,,703819,2,0,154 8,1,10,,703829,2,0,154 8,1,50,,621387,2,0,154 8,1,7,,703855,2,0,154 8,1,8,,703795,2,0,154 8,1,9,,703792,2,0,154 8,1,9,,703844,2,0,154 8,1,8,,432870,2,0,154 8,1,10,,703809,2,0,154 8,1,49,,703851,2,0,154 8,1,10,,703814,2,0,154 8,1,10,,631917,2,0,154 8,1,10,,703823,2,0,154 8,1,10,,703858,2,0,154 8,1,10,,703840,2,0,154 8,1,50,,703788,2,0,154 8,1,10,,456891,2,0,154 8,1,10,,703799,2,0,154 8,1,10,,703869,2,0,154 8,1,10,,703812,2,0,154 8,1,10,,703807,2,0,154 8,1,50,,703828,2,0,154 8,1,10,,605871,2,0,154 8,1,10,,703847,2,0,154 8,1,10,,703804,2,0,154 8,1,10,,703810,2,0,154 8,1,10,,703820,2,0,154 8,1,50,,703866,2,0,154 8,1,10,,703850,2,0,154 8,1,10,,703864,2,0,154 8,1,10,,703830,2,0,154 8,1,10,,703806,2,0,154 8,1,10,,703870,2,0,154 8,1,50,,703841,2,0,154 8,1,10,,703835,2,0,154 8,1,10,,686280,2,0,154 8,1,10,,703833,2,0,154 8,1,10,,703824,2,0,154 8,1,10,,703816,2,0,154 8,1,54,,703817,2,0,154 8,1,15,,703836,2,0,154 8,1,15,,703805,2,0,154 8,1,15,,605494,2,0,154 8,1,55,,703860,2,0,154 8,1,15,,703846,2,0,154 8,1,15,,703849,2,0,154 8,1,15,,703861,2,0,154 8,1,55,,703832,2,0,154 8,1,15,,679488,2,0,154 8,1,15,,614662,2,0,154 8,1,15,,537110,2,0,154 8,1,55,,703813,2,0,154 8,1,15,,703790,2,0,154 8,1,15,,662611,2,0,154 8,1,15,,703838,2,0,154 8,1,55,,703843,2,0,154 8,1,15,,703825,2,0,154 8,1,15,,703798,2,0,154 8,1,15,,703871,2,0,154 8,1,55,,651258,2,0,154 8,1,15,,703821,2,0,154 8,1,15,,703863,2,0,154 8,1,15,,634250,2,0,154 8,1,55,,703815,2,0,154 8,1
3202,'2',645,,703901,2,0,154 8,1,55,,703920,2,0,154 8,1,15,,703878,2,0,154 8,1,15,,703889,2,0,154 8,1,15,,703890,2,0,154 8,1,57,,555395,2,0,154 8,1,15,,703883,2,0,154 8,1,15,,703894,2,0,154 8,1,15,,703891,2,0,154 8,1,55,,703898,2,0,154 8,1,15,,703911,2,0,154 8,1,15,,703930,2,0,154 8,1,15,,703900,2,0,154 8,1,55,,703942,2,0,154 8,1,15,,703940,2,0,154 8,1,15,,703912,2,0,154 8,1,15,,703922,2,0,154 8,1,55,,605179,2,0,154 8,1,15,,703939,2,0,154 8,1,15,,703918,2,0,154 8,1,10,,654582,2,0,154 8,1,10,,703905,2,0,154 8,1,51,,703887,2,0,154 8,1,10,,703924,2,0,154 8,1,10,,703943,2,0,154 8,1,10,,703910,2,0,154 8,1,10,,703937,2,0,154 8,1,10,,703923,2,0,154 8,1,50,,703903,2,0,154 8,1,10,,703926,2,0,154 8,1,10,,703904,2,0,154 8,1,10,,703899,2,0,154 8,1,10,,626306,2,0,154 8,1,10,,703916,2,0,154 8,1,50,,406432,2,0,154 8,1,10,,703928,2,0,154 8,1,10,,625067,2,0,154 8,1,10,,703931,2,0,154 8,1,10,,703902,2,0,154 8,1,10,,703925,2,0,154 8,1,50,,703929,2,0,154 8,1,10,,703881,2,0,154 8,1,10,,703892,2,0,154 8,1,10,,672837,2,0,154 8,1,10,,703908,2,0,154 8,1,10,,703909,2,0,154 8,1,50,,582418,2,0,154 8,1,10,,703897,2,0,154 8,1,10,,703895,2,0,154 8,1,10,,607872,2,0,154 8,1,10,,703896,2,0,154 8,1,10,,703907,2,0,154 8,1,50,,703919,2,0,154 8,1,10,,637449,2,0,154 8,1,10,,703921,2,0,154 8,1,10,,679191,2,0,154 8,1,10,,703880,2,0,154 8,1,10,,671334,2,0,154 8,1,50,,703882,2,0,154 8,1,10,,703941,2,0,154 8,1,10,,703915,2,0,154 8,1,10,,703884,2,0,154 8,1,10,,703913,2,0,154 8,1,10,,703874,2,0,154 8,1,54,,703906,2,0,154 8,1,15,,703873,2,0,154 8,1,15,,703938,2,0,154 8,1,15,,703876,2,0,154 8,1,55,,703872,2,0,154 8,1,15,,703932,2,0,154 8,1,15,,703933,2,0,154 8,1,15,,703914,2,0,154 8,1,55,,703934,2,0,154 8,1,15,,613617,2,0,154 8,1,15,,628368,2,0,154 8,1,15,,703888,2,0,154 8,1,55,,703886,2,0,154 8,1,15,,703927,2,0,154 8,1,15,,703877,2,0,154 8,1,15,,703936,2,0,154 8,1,55,,703893,2,0,154 8,1,15,,703879,2,0,154 8,1,15,,654381,2,0,154 8,1,15,,703875,2,0,154 8,1,55,,703944,2,0,154 8,1,15,,703885,2,0,154 8,1,15,,609423,2,0,154 8,1,15,,703917,2,0,154 8,1,55,,703935,2,0,154 8,1
3202,'3',837,,638269,2,0,154 8,1,13,,659800,2,0,154 8,1,52,,703953,2,0,154 8,1,15,,703984,2,0,154 8,1,15,,703993,2,0,154 8,1,15,,704000,2,0,154 8,1,55,,704004,2,0,154 8,1,15,,703973,2,0,154 8,1,15,,704006,2,0,154 8,1,15,,666091,2,0,154 8,1,55,,703987,2,0,154 8,1,15,,703995,2,0,154 8,1,15,,704007,2,0,154 8,1,15,,703967,2,0,154 8,1,55,,703958,2,0,154 8,1,10,,703952,2,0,154 8,1,10,,625220,2,0,154 8,1,10,,648687,2,0,154 8,1,10,,703992,2,0,154 8,1,10,,703975,2,0,154 8,1,50,,703946,2,0,154 8,1,10,,703955,2,0,154 8,1,10,,704003,2,0,154 8,1,10,,703950,2,0,154 8,1,10,,606765,2,0,154 8,1,10,,704002,2,0,154 8,1,50,,703959,2,0,154 8,1,10,,703954,2,0,154 8,1,10,,703948,2,0,154 8,1,10,,703964,2,0,154 8,1,10,,703977,2,0,154 8,1,10,,663099,2,0,154 8,1,50,,703982,2,0,154 8,1,10,,703991,2,0,154 8,1,10,,703969,2,0,154 8,1,10,,703988,2,0,154 8,1,10,,703974,2,0,154 8,1,10,,703989,2,0,154 8,1,50,,703996,2,0,154 8,1,10,,704005,2,0,154 8,1,10,,703994,2,0,154 8,1,10,,703945,2,0,154 8,1,10,,703998,2,0,154 8,1,10,,703978,2,0,154 8,1,50,,703963,2,0,154 8,1,10,,652446,2,0,154 8,1,10,,676441,2,0,154 8,1,10,,608171,2,0,154 8,1,10,,703986,2,0,154 8,1,10,,703951,2,0,154 8,1,50,,703949,2,0,154 8,1,10,,703981,2,0,154 8,1,10,,703962,2,0,154 8,1,10,,654057,2,0,154 8,1,10,,703965,2,0,154 8,1,10,,703990,2,0,154 8,1,55,,652470,2,0,154 8,1,15,,703947,2,0,154 8,1,15,,703976,2,0,154 8,1,15,,703979,2,0,154 8,1,55,,703997,2,0,154 8,1,15,,703985,2,0,154 8,1,15,,703956,2,0,154 8,1,15,,611020,2,0,154 8,1,55,,703980,2,0,154 8,1,15,,703999,2,0,154 8,1,15,,649617,2,0,154 8,1,15,,704001,2,0,154 8,1,55,,703972,2,0,154 8,1,15,,703966,2,0,154 8,1,15,,569341,2,0,154 8,1,15,,703968,2,0,154 8,1,55,,703961,2,0,154 8,1,15,,703957,2,0,154 8,1,15,,703960,2,0,154 8,1,15,,647719,2,0,154 8,1,55,,703971,2,0,154 8,1,15,,703970,2,0,154 8,1,15,,703983,2,0,154 8,1,15,,676979,2,0,154 8,1,55,,607241,2,0,154 8,1
3202,'5',635,,704045,2,0,154 8,1,15,,704058,2,0,154 8,1,55,,704008,2,0,154 8,1,15,,704035,2,0,154 8,1,15,,704076,2,0,154 8,1,14,,704067,2,0,154 8,1,53,,619390,2,0,154 8,1,15,,704082,2,0,154 8,1,15,,704064,2,0,154 8,1,15,,704014,2,0,154 8,1,55,,704023,2,0,154 8,1,15,,620088,2,0,154 8,1,15,,704032,2,0,154 8,1,15,,704074,2,0,154 8,1,55,,704069,2,0,154 8,1,15,,704048,2,0,154 8,1,15,,678120,2,0,154 8,1,15,,704020,2,0,154 8,1,55,,704025,2,0,154 8,1,15,,704080,2,0,154 8,1,15,,704028,2,0,154 8,1,15,,704060,2,0,154 8,1,55,,704050,2,0,154 8,1,10,,704078,2,0,154 8,1,10,,704034,2,0,154 8,1,10,,704031,2,0,154 8,1,10,,704066,2,0,154 8,1,10,,652236,2,0,154 8,1,50,,636876,2,0,154 8,1,10,,704038,2,0,154 8,1,10,,704062,2,0,154 8,1,10,,704063,2,0,154 8,1,10,,614304,2,0,154 8,1,10,,704073,2,0,154 8,1,50,,704065,2,0,154 8,1,10,,704018,2,0,154 8,1,10,,650982,2,0,154 8,1,10,,704041,2,0,154 8,1,10,,704054,2,0,154 8,1,10,,704036,2,0,154 8,1,50,,704029,2,0,154 8,1,10,,704061,2,0,154 8,1,10,,704039,2,0,154 8,1,10,,704077,2,0,154 8,1,10,,704052,2,0,154 8,1,10,,704017,2,0,154 8,1,50,,704010,2,0,154 8,1,10,,704013,2,0,154 8,1,10,,704047,2,0,154 8,1,10,,704056,2,0,154 8,1,10,,704081,2,0,154 8,1,10,,704055,2,0,154 8,1,50,,704071,2,0,154 8,1,10,,704068,2,0,154 8,1,10,,678982,2,0,154 8,1,10,,704079,2,0,154 8,1,10,,704046,2,0,154 8,1,10,,524760,2,0,154 8,1,50,,704022,2,0,154 8,1,10,,704040,2,0,154 8,1,10,,704057,2,0,154 8,1,10,,704016,2,0,154 8,1,10,,704030,2,0,154 8,1,10,,704059,2,0,154 8,1,55,,704024,2,0,154 8,1,15,,704053,2,0,154 8,1,15,,670312,2,0,154 8,1,15,,610429,2,0,154 8,1,55,,704011,2,0,154 8,1,15,,704026,2,0,154 8,1,15,,704012,2,0,154 8,1,15,,582771,2,0,154 8,1,55,,704042,2,0,154 8,1,15,,704033,2,0,154 8,1,15,,704043,2,0,154 8,1,15,,562464,2,0,154 8,1,55,,704051,2,0,154 8,1,15,,704070,2,0,154 8,1,15,,704049,2,0,154 8,1,15,,704072,2,0,154 8,1,55,,704019,2,0,154 8,1,15,,704027,2,0,154 8,1,15,,704021,2,0,154 8,1,15,,704075,2,0,154 8,1,55,,704044,2,0,154 8,1,15,,704009,2,0,154 8,1,15,,704015,2,0,154 8,1,15,,654324,2,0,154 8,1,55,,704037,2,0,154 8,1
3503,'1',510,,704770,2,0,34 47 48 15,1,14,,606410,2,0,34 47 48 15,1,6,,704796,2,0,5 47 48 15,1,6,,704757,2,0,34 47 48 15,1,6,,650376,2,0,5 47 48 15,1,6,,704760,2,0,34 47 48 15,1,6,,704803,2,0,5 47 48 15,1,46,,704819,2,0,34 47 48 15,1,6,,704849,2,0,5 47 48 15,1,6,,704823,2,0,34 47 48 15,1,6,,704758,2,0,5 47 48 15,1,6,,704772,2,0,34 47 48 15,1,6,,704800,2,0,5 47 48 15,1,6,,704821,2,0,34 47 48 15,1,6,,704870,2,0,5 47 48 15,1,6,,704811,2,0,34 47 48 15,1,3,,704774,2,0,5 47 48 15,1,5,,704832,2,0,34 47 48 15,1,46,,675876,2,0,5 47 48 15,1,7,,704833,2,0,34 47 48 15,1,7,,704799,2,0,5 47 48 15,1,8,,704872,2,0,34 47 48 15,1,7,,704794,2,0,5 47 48 15,1,8,,704865,2,0,34 47 48 15,1,7,,704822,2,0,5 47 48 15,1,8,,704827,2,0,34 47 48 15,1,47,,704768,2,0,5 47 48 15,1,8,,593539,2,0,34 47 48 15,1,7,,704867,2,0,5 47 48 15,1,8,,646983,2,0,34 47 48 15,1,7,,704795,2,0,5 47 48 15,1,7,,704864,2,0,34 47 48 15,1,9,,704798,2,0,5 47 48 15,1,9,,704776,2,0,34 47 48 15,1,47,,704777,2,0,5 47 48 15,1,7,,704750,2,0,34 47 48 15,1,9,,704782,2,0,5 47 48 15,1,8,,704817,2,0,34 47 48 15,1,9,,704826,2,0,5 47 48 15,1,8,,704825,2,0,34 47 48 15,1,9,,634981,2,0,5 47 48 15,1,48,,704851,2,0,34 47 48 15,1,9,,638688,2,0,5 47 48 15,1,8,,704845,2,0,34 47 48 15,1,9,,704820,2,0,5 47 48 15,1,8,,704862,2,0,34 47 48 15,1,9,,704801,2,0,5 47 48 15,1,8,,704809,2,0,34 47 48 15,1,49,,704841,2,0,5 47 48 15,1,8,,704793,2,0,34 47 48 15,1,9,,704835,2,0,5 47 48 15,1,9,,704854,2,0,34 47 48 15,1,8,,704868,2,0,5 47 48 15,1,9,,704839,2,0,34 47 48 15,1,6,,704783,2,0,5 47 48 15,1,8,,704858,2,0,34 47 48 15,1,49,,704843,2,0,5 47 48 15,1,8,,704779,2,0,34 47 48 15,1,9,,649853,2,0,5 47 48 15,1,8,,704834,2,0,34 47 48 15,1,9,,704861,2,0,5 47 48 15,1,8,,704860,2,0,34 47 48 15,1,9,,643964,2,0,5 47 48 15,1,48,,679638,2,0,34 47 48 15,1,9,,704840,2,0,5 47 48 15,1,8,,704829,2,0,34 47 48 15,1,9,,704785,2,0,5 47 48 15,1,8,,704812,2,0,34 47 48 15,1,8,,704759,2,0,5 47 48 15,1,8,,704830,2,0,34 47 48 15,1,47,,704853,2,0,5 47 48 15,1,8,,704773,2,0,34 47 48 15,1,6,,704808,2,0,5 47 48 15,1,7,,704838,2,0,34 47 48 15,1,8,,704767,2,0,5 47 48 15,1,7,,631377,2,0,34 47 48 15,1,7,,704763,2,0,5 47 48 15,1,8,,704850,2,0,34 47 48 15,1,47,,704749,2,0,5 47 48 15,1,8,,704848,2,0,34 47 48 15,1,7,,704771,2,0,5 47 48 15,1,8,,704762,2,0,34 47 48 15,1,7,,532869,2,0,5 47 48 15,1,8,,622914,2,0,34 47 48 15,1,7,,704818,2,0,5 47 48 15,1,8,,704815,2,0,34 47 48 15,1,47,,704775,2,0,5 47 48 15,1,8,,647210,2,0,34 47 48 15,1,7,,704824,2,0,5 47 48 15,1,8,,645955,2,0,34 47 48 15,1,7,,464258,2,0,5 47 48 15,1,8,,704804,2,0,34 47 48 15,1,7,,704846,2,0,5 47 48 15,1,8,,677854,2,0,34 47 48 15,1,47,,609897,2,0,5 47 48 15,1,8,,704781,2,0,34 47 48 15,1,7,,636109,2,0,5 47 48 15,1,8,,704836,2,0,34 47 48 15,1,7,,704814,2,0,5 47 48 15,1,8,,704797,2,0,34 47 48 15,1,7,,484116,2,0,5 47 48 15,1,8,,704755,2,0,34 47 48 15,1,47,,704754,2,0,5 47 48 15,1,8,,704813,2,0,34 47 48 15,1,7,,661212,2,0,5 47 48 15,1,8,,704837,2,0,34 47 48 15,1,7,,635728,2,0,5 47 48 15,1,8,,704792,2,0,34 47 48 15,1,7,,704780,2,0,5 47 48 15,1,8,,704765,2,0,34 47 48 15,1,47,,635574,2,0,5 47 48 15,1,7,,704807,2,0,34 47 48 15,1,9,,704828,2,0,5 47 48 15,1,8,,704752,2,0,34 47 48 15,1,9,,640260,2,0,5 47 48 15,1,8,,704761,2,0,34 47 48 15,1,9,,704810,2,0,5 47 48 15,1,8,,704778,2,0,34 47 48 15,1,49,,704859,2,0,5 47 48 15,1,8,,583276,2,0,34 47 48 15,1,9,,704789,2,0,5 47 48 15,1,8,,704816,2,0,34 47 48 15,1,9,,689511,2,0,5 47 48 15,1,8,,704790,2,0,34 47 48 15,1,9,,704784,2,0,5 47 48 15,1,48,,704856,2,0,34 47 48 15,1,9,,636142,2,0,5 47 48 15,1,8,,704766,2,0,34 47 48 15,1,9,,704857,2,0,5 47 48 15,1,8,,704791,2,0,34 47 48 15,1,9,,655282,2,0,5 47 48 15,1,8,,704786,2,0,34 47 48 15,1,49,,704753,2,0,5 47 48 15,1,10,,704805,2,0,34 47 48 15,1,10,,704769,2,0,5 47 48 15,1,10,,704847,2,0,34 47 48 15,1,10,,704855,2,0,5 47 48 15,1,10,,704787,2,0,34 47 48 15,1,50,,704751,2,0,5 47 48 15,1,10,,704806,2,0,34 47 48 15,1,10,,704756,2,0,5 47 48 15,1,10,,704869,2,0,34 47 48 15,1,10,,704831,2,0,5 47 48 15,1,10,,704764,2,0,34 47 48 15,1,50,,535534,2,0,5 47 48 15,1,10,,704852,2,0,34 47 48 15,1,10,,704802,2,0,5 47 48 15,1,10,,704788,2,0,34 47 48 15,1,10,,704863,2,0,5 47 48 15,1,10,,704871,2,0,34 47 48 15,1,50,,704842,2,0,5 47 48 15,1,15,,486078,2,0,5 47 48 15,1,14,,610512,2,0,5 47 48 15,1,15,,704866,2,0,5 47 48 15,1,55,,585024,2,0,5 9,1,15,,704844,2,0,5 9,1
3503,'2',603,,665974,2,0,34 47 48 15,1,10,,704934,2,0,5 47 48 15,1,10,,704928,2,0,34 47 48 15,1,10,,635102,2,0,5 47 48 15,1,10,,704901,2,0,34 47 48 15,1,10,,704909,2,0,5 47 48 15,1,50,,704947,2,0,34 47 48 15,1,10,,704929,2,0,5 47 48 15,1,10,,704911,2,0,34 47 48 15,1,10,,704936,2,0,5 47 48 15,1,10,,704883,2,0,34 47 48 15,1,10,,704937,2,0,5 47 48 15,1,50,,591389,2,0,34 47 48 15,1,10,,704967,2,0,5 47 48 15,1,10,,704920,2,0,34 47 48 15,1,10,,704925,2,0,5 47 48 15,1,10,,704979,2,0,34 47 48 15,1,10,,704881,2,0,5 47 48 15,1,50,,704905,2,0,34 47 48 15,1,10,,704896,2,0,5 47 48 15,1,10,,501910,2,0,34 47 48 15,1,10,,623557,2,0,5 47 48 15,1,10,,704954,2,0,34 47 48 15,1,10,,704921,2,0,5 47 48 15,1,50,,704910,2,0,34 47 48 15,1,10,,704948,2,0,5 47 48 15,1,10,,704961,2,0,34 47 48 15,1,10,,704882,2,0,5 47 48 15,1,10,,704919,2,0,34 47 48 15,1,10,,704933,2,0,5 47 48 15,1,50,,704976,2,0,34 47 48 15,1,10,,704965,2,0,5 47 48 15,1,10,,704894,2,0,34 47 48 15,1,10,,631434,2,0,5 47 48 15,1,10,,704978,2,0,34 47 48 15,1,8,,704938,2,0,5 47 48 15,1,49,,704939,2,0,34 47 48 15,1,7,,704917,2,0,5 47 48 15,1,8,,704889,2,0,34 47 48 15,1,7,,704898,2,0,5 47 48 15,1,8,,704968,2,0,34 47 48 15,1,7,,704904,2,0,5 47 48 15,1,8,,651648,2,0,34 47 48 15,1,7,,704942,2,0,5 47 48 15,1,48,,649522,2,0,34 47 48 15,1,7,,704959,2,0,5 47 48 15,1,8,,704974,2,0,34 47 48 15,1,7,,616098,2,0,5 47 48 15,1,8,,704891,2,0,34 47 48 15,1,7,,704873,2,0,5 47 48 15,1,8,,704877,2,0,34 47 48 15,1,7,,704887,2,0,5 47 48 15,1,48,,704906,2,0,34 47 48 15,1,7,,704876,2,0,5 47 48 15,1,8,,704971,2,0,34 47 48 15,1,7,,704888,2,0,5 47 48 15,1,8,,704899,2,0,34 47 48 15,1,7,,688231,2,0,5 47 48 15,1,8,,670843,2,0,34 47 48 15,1,7,,704923,2,0,5 47 48 15,1,48,,704922,2,0,34 47 48 15,1,7,,704962,2,0,5 47 48 15,1,8,,704963,2,0,34 47 48 15,1,7,,662441,2,0,5 47 48 15,1,8,,641727,2,0,34 47 48 15,1,7,,661912,2,0,5 47 48 15,1,8,,704951,2,0,34 47 48 15,1,7,,704893,2,0,5 47 48 15,1,48,,704907,2,0,34 47 48 15,1,7,,623238,2,0,5 47 48 15,1,8,,704875,2,0,34 47 48 15,1,7,,704952,2,0,5 47 48 15,1,8,,704927,2,0,34 47 48 15,1,7,,704930,2,0,5 47 48 15,1,8,,704890,2,0,34 47 48 15,1,7,,704916,2,0,5 47 48 15,1,48,,704918,2,0,34 47 48 15,1,9,,704945,2,0,5 47 48 15,1,8,,704908,2,0,34 47 48 15,1,9,,704924,2,0,5 47 48 15,1,8,,627384,2,0,34 47 48 15,1,9,,605934,2,0,5 47 48 15,1,8,,624577,2,0,34 47 48 15,1,49,,704940,2,0,5 47 48 15,1,8,,704902,2,0,34 47 48 15,1,9,,605691,2,0,5 47 48 15,1,8,,608146,2,0,34 47 48 15,1,9,,704900,2,0,5 47 48 15,1,8,,559407,2,0,34 47 48 15,1,9,,704912,2,0,5 47 48 15,1,7,,654596,2,0,34 47 48 15,1,49,,704969,2,0,5 47 48 15,1,10,,704885,2,0,34 47 48 15,1,10,,704972,2,0,5 47 48 15,1,10,,704926,2,0,34 47 48 15,1,10,,704941,2,0,5 47 48 15,1,10,,704960,2,0,34 47 48 15,1,50,,622360,2,0,5 47 48 15,1,10,,704932,2,0,34 47 48 15,1,10,,681071,2,0,5 47 48 15,1,10,,704977,2,0,34 47 48 15,1,10,,704914,2,0,5 47 48 15,1,10,,704931,2,0,34 47 48 15,1,50,,704886,2,0,5 47 48 15,1,10,,704913,2,0,34 47 48 15,1,10,,704964,2,0,5 47 48 15,1,10,,621950,2,0,34 47 48 15,1,10,,621145,2,0,5 47 48 15,1,10,,704953,2,0,34 47 48 15,1,50,,704897,2,0,5 47 48 15,1,10,,704955,2,0,34 47 48 15,1,10,,704956,2,0,5 47 48 15,1,10,,704949,2,0,34 47 48 15,1,10,,704895,2,0,5 47 48 15,1,10,,670069,2,0,34 47 48 15,1,50,,704935,2,0,5 47 48 15,1,10,,704884,2,0,34 47 48 15,1,10,,704943,2,0,5 47 48 15,1,10,,704966,2,0,34 47 48 15,1,10,,704903,2,0,5 47 48 15,1,10,,704915,2,0,34 47 48 15,1,50,,704944,2,0,5 47 48 15,1,10,,704957,2,0,34 47 48 15,1,10,,704973,2,0,5 47 48 15,1,10,,704892,2,0,34 47 48 15,1,10,,704879,2,0,5 47 48 15,1,10,,704950,2,0,34 47 48 15,1,50,,704880,2,0,5 47 48 15,1,15,,704878,2,0,5 47 48 15,1,14,,704958,2,0,5 47 48 15,1,15,,704874,2,0,5 47 48 15,1,55,,560378,2,0,5 9,1,15,,653368,2,0,5 9,1
3503,'3',711,,705040,2,0,34 47 48 15,1,11,,705060,2,0,5 47 48 15,1,11,,704981,2,0,34 47 48 15,1,10,,655528,2,0,5 47 48 15,1,10,,705029,2,0,34 47 48 15,1,50,,705039,2,0,5 47 48 15,1,10,,553758,2,0,34 47 48 15,1,10,,440118,2,0,5 47 48 15,1,10,,705059,2,0,34 47 48 15,1,10,,704990,2,0,5 47 48 15,1,10,,705031,2,0,34 47 48 15,1,50,,705068,2,0,5 47 48 15,1,10,,705009,2,0,34 47 48 15,1,10,,704994,2,0,5 47 48 15,1,10,,705053,2,0,34 47 48 15,1,10,,705067,2,0,5 47 48 15,1,10,,626046,2,0,34 47 48 15,1,50,,705020,2,0,5 47 48 15,1,10,,705057,2,0,34 47 48 15,1,10,,705032,2,0,5 47 48 15,1,10,,705007,2,0,34 47 48 15,1,10,,686984,2,0,5 47 48 15,1,10,,705034,2,0,34 47 48 15,1,50,,567705,2,0,5 47 48 15,1,10,,673917,2,0,34 47 48 15,1,10,,705044,2,0,5 47 48 15,1,10,,705042,2,0,34 47 48 15,1,10,,638536,2,0,5 47 48 15,1,9,,705030,2,0,34 47 48 15,1,49,,669071,2,0,5 47 48 15,1,9,,681123,2,0,34 47 48 15,1,9,,705006,2,0,5 47 48 15,1,9,,704999,2,0,34 47 48 15,1,9,,659059,2,0,5 47 48 15,1,9,,600504,2,0,34 47 48 15,1,9,,704983,2,0,5 47 48 15,1,49,,705021,2,0,34 47 48 15,1,9,,705037,2,0,5 47 48 15,1,9,,705013,2,0,34 47 48 15,1,9,,705014,2,0,5 47 48 15,1,9,,705036,2,0,34 47 48 15,1,9,,705018,2,0,5 47 48 15,1,9,,705046,2,0,34 47 48 15,1,49,,705058,2,0,5 47 48 15,1,9,,705000,2,0,34 47 48 15,1,9,,705056,2,0,5 47 48 15,1,9,,618551,2,0,34 47 48 15,1,9,,704991,2,0,5 47 48 15,1,9,,705001,2,0,34 47 48 15,1,49,,617291,2,0,5 47 48 15,1,9,,705055,2,0,34 47 48 15,1,9,,705065,2,0,5 47 48 15,1,9,,705045,2,0,34 47 48 15,1,9,,705054,2,0,5 47 48 15,1,9,,705019,2,0,34 47 48 15,1,9,,704980,2,0,5 47 48 15,1,49,,705015,2,0,34 47 48 15,1,9,,705027,2,0,5 47 48 15,1,9,,688327,2,0,34 47 48 15,1,9,,705063,2,0,5 47 48 15,1,9,,681536,2,0,34 47 48 15,1,9,,705050,2,0,5 47 48 15,1,9,,705048,2,0,34 47 48 15,1,49,,652159,2,0,5 47 48 15,1,10,,685224,2,0,34 47 48 15,1,10,,705002,2,0,5 47 48 15,1,10,,704986,2,0,34 47 48 15,1,10,,704985,2,0,5 47 48 15,1,10,,705028,2,0,34 47 48 15,1,50,,705047,2,0,5 47 48 15,1,10,,629983,2,0,34 47 48 15,1,10,,705024,2,0,5 47 48 15,1,10,,705041,2,0,34 47 48 15,1,10,,705033,2,0,5 47 48 15,1,10,,705003,2,0,34 47 48 15,1,50,,705017,2,0,5 47 48 15,1,10,,624202,2,0,34 47 48 15,1,10,,705005,2,0,5 47 48 15,1,10,,705064,2,0,34 47 48 15,1,10,,705004,2,0,5 47 48 15,1,10,,705011,2,0,34 47 48 15,1,50,,601601,2,0,5 47 48 15,1,10,,705035,2,0,34 47 48 15,1,10,,705043,2,0,5 47 48 15,1,10,,704982,2,0,34 47 48 15,1,10,,704993,2,0,5 47 48 15,1,10,,705026,2,0,34 47 48 15,1,50,,704989,2,0,5 47 48 15,1,10,,705008,2,0,34 47 48 15,1,10,,705025,2,0,5 47 48 15,1,10,,704998,2,0,34 47 48 15,1,10,,704997,2,0,5 47 48 15,1,10,,645724,2,0,34 47 48 15,1,50,,704987,2,0,5 47 48 15,1,10,,678934,2,0,34 47 48 15,1,10,,705049,2,0,5 47 48 15,1,10,,704996,2,0,34 47 48 15,1,10,,705023,2,0,5 47 48 15,1,10,,705010,2,0,34 47 48 15,1,50,,705012,2,0,5 47 48 15,1,10,,660408,2,0,34 47 48 15,1,10,,705062,2,0,5 47 48 15,1,10,,621687,2,0,34 47 48 15,1,10,,705066,2,0,5 47 48 15,1,10,,704984,2,0,34 47 48 15,1,50,,705022,2,0,5 47 48 15,1,10,,705051,2,0,34 47 48 15,1,10,,705052,2,0,5 47 48 15,1,10,,552045,2,0,34 47 48 15,1,10,,704988,2,0,5 47 48 15,1,10,,639455,2,0,34 47 48 15,1,50,,704995,2,0,5 47 48 15,1,15,,651185,2,0,5 47 48 15,1,14,,705038,2,0,5 47 48 15,1,15,,705061,2,0,5 47 48 15,1,55,,704992,2,0,5 9,1,15,,705016,2,0,5 9,1
3503,'5',603,,705168,2,0,5 47 48 15,1,10,,705104,2,0,34 47 48 15,1,10,,705146,2,0,5 47 48 15,1,10,,705074,2,0,34 47 48 15,1,10,,705115,2,0,5 47 48 15,1,10,,705154,2,0,34 47 48 15,1,50,,629743,2,0,5 47 48 15,1,10,,705157,2,0,34 47 48 15,1,10,,705083,2,0,5 47 48 15,1,10,,705118,2,0,34 47 48 15,1,10,,705087,2,0,5 47 48 15,1,10,,705132,2,0,34 47 48 15,1,50,,705167,2,0,5 47 48 15,1,10,,705175,2,0,34 47 48 15,1,10,,705124,2,0,5 47 48 15,1,10,,515657,2,0,34 47 48 15,1,10,,705125,2,0,5 47 48 15,1,10,,705141,2,0,34 47 48 15,1,50,,705140,2,0,5 47 48 15,1,10,,705103,2,0,34 47 48 15,1,10,,705096,2,0,5 47 48 15,1,10,,705082,2,0,34 47 48 15,1,10,,705108,2,0,5 47 48 15,1,10,,620427,2,0,34 47 48 15,1,50,,705161,2,0,5 47 48 15,1,10,,705174,2,0,34 47 48 15,1,10,,571859,2,0,5 47 48 15,1,10,,624258,2,0,34 47 48 15,1,10,,606590,2,0,5 47 48 15,1,10,,705142,2,0,34 47 48 15,1,50,,705162,2,0,5 47 48 15,1,10,,705085,2,0,34 47 48 15,1,10,,705121,2,0,5 47 48 15,1,10,,705120,2,0,34 47 48 15,1,10,,705166,2,0,5 47 48 15,1,9,,705123,2,0,34 47 48 15,1,49,,705170,2,0,5 47 48 15,1,9,,705105,2,0,34 47 48 15,1,9,,705093,2,0,5 47 48 15,1,9,,705169,2,0,34 47 48 15,1,9,,640201,2,0,5 47 48 15,1,9,,626112,2,0,34 47 48 15,1,9,,705090,2,0,5 47 48 15,1,49,,705164,2,0,34 47 48 15,1,9,,705138,2,0,5 47 48 15,1,9,,705092,2,0,34 47 48 15,1,9,,705129,2,0,5 47 48 15,1,9,,705173,2,0,34 47 48 15,1,9,,659939,2,0,5 47 48 15,1,9,,705088,2,0,34 47 48 15,1,49,,705119,2,0,5 47 48 15,1,9,,705098,2,0,34 47 48 15,1,9,,705107,2,0,5 47 48 15,1,9,,705069,2,0,34 47 48 15,1,9,,705116,2,0,5 47 48 15,1,9,,705156,2,0,34 47 48 15,1,49,,705143,2,0,5 47 48 15,1,9,,705130,2,0,34 47 48 15,1,9,,705095,2,0,5 47 48 15,1,9,,705079,2,0,34 47 48 15,1,9,,705100,2,0,5 47 48 15,1,9,,705081,2,0,34 47 48 15,1,9,,705122,2,0,5 47 48 15,1,49,,705073,2,0,34 47 48 15,1,9,,705072,2,0,5 47 48 15,1,9,,604653,2,0,34 47 48 15,1,9,,705112,2,0,5 47 48 15,1,9,,563710,2,0,34 47 48 15,1,9,,705153,2,0,5 47 48 15,1,9,,705109,2,0,34 47 48 15,1,49,,705137,2,0,5 47 48 15,1,10,,705127,2,0,34 47 48 15,1,10,,681571,2,0,5 47 48 15,1,10,,673978,2,0,34 47 48 15,1,10,,705160,2,0,5 47 48 15,1,10,,705177,2,0,34 47 48 15,1,50,,705176,2,0,5 47 48 15,1,10,,705128,2,0,34 47 48 15,1,10,,705071,2,0,5 47 48 15,1,10,,705149,2,0,34 47 48 15,1,10,,705159,2,0,5 47 48 15,1,10,,705089,2,0,34 47 48 15,1,50,,705084,2,0,5 47 48 15,1,10,,705126,2,0,34 47 48 15,1,10,,705136,2,0,5 47 48 15,1,10,,705150,2,0,34 47 48 15,1,10,,705113,2,0,5 47 48 15,1,10,,705070,2,0,34 47 48 15,1,50,,705086,2,0,5 47 48 15,1,10,,705111,2,0,34 47 48 15,1,10,,705075,2,0,5 47 48 15,1,10,,705114,2,0,34 47 48 15,1,10,,705145,2,0,5 47 48 15,1,10,,705094,2,0,34 47 48 15,1,50,,705134,2,0,5 47 48 15,1,10,,705110,2,0,34 47 48 15,1,10,,705076,2,0,5 47 48 15,1,10,,622844,2,0,34 47 48 15,1,10,,622512,2,0,5 47 48 15,1,10,,705165,2,0,34 47 48 15,1,50,,705101,2,0,5 47 48 15,1,10,,705148,2,0,34 47 48 15,1,10,,705077,2,0,5 47 48 15,1,10,,705171,2,0,34 47 48 15,1,10,,705106,2,0,5 47 48 15,1,10,,705139,2,0,34 47 48 15,1,50,,705135,2,0,5 47 48 15,1,10,,705133,2,0,34 47 48 15,1,10,,705151,2,0,5 47 48 15,1,10,,705147,2,0,34 47 48 15,1,10,,705152,2,0,5 47 48 15,1,10,,705099,2,0,34 47 48 15,1,50,,705102,2,0,5 47 48 15,1,10,,705097,2,0,34 47 48 15,1,10,,705078,2,0,5 47 48 15,1,10,,705158,2,0,34 47 48 15,1,10,,631074,2,0,5 47 48 15,1,10,,705080,2,0,34 47 48 15,1,50,,705163,2,0,5 47 48 15,1,15,,705091,2,0,5 47 48 15,1,14,,705144,2,0,5 47 48 15,1,15,,611399,2,0,5 47 48 15,1,55,,705131,2,0,5 9,1,15,,705117,2,0,5 9,1
7103,'1',542,,729130,27,0,190 6,1,60,,729150,27,0,190 6,1,17,,729174,27,0,190 6,1,12,,729159,27,0,190 6,1,12,,729134,27,0,190 6,1,12,,458649,27,0,190 6,1,52,,729133,27,0,190 6,1,12,,729178,27,0,190 6,1,12,,605130,27,0,190 6,1,15,,729136,27,0,190 6,1,13,,729131,27,0,190 6,1,52,,608655,27,0,190 6,1,12,,729182,27,0,190 6,1,11,,729171,27,0,190 6,1,13,,729181,27,0,190 6,1,12,,729146,27,0,190 6,1,54,,729170,27,0,190 6,1,11,,729154,27,0,190 6,1,10,,729151,27,0,190 6,1,8,,729177,27,0,190 6,1,10,,654477,27,0,190 6,1,55,,729175,27,0,190 6,1,15,,729153,27,0,190 6,1,15,,729152,27,0,190 6,1,15,,729132,27,0,190 6,1,55,,729147,27,0,190 6,1,15,,729164,27,0,190 6,1,15,,729183,27,0,190 6,1,15,,729129,27,0,190 6,1,55,,661067,27,0,190 6,1,15,,729167,27,0,190 6,1,15,,729157,27,0,190 6,1,15,,729155,27,0,190 6,1,55,,729137,27,0,190 6,1,15,,729163,27,0,190 6,1,15,,729143,27,0,190 6,1,15,,729127,27,0,190 6,1,55,,729149,27,0,190 6,1,15,,661229,27,0,190 6,1,15,,729139,27,0,190 6,1,15,,729142,27,0,190 6,1,56,,684868,27,0,190 6,1,20,,729115,27,0,190 6,1,12,,729148,27,0,190 6,1,12,,729166,27,0,190 6,1,52,,729120,27,0,190 6,1,12,,729168,27,0,190 6,1,12,,729161,27,0,190 6,1,12,,625347,27,0,190 6,1,12,,660772,27,0,190 6,1,52,,729128,27,0,190 6,1,12,,729117,27,0,190 6,1,12,,729165,27,0,190 6,1,12,,729119,27,0,190 6,1,12,,729140,27,0,190 6,1,52,,729160,27,0,190 6,1,12,,729172,27,0,190 6,1,12,,646699,27,0,190 6,1,11,,729145,27,0,190 6,1,7,,499403,27,0,190 6,1,7,,729144,27,0,190 6,1,50,,729156,27,0,190 6,1,9,,591195,27,0,190 6,1,9,,729158,27,0,190 6,1,11,,729135,27,0,190 6,1,15,,729123,27,0,190 6,1,55,,623693,27,0,190 6,1,15,,729162,27,0,190 6,1,15,,729173,27,0,190 6,1,15,,518954,27,0,190 6,1,55,,729124,27,0,190 6,1,15,,729138,27,0,190 6,1,15,,729126,27,0,190 6,1,15,,729116,27,0,190 6,1,55,,729169,27,0,190 6,1,12,,729179,27,0,190 6,1,13,,729122,27,0,190 6,1,14,,523122,27,0,190 6,1,18,,656767,27,0,190 6,1,60,,729125,27,0,190 6,1,20,,729121,27,0,190 6,1,20,,650325,27,0,190 6,1,60,,729176,27,0,190 6,1,20,,729180,27,0,190 6,1,20,,729118,27,0,190 6,1,60,,729141,27,0,190 6,1
7103,'2',557,,373295,27,0,190 6,1,60,,729193,27,0,190 6,1,20,,653397,27,0,190 6,1,20,,729188,27,0,190 6,1,60,,729223,27,0,190 6,1,20,,624546,27,0,190 6,1,20,,729224,27,0,190 6,1,62,,422078,27,0,190 6,1,24,,729208,27,0,190 6,1,60,,729217,27,0,190 6,1,20,,729206,27,0,190 6,1,20,,729209,27,0,190 6,1,60,,729195,27,0,190 6,1,20,,542394,27,0,190 6,1,20,,545704,27,0,190 6,1,60,,729213,27,0,190 6,1,20,,729197,27,0,190 6,1,20,,729190,27,0,190 6,1,60,,729207,27,0,190 6,1,22,,638464,27,0,190 6,1,21,,729225,27,0,190 6,1,60,,729227,27,0,190 6,1,20,,729226,27,0,190 6,1,20,,729198,27,0,190 6,1,60,,729184,27,0,190 6,1,20,,621565,27,0,190 6,1,20,,729215,27,0,190 6,1,60,,559937,27,0,190 6,1,20,,729214,27,0,190 6,1,20,,729191,27,0,190 6,1,60,,729202,27,0,190 6,1,20,,729187,27,0,190 6,1,20,,729219,27,0,190 6,1,60,,729203,27,0,190 6,1,20,,729210,27,0,190 6,1,20,,729221,27,0,190 6,1,60,,729201,27,0,190 6,1,20,,729200,27,0,190 6,1,20,,729212,27,0,190 6,1,60,,729205,27,0,190 6,1,15,,729196,27,0,190 6,1,15,,729218,27,0,190 6,1,18,,729199,27,0,190 6,1,60,,647574,27,0,190 6,1,20,,729186,27,0,190 6,1,20,,729185,27,0,190 6,1,60,,729216,27,0,190 6,1,20,,729204,27,0,190 6,1,20,,663566,27,0,190 6,1,61,,544890,27,0,190 6,1,18,,729192,27,0,190 6,1,18,,729194,27,0,190 6,1,68,,631440,27,0,190 6,1,30,,729222,27,0,190 6,1,70,,729220,27,0,190 6,1,28,,729211,27,0,190 6,1,72,,729189,27,0,190 6,1
7103,'3',734,,729260,27,0,190 6,1,66,,729266,27,0,190 6,1,20,,679387,27,0,190 6,1,20,,729257,27,0,190 6,1,62,,729254,27,0,190 6,1,22,,729249,27,0,190 6,1,22,,729241,27,0,190 6,1,62,,729261,27,0,190 6,1,22,,729255,27,0,190 6,1,22,,729244,27,0,190 6,1,62,,729269,27,0,190 6,1,22,,662130,27,0,190 6,1,22,,729253,27,0,190 6,1,66,,729250,27,0,190 6,1,21,,630304,27,0,190 6,1,60,,729230,27,0,190 6,1,20,,638850,27,0,190 6,1,20,,729240,27,0,190 6,1,60,,729229,27,0,190 6,1,20,,729267,27,0,190 6,1,20,,729236,27,0,190 6,1,60,,729237,27,0,190 6,1,20,,642794,27,0,190 6,1,20,,729252,27,0,190 6,1,60,,729258,27,0,190 6,1,20,,729232,27,0,190 6,1,20,,729263,27,0,190 6,1,60,,729239,27,0,190 6,1,20,,729234,27,0,190 6,1,20,,729242,27,0,190 6,1,60,,729228,27,0,190 6,1,20,,729243,27,0,190 6,1,20,,729248,27,0,190 6,1,60,,729259,27,0,190 6,1,20,,667557,27,0,190 6,1,22,,729247,27,0,190 6,1,62,,729251,27,0,190 6,1,22,,729235,27,0,190 6,1,22,,729233,27,0,190 6,1,62,,729231,27,0,190 6,1,21,,729262,27,0,190 6,1,23,,729264,27,0,190 6,1,58,,729238,27,0,190 6,1,30,,729265,27,0,190 6,1,70,,729268,27,0,190 6,1,30,,729245,27,0,190 6,1,70,,729256,27,0,190 6,1,28,,651405,27,0,190 6,1,72,,729246,27,0,190 6,1
7103,'5',557,,729291,27,0,190 6,1,60,,729308,27,0,190 6,1,20,,729285,27,0,190 6,1,20,,627797,27,0,190 6,1,60,,729295,27,0,190 6,1,20,,729279,27,0,190 6,1,20,,729280,27,0,190 6,1,60,,729271,27,0,190 6,1,23,,729302,27,0,190 6,1,62,,674693,27,0,190 6,1,22,,729290,27,0,190 6,1,22,,729276,27,0,190 6,1,62,,618235,27,0,190 6,1,22,,729296,27,0,190 6,1,22,,636083,27,0,190 6,1,62,,729300,27,0,190 6,1,22,,729277,27,0,190 6,1,22,,729293,27,0,190 6,1,66,,729299,27,0,190 6,1,21,,729309,27,0,190 6,1,60,,644802,27,0,190 6,1,20,,729311,27,0,190 6,1,20,,729289,27,0,190 6,1,60,,661176,27,0,190 6,1,20,,729306,27,0,190 6,1,20,,606612,27,0,190 6,1,60,,729307,27,0,190 6,1,20,,729281,27,0,190 6,1,20,,641125,27,0,190 6,1,60,,729275,27,0,190 6,1,20,,729278,27,0,190 6,1,20,,626126,27,0,190 6,1,60,,729303,27,0,190 6,1,20,,729286,27,0,190 6,1,20,,729282,27,0,190 6,1,60,,729301,27,0,190 6,1,20,,729288,27,0,190 6,1,20,,729310,27,0,190 6,1,60,,729298,27,0,190 6,1,20,,729304,27,0,190 6,1,22,,729274,27,0,190 6,1,62,,729287,27,0,190 6,1,22,,729284,27,0,190 6,1,22,,663691,27,0,190 6,1,62,,729305,27,0,190 6,1,21,,729283,27,0,190 6,1,23,,729272,27,0,190 6,1,58,,729273,27,0,190 6,1,30,,729294,27,0,190 6,1,70,,729297,27,0,190 6,1,30,,644386,27,0,190 6,1,70,,662591,27,0,190 6,1,28,,729270,27,0,190 6,1,72,,729292,27,0,190 6,1
7104,'1',524,,729336,9,0,116 8,1,15,,729357,9,0,116 8,1,8,,662654,9,0,116 8,1,12,,729325,2,0,116 8,1,52,,729328,9,0,116 8,1,12,,729321,2,0,116 8,1,12,,546412,9,0,116 8,1,12,,729370,9,0,116 8,1,53,,729326,9,0,116 8,1,11,,729316,9,0,116 8,1,12,,650339,9,0,116 8,1,12,,729362,9,0,116 8,1,11,,729342,9,0,116 8,1,9,,729337,9,0,116 8,1,52,,729338,9,0,116 8,1,12,,620826,9,0,116 8,1,12,,729332,9,0,116 8,1,12,,729331,9,0,116 8,1,12,,729341,9,0,116 8,1,51,,729350,9,0,116 8,1,11,,729354,9,0,116 8,1,15,,729372,9,0,116 8,1,16,,617207,9,0,116 8,1,56,,729373,9,0,116 8,1,15,,729371,9,0,116 8,1,15,,685580,9,0,116 8,1,15,,729349,9,0,116 8,1,55,,729340,9,0,116 8,1,15,,729374,9,0,116 8,1,15,,729313,9,0,116 8,1,15,,729351,9,0,116 8,1,55,,588927,9,0,116 8,1,15,,729355,9,0,116 8,1,15,,729365,9,0,116 8,1,15,,729353,9,0,116 8,1,55,,681942,9,0,116 8,1,15,,729347,9,0,116 8,1,15,,729334,9,0,116 8,1,15,,729361,9,0,116 8,1,55,,729356,9,0,116 8,1,15,,633828,9,0,116 8,1,15,,729312,9,0,116 8,1,12,,729314,9,0,116 8,1,11,,729323,9,0,116 8,1,51,,729352,9,0,116 8,1,12,,654890,9,0,116 8,1,12,,524915,9,0,116 8,1,12,,729329,9,0,116 8,1,12,,729366,9,0,116 8,1,52,,729364,9,0,116 8,1,12,,584150,9,0,116 8,1,12,,621076,9,0,116 8,1,12,,729335,9,0,116 8,1,12,,729369,9,0,116 8,1,52,,729322,9,0,116 8,1,12,,729358,9,0,116 8,1,12,,729317,9,0,116 8,1,12,,729330,9,0,116 8,1,12,,653777,9,0,116 8,1,52,,729367,9,0,116 8,1,12,,633090,9,0,116 8,1,12,,729344,9,0,116 8,1,10,,729315,9,0,116 8,1,11,,729368,9,0,116 8,1,52,,573252,9,0,116 8,1,14,,571497,9,0,116 8,1,15,,729324,9,0,116 8,1,15,,729333,9,0,116 8,1,55,,626275,9,0,116 8,1,15,,729318,9,0,116 8,1,15,,729359,9,0,116 8,1,15,,656765,9,0,116 8,1,55,,729363,9,0,116 8,1,15,,729319,9,0,116 8,1,15,,729360,9,0,116 8,1,15,,585728,9,0,116 8,1,54,,729320,9,0,116 8,1,18,,655783,9,0,116 8,1,20,,729339,9,0,116 8,1,60,,729348,9,0,116 8,1,20,,729327,9,0,116 8,1,20,,729345,9,0,116 8,1,60,,536951,9,0,116 8,1,20,,632763,9,0,116 8,1,20,,729346,9,0,116 8,1,60,,729343,9,0,116 8,1
7104,'2',530,,729413,7,0,116 8,1,27,,729386,9,0,116 8,1,60,,729410,9,0,116 8,1,20,,729419,9,0,116 8,1,20,,729406,9,0,116 8,1,60,,729397,9,0,116 8,1,20,,729383,9,0,116 8,1,20,,729394,9,0,116 8,1,59,,729416,9,0,116 8,1,20,,498436,9,0,116 8,1,20,,729422,9,0,116 8,1,60,,648597,9,0,116 8,1,20,,686835,9,0,116 8,1,20,,729387,9,0,116 8,1,60,,729411,9,0,116 8,1,20,,681632,9,0,116 8,1,20,,729412,9,0,116 8,1,60,,729380,9,0,116 8,1,20,,729381,9,0,116 8,1,20,,729395,9,0,116 8,1,60,,729382,9,0,116 8,1,20,,729376,9,0,116 8,1,20,,729415,9,0,116 8,1,60,,729392,9,0,116 8,1,20,,729399,9,0,116 8,1,20,,659291,9,0,116 8,1,60,,729398,9,0,116 8,1,20,,729391,9,0,116 8,1,20,,644616,9,0,116 8,1,60,,729375,9,0,116 8,1,20,,729385,9,0,116 8,1,20,,729400,9,0,116 8,1,60,,729403,9,0,116 8,1,20,,729393,9,0,116 8,1,20,,729421,9,0,116 8,1,60,,729418,9,0,116 8,1,20,,729378,9,0,116 8,1,20,,729401,9,0,116 8,1,60,,729407,9,0,116 8,1,20,,729424,9,0,116 8,1,20,,729402,9,0,116 8,1,59,,729384,9,0,116 8,1,20,,729417,9,0,116 8,1,20,,729377,9,0,116 8,1,60,,729405,9,0,116 8,1,20,,729396,9,0,116 8,1,20,,729388,9,0,116 8,1,60,,625882,9,0,116 8,1,20,,621560,9,0,116 8,1,20,,729379,9,0,116 8,1,59,,729389,9,0,116 8,1,27,,729420,9,0,116 8,1,70,,729404,9,0,116 8,1,30,,729414,9,0,116 8,1,70,,729408,9,0,116 8,1,30,,729390,9,0,116 8,1,60,,729409,9,0,116 8,1
7104,'3',743,,729467,9,0,116 8,1,59,,729462,9,0,116 8,1,20,,729427,9,0,116 8,1,22,,729450,9,0,116 8,1,62,,729430,9,0,116 8,1,22,,729453,9,0,116 8,1,21,,729445,9,0,116 8,1,63,,729443,9,0,116 8,1,22,,619810,9,0,116 8,1,22,,729442,9,0,116 8,1,62,,729463,9,0,116 8,1,22,,729437,9,0,116 8,1,60,,621229,9,0,116 8,1,18,,729457,9,0,116 8,1,18,,729464,9,0,116 8,1,20,,729431,9,0,116 8,1,60,,729454,9,0,116 8,1,20,,729444,9,0,116 8,1,20,,729460,9,0,116 8,1,60,,729440,9,0,116 8,1,20,,729465,9,0,116 8,1,20,,729448,9,0,116 8,1,60,,678241,9,0,116 8,1,20,,729428,9,0,116 8,1,20,,729434,9,0,116 8,1,60,,729436,9,0,116 8,1,20,,729439,9,0,116 8,1,20,,729456,9,0,116 8,1,60,,729468,9,0,116 8,1,20,,729426,9,0,116 8,1,20,,729452,9,0,116 8,1,60,,729432,9,0,116 8,1,20,,729425,9,0,116 8,1,65,,729451,9,0,116 8,1,25,,641763,9,0,116 8,1,23,,729447,9,0,116 8,1,62,,729461,9,0,116 8,1,22,,729441,9,0,116 8,1,22,,729433,9,0,116 8,1,62,,729438,9,0,116 8,1,26,,729435,9,0,116 8,1,70,,729466,9,0,116 8,1,28,,645582,9,0,116 8,1,70,,729429,9,0,116 8,1,30,,729459,9,0,116 8,1,70,,729449,9,0,116 8,1,30,,729458,9,0,116 8,1,60,,729455,9,0,116 8,1
7104,'5',530,,670719,7,0,116 8,1,27,,729474,9,0,116 8,1,60,,729483,9,0,116 8,1,20,,729492,9,0,116 8,1,20,,729506,9,0,116 8,1,60,,729495,9,0,116 8,1,20,,729500,9,0,116 8,1,63,,729494,9,0,116 8,1,22,,729493,9,0,116 8,1,22,,729471,9,0,116 8,1,62,,729510,9,0,116 8,1,22,,729486,9,0,116 8,1,21,,659356,9,0,116 8,1,63,,729485,9,0,116 8,1,22,,729496,9,0,116 8,1,22,,729473,9,0,116 8,1,62,,729512,9,0,116 8,1,22,,729488,9,0,116 8,1,60,,533142,9,0,116 8,1,18,,729505,9,0,116 8,1,18,,647812,9,0,116 8,1,20,,682765,9,0,116 8,1,60,,729478,9,0,116 8,1,20,,729469,9,0,116 8,1,20,,729472,9,0,116 8,1,60,,729498,9,0,116 8,1,20,,729470,9,0,116 8,1,20,,729499,9,0,116 8,1,60,,729476,9,0,116 8,1,20,,729511,9,0,116 8,1,20,,729508,9,0,116 8,1,60,,619958,9,0,116 8,1,20,,729487,9,0,116 8,1,20,,729504,9,0,116 8,1,60,,634008,9,0,116 8,1,20,,729482,9,0,116 8,1,20,,729509,9,0,116 8,1,60,,729489,9,0,116 8,1,20,,729507,9,0,116 8,1,65,,729484,9,0,116 8,1,25,,623855,9,0,116 8,1,23,,729497,9,0,116 8,1,62,,729513,9,0,116 8,1,22,,729481,9,0,116 8,1,22,,729477,9,0,116 8,1,62,,729490,9,0,116 8,1,26,,729491,9,0,116 8,1,70,,729475,9,0,116 8,1,28,,729502,9,0,116 8,1,70,,671824,9,0,116 8,1,30,,729501,9,0,116 8,1,70,,729503,9,0,116 8,1,30,,666670,9,0,116 8,1,60,,729479,9,0,116 8,1
7304,'1',551,,730793,2,0,13 14 8,1,62,,730725,2,0,13 14 8,1,22,,730742,2,0,13 14 8,1,22,,730718,2,0,13 14 8,1,61,,730759,2,0,13 14 8,1,24,,730744,2,0,13 14 8,1,64,,730807,2,0,13 14 8,1,24,,730732,2,0,13 14 8,1,24,,730791,2,0,13 14 8,1,64,,618895,2,0,13 14 8,1,20,,680943,2,0,13 14 8,1,21,,526604,2,0,13 14 8,1,64,,730804,2,0,13 14 8,1,24,,730805,2,0,13 14 8,1,64,,689983,2,0,13 14 8,1,24,,730729,2,0,13 14 8,1,24,,730778,2,0,13 14 8,1,64,,730766,2,0,13 14 8,1,24,,730716,2,0,13 14 8,1,64,,730765,2,0,13 14 8,1,24,,730806,2,0,13 14 8,1,22,,730741,2,0,13 14 8,1,64,,666262,2,0,13 14 8,1,21,,730720,2,0,13 14 8,1,63,,730757,2,0,13 14 8,1,24,,730783,2,0,13 14 8,1,24,,730722,2,0,13 14 8,1,64,,730782,2,0,13 14 8,1,24,,730739,2,0,13 14 8,1,64,,667501,2,0,13 14 8,1,24,,730728,2,0,13 14 8,1,24,,730770,2,0,13 14 8,1,64,,730790,2,0,13 14 8,1,24,,730754,2,0,13 14 8,1,66,,730797,2,0,13 14 8,1,24,,730733,2,0,13 14 8,1,24,,730752,2,0,13 14 8,1,64,,730748,2,0,13 14 8,1,24,,730784,2,0,13 14 8,1,64,,730774,2,0,13 14 8,1,24,,650755,2,0,13 14 8,1,24,,730740,2,0,13 14 8,1,62,,623469,2,0,13 14 8,1,22,,730772,2,0,13 14 8,1,64,,730724,2,0,13 14 8,1,24,,730792,2,0,13 14 8,1,24,,730777,2,0,13 14 8,1,64,,632277,2,0,13 14 8,1,24,,730795,2,0,13 14 8,1,64,,616533,2,0,13 14 8,1,24,,730747,2,0,13 14 8,1
7304,'2',604,,730898,2,0,13 14 8,1,21,,730836,2,0,13 14 8,1,24,,687920,2,0,13 14 8,1,64,,730856,2,0,13 14 8,1,24,,730843,2,0,13 14 8,1,64,,640385,2,0,13 14 8,1,25,,730815,2,0,13 14 8,1,22,,730890,2,0,13 14 8,1,64,,730826,2,0,13 14 8,1,24,,730835,2,0,13 14 8,1,64,,730823,2,0,13 14 8,1,19,,730871,2,0,13 14 8,1,21,,645081,2,0,13 14 8,1,62,,730855,2,0,13 14 8,1,22,,730831,2,0,13 14 8,1,22,,730830,2,0,13 14 8,1,62,,730888,2,0,13 14 8,1,22,,730878,2,0,13 14 8,1,22,,730819,2,0,13 14 8,1,62,,560825,2,0,13 14 8,1,22,,730818,2,0,13 14 8,1,22,,649513,2,0,13 14 8,1,62,,730872,2,0,13 14 8,1,22,,531049,2,0,13 14 8,1,62,,730814,2,0,13 14 8,1,22,,730813,2,0,13 14 8,1,22,,730812,2,0,13 14 8,1,62,,730839,2,0,13 14 8,1,22,,730877,2,0,13 14 8,1,22,,730881,2,0,13 14 8,1,62,,730824,2,0,13 14 8,1,22,,484631,2,0,13 14 8,1,62,,730893,2,0,13 14 8,1,22,,730837,2,0,13 14 8,1,22,,730885,2,0,13 14 8,1,62,,730851,2,0,13 14 8,1,26,,730858,2,0,13 14 8,1,24,,676850,2,0,13 14 8,1,64,,730825,2,0,13 14 8,1,24,,730845,2,0,13 14 8,1,64,,730849,2,0,13 14 8,1,24,,730860,2,0,13 14 8,1,24,,730828,2,0,13 14 8,1,62,,730886,2,0,13 14 8,1,22,,730840,2,0,13 14 8,1,64,,730834,2,0,13 14 8,1,24,,730880,2,0,13 14 8,1,24,,730875,2,0,13 14 8,1,64,,730897,2,0,13 14 8,1,24,,589108,2,0,13 14 8,1,64,,730900,2,0,13 14 8,1,24,,730865,2,0,13 14 8,1
7304,'3',748,,730931,2,0,13 14 8,1,60,,730905,2,0,13 14 8,1,22,,658652,2,0,13 14 8,1,22,,730976,2,0,13 14 8,1,62,,677437,2,0,13 14 8,1,22,,730917,2,0,13 14 8,1,22,,730964,2,0,13 14 8,1,62,,730966,2,0,13 14 8,1,21,,428234,2,0,13 14 8,1,64,,730929,2,0,13 14 8,1,24,,673248,2,0,13 14 8,1,24,,730959,2,0,13 14 8,1,64,,730970,2,0,13 14 8,1,24,,730960,2,0,13 14 8,1,64,,730956,2,0,13 14 8,1,24,,730914,2,0,13 14 8,1,24,,730923,2,0,13 14 8,1,64,,730906,2,0,13 14 8,1,24,,730908,2,0,13 14 8,1,64,,599542,2,0,13 14 8,1,24,,730963,2,0,13 14 8,1,24,,730975,2,0,13 14 8,1,64,,730920,2,0,13 14 8,1,24,,730977,2,0,13 14 8,1,64,,561552,2,0,13 14 8,1,24,,730957,2,0,13 14 8,1,24,,730940,2,0,13 14 8,1,64,,730972,2,0,13 14 8,1,24,,730934,2,0,13 14 8,1,66,,730927,2,0,13 14 8,1,24,,730948,2,0,13 14 8,1,24,,730941,2,0,13 14 8,1,64,,730936,2,0,13 14 8,1,24,,730924,2,0,13 14 8,1,64,,685678,2,0,13 14 8,1,24,,730949,2,0,13 14 8,1,24,,730958,2,0,13 14 8,1,62,,730933,2,0,13 14 8,1,23,,730939,2,0,13 14 8,1,64,,616401,2,0,13 14 8,1,24,,730903,2,0,13 14 8,1,24,,730921,2,0,13 14 8,1,64,,730935,2,0,13 14 8,1,24,,730969,2,0,13 14 8,1,64,,730930,2,0,13 14 8,1,24,,626864,2,0,13 14 8,1
7304,'5',634,,731051,2,0,13 14 8,1,24,,731061,2,0,13 14 8,1,64,,731050,2,0,13 14 8,1,24,,730989,2,0,13 14 8,1,60,,731033,2,0,13 14 8,1,24,,646811,2,0,13 14 8,1,22,,731058,2,0,13 14 8,1,62,,731063,2,0,13 14 8,1,22,,731053,2,0,13 14 8,1,22,,731011,2,0,13 14 8,1,62,,730996,2,0,13 14 8,1,21,,731002,2,0,13 14 8,1,64,,731039,2,0,13 14 8,1,24,,637042,2,0,13 14 8,1,24,,731017,2,0,13 14 8,1,64,,731014,2,0,13 14 8,1,24,,637115,2,0,13 14 8,1,64,,730999,2,0,13 14 8,1,24,,688440,2,0,13 14 8,1,24,,731019,2,0,13 14 8,1,64,,731026,2,0,13 14 8,1,24,,731057,2,0,13 14 8,1,64,,731052,2,0,13 14 8,1,24,,731016,2,0,13 14 8,1,24,,731018,2,0,13 14 8,1,64,,731005,2,0,13 14 8,1,24,,731034,2,0,13 14 8,1,64,,730985,2,0,13 14 8,1,24,,731022,2,0,13 14 8,1,24,,731009,2,0,13 14 8,1,64,,731001,2,0,13 14 8,1,24,,731012,2,0,13 14 8,1,66,,731006,2,0,13 14 8,1,24,,731055,2,0,13 14 8,1,24,,730991,2,0,13 14 8,1,64,,600553,2,0,13 14 8,1,24,,730998,2,0,13 14 8,1,64,,731003,2,0,13 14 8,1,24,,677483,2,0,13 14 8,1,24,,731010,2,0,13 14 8,1,62,,596275,2,0,13 14 8,1,23,,731024,2,0,13 14 8,1,64,,731044,2,0,13 14 8,1,24,,730982,2,0,13 14 8,1,24,,731007,2,0,13 14 8,1,64,,731049,2,0,13 14 8,1,24,,731004,2,0,13 14 8,1,62,,731000,2,0,13 14 8,1,25,,731038,2,0,13 14 8,1
8903,'1',459,,630110,23,0,95 63,1,64,,739177,23,0,95 63,1,20,,739189,23,0,95 63,1,15,,551922,22,0,95 63,1,50,,739240,22,0,95 63,1,10,,739224,22,0,95 63,1,10,,677312,22,0,95 63,1,10,,739231,22,0,95 63,1,10,,739217,22,0,95 63,1,10,,739205,22,0,95 63,1,50,,739250,22,0,95 63,1,10,,599126,22,0,95 63,1,10,,739212,22,0,95 63,1,13,,739178,22,0,95 63,1,12,,739202,22,0,95 63,1,50,,739199,22,0,95 63,1,10,,739245,22,0,95 63,1,10,,739253,22,0,95 63,1,10,,739229,22,0,95 63,1,10,,685383,22,0,95 63,1,10,,739197,22,0,95 63,1,50,,607469,22,0,95 63,1,10,,739180,22,0,95 63,1,10,,739243,22,0,95 63,1,10,,739207,22,0,95 63,1,11,,739227,22,0,95 63,1,10,,677310,22,0,95 63,1,50,,739235,22,0,95 63,1,10,,739249,22,0,95 63,1,10,,739198,22,0,95 63,1,10,,739209,22,0,95 63,1,10,,739216,22,0,95 63,1,10,,739183,22,0,95 63,1,50,,739192,22,0,95 63,1,10,,739181,22,0,95 63,1,10,,739258,22,0,95 63,1,10,,686781,22,0,95 63,1,10,,687613,22,0,95 63,1,10,,739190,22,0,95 63,1,50,,739187,22,0,95 63,1,10,,739201,22,0,95 63,1,10,,616305,22,0,95 63,1,10,,739200,22,0,95 63,1,10,,739221,22,0,95 63,1,10,,739222,22,0,95 63,1,50,,739230,22,0,95 63,1,10,,518016,22,0,95 63,1,10,,623152,22,0,95 63,1,10,,739175,22,0,95 63,1,10,,739239,22,0,95 63,1,10,,570742,22,0,95 63,1,51,,552680,22,0,95 63,1,12,,599845,22,0,95 63,1,14,,739220,22,0,95 63,1,10,,739256,22,0,95 63,1,10,,739213,22,0,95 63,1,50,,739257,22,0,95 63,1,10,,631325,22,0,95 63,1,10,,739218,22,0,95 63,1,10,,739237,22,0,95 63,1,10,,739206,22,0,95 63,1,10,,739215,22,0,95 63,1,50,,739236,22,0,95 63,1,10,,739184,22,0,95 63,1,10,,739210,22,0,95 63,1,10,,640547,22,0,95 63,1,10,,739238,22,0,95 63,1,10,,739226,22,0,95 63,1,50,,550192,22,0,95 63,1,10,,675142,22,0,95 63,1,10,,739214,22,0,95 63,1,10,,642563,22,0,95 63,1,10,,575596,22,0,95 63,1,10,,739241,22,0,95 63,1,50,,739251,22,0,95 63,1,10,,628073,22,0,95 63,1,10,,676753,22,0,95 63,1,10,,739232,22,0,95 63,1,10,,676232,22,0,95 63,1,10,,638413,22,0,95 63,1,50,,739254,22,0,95 63,1,8,,739186,22,0,95 63,1,5,,739193,22,0,95 63,1,6,,739185,22,0,95 63,1,10,,739252,22,0,95 63,1,10,,651550,22,0,95 63,1,10,,739247,22,0,95 63,1,50,,739203,22,0,95 63,1,10,,739173,22,0,95 63,1,10,,739191,22,0,95 63,1,10,,739211,22,0,95 63,1,10,,664633,22,0,95 63,1,10,,464759,22,0,95 63,1,50,,630570,22,0,95 63,1,10,,739225,22,0,95 63,1,10,,658430,22,0,95 63,1,10,,609706,22,0,95 63,1,10,,739259,22,0,95 63,1,10,,739228,22,0,95 63,1,50,,739246,22,0,95 63,1,9,,739182,22,0,95 63,1,6,,739195,22,0,95 63,1,10,,675308,22,0,95 63,1,10,,739234,22,0,95 63,1,10,,739174,22,0,95 63,1,10,,739176,22,0,95 63,1,50,,739208,22,0,95 63,1,10,,658475,22,0,95 63,1,10,,739204,22,0,95 63,1,10,,628115,22,0,95 63,1,10,,739188,22,0,95 63,1,10,,739248,22,0,95 63,1,50,,739194,22,0,95 63,1,10,,739233,22,0,95 63,1,10,,739219,22,0,95 63,1,10,,605632,22,0,95 63,1,10,,739244,22,0,95 63,1,10,,739255,22,0,95 63,1,50,,526535,22,0,95 63,1,10,,739179,22,0,95 63,1,10,,739242,22,0,95 63,1,13,,739196,22,0,95 63,1,15,,739223,22,0,95 63,1,55,,598616,22,0,95 63,1,15,,641867,22,0,95 63,1
8903,'2',557,,739296,23,0,95 63,1,50,,739273,22,0,95 63,1,10,,739336,22,0,95 63,1,10,,739343,22,0,95 63,1,10,,739264,22,0,95 63,1,10,,739327,22,0,95 63,1,10,,739263,22,0,95 63,1,50,,619109,22,0,95 63,1,10,,739359,22,0,95 63,1,10,,739294,22,0,95 63,1,10,,739313,22,0,95 63,1,10,,554078,22,0,95 63,1,10,,739272,22,0,95 63,1,51,,739348,22,0,95 63,1,15,,739293,22,0,95 63,1,10,,739321,22,0,95 63,1,10,,739362,22,0,95 63,1,10,,739282,22,0,95 63,1,50,,739344,22,0,95 63,1,10,,739364,22,0,95 63,1,10,,739339,22,0,95 63,1,10,,739312,22,0,95 63,1,10,,739284,22,0,95 63,1,10,,739306,22,0,95 63,1,50,,739301,22,0,95 63,1,10,,674217,22,0,95 63,1,10,,739262,22,0,95 63,1,10,,679679,22,0,95 63,1,10,,678195,22,0,95 63,1,10,,739324,22,0,95 63,1,50,,739279,22,0,95 63,1,11,,614902,22,0,95 63,1,15,,739277,22,0,95 63,1,10,,739311,22,0,95 63,1,10,,739278,22,0,95 63,1,8,,541230,22,0,95 63,1,48,,670480,22,0,95 63,1,8,,739341,22,0,95 63,1,8,,739338,22,0,95 63,1,6,,739322,22,0,95 63,1,8,,739318,22,0,95 63,1,8,,739305,22,0,95 63,1,8,,739281,22,0,95 63,1,8,,739316,22,0,95 63,1,48,,739320,22,0,95 63,1,8,,739333,22,0,95 63,1,8,,739309,22,0,95 63,1,8,,739325,22,0,95 63,1,8,,739355,22,0,95 63,1,8,,739347,22,0,95 63,1,8,,516159,22,0,95 63,1,48,,739275,22,0,95 63,1,8,,739326,22,0,95 63,1,8,,739323,22,0,95 63,1,8,,739319,22,0,95 63,1,8,,739261,22,0,95 63,1,8,,739260,22,0,95 63,1,8,,689334,22,0,95 63,1,8,,739337,22,0,95 63,1,48,,588433,22,0,95 63,1,8,,739291,22,0,95 63,1,8,,739286,22,0,95 63,1,8,,658047,22,0,95 63,1,8,,675245,22,0,95 63,1,8,,739358,22,0,95 63,1,8,,739331,22,0,95 63,1,48,,653849,22,0,95 63,1,8,,472562,22,0,95 63,1,8,,739269,22,0,95 63,1,8,,739361,22,0,95 63,1,8,,605153,22,0,95 63,1,8,,739292,22,0,95 63,1,8,,739350,22,0,95 63,1,8,,739274,22,0,95 63,1,48,,642642,22,0,95 63,1,8,,739287,22,0,95 63,1,8,,739340,22,0,95 63,1,8,,739266,22,0,95 63,1,8,,739351,22,0,95 63,1,8,,739300,22,0,95 63,1,8,,607522,22,0,95 63,1,48,,739289,22,0,95 63,1,8,,739354,22,0,95 63,1,8,,687650,22,0,95 63,1,8,,739329,22,0,95 63,1,8,,739276,22,0,95 63,1,8,,739283,22,0,95 63,1,8,,739342,22,0,95 63,1,8,,739290,22,0,95 63,1,47,,739297,22,0,95 63,1,5,,460024,22,0,95 63,1,6,,739345,22,0,95 63,1,5,,739317,22,0,95 63,1,8,,639074,22,0,95 63,1,8,,739288,22,0,95 63,1,8,,739328,22,0,95 63,1,8,,739352,22,0,95 63,1,48,,739265,22,0,95 63,1,8,,739335,22,0,95 63,1,8,,739308,22,0,95 63,1,8,,739310,22,0,95 63,1,8,,739299,22,0,95 63,1,8,,739346,22,0,95 63,1,8,,678539,22,0,95 63,1,8,,546257,22,0,95 63,1,48,,678692,22,0,95 63,1,8,,739349,22,0,95 63,1,8,,739334,22,0,95 63,1,8,,739295,22,0,95 63,1,8,,565361,22,0,95 63,1,8,,739332,22,0,95 63,1,8,,739357,22,0,95 63,1,48,,739271,22,0,95 63,1,6,,628272,22,0,95 63,1,7,,739268,22,0,95 63,1,10,,739353,22,0,95 63,1,10,,739270,22,0,95 63,1,10,,739314,22,0,95 63,1,10,,650827,22,0,95 63,1,50,,739303,22,0,95 63,1,10,,739280,22,0,95 63,1,10,,617104,22,0,95 63,1,10,,689321,22,0,95 63,1,10,,739267,22,0,95 63,1,10,,739302,22,0,95 63,1,50,,739304,22,0,95 63,1,10,,739298,22,0,95 63,1,10,,739307,22,0,95 63,1,10,,739315,22,0,95 63,1,10,,620594,22,0,95 63,1,10,,632895,22,0,95 63,1,50,,739330,22,0,95 63,1,10,,739363,22,0,95 63,1,10,,739356,22,0,95 63,1,13,,739285,22,0,95 63,1,15,,605681,22,0,95 63,1,55,,641756,22,0,95 63,1,15,,625043,22,0,95 63,1
8903,'3',558,,739426,23,0,95 63,1,55,,739383,23,0,95 63,1,15,,739372,23,0,95 63,1,15,,739420,23,0,95 63,1,15,,739408,23,0,95 63,1,55,,739443,23,0,95 63,1,15,,739391,23,0,95 63,1,15,,739367,23,0,95 63,1,12,,739404,23,0,95 63,1,53,,612123,23,0,95 63,1,14,,739418,22,0,95 63,1,10,,615004,22,0,95 63,1,10,,739445,22,0,95 63,1,10,,739379,22,0,95 63,1,50,,618571,22,0,95 63,1,10,,739450,22,0,95 63,1,10,,739423,22,0,95 63,1,10,,739430,22,0,95 63,1,10,,739453,22,0,95 63,1,10,,739411,22,0,95 63,1,50,,404688,22,0,95 63,1,10,,462859,22,0,95 63,1,10,,739394,22,0,95 63,1,10,,739412,22,0,95 63,1,10,,739376,22,0,95 63,1,10,,739409,22,0,95 63,1,50,,739421,22,0,95 63,1,10,,676956,22,0,95 63,1,10,,739413,22,0,95 63,1,10,,739375,22,0,95 63,1,10,,739386,22,0,95 63,1,10,,739377,22,0,95 63,1,51,,739429,22,0,95 63,1,11,,739425,22,0,95 63,1,13,,739368,22,0,95 63,1,10,,556383,22,0,95 63,1,10,,739449,22,0,95 63,1,10,,739403,22,0,95 63,1,50,,739393,22,0,95 63,1,10,,661533,22,0,95 63,1,10,,614127,22,0,95 63,1,10,,739390,22,0,95 63,1,10,,681896,22,0,95 63,1,10,,739369,22,0,95 63,1,50,,739392,22,0,95 63,1,10,,739366,22,0,95 63,1,10,,739398,22,0,95 63,1,10,,739402,22,0,95 63,1,10,,739380,22,0,95 63,1,10,,675955,22,0,95 63,1,50,,739434,22,0,95 63,1,10,,739382,22,0,95 63,1,10,,641115,22,0,95 63,1,10,,739397,22,0,95 63,1,10,,659102,22,0,95 63,1,10,,628568,22,0,95 63,1,50,,739419,22,0,95 63,1,10,,739431,22,0,95 63,1,10,,687411,22,0,95 63,1,10,,739400,22,0,95 63,1,10,,739456,22,0,95 63,1,10,,739385,22,0,95 63,1,50,,739441,22,0,95 63,1,10,,739384,22,0,95 63,1,10,,739415,22,0,95 63,1,10,,739454,22,0,95 63,1,10,,739399,22,0,95 63,1,10,,739414,22,0,95 63,1,50,,604967,22,0,95 63,1,10,,739432,22,0,95 63,1,10,,739422,22,0,95 63,1,10,,613476,22,0,95 63,1,10,,739433,22,0,95 63,1,10,,739440,22,0,95 63,1,49,,645438,22,0,95 63,1,8,,739416,22,0,95 63,1,7,,739461,22,0,95 63,1,10,,665114,22,0,95 63,1,10,,739396,22,0,95 63,1,10,,739405,22,0,95 63,1,50,,739406,22,0,95 63,1,10,,739460,22,0,95 63,1,10,,739381,22,0,95 63,1,10,,739437,22,0,95 63,1,10,,739451,22,0,95 63,1,10,,739365,22,0,95 63,1,50,,739446,22,0,95 63,1,10,,739424,22,0,95 63,1,10,,739410,22,0,95 63,1,10,,739401,22,0,95 63,1,10,,739428,22,0,95 63,1,10,,739374,22,0,95 63,1,50,,739447,22,0,95 63,1,7,,739389,22,0,95 63,1,6,,739373,22,0,95 63,1,10,,662990,22,0,95 63,1,10,,739439,22,0,95 63,1,10,,739448,22,0,95 63,1,10,,739388,22,0,95 63,1,50,,739452,22,0,95 63,1,10,,739387,22,0,95 63,1,10,,739458,22,0,95 63,1,10,,739427,22,0,95 63,1,10,,628590,22,0,95 63,1,10,,739417,22,0,95 63,1,50,,739442,22,0,95 63,1,10,,739457,22,0,95 63,1,10,,739436,22,0,95 63,1,10,,739370,22,0,95 63,1,10,,739459,22,0,95 63,1,10,,739378,22,0,95 63,1,50,,739455,22,0,95 63,1,10,,739438,22,0,95 63,1,10,,739371,22,0,95 63,1,14,,739435,22,0,95 63,1,15,,739444,22,0,95 63,1,55,,739395,22,0,95 63,1,15,,665126,22,0,95 63,1
8903,'5',557,,739504,23,0,95 63,1,49,,606341,22,0,95 63,1,10,,739495,22,0,95 63,1,10,,688076,22,0,95 63,1,10,,739492,22,0,95 63,1,10,,739551,22,0,95 63,1,10,,739538,22,0,95 63,1,50,,619973,22,0,95 63,1,10,,739510,22,0,95 63,1,10,,739515,22,0,95 63,1,10,,548801,22,0,95 63,1,10,,739474,22,0,95 63,1,10,,739518,22,0,95 63,1,50,,739471,22,0,95 63,1,16,,739488,22,0,95 63,1,10,,739473,22,0,95 63,1,10,,739476,22,0,95 63,1,10,,739552,22,0,95 63,1,50,,739522,22,0,95 63,1,10,,739559,22,0,95 63,1,10,,659198,22,0,95 63,1,10,,739544,22,0,95 63,1,10,,739520,22,0,95 63,1,10,,650976,22,0,95 63,1,50,,680512,22,0,95 63,1,10,,739519,22,0,95 63,1,10,,739537,22,0,95 63,1,10,,739511,22,0,95 63,1,10,,739499,22,0,95 63,1,10,,739556,22,0,95 63,1,50,,739532,22,0,95 63,1,10,,668176,22,0,95 63,1,10,,739561,22,0,95 63,1,10,,739512,22,0,95 63,1,10,,739467,22,0,95 63,1,10,,739529,22,0,95 63,1,51,,739516,22,0,95 63,1,11,,739490,22,0,95 63,1,13,,739534,22,0,95 63,1,10,,739506,22,0,95 63,1,10,,739514,22,0,95 63,1,10,,739496,22,0,95 63,1,50,,739475,22,0,95 63,1,10,,739524,22,0,95 63,1,10,,739485,22,0,95 63,1,10,,739528,22,0,95 63,1,10,,739546,22,0,95 63,1,10,,739493,22,0,95 63,1,50,,739500,22,0,95 63,1,10,,739535,22,0,95 63,1,10,,739525,22,0,95 63,1,10,,739543,22,0,95 63,1,10,,739472,22,0,95 63,1,10,,739465,22,0,95 63,1,50,,739463,22,0,95 63,1,10,,739505,22,0,95 63,1,10,,618216,22,0,95 63,1,10,,739508,22,0,95 63,1,10,,739517,22,0,95 63,1,10,,739462,22,0,95 63,1,50,,739507,22,0,95 63,1,10,,739540,22,0,95 63,1,10,,739560,22,0,95 63,1,10,,739562,22,0,95 63,1,10,,640484,22,0,95 63,1,10,,739466,22,0,95 63,1,50,,739498,22,0,95 63,1,10,,739550,22,0,95 63,1,10,,739536,22,0,95 63,1,10,,739523,22,0,95 63,1,10,,739501,22,0,95 63,1,10,,648793,22,0,95 63,1,50,,739483,22,0,95 63,1,10,,663153,22,0,95 63,1,10,,739554,22,0,95 63,1,10,,739469,22,0,95 63,1,10,,739545,22,0,95 63,1,10,,739478,22,0,95 63,1,49,,739509,22,0,95 63,1,8,,739526,22,0,95 63,1,7,,739484,22,0,95 63,1,10,,587346,22,0,95 63,1,10,,556006,22,0,95 63,1,10,,739542,22,0,95 63,1,50,,739494,22,0,95 63,1,10,,739541,22,0,95 63,1,10,,739553,22,0,95 63,1,10,,535294,22,0,95 63,1,10,,739563,22,0,95 63,1,10,,739531,22,0,95 63,1,50,,739481,22,0,95 63,1,10,,739468,22,0,95 63,1,10,,739557,22,0,95 63,1,10,,739487,22,0,95 63,1,10,,739539,22,0,95 63,1,10,,739491,22,0,95 63,1,50,,739486,22,0,95 63,1,7,,739479,22,0,95 63,1,6,,739548,22,0,95 63,1,10,,739489,22,0,95 63,1,10,,539062,22,0,95 63,1,10,,739547,22,0,95 63,1,10,,739530,22,0,95 63,1,50,,549428,22,0,95 63,1,10,,739497,22,0,95 63,1,10,,739503,22,0,95 63,1,10,,739527,22,0,95 63,1,10,,739533,22,0,95 63,1,10,,739477,22,0,95 63,1,50,,627739,22,0,95 63,1,10,,739555,22,0,95 63,1,10,,739521,22,0,95 63,1,10,,641617,22,0,95 63,1,10,,739549,22,0,95 63,1,10,,739464,22,0,95 63,1,50,,739482,22,0,95 63,1,10,,739502,22,0,95 63,1,10,,739558,22,0,95 63,1,14,,739480,22,0,95 63,1,15,,739470,22,0,95 63,1,55,,635244,22,0,95 63,1,15,,739513,22,0,95 63,1
8904,'1',459,,635945,24,0,51,1,63,,739589,24,0,68 8,1,21,,739613,24,0,68 8,1,12,,739645,24,0,68 8,1,50,,644231,24,0,68 8,1,10,,739606,24,0,68 8,1,10,,739593,24,0,68 8,1,10,,739600,24,0,68 8,1,10,,739572,24,0,68 8,1,10,,739630,24,0,68 8,1,50,,632367,24,0,68 8,1,10,,739569,24,0,68 8,1,9,,739649,24,0,68 8,1,8,,739575,24,0,68 8,1,9,,642489,24,0,68 8,1,10,,739583,24,0,68 8,1,50,,567480,24,0,68 8,1,10,,739635,24,0,68 8,1,10,,739565,24,0,68 8,1,10,,618323,24,0,68 8,1,10,,739619,24,0,68 8,1,10,,739582,24,0,68 8,1,50,,739643,24,0,68 8,1,10,,648012,24,0,68 8,1,10,,673833,24,0,68 8,1,10,,739564,24,0,68 8,1,10,,530082,24,0,68 8,1,10,,739604,24,0,68 8,1,50,,739648,24,0,68 8,1,10,,668086,24,0,68 8,1,10,,739598,24,0,68 8,1,10,,739610,24,0,68 8,1,10,,739621,24,0,68 8,1,10,,679300,24,0,68 8,1,50,,739642,24,0,68 8,1,10,,739638,24,0,68 8,1,10,,547979,24,0,68 8,1,10,,739618,24,0,68 8,1,10,,739622,24,0,68 8,1,10,,612451,24,0,68 8,1,50,,458659,24,0,68 8,1,10,,739602,24,0,68 8,1,10,,739573,24,0,68 8,1,10,,739637,24,0,68 8,1,10,,594064,24,0,68 8,1,10,,739609,24,0,68 8,1,50,,739578,24,0,68 8,1,10,,739566,24,0,68 8,1,10,,739611,24,0,68 8,1,10,,739603,24,0,68 8,1,10,,739584,24,0,68 8,1,9,,739581,24,0,68 8,1,9,,628810,24,0,68 8,1,48,,739616,24,0,68 8,1,10,,739574,24,0,68 8,1,10,,739634,24,0,68 8,1,10,,739627,24,0,68 8,1,10,,739568,24,0,68 8,1,10,,653736,24,0,68 8,1,50,,501553,24,0,68 8,1,10,,739647,24,0,68 8,1,10,,739633,24,0,68 8,1,10,,739640,28,0,68 8,1,10,,739625,24,0,68 8,1,10,,739628,24,0,68 8,1,50,,739576,24,0,68 8,1,10,,739632,24,0,68 8,1,10,,739567,24,0,68 8,1,10,,739588,24,0,68 8,1,10,,739601,24,0,68 8,1,10,,739608,24,0,68 8,1,50,,739585,24,0,68 8,1,10,,739652,24,0,68 8,1,10,,739599,24,0,68 8,1,10,,550765,24,0,68 8,1,10,,656249,24,0,68 8,1,10,,739654,24,0,68 8,1,50,,739653,24,0,68 8,1,10,,650380,24,0,68 8,1,10,,739631,24,0,68 8,1,10,,739570,24,0,68 8,1,10,,739605,24,0,68 8,1,10,,621058,24,0,68 8,1,49,,739614,24,0,68 8,1,8,,739644,24,0,68 8,1,10,,739607,24,0,68 8,1,10,,739639,24,0,68 8,1,10,,629096,24,0,68 8,1,10,,739650,24,0,68 8,1,50,,739587,24,0,68 8,1,10,,449258,24,0,68 8,1,10,,623888,24,0,68 8,1,10,,739597,24,0,68 8,1,10,,739623,24,0,68 8,1,10,,739591,24,0,68 8,1,50,,631385,24,0,68 8,1,10,,739624,24,0,68 8,1,10,,640085,24,0,68 8,1,10,,739620,24,0,68 8,1,10,,739596,24,0,68 8,1,10,,739615,24,0,68 8,1,49,,739612,24,0,68 8,1,8,,739636,24,0,68 8,1,7,,684518,24,0,68 8,1,10,,739590,24,0,68 8,1,10,,649396,24,0,68 8,1,10,,739595,24,0,68 8,1,10,,739577,24,0,68 8,1,50,,680055,24,0,68 8,1,10,,739571,24,0,68 8,1,10,,739586,24,0,68 8,1,10,,739629,24,0,68 8,1,10,,739594,24,0,68 8,1,10,,739617,24,0,68 8,1,50,,739579,24,0,68 8,1,10,,739646,24,0,68 8,1,10,,739641,24,0,68 8,1,10,,739580,24,0,68 8,1,10,,739651,24,0,68 8,1,10,,572017,24,0,68 8,1,50,,739626,24,0,68 8,1,10,,668982,24,0,68 8,1,10,,664780,24,0,68 8,1,9,,575369,24,0,68 8,1,15,,630513,24,0,68 8,1,55,,565302,24,0,51,1,15,,739592,24,0,51,1
8904,'2',558,,739765,24,0,68 8,1,55,,607356,24,0,68 8,1,14,,739733,24,0,68 8,1,10,,674390,24,0,68 8,1,10,,739683,24,0,68 8,1,10,,739703,24,0,68 8,1,50,,739681,24,0,68 8,1,10,,739752,24,0,68 8,1,10,,739661,24,0,68 8,1,10,,739664,24,0,68 8,1,10,,609228,24,0,68 8,1,7,,739691,24,0,68 8,1,48,,739769,24,0,68 8,1,10,,613632,24,0,68 8,1,9,,739768,24,0,68 8,1,11,,739725,24,0,68 8,1,10,,739758,24,0,68 8,1,10,,739666,24,0,68 8,1,50,,739660,24,0,68 8,1,10,,739690,24,0,68 8,1,10,,739721,24,0,68 8,1,10,,739737,24,0,68 8,1,10,,739723,24,0,68 8,1,10,,739656,24,0,68 8,1,50,,739749,24,0,68 8,1,10,,739713,24,0,68 8,1,10,,739694,24,0,68 8,1,10,,739731,24,0,68 8,1,10,,739715,24,0,68 8,1,9,,739665,24,0,68 8,1,50,,739708,24,0,68 8,1,8,,739747,24,0,68 8,1,10,,739655,24,0,68 8,1,10,,739744,24,0,68 8,1,8,,739757,24,0,68 8,1,8,,739677,24,0,68 8,1,8,,739676,24,0,68 8,1,48,,739696,24,0,68 8,1,8,,739669,24,0,68 8,1,8,,739699,24,0,68 8,1,8,,739710,24,0,68 8,1,8,,739771,24,0,68 8,1,8,,739730,24,0,68 8,1,8,,739738,24,0,68 8,1,8,,739735,24,0,68 8,1,48,,477765,24,0,68 8,1,8,,739746,24,0,68 8,1,8,,739750,24,0,68 8,1,8,,739772,24,0,68 8,1,8,,739693,24,0,68 8,1,8,,609081,24,0,68 8,1,8,,739759,24,0,68 8,1,48,,739754,24,0,68 8,1,8,,739705,24,0,68 8,1,8,,739716,24,0,68 8,1,8,,739748,24,0,68 8,1,8,,739671,24,0,68 8,1,8,,739764,24,0,68 8,1,8,,739753,24,0,68 8,1,8,,739685,24,0,68 8,1,48,,527215,24,0,68 8,1,8,,739767,24,0,68 8,1,8,,739680,24,0,68 8,1,8,,739719,24,0,68 8,1,8,,739659,24,0,68 8,1,8,,739714,24,0,68 8,1,8,,739692,24,0,68 8,1,48,,739712,24,0,68 8,1,8,,739672,24,0,68 8,1,8,,739717,24,0,68 8,1,8,,739761,24,0,68 8,1,8,,739707,24,0,68 8,1,8,,739732,24,0,68 8,1,8,,665354,24,0,68 8,1,8,,513499,24,0,68 8,1,48,,739766,24,0,68 8,1,8,,739770,24,0,68 8,1,8,,739695,24,0,68 8,1,8,,739751,24,0,68 8,1,8,,494376,24,0,68 8,1,8,,674987,24,0,68 8,1,8,,739667,24,0,68 8,1,48,,739701,24,0,68 8,1,8,,739739,24,0,68 8,1,8,,672612,24,0,68 8,1,8,,516290,24,0,68 8,1,8,,739697,24,0,68 8,1,8,,739658,24,0,68 8,1,9,,739773,24,0,68 8,1,9,,739700,24,0,68 8,1,48,,395064,24,0,68 8,1,5,,739709,24,0,68 8,1,8,,739678,24,0,68 8,1,6,,739675,24,0,68 8,1,8,,739682,24,0,68 8,1,8,,739763,24,0,68 8,1,8,,549929,24,0,68 8,1,8,,739684,24,0,68 8,1,48,,476629,24,0,68 8,1,8,,640867,24,0,68 8,1,8,,739657,24,0,68 8,1,8,,739704,24,0,68 8,1,8,,739679,24,0,68 8,1,8,,739718,24,0,68 8,1,8,,739734,24,0,68 8,1,48,,739745,24,0,68 8,1,8,,739689,24,0,68 8,1,8,,739687,24,0,68 8,1,8,,739728,24,0,68 8,1,8,,739674,24,0,68 8,1,8,,661674,24,0,68 8,1,8,,739756,24,0,68 8,1,8,,739740,24,0,68 8,1,47,,650823,24,0,68 8,1,7,,739720,24,0,68 8,1,6,,739741,24,0,68 8,1,10,,739711,24,0,68 8,1,10,,739670,24,0,68 8,1,10,,739762,24,0,68 8,1,10,,739736,24,0,68 8,1,50,,686146,24,0,68 8,1,10,,667537,24,0,68 8,1,10,,739724,24,0,68 8,1,10,,739686,24,0,68 8,1,10,,739729,24,0,68 8,1,10,,739698,24,0,68 8,1,50,,739668,24,0,68 8,1,10,,739702,24,0,68 8,1,10,,739727,24,0,68 8,1,10,,739742,24,0,68 8,1,10,,739663,24,0,68 8,1,10,,739760,24,0,68 8,1,50,,739755,24,0,68 8,1,10,,739722,24,0,68 8,1,10,,739743,24,0,68 8,1,10,,668324,24,0,68 8,1,14,,739662,24,0,68 8,1,55,,739688,24,0,51,1,15,,739726,24,0,51,1
8904,'3',558,,739802,24,0,51,1,55,,739852,24,0,51,1,15,,739792,24,0,51,1,15,,678736,24,0,51,1,15,,739845,24,0,51,1,55,,739836,24,0,51,1,15,,739861,24,0,51,1,14,,739846,24,0,68 8,1,13,,739797,24,0,68 8,1,53,,739865,24,0,68 8,1,13,,739868,24,0,68 8,1,12,,739850,24,0,68 8,1,10,,507118,24,0,68 8,1,10,,739794,24,0,68 8,1,50,,739841,24,0,68 8,1,10,,739864,24,0,68 8,1,10,,739840,24,0,68 8,1,10,,629722,24,0,68 8,1,10,,649588,24,0,68 8,1,10,,625587,24,0,68 8,1,50,,739870,24,0,68 8,1,10,,739872,24,0,68 8,1,10,,650910,24,0,68 8,1,10,,739873,24,0,68 8,1,10,,536153,24,0,68 8,1,10,,492836,24,0,68 8,1,50,,739854,24,0,68 8,1,10,,739787,24,0,68 8,1,10,,648680,24,0,68 8,1,10,,739839,24,0,68 8,1,10,,739777,24,0,68 8,1,9,,739791,24,0,68 8,1,49,,739779,24,0,68 8,1,10,,739874,24,0,68 8,1,10,,739847,24,0,68 8,1,10,,739795,24,0,68 8,1,10,,739806,24,0,68 8,1,10,,739823,24,0,68 8,1,50,,739833,24,0,68 8,1,10,,739853,24,0,68 8,1,10,,739848,24,0,68 8,1,10,,739813,24,0,68 8,1,10,,739857,24,0,68 8,1,10,,739842,24,0,68 8,1,50,,739817,24,0,68 8,1,10,,459729,24,0,68 8,1,10,,739783,24,0,68 8,1,10,,739875,24,0,68 8,1,10,,739844,24,0,68 8,1,10,,739814,24,0,68 8,1,50,,739819,24,0,68 8,1,10,,739776,24,0,68 8,1,10,,739789,24,0,68 8,1,10,,739818,24,0,68 8,1,10,,739871,24,0,68 8,1,10,,739822,24,0,68 8,1,50,,739774,24,0,68 8,1,10,,739782,24,0,68 8,1,10,,739831,24,0,68 8,1,10,,739780,24,0,68 8,1,10,,739786,24,0,68 8,1,10,,739869,24,0,68 8,1,50,,689842,24,0,68 8,1,10,,739812,24,0,68 8,1,10,,739798,24,0,68 8,1,10,,739824,24,0,68 8,1,10,,739808,24,0,68 8,1,10,,739855,24,0,68 8,1,50,,739837,24,0,68 8,1,10,,739830,24,0,68 8,1,10,,649648,24,0,68 8,1,10,,647682,24,0,68 8,1,10,,739811,24,0,68 8,1,10,,739834,24,0,68 8,1,50,,739804,24,0,68 8,1,8,,739799,24,0,68 8,1,9,,516622,24,0,68 8,1,8,,739832,24,0,68 8,1,10,,739821,24,0,68 8,1,10,,739793,24,0,68 8,1,10,,739827,24,0,68 8,1,50,,739828,24,0,68 8,1,10,,739815,24,0,68 8,1,10,,739835,24,0,68 8,1,10,,739805,24,0,68 8,1,10,,739790,24,0,68 8,1,10,,739856,24,0,68 8,1,50,,739863,24,0,68 8,1,10,,739785,24,0,68 8,1,10,,739858,24,0,68 8,1,10,,739829,24,0,68 8,1,10,,739825,24,0,68 8,1,10,,739801,24,0,68 8,1,50,,739788,24,0,68 8,1,6,,739781,24,0,68 8,1,7,,739775,24,0,68 8,1,10,,739867,24,0,68 8,1,10,,739838,24,0,68 8,1,10,,739800,24,0,68 8,1,10,,739866,24,0,68 8,1,50,,673281,24,0,68 8,1,10,,739820,24,0,68 8,1,10,,739784,24,0,68 8,1,10,,739843,24,0,68 8,1,10,,739826,24,0,68 8,1,10,,739860,24,0,68 8,1,50,,739807,24,0,68 8,1,10,,739851,24,0,68 8,1,10,,739816,24,0,68 8,1,10,,739810,24,0,68 8,1,10,,739849,24,0,68 8,1,10,,656510,24,0,68 8,1,50,,739862,24,0,68 8,1,10,,739778,24,0,68 8,1,10,,739859,24,0,68 8,1,10,,641782,24,0,68 8,1,13,,739809,24,0,68 8,1,55,,739803,24,0,51,1,15,,655071,24,0,51,1
8904,'5',558,,739901,24,0,68 8,1,55,,739972,24,0,68 8,1,14,,739969,24,0,68 8,1,10,,739916,24,0,68 8,1,10,,739918,24,0,68 8,1,10,,739948,24,0,68 8,1,50,,739939,24,0,68 8,1,10,,674877,24,0,68 8,1,10,,739973,24,0,68 8,1,10,,739886,24,0,68 8,1,10,,739942,24,0,68 8,1,7,,739914,24,0,68 8,1,48,,739928,24,0,68 8,1,11,,739889,24,0,68 8,1,11,,739966,24,0,68 8,1,9,,739933,24,0,68 8,1,10,,739900,24,0,68 8,1,10,,739890,24,0,68 8,1,50,,739982,24,0,68 8,1,10,,739883,24,0,68 8,1,10,,739926,24,0,68 8,1,10,,739945,24,0,68 8,1,10,,739881,24,0,68 8,1,10,,739963,24,0,68 8,1,50,,739952,24,0,68 8,1,10,,739955,24,0,68 8,1,10,,739895,24,0,68 8,1,10,,651784,24,0,68 8,1,10,,739921,24,0,68 8,1,10,,739929,24,0,68 8,1,50,,739887,24,0,68 8,1,10,,739878,24,0,68 8,1,10,,739897,24,0,68 8,1,10,,739925,24,0,68 8,1,10,,739962,24,0,68 8,1,9,,739937,24,0,68 8,1,49,,739944,24,0,68 8,1,10,,739956,24,0,68 8,1,10,,739888,24,0,68 8,1,10,,739951,24,0,68 8,1,10,,686640,24,0,68 8,1,10,,739902,24,0,68 8,1,50,,739936,24,0,68 8,1,10,,739958,24,0,68 8,1,10,,739940,24,0,68 8,1,10,,739898,24,0,68 8,1,10,,606043,24,0,68 8,1,10,,739911,24,0,68 8,1,50,,739892,24,0,68 8,1,10,,739943,24,0,68 8,1,10,,739920,24,0,68 8,1,10,,652831,24,0,68 8,1,10,,651842,24,0,68 8,1,10,,739977,24,0,68 8,1,50,,739978,24,0,68 8,1,10,,739946,24,0,68 8,1,10,,739983,24,0,68 8,1,10,,739949,24,0,68 8,1,10,,739885,24,0,68 8,1,10,,739934,24,0,68 8,1,50,,739905,24,0,68 8,1,10,,739876,24,0,68 8,1,10,,739979,24,0,68 8,1,10,,668543,24,0,68 8,1,10,,565735,24,0,68 8,1,10,,739922,24,0,68 8,1,50,,739880,24,0,68 8,1,10,,739947,24,0,68 8,1,10,,739908,24,0,68 8,1,10,,739930,24,0,68 8,1,10,,739894,24,0,68 8,1,10,,739953,24,0,68 8,1,50,,739913,24,0,68 8,1,10,,631813,24,0,68 8,1,10,,739974,24,0,68 8,1,10,,739935,24,0,68 8,1,10,,739915,24,0,68 8,1,10,,739923,24,0,68 8,1,50,,739984,24,0,68 8,1,8,,739959,24,0,68 8,1,9,,739906,24,0,68 8,1,8,,739954,24,0,68 8,1,10,,739932,24,0,68 8,1,10,,739975,24,0,68 8,1,10,,739967,24,0,68 8,1,50,,739960,24,0,68 8,1,10,,739924,24,0,68 8,1,10,,666131,24,0,68 8,1,10,,739884,24,0,68 8,1,10,,739882,24,0,68 8,1,10,,739961,24,0,68 8,1,50,,628623,24,0,68 8,1,10,,618228,24,0,68 8,1,10,,739950,24,0,68 8,1,10,,645922,24,0,68 8,1,10,,739957,24,0,68 8,1,10,,739981,24,0,68 8,1,50,,739971,24,0,68 8,1,6,,739893,24,0,68 8,1,7,,629335,24,0,68 8,1,10,,632613,24,0,68 8,1,10,,739896,24,0,68 8,1,10,,739912,24,0,68 8,1,10,,739877,24,0,68 8,1,50,,739976,24,0,68 8,1,10,,739970,24,0,68 8,1,10,,739907,24,0,68 8,1,10,,739919,24,0,68 8,1,10,,739927,24,0,68 8,1,10,,739938,24,0,68 8,1,50,,739931,24,0,68 8,1,10,,739910,24,0,68 8,1,10,,739917,24,0,68 8,1,10,,739909,24,0,68 8,1,10,,739964,24,0,68 8,1,10,,739899,24,0,68 8,1,50,,739904,24,0,68 8,1,10,,606017,24,0,68 8,1,10,,739891,24,0,68 8,1,10,,739980,24,0,68 8,1,13,,739941,24,0,68 8,1,55,,739965,24,0,51,1,15,,739903,24,0,51,1
16803,'1',2626,,636356,21,4,,1
16803,'2',2626,,765495,21,4,,1
16803,'3',2626,,765573,21,4,,1
16803,'5',2626,,679130,21,4,,1
17103,'1',401,,766129,2,0,190 6,1,20,,766137,2,0,190 6,1,20,,766114,2,0,190 6,1,62,,766121,2,0,190 6,1,20,,642149,2,0,190 6,1,19,,766101,17,0,5 190 6,1,17,,766143,17,0,5 190 6,1,60,,766134,17,0,5 190 6,1,20,,649877,17,0,5 190 6,1,20,,766145,17,0,5 190 6,1,67,,766111,17,0,5 190 6,1,25,,766141,17,0,5 190 6,1,65,,766115,17,0,5 190 6,1,25,,686126,17,0,5 190 6,1,65,,766117,17,0,5 190 6,1,24,,766110,17,0,5 190 6,1,25,,766139,17,0,5 190 6,1,65,,766118,17,0,5 190 6,1,25,,766126,17,0,5 190 6,1,65,,766108,17,0,5 190 6,1,25,,766119,17,0,5 190 6,1,65,,766133,17,0,5 190 6,1,25,,766128,17,0,5 190 6,1,25,,766109,17,0,5 190 6,1,65,,766125,17,0,5 190 6,1,25,,766106,17,0,5 190 6,1,65,,766140,17,0,5 190 6,1,29,,676715,17,0,5 190 6,1,70,,766120,17,0,5 190 6,1,30,,766144,17,0,5 190 6,1,70,,766132,17,0,5 190 6,1,30,,766100,17,0,5 190 6,1,70,,766099,17,0,5 190 6,1,30,,766103,17,0,5 190 6,1,70,,766112,17,0,5 190 6,1,30,,766130,17,0,5 190 6,1,69,,766122,17,0,5 190 6,1,23,,766135,17,0,5 190 6,1,19,,569207,17,0,5 190 6,1,60,,766123,17,0,5 190 6,1,20,,766131,17,0,5 190 6,1,20,,766105,17,0,5 190 6,1,60,,766136,17,0,5 190 6,1,20,,671400,17,0,5 190 6,1,20,,766107,17,0,5 190 6,1,60,,531291,17,0,5 190 6,1,18,,606878,17,0,5 190 6,1,20,,766124,17,0,5 190 6,1,60,,766127,17,0,5 190 6,1,20,,766102,17,0,5 190 6,1,20,,766138,17,0,5 190 6,1,60,,766142,17,0,5 190 6,1,20,,766116,17,0,5 190 6,1,20,,766104,17,0,5 190 6,1,60,,766113,17,0,5 190 6,1,16,,690234,17,0,5 190 6,1
17103,'2',401,,766152,2,0,190 6,1,20,,766188,2,0,190 6,1,20,,766163,2,0,190 6,1,60,,766158,2,0,190 6,1,20,,766147,2,0,190 6,1,18,,766196,2,0,190 6,1,18,,766162,17,0,5 190 6,1,56,,766198,17,0,5 190 6,1,20,,766169,17,0,5 190 6,1,20,,766194,17,0,5 190 6,1,60,,615351,17,0,5 190 6,1,20,,766179,17,0,5 190 6,1,20,,766184,17,0,5 190 6,1,61,,766195,17,0,5 190 6,1,21,,766191,17,0,5 190 6,1,20,,643439,17,0,5 190 6,1,60,,766170,17,0,5 190 6,1,20,,639333,17,0,5 190 6,1,20,,766156,17,0,5 190 6,1,60,,766155,17,0,5 190 6,1,20,,637461,17,0,5 190 6,1,20,,766168,17,0,5 190 6,1,60,,766166,17,0,5 190 6,1,20,,766167,17,0,5 190 6,1,20,,766183,17,0,5 190 6,1,62,,766180,17,0,5 190 6,1,21,,766160,17,0,5 190 6,1,62,,766176,17,0,5 190 6,1,22,,766199,17,0,5 190 6,1,22,,766185,17,0,5 190 6,1,62,,766187,17,0,5 190 6,1,22,,766146,17,0,5 190 6,1,22,,766174,17,0,5 190 6,1,62,,766175,17,0,5 190 6,1,22,,766171,17,0,5 190 6,1,22,,766181,17,0,5 190 6,1,62,,766148,17,0,5 190 6,1,22,,766165,17,0,5 190 6,1,62,,766189,17,0,5 190 6,1,22,,766164,17,0,5 190 6,1,22,,766154,17,0,5 190 6,1,62,,553193,17,0,5 190 6,1,22,,766159,17,0,5 190 6,1,20,,766151,17,0,5 190 6,1,59,,766177,17,0,5 190 6,1,16,,766149,17,0,5 190 6,1,19,,643823,17,0,5 190 6,1,60,,561895,17,0,5 190 6,1,20,,766192,17,0,5 190 6,1,20,,766190,17,0,5 190 6,1,60,,766186,17,0,5 190 6,1,20,,766150,17,0,5 190 6,1,20,,766178,17,0,5 190 6,1,60,,766173,17,0,5 190 6,1,19,,766153,17,0,5 190 6,1,20,,766172,17,0,5 190 6,1,60,,766197,17,0,5 190 6,1,20,,766161,17,0,5 190 6,1,20,,538390,17,0,5 190 6,1,60,,766182,17,0,5 190 6,1,20,,604833,17,0,5 190 6,1,20,,617976,17,0,5 190 6,1,60,,766193,17,0,5 190 6,1,16,,766157,17,0,5 190 6,1
17103,'3',401,,766236,2,0,190 6,1,20,,766231,2,0,190 6,1,20,,766229,2,0,190 6,1,60,,766214,2,0,190 6,1,20,,563557,2,0,190 6,1,18,,766242,2,0,190 6,1,18,,766205,17,0,5 190 6,1,56,,766226,17,0,5 190 6,1,20,,659894,17,0,5 190 6,1,20,,766206,17,0,5 190 6,1,60,,537659,17,0,5 190 6,1,21,,766233,17,0,5 190 6,1,21,,766204,17,0,5 190 6,1,60,,766241,17,0,5 190 6,1,20,,617642,17,0,5 190 6,1,20,,766228,17,0,5 190 6,1,60,,656570,17,0,5 190 6,1,20,,524557,17,0,5 190 6,1,20,,766247,17,0,5 190 6,1,60,,766227,17,0,5 190 6,1,20,,766222,17,0,5 190 6,1,20,,766213,17,0,5 190 6,1,60,,766221,17,0,5 190 6,1,20,,766210,17,0,5 190 6,1,20,,766202,17,0,5 190 6,1,60,,766237,17,0,5 190 6,1,21,,766203,17,0,5 190 6,1,20,,766239,17,0,5 190 6,1,60,,766224,17,0,5 190 6,1,20,,766245,17,0,5 190 6,1,20,,682058,17,0,5 190 6,1,60,,634326,17,0,5 190 6,1,20,,661768,17,0,5 190 6,1,20,,766201,17,0,5 190 6,1,60,,766223,17,0,5 190 6,1,20,,613305,17,0,5 190 6,1,20,,766230,17,0,5 190 6,1,60,,766216,17,0,5 190 6,1,20,,766243,17,0,5 190 6,1,20,,633737,17,0,5 190 6,1,60,,766200,17,0,5 190 6,1,20,,677656,17,0,5 190 6,1,20,,766217,17,0,5 190 6,1,60,,766219,17,0,5 190 6,1,20,,766235,17,0,5 190 6,1,19,,578729,17,0,5 190 6,1,57,,766246,17,0,5 190 6,1,18,,631596,17,0,5 190 6,1,16,,629311,17,0,5 190 6,1,58,,766211,17,0,5 190 6,1,20,,766234,17,0,5 190 6,1,20,,766207,17,0,5 190 6,1,60,,766208,17,0,5 190 6,1,20,,766212,17,0,5 190 6,1,20,,766238,17,0,5 190 6,1,60,,766232,17,0,5 190 6,1,18,,766209,17,0,5 190 6,1,20,,766248,17,0,5 190 6,1,60,,766218,17,0,5 190 6,1,20,,635166,17,0,5 190 6,1,20,,660325,17,0,5 190 6,1,60,,766225,17,0,5 190 6,1,20,,766220,17,0,5 190 6,1,20,,766215,17,0,5 190 6,1,60,,766244,17,0,5 190 6,1,16,,766240,17,0,5 190 6,1
17103,'5',401,,766290,2,0,190 6,1,20,,652180,2,0,190 6,1,20,,766259,2,0,190 6,1,60,,766304,2,0,190 6,1,20,,766269,2,0,190 6,1,18,,766268,2,0,190 6,1,18,,766252,17,0,5 190 6,1,56,,766277,17,0,5 190 6,1,20,,524745,17,0,5 190 6,1,20,,766287,17,0,5 190 6,1,57,,766266,17,0,5 190 6,1,17,,766289,17,0,5 190 6,1,16,,766278,17,0,5 190 6,1,16,,766274,17,0,5 190 6,1,60,,766271,17,0,5 190 6,1,16,,766267,17,0,5 190 6,1,20,,766264,17,0,5 190 6,1,60,,766256,17,0,5 190 6,1,20,,766251,17,0,5 190 6,1,20,,766270,17,0,5 190 6,1,60,,766261,17,0,5 190 6,1,20,,766260,17,0,5 190 6,1,20,,766279,17,0,5 190 6,1,60,,766288,17,0,5 190 6,1,20,,654749,17,0,5 190 6,1,20,,594238,17,0,5 190 6,1,60,,766258,17,0,5 190 6,1,21,,766299,17,0,5 190 6,1,20,,766285,17,0,5 190 6,1,60,,766283,17,0,5 190 6,1,20,,766250,17,0,5 190 6,1,20,,766295,17,0,5 190 6,1,60,,766286,17,0,5 190 6,1,20,,766284,17,0,5 190 6,1,20,,766298,17,0,5 190 6,1,60,,766302,17,0,5 190 6,1,20,,766255,17,0,5 190 6,1,20,,766292,17,0,5 190 6,1,60,,606031,17,0,5 190 6,1,20,,766265,17,0,5 190 6,1,20,,766254,17,0,5 190 6,1,60,,766282,17,0,5 190 6,1,20,,766291,17,0,5 190 6,1,20,,766293,17,0,5 190 6,1,60,,766262,17,0,5 190 6,1,20,,766303,17,0,5 190 6,1,19,,597926,17,0,5 190 6,1,57,,651248,17,0,5 190 6,1,18,,766281,17,0,5 190 6,1,16,,617061,17,0,5 190 6,1,58,,766301,17,0,5 190 6,1,20,,766280,17,0,5 190 6,1,20,,766249,17,0,5 190 6,1,60,,766296,17,0,5 190 6,1,20,,766263,17,0,5 190 6,1,20,,766294,17,0,5 190 6,1,60,,609343,17,0,5 190 6,1,18,,766257,17,0,5 190 6,1,20,,766297,17,0,5 190 6,1,60,,766275,17,0,5 190 6,1,20,,766253,17,0,5 190 6,1,20,,766276,17,0,5 190 6,1,60,,669733,17,0,5 190 6,1,20,,766300,17,0,5 190 6,1,20,,635320,17,0,5 190 6,1,60,,766273,17,0,5 190 6,1,16,,766272,17,0,5 190 6,1
17104,'1',400,,766330,7,4,,1,20,,766346,7,4,,1,20,,766343,7,4,,1
17104,'2',359,,766364,7,4,,1,57,,766400,7,4,,1,20,,766387,7,4,,1,20,,766386,7,4,,1,60,,766395,7,4,,1,18,,766375,7,4,,1
17104,'3',359,,766441,7,4,,1,57,,766451,7,4,,1,20,,766405,7,4,,1,20,,766447,7,4,,1,60,,766419,7,4,,1,21,,766429,7,4,,1
17104,'5',359,,766470,7,4,,1,57,,655684,7,4,,1,20,,766461,7,4,,1,20,,766490,7,4,,1,60,,766492,7,4,,1,18,,766498,7,4,,1
33402,'1',503,,769945,114,0,17 154 8,1,15,,669155,58,0,17 154 8,1,15,,769944,114,0,17 154 8,1,15,,769939,58,0,17 154 8,1,11,,678368,58,0,17 154 8,1,48,,769934,30,0,17 154 8,1,8,,538348,115,0,17 154 8,1,8,,769935,30,0,17 154 8,1,8,,769946,59,0,17 154 8,1,8,,668666,59,0,17 154 8,1,1883,,615731,2,0,5 132 133,1,30,,534482,2,0,5 132 133,1,70,,769937,59,0,5 132 133,1,23,,618300,56,0,5 132 133,1,70,,769932,56,0,5 132 133,1,30,,644196,56,0,5 132 133,1,70,,769940,56,0,5 132 133,1,30,,641183,56,0,5 132 133,1
33402,'2',515,,769965,56,0,5 132 133,1,15,,674768,112,0,17 154 8,1,18,,627285,56,0,5 132 133,1,55,,606208,114,0,17 154 8,1,15,,769960,59,0,17 154 8,1,12,,769949,59,0,17 154 8,1,1892,,769950,2,0,5 132 133,1,30,,769962,2,0,5 132 133,1,70,,769955,59,0,5 132 133,1,23,,769963,56,0,5 132 133,1,70,,769952,56,0,5 132 133,1,30,,769967,56,0,5 132 133,1,70,,769951,56,0,5 132 133,1,30,,769959,56,0,5 132 133,1
33402,'3',515,,769997,56,0,5 132 133,1,30,,619907,56,0,5 132 133,1,70,,769969,58,0,17 154 8,1,25,,769983,58,0,17 154 8,1,60,,769998,58,0,17 154 8,1,20,,769980,58,0,17 154 8,1,20,,769982,58,0,17 154 8,1,60,,769977,58,0,17 154 8,1,11,,769986,114,0,17 154 8,1,14,,690063,59,0,17 154 8,1,1697,,667822,2,0,5 132 133,1,30,,769984,2,0,5 132 133,1,70,,769971,59,0,5 132 133,1,23,,769981,56,0,5 132 133,1,70,,769970,56,0,5 132 133,1,30,,635660,56,0,5 132 133,1,70,,769973,56,0,5 132 133,1,30,,769989,56,0,5 132 133,1
33402,'5',515,,770013,56,0,5 132 133,1,15,,659173,112,0,17 154 8,1,15,,649212,56,0,5 132 133,1,58,,626101,114,0,17 154 8,1,11,,645337,59,0,17 154 8,1,10,,770021,59,0,17 154 8,1,1898,,770005,2,0,5 132 133,1,30,,770012,2,0,5 132 133,1,70,,770003,59,0,5 132 133,1,23,,770010,56,0,5 132 133,1,70,,770007,56,0,5 132 133,1,30,,770018,56,0,5 132 133,1,70,,524228,56,0,5 132 133,1,30,,770004,56,0,5 132 133,1
