5401,'1',639,,773077,29,0,5 58,1,4,,808587,29,0,34 59,1,4,,808514,29,0,5 58,1,4,,808555,29,0,34 59,1,5,,808595,29,0,5 58,1,45,,808538,29,0,34 59,1,5,,808609,29,0,5 58,1,5,,808506,29,0,34 59,1,5,,808624,29,0,5 58,1,5,,808579,29,0,34 59,1,6,,808628,29,0,5 58,1,5,,582005,29,0,34 59,1,4,,741220,29,0,5 58,1,5,,808566,29,0,34 59,1,5,,645930,29,0,5 58,1,5,,774439,29,0,34 59,1,5,,808571,29,0,5 58,1,45,,808581,29,0,34 59,1,5,,808541,29,0,5 58,1,5,,808557,29,0,34 59,1,5,,808572,29,0,5 58,1,5,,778167,29,0,34 59,1,5,,808619,29,0,5 58,1,5,,808576,29,0,34 59,1,5,,808613,29,0,5 58,1,5,,808530,29,0,34 59,1,5,,808548,29,0,5 58,1,5,,808549,29,0,34 59,1,5,,808556,29,0,5 58,1,45,,808610,29,0,34 59,1,5,,808584,29,0,5 58,1,5,,808550,29,0,34 59,1,5,,808519,29,0,5 58,1,5,,808507,29,0,34 59,1,5,,808634,29,0,5 58,1,5,,776036,29,0,34 59,1,5,,808603,29,0,5 58,1,5,,808560,29,0,34 59,1,6,,808629,29,0,5 58,1,6,,673844,29,0,34 59,1,5,,766003,29,0,5 58,1,45,,808574,29,0,34 59,1,5,,808512,29,0,5 58,1,7,,808616,29,0,34 59,1,7,,808520,29,0,5 58,1,8,,808563,29,0,34 59,1,7,,808598,29,0,5 58,1,8,,808529,29,0,34 59,1,7,,808640,29,0,5 58,1,48,,808612,29,0,34 59,1,7,,808607,29,0,5 58,1,8,,713047,29,0,34 59,1,7,,808570,29,0,5 58,1,8,,808615,29,0,34 59,1,7,,808513,29,0,5 58,1,8,,808620,29,0,34 59,1,7,,808606,29,0,5 58,1,48,,808552,29,0,34 59,1,7,,808601,29,0,5 58,1,8,,618363,29,0,34 59,1,7,,808565,29,0,5 58,1,8,,758738,29,0,34 59,1,7,,430303,29,0,5 58,1,8,,710485,29,0,34 59,1,7,,808510,29,0,5 58,1,48,,729548,29,0,34 59,1,7,,808573,29,0,5 58,1,8,,808564,29,0,34 59,1,7,,808635,29,0,5 58,1,8,,808558,29,0,34 59,1,7,,808505,29,0,5 58,1,8,,808545,29,0,34 59,1,7,,808536,29,0,5 58,1,7,,649903,29,0,34 59,1,47,,808617,29,0,5 58,1,9,,750819,29,0,34 59,1,7,,808523,29,0,5 58,1,9,,724491,29,0,34 59,1,7,,808631,29,0,5 58,1,6,,728007,29,0,34 59,1,8,,808561,29,0,5 58,1,6,,808534,29,0,34 59,1,46,,808517,29,0,5 58,1,6,,808604,29,0,34 59,1,6,,808621,29,0,5 58,1,6,,808630,29,0,34 59,1,6,,726110,29,0,5 58,1,6,,605656,29,0,34 59,1,6,,808533,29,0,5 58,1,6,,808602,29,0,34 59,1,6,,808593,29,0,5 58,1,6,,713428,29,0,34 59,1,46,,808577,29,0,5 58,1,6,,808544,29,0,34 59,1,6,,808568,29,0,5 58,1,6,,808542,29,0,34 59,1,6,,808508,29,0,5 58,1,6,,808594,29,0,34 59,1,6,,808516,29,0,5 58,1,6,,646183,29,0,34 59,1,6,,808546,29,0,5 58,1,6,,658509,29,0,34 59,1,46,,609910,29,0,5 58,1,6,,808559,29,0,34 59,1,3,,808582,29,0,5 58,1,5,,808540,29,0,34 59,1,5,,690296,29,0,5 58,1,6,,745314,29,0,34 59,1,5,,808638,29,0,5 58,1,6,,808605,29,0,34 59,1,4,,779360,29,0,5 58,1,6,,808583,29,0,34 59,1,6,,808592,29,0,5 58,1,47,,808527,29,0,34 59,1,8,,808626,29,0,5 58,1,7,,808515,29,0,34 59,1,8,,808633,29,0,5 58,1,7,,808608,29,0,34 59,1,8,,808562,29,0,5 58,1,7,,808526,29,0,34 59,1,8,,808639,29,0,5 58,1,47,,808524,29,0,34 59,1,7,,808543,29,0,5 58,1,6,,808632,29,0,34 59,1,7,,808586,29,0,5 58,1,7,,808622,29,0,34 59,1,6,,808627,29,0,5 58,1,8,,808537,29,0,34 59,1,8,,808547,29,0,5 58,1,7,,808518,29,0,34 59,1,48,,808590,29,0,5 58,1,7,,528710,29,0,34 59,1,8,,808575,29,0,5 58,1,7,,808535,29,0,34 59,1,8,,761533,29,0,5 58,1,7,,808597,29,0,34 59,1,8,,808618,29,0,5 58,1,7,,808569,29,0,34 59,1,48,,808531,29,0,5 58,1,7,,808585,29,0,34 59,1,8,,667755,29,0,5 58,1,7,,808509,29,0,34 59,1,8,,808625,29,0,5 58,1,7,,700700,29,0,34 59,1,8,,808589,29,0,5 58,1,7,,808636,29,0,34 59,1,48,,808611,29,0,5 58,1,1,,808591,29,0,34 59,1,8,,808522,29,0,5 58,1,6,,808614,29,0,34 59,1,9,,644413,29,0,5 58,1,10,,808554,29,0,34 59,1,10,,808580,29,0,5 58,1,50,,808596,29,0,34 59,1,10,,808528,29,0,5 58,1,10,,808623,29,0,34 59,1,10,,808588,29,0,5 58,1,10,,774988,29,0,34 59,1,10,,808551,29,0,5 58,1,50,,808637,29,0,34 59,1,10,,808567,29,0,5 58,1,10,,723352,29,0,34 59,1,10,,808539,29,0,5 58,1,10,,808578,29,0,34 59,1,10,,727988,29,0,5 58,1,50,,808521,29,0,34 59,1,10,,808511,29,0,5 58,1,10,,808525,29,0,34 59,1,13,,808532,29,0,5 58,1,13,,808553,29,0,34 59,1,54,,808600,29,0,5 58,1,15,,808599,29,0,34 59,1
5401,'2',629,,808707,29,0,5 58,1,10,,760507,29,0,34 59,1,10,,808728,29,0,5 58,1,10,,711957,29,0,34 59,1,50,,548329,29,0,5 58,1,10,,808708,29,0,34 59,1,10,,808689,29,0,5 58,1,10,,808674,29,0,34 59,1,8,,752232,29,0,5 58,1,9,,808677,29,0,34 59,1,48,,808720,29,0,5 58,1,12,,808646,29,0,34 59,1,8,,808716,29,0,5 58,1,10,,739359,29,0,34 59,1,10,,808659,29,0,5 58,1,10,,717659,29,0,34 59,1,50,,808658,29,0,5 58,1,10,,808706,29,0,34 59,1,10,,808668,29,0,5 58,1,10,,808713,29,0,34 59,1,10,,808724,29,0,5 58,1,10,,808676,29,0,34 59,1,50,,808687,29,0,5 58,1,10,,808678,29,0,34 59,1,10,,742207,29,0,5 58,1,10,,750458,29,0,34 59,1,10,,808680,29,0,5 58,1,10,,722696,29,0,34 59,1,50,,808651,29,0,5 58,1,10,,808682,29,0,34 59,1,10,,808704,29,0,5 58,1,10,,808642,29,0,34 59,1,9,,808737,29,0,5 58,1,10,,808671,29,0,34 59,1,49,,808691,29,0,5 58,1,10,,808718,29,0,34 59,1,10,,808733,29,0,5 58,1,8,,732099,29,0,34 59,1,7,,808700,29,0,5 58,1,8,,765927,29,0,34 59,1,7,,808696,29,0,5 58,1,48,,808734,29,0,34 59,1,7,,808654,29,0,5 58,1,8,,808736,29,0,34 59,1,7,,808747,29,0,5 58,1,8,,692579,29,0,34 59,1,7,,808727,29,0,5 58,1,8,,808649,29,0,34 59,1,7,,808665,29,0,5 58,1,48,,808690,29,0,34 59,1,7,,808685,29,0,5 58,1,8,,723531,29,0,34 59,1,7,,808742,29,0,5 58,1,8,,808717,29,0,34 59,1,7,,808694,29,0,5 58,1,8,,808663,29,0,34 59,1,7,,808711,29,0,5 58,1,48,,808667,29,0,34 59,1,7,,808669,29,0,5 58,1,8,,808650,29,0,34 59,1,7,,808673,29,0,5 58,1,8,,808692,29,0,34 59,1,7,,808721,29,0,5 58,1,8,,808735,29,0,34 59,1,7,,808657,29,0,5 58,1,48,,758449,29,0,34 59,1,7,,808731,29,0,5 58,1,8,,726198,29,0,34 59,1,7,,808730,29,0,5 58,1,8,,808746,29,0,34 59,1,7,,808675,29,0,5 58,1,8,,808745,29,0,34 59,1,7,,711480,29,0,5 58,1,48,,808740,29,0,34 59,1,7,,808726,29,0,5 58,1,8,,808697,29,0,34 59,1,6,,808702,29,0,5 58,1,7,,808693,29,0,34 59,1,7,,704429,29,0,5 58,1,6,,808672,29,0,34 59,1,7,,769694,29,0,5 58,1,8,,595143,29,0,34 59,1,47,,754050,29,0,5 58,1,8,,808645,29,0,34 59,1,7,,808686,29,0,5 58,1,8,,689300,29,0,34 59,1,7,,808641,29,0,5 58,1,8,,808683,29,0,34 59,1,7,,808681,29,0,5 58,1,8,,808703,29,0,34 59,1,47,,808660,29,0,5 58,1,8,,808743,29,0,34 59,1,7,,808688,29,0,5 58,1,8,,653897,29,0,34 59,1,7,,808709,29,0,5 58,1,8,,618513,29,0,34 59,1,7,,808715,29,0,5 58,1,8,,808643,29,0,34 59,1,47,,808710,29,0,5 58,1,5,,808722,29,0,34 59,1,6,,456267,29,0,5 58,1,6,,808738,29,0,34 59,1,6,,808656,29,0,5 58,1,8,,808652,29,0,34 59,1,10,,808698,29,0,5 58,1,10,,808647,29,0,34 59,1,50,,808664,29,0,5 58,1,10,,808739,29,0,34 59,1,10,,808732,29,0,5 58,1,10,,808741,29,0,34 59,1,10,,808684,29,0,5 58,1,10,,808725,29,0,34 59,1,50,,808653,29,0,5 58,1,9,,808712,29,0,34 59,1,9,,808661,29,0,5 58,1,10,,717568,29,0,34 59,1,10,,808679,29,0,5 58,1,10,,710837,29,0,5 58,1,50,,808695,29,0,34 59,1,10,,808666,29,0,5 58,1,10,,808723,29,0,34 59,1,10,,808662,29,0,5 58,1,10,,751146,29,0,34 59,1,10,,808719,29,0,5 58,1,50,,671911,29,0,34 59,1,10,,808714,29,0,5 58,1,10,,808705,29,0,34 59,1,10,,808748,29,0,5 58,1,10,,808699,29,0,34 59,1,10,,808729,29,0,5 58,1,50,,808701,29,0,34 59,1,10,,664078,29,0,5 58,1,10,,808644,29,0,34 59,1,13,,808655,29,0,5 58,1,13,,808744,29,0,34 59,1,53,,808670,29,0,5 58,1,15,,808648,29,0,34 59,1
5401,'3',842,,808774,29,0,5 58,1,8,,808781,29,0,34 59,1,7,,808823,29,0,5 58,1,48,,808791,29,0,34 59,1,7,,808777,29,0,5 58,1,8,,644332,29,0,34 59,1,7,,808820,29,0,5 58,1,8,,808773,29,0,34 59,1,7,,808752,29,0,5 58,1,8,,808806,29,0,34 59,1,7,,808822,29,0,5 58,1,48,,694654,29,0,34 59,1,7,,808785,29,0,5 58,1,8,,808845,29,0,34 59,1,7,,747173,29,0,5 58,1,8,,681532,29,0,34 59,1,7,,766906,29,0,5 58,1,8,,808831,29,0,34 59,1,7,,808775,29,0,5 58,1,48,,808778,29,0,34 59,1,7,,808800,29,0,5 58,1,8,,808819,29,0,34 59,1,7,,808832,29,0,5 58,1,8,,808789,29,0,34 59,1,7,,808769,29,0,5 58,1,8,,808844,29,0,34 59,1,7,,808796,29,0,5 58,1,47,,808841,29,0,34 59,1,7,,808836,29,0,5 58,1,8,,808835,29,0,34 59,1,7,,808788,29,0,5 58,1,8,,808808,29,0,34 59,1,7,,702040,29,0,5 58,1,8,,808842,29,0,34 59,1,7,,808776,29,0,5 58,1,48,,808810,29,0,34 59,1,7,,808804,29,0,5 58,1,8,,808840,29,0,34 59,1,7,,693497,29,0,5 58,1,8,,677626,29,0,34 59,1,7,,808809,29,0,5 58,1,8,,808793,29,0,34 59,1,7,,808825,29,0,5 58,1,48,,808751,29,0,34 59,1,7,,808801,29,0,5 58,1,8,,808807,29,0,34 59,1,7,,808753,29,0,5 58,1,8,,808784,29,0,34 59,1,7,,710376,29,0,5 58,1,8,,808838,29,0,34 59,1,7,,612564,29,0,5 58,1,48,,808768,29,0,34 59,1,7,,808754,29,0,5 58,1,8,,808817,29,0,34 59,1,7,,808799,29,0,5 58,1,8,,633320,29,0,34 59,1,7,,808830,29,0,5 58,1,8,,808834,29,0,34 59,1,7,,808764,29,0,5 58,1,48,,808786,29,0,34 59,1,7,,808792,29,0,5 58,1,8,,808767,29,0,34 59,1,7,,808821,29,0,5 58,1,8,,747171,29,0,34 59,1,7,,808766,29,0,5 58,1,8,,754216,29,0,34 59,1,7,,808828,29,0,5 58,1,48,,808811,29,0,34 59,1,7,,808759,29,0,5 58,1,8,,754575,29,0,34 59,1,7,,808837,29,0,5 58,1,8,,730224,29,0,34 59,1,7,,808829,29,0,5 58,1,8,,808802,29,0,34 59,1,7,,808827,29,0,5 58,1,48,,808758,29,0,34 59,1,7,,741521,29,0,5 58,1,8,,808761,29,0,34 59,1,7,,763663,29,0,5 58,1,8,,808779,29,0,34 59,1,7,,808763,29,0,5 58,1,8,,808833,29,0,34 59,1,7,,808815,29,0,5 58,1,48,,808790,29,0,34 59,1,6,,808771,29,0,5 58,1,5,,693328,29,0,34 59,1,9,,808760,29,0,5 58,1,9,,808780,29,0,34 59,1,10,,706491,29,0,5 58,1,10,,808787,29,0,34 59,1,50,,808803,29,0,5 58,1,10,,808762,29,0,34 59,1,10,,731326,29,0,5 58,1,10,,808765,29,0,34 59,1,10,,755346,29,0,5 58,1,10,,808772,29,0,34 59,1,50,,808813,29,0,5 58,1,10,,736840,29,0,34 59,1,10,,808812,29,0,5 58,1,10,,808750,29,0,34 59,1,10,,808755,29,0,5 58,1,10,,808797,29,0,34 59,1,50,,808839,29,0,5 58,1,9,,808846,29,0,34 59,1,9,,808782,29,0,5 58,1,9,,808805,29,0,34 59,1,10,,808757,29,0,5 58,1,10,,712492,29,0,5 58,1,50,,808843,29,0,34 59,1,10,,700423,29,0,5 58,1,10,,808824,29,0,34 59,1,10,,808818,29,0,5 58,1,10,,808795,29,0,34 59,1,10,,808783,29,0,5 58,1,50,,808756,29,0,34 59,1,10,,808749,29,0,5 58,1,10,,808814,29,0,34 59,1,10,,703376,29,0,5 58,1,10,,808816,29,0,34 59,1,10,,808770,29,0,5 58,1,50,,695294,29,0,34 59,1,10,,808826,29,0,5 58,1,10,,808798,29,0,34 59,1,13,,678945,29,0,5 58,1,14,,808794,29,0,34 59,1,54,,690859,29,0,5 58,1,15,,749615,29,0,34 59,1
5401,'5',629,,748188,29,0,5 58,1,15,,808869,29,0,34 59,1,15,,808905,29,0,5 58,1,55,,808863,29,0,34 59,1,15,,665182,29,0,5 58,1,14,,808872,29,0,34 59,1,14,,713725,29,0,5 58,1,53,,808932,29,0,34 59,1,17,,808914,29,0,5 58,1,13,,808903,29,0,34 59,1,13,,808853,29,0,5 58,1,52,,586967,29,0,34 59,1,7,,808866,29,0,5 58,1,8,,808919,29,0,34 59,1,7,,808918,29,0,5 58,1,8,,778722,29,0,34 59,1,7,,808867,29,0,5 58,1,8,,808933,29,0,34 59,1,7,,808884,29,0,5 58,1,48,,808870,29,0,34 59,1,7,,808865,29,0,5 58,1,8,,708321,29,0,34 59,1,7,,808889,29,0,5 58,1,8,,808898,29,0,34 59,1,7,,808942,29,0,5 58,1,8,,808931,29,0,34 59,1,7,,808874,29,0,5 58,1,48,,808928,29,0,34 59,1,7,,808956,29,0,5 58,1,8,,808923,29,0,34 59,1,7,,808950,29,0,5 58,1,8,,808882,29,0,34 59,1,7,,808859,29,0,5 58,1,8,,729889,29,0,34 59,1,7,,808887,29,0,5 58,1,47,,808959,29,0,34 59,1,7,,808938,29,0,5 58,1,8,,808893,29,0,34 59,1,7,,647181,29,0,5 58,1,8,,808946,29,0,34 59,1,7,,704364,29,0,5 58,1,8,,808877,29,0,34 59,1,7,,808941,29,0,5 58,1,48,,808916,29,0,34 59,1,7,,808920,29,0,5 58,1,8,,808897,29,0,34 59,1,7,,808873,29,0,5 58,1,8,,808907,29,0,34 59,1,7,,808937,29,0,5 58,1,8,,808930,29,0,34 59,1,7,,808886,29,0,5 58,1,48,,808911,29,0,34 59,1,7,,808885,29,0,5 58,1,8,,808900,29,0,34 59,1,7,,766096,29,0,5 58,1,8,,808935,29,0,34 59,1,7,,808894,29,0,5 58,1,8,,808896,29,0,34 59,1,7,,808924,29,0,5 58,1,48,,763159,29,0,34 59,1,7,,808878,29,0,5 58,1,8,,808899,29,0,34 59,1,7,,808858,29,0,5 58,1,8,,808927,29,0,34 59,1,7,,742362,29,0,5 58,1,8,,808944,29,0,34 59,1,7,,638051,29,0,5 58,1,48,,808910,29,0,34 59,1,7,,808926,29,0,5 58,1,8,,808929,29,0,34 59,1,7,,808860,29,0,5 58,1,8,,808957,29,0,34 59,1,7,,808951,29,0,5 58,1,8,,808856,29,0,34 59,1,7,,808848,29,0,5 58,1,48,,808857,29,0,34 59,1,7,,808939,29,0,5 58,1,8,,808871,29,0,34 59,1,7,,808855,29,0,5 58,1,8,,808908,29,0,34 59,1,7,,808901,29,0,5 58,1,8,,808948,29,0,34 59,1,7,,808892,29,0,5 58,1,48,,808953,29,0,34 59,1,7,,808864,29,0,5 58,1,8,,808922,29,0,34 59,1,7,,767138,29,0,5 58,1,8,,808940,29,0,34 59,1,7,,808913,29,0,5 58,1,8,,808879,29,0,34 59,1,7,,808904,29,0,5 58,1,48,,771815,29,0,34 59,1,6,,808852,29,0,5 58,1,5,,740737,29,0,34 59,1,9,,808862,29,0,5 58,1,9,,808912,29,0,34 59,1,10,,618206,29,0,5 58,1,10,,808906,29,0,34 59,1,50,,808854,29,0,5 58,1,10,,808955,29,0,34 59,1,10,,808909,29,0,5 58,1,10,,770674,29,0,34 59,1,10,,808943,29,0,5 58,1,10,,808881,29,0,34 59,1,50,,808949,29,0,5 58,1,10,,808952,29,0,34 59,1,10,,808917,29,0,5 58,1,10,,808868,29,0,34 59,1,10,,808861,29,0,5 58,1,10,,808915,29,0,34 59,1,50,,808947,29,0,5 58,1,9,,808850,29,0,34 59,1,9,,808883,29,0,5 58,1,9,,764194,29,0,34 59,1,10,,647857,29,0,5 58,1,10,,808891,29,0,5 58,1,50,,808876,29,0,34 59,1,10,,808936,29,0,5 58,1,10,,514244,29,0,34 59,1,10,,808945,29,0,5 58,1,10,,808847,29,0,34 59,1,10,,808851,29,0,5 58,1,50,,808925,29,0,34 59,1,10,,808849,29,0,5 58,1,10,,769683,29,0,34 59,1,10,,808880,29,0,5 58,1,10,,808875,29,0,34 59,1,10,,808902,29,0,5 58,1,50,,808895,29,0,34 59,1,10,,808934,29,0,5 58,1,10,,808958,29,0,34 59,1,13,,808954,29,0,5 58,1,14,,808888,29,0,34 59,1,54,,808921,29,0,5 58,1,15,,808890,29,0,34 59,1
15401,'1',528,,850839,10,0,210,1,29,,631377,10,0,210,1,70,,850821,10,0,210,1,15,,850836,10,0,210,1,15,,850829,10,0,210,1,65,,850807,10,0,210,1,22,,850833,10,0,210,1,62,,747477,10,0,210,1,22,,850822,10,0,210,1,24,,626979,10,0,210,1,64,,850825,10,0,210,1,22,,850815,10,0,210,1,62,,850808,10,0,210,1,22,,850845,10,0,210,1,22,,850814,10,0,210,1,62,,850842,10,0,210,1,22,,850828,10,0,210,1,22,,721287,10,0,210,1,62,,762033,10,0,210,1,22,,850819,10,0,210,1,22,,850809,10,0,210,1,64,,765362,10,0,210,1,19,,741726,10,0,210,1,19,,714976,10,0,210,1,62,,755683,10,0,210,1,22,,850838,10,0,210,1,62,,620817,10,0,210,1,22,,850820,10,0,210,1,22,,850846,10,0,210,1,62,,850823,10,0,210,1,22,,778047,10,0,210,1,22,,710272,10,0,210,1,62,,738396,10,0,210,1,22,,771467,10,0,210,1,62,,850818,10,0,210,1,22,,850834,10,0,210,1,20,,850816,10,0,210,1,62,,850826,10,0,210,1,19,,850817,10,0,210,1,22,,850830,10,0,210,1,64,,669589,10,0,210,1,24,,850841,10,0,210,1,24,,850810,10,0,210,1,64,,749859,10,0,210,1,24,,850843,10,0,210,1,63,,731984,10,0,210,1,24,,850840,10,0,210,1,26,,850837,10,0,210,1,66,,850844,10,0,210,1,26,,850827,10,0,210,1,66,,850831,10,0,210,1,26,,850813,10,0,210,1,66,,850835,10,0,210,1,25,,850824,10,0,210,1,67,,850847,10,0,210,1,26,,850811,10,0,210,1
15401,'2',531,,850859,10,0,210,1,22,,850863,10,0,210,1,62,,850851,10,0,210,1,22,,731759,10,0,210,1,22,,751132,10,0,210,1,62,,777760,10,0,210,1,11,,850879,10,0,210,1,11,,850871,10,0,210,1,62,,850853,10,0,210,1,19,,752987,10,0,210,1,19,,716527,10,0,210,1,59,,732053,10,0,210,1,19,,850875,10,0,210,1,19,,634689,10,0,210,1,64,,850884,10,0,210,1,21,,850858,10,0,210,1,21,,850848,10,0,210,1,61,,850874,10,0,210,1,21,,850889,10,0,210,1,21,,850888,10,0,210,1,61,,850885,10,0,210,1,21,,850882,10,0,210,1,21,,850868,10,0,210,1,61,,850865,10,0,210,1,21,,850887,10,0,210,1,21,,605162,10,0,210,1,61,,850857,10,0,210,1,21,,850850,10,0,210,1,21,,850862,10,0,210,1,61,,703309,10,0,210,1,21,,756575,10,0,210,1,61,,700798,10,0,210,1,21,,850867,10,0,210,1,21,,758442,10,0,210,1,61,,850877,10,0,210,1,21,,850872,10,0,210,1,21,,713110,10,0,210,1,61,,850860,10,0,210,1,21,,850864,10,0,210,1,21,,618509,10,0,210,1,61,,763994,10,0,210,1,21,,758823,10,0,210,1,15,,850873,10,0,210,1,62,,850856,10,0,210,1,22,,737641,10,0,210,1,22,,850886,10,0,210,1,62,,850866,10,0,210,1,22,,850854,10,0,210,1,22,,850883,10,0,210,1,62,,850876,10,0,210,1,22,,850878,10,0,210,1,62,,850861,10,0,210,1,22,,850891,10,0,210,1,22,,850881,10,0,210,1,62,,850855,10,0,210,1,22,,850849,10,0,210,1,22,,624128,10,0,210,1,62,,850880,10,0,210,1,22,,850852,10,0,210,1,62,,850890,10,0,210,1,26,,850869,10,0,210,1
15401,'3',708,,734521,10,0,210,1,20,,850894,10,0,210,1,21,,619801,10,0,210,1,60,,850892,10,0,210,1,20,,850935,10,0,210,1,20,,668816,10,0,210,1,60,,770373,10,0,210,1,20,,693143,10,0,210,1,20,,662795,10,0,210,1,60,,850920,10,0,210,1,20,,850918,10,0,210,1,20,,850926,10,0,210,1,60,,850936,10,0,210,1,20,,850911,10,0,210,1,20,,850923,10,0,210,1,60,,850906,10,0,210,1,21,,850930,10,0,210,1,20,,850915,10,0,210,1,60,,850903,10,0,210,1,20,,850934,10,0,210,1,20,,850896,10,0,210,1,60,,850897,10,0,210,1,20,,850895,10,0,210,1,20,,850924,10,0,210,1,60,,850919,10,0,210,1,20,,850908,10,0,210,1,20,,513902,10,0,210,1,60,,850902,10,0,210,1,20,,765108,10,0,210,1,20,,754160,10,0,210,1,60,,747889,10,0,210,1,20,,766060,10,0,210,1,20,,850913,10,0,210,1,60,,670256,10,0,210,1,20,,850893,10,0,210,1,20,,850921,10,0,210,1,60,,850925,10,0,210,1,22,,850914,10,0,210,1,22,,850900,10,0,210,1,62,,850928,10,0,210,1,22,,767754,10,0,210,1,62,,850905,10,0,210,1,22,,850898,10,0,210,1,22,,850899,10,0,210,1,62,,850916,10,0,210,1,20,,850931,10,0,210,1,22,,767410,10,0,210,1,62,,850904,10,0,210,1,22,,704670,10,0,210,1,22,,850901,10,0,210,1,62,,850910,10,0,210,1,22,,850912,10,0,210,1,62,,850932,10,0,210,1,22,,850907,10,0,210,1,22,,717134,10,0,210,1,61,,850917,10,0,210,1,20,,850933,10,0,210,1
15401,'5',606,,850966,10,0,210,1,23,,712976,10,0,210,1,20,,746539,10,0,210,1,60,,773283,10,0,210,1,20,,850944,10,0,210,1,20,,850960,10,0,210,1,60,,850974,10,0,210,1,20,,850956,10,0,210,1,20,,850979,10,0,210,1,60,,850977,10,0,210,1,20,,850972,10,0,210,1,20,,850953,10,0,210,1,60,,850939,10,0,210,1,20,,850938,10,0,210,1,20,,850959,10,0,210,1,60,,850985,10,0,210,1,20,,850971,10,0,210,1,20,,545541,10,0,210,1,60,,850981,10,0,210,1,21,,744384,10,0,210,1,20,,850947,10,0,210,1,60,,850973,10,0,210,1,20,,850961,10,0,210,1,20,,850967,10,0,210,1,60,,850951,10,0,210,1,20,,850969,10,0,210,1,20,,850942,10,0,210,1,60,,850946,10,0,210,1,20,,850941,10,0,210,1,20,,850976,10,0,210,1,60,,850949,10,0,210,1,20,,718031,10,0,210,1,20,,850980,10,0,210,1,60,,850955,10,0,210,1,20,,850963,10,0,210,1,20,,850978,10,0,210,1,60,,698859,10,0,210,1,20,,850950,10,0,210,1,20,,850937,10,0,210,1,60,,850968,10,0,210,1,22,,850945,10,0,210,1,22,,850952,10,0,210,1,62,,850958,10,0,210,1,22,,850970,10,0,210,1,62,,770894,10,0,210,1,22,,660734,10,0,210,1,22,,749268,10,0,210,1,62,,850984,10,0,210,1,20,,850948,10,0,210,1,22,,850975,10,0,210,1,62,,850965,10,0,210,1,22,,850957,10,0,210,1,22,,777942,10,0,210,1,62,,850983,10,0,210,1,22,,850964,10,0,210,1,62,,850940,10,0,210,1,22,,770056,10,0,210,1,22,,712549,10,0,210,1,61,,850962,10,0,210,1,20,,850954,10,0,210,1
35401,'1',431,,859357,43,0,58,1,70,,778005,43,0,58,1,24,,859359,43,0,58,1,23,,859352,29,0,58,1,62,,859358,43,0,58,1,10,,764803,29,0,58,1,10,,759107,43,0,58,1,2001,,573649,43,0,58,1,70,,753895,43,0,58,1,30,,859356,43,0,58,1,70,,859355,43,0,58,1
35401,'2',431,,775462,43,0,58,1,70,,859364,43,0,58,1,24,,859367,43,0,58,1,15,,693879,29,0,58,1,60,,859362,43,0,58,1,7,,859368,29,0,17 59,1,12,,859361,43,0,58,1,2012,,658307,43,0,58,1,70,,859369,43,0,58,1,30,,694215,43,0,58,1,70,,859363,43,0,58,1
35401,'3',431,,859379,43,0,58,1,70,,859383,43,0,58,1,29,,859374,43,0,58,1,70,,859382,43,0,58,1,15,,859376,29,0,17 59,1,15,,859385,43,0,58,1,15,,427004,29,0,17 59,1,55,,859373,43,0,58,1,15,,859384,29,0,17 59,1,15,,859371,43,0,58,1,14,,859377,29,0,17 59,1,14,,859370,43,0,58,1,55,,610739,43,0,17 59,1,17,,859372,42,0,58,1,1801,,700111,43,0,58,1,70,,859375,43,0,58,1,30,,859380,43,0,58,1,70,,859378,43,0,58,1
35401,'5',431,,859397,43,0,58,1,70,,859398,43,0,58,1,24,,859392,43,0,58,1,15,,859395,29,0,58,1,60,,740892,43,0,58,1,7,,859388,29,0,17 59,1,12,,859396,43,0,58,1,2012,,859399,43,0,58,1,70,,859391,43,0,58,1,30,,748486,43,0,58,1,70,,859389,43,0,58,1
95401,'1',630,,866979,13,0,58,1,9,,623719,13,0,58,1,9,,691989,13,0,58,1,9,,867003,13,0,58,1,49,,866985,13,0,58,1,9,,867001,13,0,58,1,9,,715923,13,0,58,1,9,,866987,13,0,58,1,9,,866988,13,0,58,1,9,,662296,13,0,58,1,49,,866977,13,0,58,1,9,,736565,13,0,58,1,9,,866984,13,0,58,1,9,,866990,13,0,58,1,9,,745308,13,0,58,1,9,,726658,13,0,58,1,9,,866997,13,0,58,1,49,,866996,13,0,58,1,9,,866975,13,0,58,1,621,,750740,13,0,58,1,10,,866983,13,0,58,1,10,,866973,13,0,58,1,50,,866992,13,0,58,1,10,,866976,13,0,58,1,10,,866991,13,0,58,1,10,,866981,13,0,58,1,10,,866982,13,0,58,1,10,,727279,13,0,58,1,50,,866998,13,0,58,1,10,,866999,13,0,58,1,10,,866972,13,0,58,1,3,,866978,13,0,58,1,4,,866995,13,0,58,1,10,,866986,13,0,58,1,10,,867000,13,0,58,1,50,,866974,13,0,58,1,10,,866994,13,0,58,1,10,,866989,13,0,58,1,10,,867002,13,0,58,1,10,,866980,13,0,58,1,10,,866993,13,0,58,1,54,,866971,13,0,58,1
