7203,'1',546,,642132,8,0,26 27 8,1,6,,642148,8,0,26 27 8,1,7,,642130,31,0,26 27 8,1,48,,642056,31,0,26 27 8,1,7,,642058,31,0,26 27 8,1,8,,642057,31,0,26 27 8,1,7,,642107,31,0,26 27 8,1,8,,537368,31,0,26 27 8,1,7,,642110,31,0,26 27 8,1,8,,603011,31,0,26 27 8,1,7,,642046,31,0,26 27 8,1,48,,642074,31,0,26 27 8,1,7,,568437,31,0,26 27 8,1,8,,564104,31,0,26 27 8,1,7,,642052,31,0,26 27 8,1,11,,642131,31,0,26 27 8,1,7,,642091,31,0,26 27 8,1,8,,642098,31,0,26 27 8,1,47,,642049,31,0,26 27 8,1,8,,642061,31,0,26 27 8,1,7,,642066,31,0,26 27 8,1,8,,642119,31,0,26 27 8,1,7,,574244,31,0,26 27 8,1,8,,577700,31,0,26 27 8,1,7,,642078,31,0,26 27 8,1,8,,642076,31,0,26 27 8,1,47,,642143,31,0,26 27 8,1,8,,642055,31,0,26 27 8,1,7,,642094,31,0,26 27 8,1,8,,642096,31,0,26 27 8,1,7,,642093,31,0,26 27 8,1,8,,642090,31,0,26 27 8,1,7,,642141,31,0,26 27 8,1,8,,642105,31,0,26 27 8,1,47,,512421,31,0,26 27 8,1,10,,642082,31,0,26 27 8,1,8,,642095,31,0,26 27 8,1,9,,523536,31,0,26 27 8,1,9,,420799,31,0,26 27 8,1,9,,531291,31,0,26 27 8,1,9,,582873,31,0,26 27 8,1,49,,642124,31,0,26 27 8,1,9,,642086,31,0,26 27 8,1,9,,642138,31,0,26 27 8,1,9,,642044,31,0,26 27 8,1,9,,642114,31,0,26 27 8,1,9,,642135,31,0,26 27 8,1,9,,642075,31,0,26 27 8,1,49,,642102,31,0,26 27 8,1,9,,642128,31,0,26 27 8,1,9,,507898,31,0,26 27 8,1,9,,642087,31,0,26 27 8,1,9,,642083,31,0,26 27 8,1,9,,642125,31,0,26 27 8,1,49,,642149,31,0,26 27 8,1,9,,564125,31,0,26 27 8,1,9,,642067,31,0,26 27 8,1,9,,642147,31,0,26 27 8,1,9,,642063,31,0,26 27 8,1,9,,642053,31,0,26 27 8,1,9,,528742,31,0,26 27 8,1,49,,642045,31,0,26 27 8,1,9,,642122,31,0,26 27 8,1,9,,642099,31,0,26 27 8,1,9,,642092,31,0,26 27 8,1,8,,642134,31,0,26 27 8,1,7,,642079,31,0,26 27 8,1,8,,540193,31,0,26 27 8,1,47,,642106,31,0,26 27 8,1,8,,642111,31,0,26 27 8,1,7,,642047,31,0,26 27 8,1,8,,642060,31,0,26 27 8,1,7,,604032,31,0,26 27 8,1,8,,552154,31,0,26 27 8,1,7,,642062,31,0,26 27 8,1,8,,642048,31,0,26 27 8,1,47,,586453,31,0,26 27 8,1,8,,642127,31,0,26 27 8,1,7,,642065,31,0,26 27 8,1,8,,642144,31,0,26 27 8,1,7,,642150,31,0,26 27 8,1,8,,603969,31,0,26 27 8,1,7,,642112,31,0,26 27 8,1,8,,642104,31,0,26 27 8,1,47,,642089,31,0,26 27 8,1,8,,601188,31,0,26 27 8,1,7,,642137,31,0,26 27 8,1,8,,642100,31,0,26 27 8,1,7,,642059,31,0,26 27 8,1,8,,642121,31,0,26 27 8,1,7,,642140,31,0,26 27 8,1,8,,642101,31,0,26 27 8,1,47,,604336,31,0,26 27 8,1,8,,642073,31,0,26 27 8,1,7,,642064,31,0,26 27 8,1,8,,642117,31,0,26 27 8,1,7,,642151,31,0,26 27 8,1,8,,642115,31,0,26 27 8,1,7,,642152,31,0,26 27 8,1,8,,529380,31,0,26 27 8,1,47,,642050,31,0,26 27 8,1,7,,642154,31,0,26 27 8,1,3,,642133,31,0,26 27 8,1,7,,642071,31,0,26 27 8,1,9,,490878,31,0,26 27 8,1,9,,642118,31,0,26 27 8,1,9,,537113,31,0,26 27 8,1,9,,531352,31,0,26 27 8,1,49,,642129,31,0,26 27 8,1,9,,642068,31,0,26 27 8,1,9,,642142,31,0,26 27 8,1,9,,642051,31,0,26 27 8,1,9,,642123,31,0,26 27 8,1,9,,642136,31,0,26 27 8,1,9,,642113,31,0,26 27 8,1,49,,584369,31,0,26 27 8,1,9,,642126,31,0,26 27 8,1,9,,642080,31,0,26 27 8,1,9,,642072,31,0,26 27 8,1,9,,642108,31,0,26 27 8,1,9,,642153,31,0,26 27 8,1,49,,642088,31,0,26 27 8,1,9,,589493,31,0,26 27 8,1,9,,556138,31,0,26 27 8,1,6,,642070,31,0,26 27 8,1,5,,544642,31,0,26 27 8,1,10,,531305,31,0,26 27 8,1,10,,482898,31,0,26 27 8,1,50,,642097,31,0,26 27 8,1,10,,642120,31,0,26 27 8,1,10,,642103,31,0,26 27 8,1,10,,580605,31,0,26 27 8,1,10,,642077,31,0,26 27 8,1,10,,535982,31,0,26 27 8,1,50,,642109,31,0,26 27 8,1,10,,642139,31,0,26 27 8,1,10,,594120,31,0,26 27 8,1,10,,550190,31,0,26 27 8,1,10,,514903,31,0,26 27 8,1,10,,642069,31,0,26 27 8,1,50,,642116,31,0,26 27 8,1,10,,642054,31,0,26 27 8,1,10,,642081,31,0,26 27 8,1,13,,642084,31,0,26 27 8,1,12,,642145,31,0,26 27 8,1,14,,642085,31,0,17 74,1,55,,642146,31,0,17 74,1
7203,'2',547,,642212,8,0,26 27 8,1,9,,642242,8,0,26 27 8,1,48,,642230,31,0,26 27 8,1,9,,642276,31,0,26 27 8,1,10,,642227,31,0,26 27 8,1,10,,642267,31,0,26 27 8,1,10,,642261,31,0,26 27 8,1,10,,642270,31,0,26 27 8,1,50,,597420,31,0,26 27 8,1,10,,642268,31,0,26 27 8,1,10,,539762,31,0,26 27 8,1,10,,642274,31,0,26 27 8,1,10,,642208,31,0,26 27 8,1,10,,642181,31,0,26 27 8,1,50,,588287,31,0,26 27 8,1,10,,642244,31,0,26 27 8,1,10,,642207,31,0,26 27 8,1,13,,642246,31,0,26 27 8,1,8,,642157,31,0,26 27 8,1,8,,642254,31,0,26 27 8,1,48,,642272,31,0,26 27 8,1,8,,642160,31,0,26 27 8,1,8,,642155,31,0,26 27 8,1,8,,586674,31,0,26 27 8,1,8,,478436,31,0,26 27 8,1,8,,642187,31,0,26 27 8,1,8,,642210,31,0,26 27 8,1,8,,642238,31,0,26 27 8,1,48,,538596,31,0,26 27 8,1,8,,642231,31,0,26 27 8,1,8,,642247,31,0,26 27 8,1,8,,642197,31,0,26 27 8,1,8,,642161,31,0,26 27 8,1,8,,578159,31,0,26 27 8,1,8,,569527,31,0,26 27 8,1,48,,642239,31,0,26 27 8,1,8,,642275,31,0,26 27 8,1,8,,642265,31,0,26 27 8,1,8,,642257,31,0,26 27 8,1,8,,642223,31,0,26 27 8,1,8,,386866,31,0,26 27 8,1,8,,596213,31,0,26 27 8,1,8,,642273,31,0,26 27 8,1,48,,642271,31,0,26 27 8,1,8,,642278,31,0,26 27 8,1,8,,642177,31,0,26 27 8,1,8,,642226,31,0,26 27 8,1,6,,642199,31,0,26 27 8,1,9,,642250,31,0,26 27 8,1,6,,642222,31,0,26 27 8,1,6,,642200,31,0,26 27 8,1,46,,642211,31,0,26 27 8,1,6,,642235,31,0,26 27 8,1,6,,642169,31,0,26 27 8,1,6,,642209,31,0,26 27 8,1,6,,642174,31,0,26 27 8,1,6,,642224,31,0,26 27 8,1,6,,642243,31,0,26 27 8,1,6,,642183,31,0,26 27 8,1,6,,541841,31,0,26 27 8,1,6,,382987,31,0,26 27 8,1,46,,642201,31,0,26 27 8,1,6,,642159,31,0,26 27 8,1,6,,642195,31,0,26 27 8,1,6,,642180,31,0,26 27 8,1,6,,642216,31,0,26 27 8,1,6,,642206,31,0,26 27 8,1,6,,642264,31,0,26 27 8,1,6,,642218,31,0,26 27 8,1,6,,642253,31,0,26 27 8,1,6,,441027,31,0,26 27 8,1,46,,642219,31,0,26 27 8,1,6,,642189,31,0,26 27 8,1,6,,642178,31,0,26 27 8,1,6,,472098,31,0,26 27 8,1,6,,642258,31,0,26 27 8,1,6,,642194,31,0,26 27 8,1,6,,642229,31,0,26 27 8,1,6,,642251,31,0,26 27 8,1,6,,642186,31,0,26 27 8,1,6,,642256,31,0,26 27 8,1,46,,642171,31,0,26 27 8,1,6,,521031,31,0,26 27 8,1,6,,564173,31,0,26 27 8,1,6,,521458,31,0,26 27 8,1,6,,642260,31,0,26 27 8,1,6,,642214,31,0,26 27 8,1,6,,642205,31,0,26 27 8,1,6,,642175,31,0,26 27 8,1,6,,642225,31,0,26 27 8,1,6,,642185,31,0,26 27 8,1,46,,642198,31,0,26 27 8,1,6,,642263,31,0,26 27 8,1,6,,642213,31,0,26 27 8,1,6,,561445,31,0,26 27 8,1,6,,642167,31,0,26 27 8,1,6,,642232,31,0,26 27 8,1,6,,642221,31,0,26 27 8,1,6,,642184,31,0,26 27 8,1,6,,642203,31,0,26 27 8,1,6,,591555,31,0,26 27 8,1,46,,642158,31,0,26 27 8,1,6,,642241,31,0,26 27 8,1,6,,642193,31,0,26 27 8,1,6,,642233,31,0,26 27 8,1,6,,642252,31,0,26 27 8,1,6,,642266,31,0,26 27 8,1,6,,642234,31,0,26 27 8,1,6,,437379,31,0,26 27 8,1,6,,642228,31,0,26 27 8,1,6,,642202,31,0,26 27 8,1,46,,642269,31,0,26 27 8,1,6,,642236,31,0,26 27 8,1,6,,642188,31,0,26 27 8,1,6,,528837,31,0,26 27 8,1,6,,642248,31,0,26 27 8,1,6,,642262,31,0,26 27 8,1,7,,642190,31,0,26 27 8,1,10,,642277,31,0,26 27 8,1,10,,563900,31,0,26 27 8,1,50,,539949,31,0,26 27 8,1,10,,642170,31,0,26 27 8,1,10,,642191,31,0,26 27 8,1,10,,642240,31,0,26 27 8,1,10,,642249,31,0,26 27 8,1,10,,566594,31,0,26 27 8,1,50,,642196,31,0,26 27 8,1,10,,642163,31,0,26 27 8,1,10,,484446,31,0,26 27 8,1,10,,493571,31,0,26 27 8,1,10,,642192,31,0,26 27 8,1,10,,642173,31,0,26 27 8,1,50,,478866,31,0,26 27 8,1,10,,519411,31,0,26 27 8,1,10,,464835,31,0,26 27 8,1,4,,642237,31,0,26 27 8,1,8,,642204,31,0,26 27 8,1,10,,552726,31,0,26 27 8,1,50,,518094,31,0,26 27 8,1,10,,642165,31,0,26 27 8,1,10,,642217,31,0,26 27 8,1,10,,642156,31,0,26 27 8,1,10,,642259,31,0,26 27 8,1,10,,563103,31,0,26 27 8,1,50,,642215,31,0,26 27 8,1,10,,642255,31,0,26 27 8,1,10,,642179,31,0,26 27 8,1,10,,642245,31,0,26 27 8,1,10,,642182,31,0,26 27 8,1,10,,642162,31,0,26 27 8,1,50,,524477,31,0,26 27 8,1,10,,642176,31,0,26 27 8,1,10,,642172,31,0,26 27 8,1,13,,642164,31,0,26 27 8,1,12,,642168,31,0,26 27 8,1,14,,642220,31,0,17 74,1,55,,642166,31,0,17 74,1
7203,'3',608,,584852,31,0,17 74,1,30,,642292,31,0,17 74,1,70,,642358,31,0,17 74,1,30,,642377,31,0,26 27 8,1,10,,642316,8,0,26 27 8,1,10,,575472,8,0,26 27 8,1,50,,642329,31,0,26 27 8,1,8,,642354,31,0,26 27 8,1,9,,642291,31,0,26 27 8,1,13,,642319,31,0,26 27 8,1,9,,642296,31,0,26 27 8,1,8,,642287,31,0,26 27 8,1,49,,642367,31,0,26 27 8,1,8,,429565,31,0,26 27 8,1,9,,642345,31,0,26 27 8,1,8,,579737,31,0,26 27 8,1,9,,642330,31,0,26 27 8,1,8,,642314,31,0,26 27 8,1,9,,642289,31,0,26 27 8,1,48,,642360,31,0,26 27 8,1,9,,642366,31,0,26 27 8,1,8,,642327,31,0,26 27 8,1,9,,556387,31,0,26 27 8,1,8,,642361,31,0,26 27 8,1,9,,642350,31,0,26 27 8,1,8,,462590,31,0,26 27 8,1,49,,557704,31,0,26 27 8,1,8,,642338,31,0,26 27 8,1,9,,642336,31,0,26 27 8,1,8,,642334,31,0,26 27 8,1,9,,642320,31,0,26 27 8,1,8,,642375,31,0,26 27 8,1,9,,642332,31,0,26 27 8,1,48,,642313,31,0,26 27 8,1,9,,642351,31,0,26 27 8,1,8,,642284,31,0,26 27 8,1,8,,642328,31,0,26 27 8,1,8,,642300,31,0,26 27 8,1,6,,642346,31,0,26 27 8,1,9,,642352,31,0,26 27 8,1,9,,642376,31,0,26 27 8,1,49,,642379,31,0,26 27 8,1,9,,642301,31,0,26 27 8,1,9,,642303,31,0,26 27 8,1,9,,642295,31,0,26 27 8,1,9,,506558,31,0,26 27 8,1,9,,544731,31,0,26 27 8,1,49,,642304,31,0,26 27 8,1,9,,642378,31,0,26 27 8,1,9,,642344,31,0,26 27 8,1,9,,555210,31,0,26 27 8,1,9,,642339,31,0,26 27 8,1,9,,642372,31,0,26 27 8,1,9,,642369,31,0,26 27 8,1,49,,642353,31,0,26 27 8,1,9,,642280,31,0,26 27 8,1,9,,642293,31,0,26 27 8,1,9,,642348,31,0,26 27 8,1,9,,642337,31,0,26 27 8,1,9,,465618,31,0,26 27 8,1,9,,642373,31,0,26 27 8,1,49,,642355,31,0,26 27 8,1,9,,642326,31,0,26 27 8,1,9,,642364,31,0,26 27 8,1,9,,642335,31,0,26 27 8,1,9,,524035,31,0,26 27 8,1,9,,642297,31,0,26 27 8,1,49,,642318,31,0,26 27 8,1,9,,642310,31,0,26 27 8,1,9,,642311,31,0,26 27 8,1,9,,642370,31,0,26 27 8,1,9,,642308,31,0,26 27 8,1,9,,642298,31,0,26 27 8,1,9,,642321,31,0,26 27 8,1,49,,585196,31,0,26 27 8,1,9,,642324,31,0,26 27 8,1,9,,642347,31,0,26 27 8,1,9,,642285,31,0,26 27 8,1,9,,642357,31,0,26 27 8,1,9,,642331,31,0,26 27 8,1,9,,642302,31,0,26 27 8,1,49,,642342,31,0,26 27 8,1,9,,642371,31,0,26 27 8,1,9,,642356,31,0,26 27 8,1,5,,642312,31,0,26 27 8,1,10,,642381,31,0,26 27 8,1,10,,642363,31,0,26 27 8,1,50,,642325,31,0,26 27 8,1,10,,516323,31,0,26 27 8,1,10,,642359,31,0,26 27 8,1,10,,642368,31,0,26 27 8,1,10,,642307,31,0,26 27 8,1,10,,542038,31,0,26 27 8,1,50,,642349,31,0,26 27 8,1,10,,642317,31,0,26 27 8,1,10,,523268,31,0,26 27 8,1,10,,642323,31,0,26 27 8,1,10,,642365,31,0,26 27 8,1,10,,642281,31,0,26 27 8,1,50,,554187,31,0,26 27 8,1,10,,525212,31,0,26 27 8,1,10,,642309,31,0,26 27 8,1,6,,642286,31,0,26 27 8,1,10,,642362,31,0,26 27 8,1,10,,642341,31,0,26 27 8,1,10,,642306,31,0,26 27 8,1,50,,642315,31,0,26 27 8,1,10,,642288,31,0,26 27 8,1,10,,642322,31,0,26 27 8,1,10,,600940,31,0,26 27 8,1,10,,642333,31,0,26 27 8,1,10,,642380,31,0,26 27 8,1,50,,642374,31,0,26 27 8,1,10,,642340,31,0,26 27 8,1,10,,642299,31,0,26 27 8,1,10,,642294,31,0,26 27 8,1,10,,642290,31,0,26 27 8,1,10,,642343,31,0,26 27 8,1,50,,563969,31,0,26 27 8,1,10,,642282,31,0,26 27 8,1,15,,642279,31,0,26 27 8,1,15,,413626,31,0,26 27 8,1,12,,642283,31,0,17 74,1,55,,642305,31,0,17 74,1
7203,'5',547,,642401,8,0,26 27 8,1,8,,642391,8,0,26 27 8,1,48,,565898,31,0,26 27 8,1,10,,642443,31,0,26 27 8,1,10,,642478,31,0,26 27 8,1,10,,642425,31,0,26 27 8,1,10,,642392,31,0,26 27 8,1,10,,642407,31,0,26 27 8,1,50,,642412,31,0,26 27 8,1,10,,642433,31,0,26 27 8,1,10,,539855,31,0,26 27 8,1,10,,642461,31,0,26 27 8,1,10,,642475,31,0,26 27 8,1,10,,642399,31,0,26 27 8,1,50,,518713,31,0,26 27 8,1,10,,529926,31,0,26 27 8,1,10,,642451,31,0,26 27 8,1,14,,642464,31,0,26 27 8,1,10,,642395,31,0,26 27 8,1,8,,642402,31,0,26 27 8,1,49,,642481,31,0,26 27 8,1,8,,642441,31,0,26 27 8,1,9,,642432,31,0,26 27 8,1,8,,642423,31,0,26 27 8,1,9,,571053,31,0,26 27 8,1,8,,642465,31,0,26 27 8,1,9,,642457,31,0,26 27 8,1,48,,642409,31,0,26 27 8,1,9,,642434,31,0,26 27 8,1,8,,642405,31,0,26 27 8,1,9,,642404,31,0,26 27 8,1,8,,586200,31,0,26 27 8,1,9,,642435,31,0,26 27 8,1,8,,642446,31,0,26 27 8,1,49,,642460,31,0,26 27 8,1,8,,642454,31,0,26 27 8,1,9,,542221,31,0,26 27 8,1,8,,642422,31,0,26 27 8,1,9,,642418,31,0,26 27 8,1,8,,642386,31,0,26 27 8,1,9,,595041,31,0,26 27 8,1,48,,642384,31,0,26 27 8,1,9,,559665,31,0,26 27 8,1,8,,642447,31,0,26 27 8,1,8,,642466,31,0,26 27 8,1,8,,642383,31,0,26 27 8,1,6,,642426,31,0,26 27 8,1,9,,642393,31,0,26 27 8,1,9,,642428,31,0,26 27 8,1,49,,642410,31,0,26 27 8,1,9,,642477,31,0,26 27 8,1,9,,642439,31,0,26 27 8,1,9,,585204,31,0,26 27 8,1,9,,642452,31,0,26 27 8,1,9,,642406,31,0,26 27 8,1,49,,642444,31,0,26 27 8,1,9,,562051,31,0,26 27 8,1,9,,530644,31,0,26 27 8,1,9,,574051,31,0,26 27 8,1,9,,642469,31,0,26 27 8,1,9,,642479,31,0,26 27 8,1,9,,574944,31,0,26 27 8,1,49,,642408,31,0,26 27 8,1,9,,573377,31,0,26 27 8,1,9,,587878,31,0,26 27 8,1,9,,642470,31,0,26 27 8,1,9,,579924,31,0,26 27 8,1,9,,642455,31,0,26 27 8,1,9,,642415,31,0,26 27 8,1,49,,642403,31,0,26 27 8,1,9,,642473,31,0,26 27 8,1,9,,642429,31,0,26 27 8,1,9,,642416,31,0,26 27 8,1,9,,587981,31,0,26 27 8,1,9,,642385,31,0,26 27 8,1,49,,559698,31,0,26 27 8,1,9,,642411,31,0,26 27 8,1,9,,642431,31,0,26 27 8,1,9,,642417,31,0,26 27 8,1,9,,588189,31,0,26 27 8,1,9,,642462,31,0,26 27 8,1,9,,517074,31,0,26 27 8,1,49,,573606,31,0,26 27 8,1,9,,642436,31,0,26 27 8,1,9,,642400,31,0,26 27 8,1,9,,642396,31,0,26 27 8,1,9,,557154,31,0,26 27 8,1,9,,642388,31,0,26 27 8,1,9,,642414,31,0,26 27 8,1,49,,642419,31,0,26 27 8,1,9,,642437,31,0,26 27 8,1,9,,642390,31,0,26 27 8,1,5,,642456,31,0,26 27 8,1,10,,642427,31,0,26 27 8,1,10,,642442,31,0,26 27 8,1,50,,642438,31,0,26 27 8,1,10,,642421,31,0,26 27 8,1,10,,642459,31,0,26 27 8,1,10,,642397,31,0,26 27 8,1,10,,573813,31,0,26 27 8,1,10,,642449,31,0,26 27 8,1,50,,530634,31,0,26 27 8,1,10,,642382,31,0,26 27 8,1,10,,642474,31,0,26 27 8,1,10,,642471,31,0,26 27 8,1,10,,642467,31,0,26 27 8,1,10,,642458,31,0,26 27 8,1,50,,530339,31,0,26 27 8,1,10,,642440,31,0,26 27 8,1,10,,642480,31,0,26 27 8,1,6,,642450,31,0,26 27 8,1,10,,642389,31,0,26 27 8,1,10,,642448,31,0,26 27 8,1,10,,642430,31,0,26 27 8,1,50,,642398,31,0,26 27 8,1,10,,642463,31,0,26 27 8,1,10,,642468,31,0,26 27 8,1,10,,642387,31,0,26 27 8,1,10,,642476,31,0,26 27 8,1,10,,593294,31,0,26 27 8,1,50,,642394,31,0,26 27 8,1,10,,602489,31,0,26 27 8,1,10,,577328,31,0,26 27 8,1,10,,642453,31,0,26 27 8,1,10,,574019,31,0,26 27 8,1,10,,642424,31,0,26 27 8,1,50,,642413,31,0,26 27 8,1,10,,642420,31,0,26 27 8,1,15,,642472,31,0,26 27 8,1,15,,642445,31,0,26 27 8,1,12,,532521,31,0,17 74,1,55,,595644,31,0,17 74,1
8801,'1',518,,651095,8,0,5 241 46,1,18,,651080,8,0,5 241 46,1,22,,651093,8,0,5 241 46,1,60,,651092,25,0,5 241 46,1,15,,651086,25,0,5 241 46,1,15,,651068,25,0,5 241 46,1,55,,651059,25,0,5 241 46,1,15,,575643,25,0,5 241 46,1,15,,588914,25,0,5 241 46,1,11,,651062,25,0,5 241 46,1,15,,651065,25,0,5 241 46,1,55,,559323,25,0,5 241 46,1,15,,651047,25,0,5 241 46,1,15,,651056,25,0,5 241 46,1,15,,651064,25,0,5 241 46,1,55,,651089,25,0,5 241 46,1,40,,651107,25,0,5 241 46,1,80,,651084,25,0,5 241 46,1,80,,549564,25,0,5 241 46,1,40,,527336,25,0,5 241 46,1,80,,651046,25,0,5 241 46,1,80,,446146,25,0,5 241 46,1,40,,651067,25,0,5 241 46,1,73,,651077,8,0,5 241 46,1,7,,651050,25,0,5 241 46,1,79,,651048,25,0,5 241 46,1,24,,651087,25,0,5 241 46,1,64,,651106,25,0,5 241 46,1,24,,651055,25,0,5 241 46,1,24,,651053,25,0,5 241 46,1,64,,651066,25,0,5 241 46,1,24,,651069,25,0,5 241 46,1,65,,651088,25,0,5 241 46,1,25,,651045,25,0,5 241 46,1,25,,651098,25,0,5 241 46,1,65,,651104,25,0,5 241 46,1,15,,651081,25,0,5 241 46,1,76,,651073,25,0,5 241 46,1,36,,571408,25,0,5 241 46,1,76,,596916,25,0,5 241 46,1,36,,525712,25,0,5 241 46,1,85,,651090,25,0,5 241 46,1,85,,651057,25,0,5 241 46,1,85,,651082,25,0,5 241 46,1,45,,507722,25,0,5 241 46,1,60,,651060,25,0,5 241 46,1
8801,'2',522,,651150,8,0,5 241 46,1,103,,651119,25,0,5 241 46,1,84,,651111,25,0,5 241 46,1,45,,651126,25,0,5 241 46,1,75,,651123,25,0,5 241 46,1,74,,592082,25,0,5 241 46,1,35,,651157,25,0,5 241 46,1,75,,651134,25,0,5 241 46,1,35,,651137,25,0,5 241 46,1,69,,651163,25,0,5 241 46,1,32,,651143,25,0,5 241 46,1,70,,651110,25,0,5 241 46,1,30,,651147,25,0,5 241 46,1,70,,651112,25,0,5 241 46,1,30,,651152,25,0,5 241 46,1,70,,497491,25,0,5 241 46,1,30,,567628,25,0,5 241 46,1,70,,651131,25,0,5 241 46,1,30,,651148,25,0,5 241 46,1,70,,651144,25,0,5 241 46,1,30,,459183,25,0,5 241 46,1,70,,651151,25,0,5 241 46,1,30,,651138,25,0,5 241 46,1,70,,651109,25,0,5 241 46,1,30,,536100,25,0,5 241 46,1,70,,651116,25,0,5 241 46,1,81,,547156,25,0,5 241 46,1,35,,572193,25,0,5 241 46,1,75,,651117,25,0,5 241 46,1,35,,651129,25,0,5 241 46,1,74,,651140,25,0,5 241 46,1,35,,651164,25,0,5 241 46,1,85,,651142,25,0,5 241 46,1,85,,651156,25,0,5 241 46,1,83,,651135,25,0,5 241 46,1
8801,'3',743,,651203,8,0,5 241 46,1,90,,651182,25,0,5 241 46,1,90,,651197,25,0,5 241 46,1,90,,651179,25,0,5 241 46,1,90,,651195,25,0,5 241 46,1,46,,651178,25,0,5 241 46,1,78,,651192,25,0,5 241 46,1,80,,651167,25,0,5 241 46,1,40,,651189,25,0,5 241 46,1,80,,494046,25,0,5 241 46,1,80,,651172,25,0,5 241 46,1,40,,651186,25,0,5 241 46,1,80,,651200,25,0,5 241 46,1,80,,498647,25,0,5 241 46,1,40,,651171,25,0,5 241 46,1,80,,552045,25,0,5 241 46,1,87,,651177,25,0,5 241 46,1,89,,651174,25,0,5 241 46,1,50,,515590,25,0,5 241 46,1,90,,651168,25,0,5 241 46,1,81,,651204,25,0,5 241 46,1,85,,651176,25,0,5 241 46,1,45,,651170,25,0,5 241 46,1,85,,651198,25,0,5 241 46,1,77,,595664,25,0,5 241 46,1
8801,'5',522,,517996,8,0,5 241 46,1,79,,651226,25,0,5 241 46,1,50,,651242,25,0,5 241 46,1,90,,651233,25,0,5 241 46,1,92,,651239,25,0,5 241 46,1,90,,651220,25,0,5 241 46,1,90,,651244,25,0,5 241 46,1,90,,543103,25,0,5 241 46,1,46,,651245,25,0,5 241 46,1,78,,651240,25,0,5 241 46,1,80,,651215,25,0,5 241 46,1,40,,564002,25,0,5 241 46,1,80,,651217,25,0,5 241 46,1,80,,651234,25,0,5 241 46,1,40,,597840,25,0,5 241 46,1,80,,651216,25,0,5 241 46,1,80,,651237,25,0,5 241 46,1,40,,603662,25,0,5 241 46,1,80,,651229,25,0,5 241 46,1,87,,651222,25,0,5 241 46,1,89,,651211,25,0,5 241 46,1,50,,529134,25,0,5 241 46,1,90,,651225,25,0,5 241 46,1,81,,580969,25,0,5 241 46,1,85,,651248,25,0,5 241 46,1,45,,651219,25,0,5 241 46,1,85,,651209,25,0,5 241 46,1,77,,548621,25,0,5 241 46,1
15604,'1',527,,674608,18,0,241 46,1,30,,674614,18,0,241 46,1,70,,674611,18,0,241 46,1,30,,570803,18,0,241 46,1,70,,674604,18,0,241 46,1,30,,674616,18,0,241 46,1,70,,674606,18,0,241 46,1,30,,674605,18,0,241 46,1,70,,674600,18,0,241 46,1,30,,674609,18,0,241 46,1,70,,674612,18,0,241 46,1,30,,500657,18,0,241 46,1,70,,674603,18,0,241 46,1,30,,502466,18,0,241 46,1,70,,674619,18,0,241 46,1,30,,674615,18,0,241 46,1,70,,533714,18,0,241 46,1,30,,674613,18,0,241 46,1,70,,674602,18,0,241 46,1,30,,674601,18,0,241 46,1,72,,674620,18,0,241 46,1,72,,553139,18,0,241 46,1,30,,586265,18,0,241 46,1,70,,674617,18,0,241 46,1,30,,529371,18,0,241 46,1,70,,546983,18,0,241 46,1,30,,674599,18,0,241 46,1,70,,674610,18,0,241 46,1,30,,674607,18,0,241 46,1
15604,'2',544,,674624,18,0,241 46,1,65,,674640,18,0,241 46,1,25,,674621,18,0,241 46,1,25,,674641,18,0,241 46,1,65,,674623,18,0,241 46,1,25,,674627,18,0,241 46,1,65,,674631,18,0,241 46,1,25,,674626,18,0,241 46,1,65,,674643,18,0,241 46,1,25,,674635,18,0,241 46,1,25,,674622,18,0,241 46,1,65,,674642,18,0,241 46,1,25,,674648,18,0,241 46,1,65,,674632,18,0,241 46,1,25,,674633,18,0,241 46,1,25,,674629,18,0,241 46,1,75,,674638,18,0,241 46,1,70,,674649,18,0,241 46,1,30,,674634,18,0,241 46,1,70,,674639,18,0,241 46,1,30,,490703,18,0,241 46,1,70,,674637,18,0,241 46,1,30,,674630,18,0,241 46,1,70,,674636,18,0,241 46,1,30,,552460,18,0,241 46,1,70,,674625,18,0,241 46,1,30,,544673,18,0,241 46,1,70,,674628,18,0,241 46,1,30,,674646,18,0,241 46,1,70,,674647,18,0,241 46,1,30,,674645,18,0,241 46,1
15604,'3',722,,674660,18,0,241 46,1,25,,674652,18,0,241 46,1,57,,674662,18,0,241 46,1,25,,581699,18,0,241 46,1,25,,674650,18,0,241 46,1,65,,453433,18,0,241 46,1,25,,674667,18,0,241 46,1,65,,674663,18,0,241 46,1,25,,465664,18,0,241 46,1,25,,674658,18,0,241 46,1,65,,674665,18,0,241 46,1,25,,674654,18,0,241 46,1,65,,674651,18,0,241 46,1,34,,674659,18,0,241 46,1,70,,674653,18,0,241 46,1,30,,674664,18,0,241 46,1,70,,674668,18,0,241 46,1,30,,545431,18,0,241 46,1,70,,674661,18,0,241 46,1,30,,674669,18,0,241 46,1,70,,488528,18,0,241 46,1,30,,674671,18,0,241 46,1,70,,674655,18,0,241 46,1,30,,560006,18,0,241 46,1,70,,674670,18,0,241 46,1,30,,674657,18,0,241 46,1,70,,674656,18,0,241 46,1
15604,'5',549,,674675,18,0,241 46,1,63,,674690,18,0,241 46,1,18,,674695,18,0,241 46,1,25,,674696,18,0,241 46,1,65,,674686,18,0,241 46,1,25,,674677,18,0,241 46,1,59,,674678,18,0,241 46,1,25,,529150,18,0,241 46,1,25,,674672,18,0,241 46,1,65,,674689,18,0,241 46,1,25,,674683,18,0,241 46,1,65,,596327,18,0,241 46,1,25,,674699,18,0,241 46,1,25,,674680,18,0,241 46,1,65,,674679,18,0,241 46,1,25,,674682,18,0,241 46,1,65,,674676,18,0,241 46,1,34,,674688,18,0,241 46,1,70,,674692,18,0,241 46,1,30,,674697,18,0,241 46,1,70,,674694,18,0,241 46,1,30,,674698,18,0,241 46,1,70,,674673,18,0,241 46,1,30,,674700,18,0,241 46,1,70,,674674,18,0,241 46,1,30,,674701,18,0,241 46,1,70,,674684,18,0,241 46,1,30,,674687,18,0,241 46,1,70,,674691,18,0,241 46,1,30,,674681,18,0,241 46,1,70,,674685,18,0,241 46,1
32503,'1',440,,681674,30,0,11 12 9,1,66,,681675,30,0,17 26 38 8,1,27,,681678,30,0,17 26 38 8,1,2107,,681673,30,0,11 12 9,1,70,,681676,30,0,11 12 9,1,30,,681679,30,0,11 12 9,1,70,,681677,30,0,11 12 9,1
32503,'2',440,,681680,30,0,11 12 9,1,66,,514170,30,0,11 12 9,1,15,,681686,30,0,17 26 38 8,1,21,,681681,30,0,17 26 38 8,1,2098,,681685,30,0,11 12 9,1,70,,599184,30,0,11 12 9,1,30,,681683,30,0,11 12 9,1,70,,681682,30,0,11 12 9,1
32503,'3',440,,681690,30,0,11 12 9,1,70,,681689,30,0,11 12 9,1,27,,524175,30,0,11 12 9,1,2103,,681692,30,0,11 12 9,1,70,,681688,30,0,11 12 9,1,30,,681687,30,0,11 12 9,1,70,,681691,30,0,11 12 9,1
32503,'5',440,,567337,30,0,11 12 9,1,66,,681694,30,0,11 12 9,1,14,,552342,30,0,17 26 38 8,1,22,,681693,30,0,17 26 38 8,1,2098,,681697,30,0,11 12 9,1,70,,681696,30,0,11 12 9,1,30,,554607,30,0,11 12 9,1,70,,681695,30,0,11 12 9,1
40303,'1',1051,,683311,5,0,26 38 211 10,1,155,,683312,5,0,26 38 211 10,1,145,,683313,5,0,26 38 211 10,1,155,,683314,5,0,26 38 211 10,1,115,,683315,5,0,26 38 211 10,1
