3802,'1',526,,707623,33,0,55 8,1,15,,606657,33,0,55 8,1,15,,707636,33,0,55 8,1,55,,707694,33,0,55 8,1,15,,707633,33,0,55 8,1,14,,707708,15,0,55 8,1,7,,707696,33,0,55 8,1,8,,707673,15,0,55 8,1,47,,676245,33,0,55 8,1,8,,707625,15,0,55 8,1,7,,707667,33,0,55 8,1,8,,707676,15,0,55 8,1,7,,707645,33,0,55 8,1,8,,550781,15,0,55 8,1,8,,707698,33,0,55 8,1,10,,707621,15,0,55 8,1,49,,707652,33,0,55 8,1,8,,707640,15,0,55 8,1,7,,707674,33,0,55 8,1,8,,707705,15,0,55 8,1,7,,707629,33,0,55 8,1,8,,707691,15,0,55 8,1,7,,707655,33,0,55 8,1,48,,707650,15,0,55 8,1,7,,625796,33,0,55 8,1,8,,707706,15,0,55 8,1,7,,707681,33,0,55 8,1,8,,707703,15,0,55 8,1,7,,707664,33,0,55 8,1,8,,707639,15,0,55 8,1,6,,616788,33,0,55 8,1,8,,707659,15,0,55 8,1,47,,707654,33,0,55 8,1,8,,687852,15,0,55 8,1,7,,644436,33,0,55 8,1,8,,707646,15,0,55 8,1,7,,707670,33,0,55 8,1,8,,707672,15,0,55 8,1,7,,707675,33,0,55 8,1,8,,623708,15,0,55 8,1,47,,707677,33,0,55 8,1,8,,707632,15,0,55 8,1,7,,707699,33,0,55 8,1,8,,707631,15,0,55 8,1,7,,707684,33,0,55 8,1,8,,707679,15,0,55 8,1,7,,707653,33,0,55 8,1,8,,707648,15,0,55 8,1,47,,671630,33,0,55 8,1,8,,707707,15,0,55 8,1,7,,707695,33,0,55 8,1,8,,707665,15,0,55 8,1,7,,688826,33,0,55 8,1,8,,679476,15,0,55 8,1,7,,707697,33,0,55 8,1,8,,707687,15,0,55 8,1,47,,707701,33,0,55 8,1,8,,673533,15,0,55 8,1,7,,648858,33,0,55 8,1,8,,707693,15,0,55 8,1,7,,707671,33,0,55 8,1,8,,707627,15,0,55 8,1,7,,707628,33,0,55 8,1,8,,707689,15,0,55 8,1,47,,707649,33,0,55 8,1,8,,707630,15,0,55 8,1,7,,707666,33,0,55 8,1,8,,707624,15,0,55 8,1,7,,707660,33,0,55 8,1,17,,539083,33,0,55 8,1,51,,707635,33,0,55 8,1,15,,640997,33,0,55 8,1,15,,707647,33,0,55 8,1,15,,707622,33,0,55 8,1,55,,539703,33,0,55 8,1,15,,707634,33,0,55 8,1,15,,707686,33,0,55 8,1,15,,528149,33,0,55 8,1,55,,707663,33,0,55 8,1,15,,707692,33,0,55 8,1,15,,707669,33,0,55 8,1,15,,707656,33,0,55 8,1,55,,707620,33,0,55 8,1,15,,707700,33,0,55 8,1,15,,707680,33,0,55 8,1,15,,658937,33,0,55 8,1,55,,675698,33,0,55 8,1,15,,707626,33,0,55 8,1,12,,707685,33,0,55 8,1,11,,707662,33,0,55 8,1,12,,707638,33,0,55 8,1,53,,707702,33,0,55 8,1,12,,665510,33,0,55 8,1,13,,707657,33,0,55 8,1,12,,707690,33,0,55 8,1,13,,681412,33,0,55 8,1,52,,707682,33,0,55 8,1,13,,707658,33,0,55 8,1,12,,530086,33,0,55 8,1,13,,707641,33,0,55 8,1,12,,707668,33,0,55 8,1,52,,707643,33,0,55 8,1,11,,707661,33,0,55 8,1,19,,707678,33,0,55 8,1,60,,707642,33,0,55 8,1,20,,707704,33,0,55 8,1,20,,688104,33,0,55 8,1,60,,707688,33,0,55 8,1,20,,707637,33,0,55 8,1,20,,707651,33,0,55 8,1,60,,707683,33,0,55 8,1,20,,653787,33,0,55 8,1,26,,707644,33,0,55 8,1
3802,'2',557,,707749,33,0,55 8,1,60,,707757,33,0,55 8,1,20,,707742,33,0,55 8,1,20,,488744,33,0,55 8,1,60,,707776,33,0,55 8,1,20,,707773,33,0,55 8,1,20,,707733,33,0,55 8,1,56,,707725,33,0,55 8,1,16,,707768,33,0,55 8,1,16,,707753,33,0,55 8,1,14,,707775,33,0,55 8,1,54,,707737,33,0,55 8,1,14,,707751,33,0,55 8,1,14,,707747,33,0,55 8,1,14,,707745,33,0,55 8,1,54,,707713,33,0,55 8,1,14,,707735,33,0,55 8,1,14,,707729,33,0,55 8,1,14,,707709,33,0,55 8,1,54,,707731,33,0,55 8,1,14,,707741,33,0,55 8,1,14,,680233,33,0,55 8,1,14,,707764,33,0,55 8,1,54,,707774,33,0,55 8,1,14,,707743,33,0,55 8,1,15,,656316,33,0,55 8,1,12,,707752,33,0,55 8,1,12,,660640,33,0,55 8,1,52,,514912,33,0,55 8,1,12,,527727,33,0,55 8,1,12,,646222,33,0,55 8,1,12,,707718,33,0,55 8,1,12,,707726,33,0,55 8,1,52,,707734,33,0,55 8,1,12,,707722,33,0,55 8,1,12,,707744,33,0,55 8,1,12,,707746,33,0,55 8,1,12,,707727,33,0,55 8,1,52,,608569,33,0,55 8,1,12,,707763,33,0,55 8,1,12,,707730,33,0,55 8,1,12,,707716,33,0,55 8,1,12,,634716,33,0,55 8,1,52,,707772,33,0,55 8,1,12,,707756,33,0,55 8,1,12,,707759,33,0,55 8,1,12,,707761,33,0,55 8,1,12,,707723,33,0,55 8,1,52,,673903,33,0,55 8,1,12,,482700,33,0,55 8,1,12,,707750,33,0,55 8,1,12,,707728,33,0,55 8,1,12,,707710,33,0,55 8,1,52,,621544,33,0,55 8,1,12,,640614,33,0,55 8,1,12,,707778,33,0,55 8,1,12,,530495,33,0,55 8,1,15,,707714,33,0,55 8,1,55,,707767,33,0,55 8,1,10,,707770,33,0,55 8,1,12,,570421,33,0,55 8,1,12,,707766,33,0,55 8,1,12,,707719,33,0,55 8,1,52,,626813,33,0,55 8,1,12,,707762,33,0,55 8,1,12,,707736,33,0,55 8,1,12,,707732,33,0,55 8,1,12,,707721,33,0,55 8,1,52,,707769,33,0,55 8,1,12,,707755,33,0,55 8,1,12,,707771,33,0,55 8,1,11,,707724,33,0,55 8,1,12,,548309,33,0,55 8,1,51,,707720,33,0,55 8,1,12,,707765,33,0,55 8,1,13,,707717,33,0,55 8,1,18,,707711,33,0,55 8,1,58,,707748,33,0,55 8,1,18,,707777,33,0,55 8,1,18,,707739,33,0,55 8,1,58,,707738,33,0,55 8,1,18,,707740,33,0,55 8,1,18,,707712,33,0,55 8,1,18,,707715,33,0,55 8,1,58,,707758,33,0,55 8,1,22,,707754,33,0,55 8,1
3802,'3',753,,707834,33,0,55 8,1,58,,707805,33,0,55 8,1,17,,613778,33,0,55 8,1,18,,707836,33,0,55 8,1,57,,707815,33,0,55 8,1,18,,707823,33,0,55 8,1,17,,627566,33,0,55 8,1,18,,707801,33,0,55 8,1,57,,659083,33,0,55 8,1,18,,707809,33,0,55 8,1,17,,707803,33,0,55 8,1,58,,680118,33,0,55 8,1,17,,707779,33,0,55 8,1,18,,707784,33,0,55 8,1,17,,707820,33,0,55 8,1,59,,707814,33,0,55 8,1,16,,707822,33,0,55 8,1,15,,707837,33,0,55 8,1,55,,707802,33,0,55 8,1,15,,707791,33,0,55 8,1,15,,707830,33,0,55 8,1,15,,707794,33,0,55 8,1,55,,707795,33,0,55 8,1,15,,707833,33,0,55 8,1,15,,707838,33,0,55 8,1,15,,707819,33,0,55 8,1,55,,707799,33,0,55 8,1,15,,707806,33,0,55 8,1,15,,707831,33,0,55 8,1,15,,707790,33,0,55 8,1,55,,624690,33,0,55 8,1,15,,707792,33,0,55 8,1,15,,707824,33,0,55 8,1,15,,707811,33,0,55 8,1,55,,707785,33,0,55 8,1,15,,707817,33,0,55 8,1,15,,707796,33,0,55 8,1,15,,707804,33,0,55 8,1,55,,707797,33,0,55 8,1,15,,707826,33,0,55 8,1,15,,707808,33,0,55 8,1,15,,707825,33,0,55 8,1,55,,707780,33,0,55 8,1,13,,707786,33,0,55 8,1,15,,707789,33,0,55 8,1,14,,707816,33,0,55 8,1,55,,707783,33,0,55 8,1,15,,707793,33,0,55 8,1,15,,707807,33,0,55 8,1,15,,707827,33,0,55 8,1,55,,707788,33,0,55 8,1,15,,548387,33,0,55 8,1,15,,707781,33,0,55 8,1,15,,707818,33,0,55 8,1,55,,707810,33,0,55 8,1,15,,707787,33,0,55 8,1,13,,707832,33,0,55 8,1,15,,707798,33,0,55 8,1,58,,707828,33,0,55 8,1,18,,707782,33,0,55 8,1,18,,707812,33,0,55 8,1,18,,707813,33,0,55 8,1,58,,707800,33,0,55 8,1,18,,707835,33,0,55 8,1,18,,707829,33,0,55 8,1,58,,707821,33,0,55 8,1,18,,622120,33,0,55 8,1
3802,'5',613,,707849,33,0,55 8,1,16,,707848,33,0,55 8,1,15,,707878,33,0,55 8,1,57,,707892,33,0,55 8,1,17,,707839,33,0,55 8,1,18,,707841,33,0,55 8,1,17,,707879,33,0,55 8,1,58,,707843,33,0,55 8,1,17,,652204,33,0,55 8,1,18,,707886,33,0,55 8,1,57,,649757,33,0,55 8,1,18,,643893,33,0,55 8,1,17,,707852,33,0,55 8,1,18,,707889,33,0,55 8,1,57,,707842,33,0,55 8,1,18,,707893,33,0,55 8,1,17,,707861,33,0,55 8,1,58,,707874,33,0,55 8,1,17,,707867,33,0,55 8,1,18,,707871,33,0,55 8,1,17,,707876,33,0,55 8,1,59,,707887,33,0,55 8,1,16,,668551,33,0,55 8,1,15,,707865,33,0,55 8,1,55,,707877,33,0,55 8,1,15,,707870,33,0,55 8,1,15,,707862,33,0,55 8,1,15,,707884,33,0,55 8,1,55,,634539,33,0,55 8,1,15,,707868,33,0,55 8,1,15,,707847,33,0,55 8,1,15,,707858,33,0,55 8,1,55,,707844,33,0,55 8,1,15,,707850,33,0,55 8,1,15,,707863,33,0,55 8,1,15,,707854,33,0,55 8,1,55,,707888,33,0,55 8,1,15,,707890,33,0,55 8,1,15,,548831,33,0,55 8,1,15,,707881,33,0,55 8,1,55,,707880,33,0,55 8,1,15,,707891,33,0,55 8,1,15,,707883,33,0,55 8,1,15,,561712,33,0,55 8,1,55,,707869,33,0,55 8,1,15,,707855,33,0,55 8,1,15,,666578,33,0,55 8,1,15,,707845,33,0,55 8,1,55,,707875,33,0,55 8,1,13,,707872,33,0,55 8,1,15,,707859,33,0,55 8,1,14,,707873,33,0,55 8,1,55,,635496,33,0,55 8,1,15,,682896,33,0,55 8,1,15,,707864,33,0,55 8,1,15,,707851,33,0,55 8,1,55,,707885,33,0,55 8,1,15,,552603,33,0,55 8,1,15,,589328,33,0,55 8,1,15,,686071,33,0,55 8,1,55,,707866,33,0,55 8,1,15,,684829,33,0,55 8,1,13,,707846,33,0,55 8,1,15,,707882,33,0,55 8,1,58,,707860,33,0,55 8,1,18,,707856,33,0,55 8,1,18,,647387,33,0,55 8,1,18,,707857,33,0,55 8,1,58,,635304,33,0,55 8,1,18,,707853,33,0,55 8,1,18,,631157,33,0,55 8,1,58,,707840,33,0,55 8,1,18,,667126,33,0,55 8,1
12904,'1',520,,758716,23,0,55 8,1,15,,758717,23,0,55 8,1,10,,758712,45,0,55 8,1,10,,758751,23,0,55 8,1,48,,600263,23,0,55 8,1,7,,758787,45,0,55 8,1,15,,585545,45,0,55 8,1,7,,758733,23,0,55 8,1,11,,606117,23,0,55 8,1,11,,758770,45,0,55 8,1,48,,758776,23,0,55 8,1,7,,758739,23,0,55 8,1,15,,758750,45,0,55 8,1,8,,758688,23,0,55 8,1,7,,673193,45,0,55 8,1,15,,758780,45,0,55 8,1,48,,758744,23,0,55 8,1,7,,758708,45,0,55 8,1,15,,563013,45,0,55 8,1,8,,758683,23,0,55 8,1,7,,758700,45,0,55 8,1,15,,758691,45,0,55 8,1,48,,758756,23,0,55 8,1,7,,758682,45,0,55 8,1,15,,758713,45,0,55 8,1,8,,758741,23,0,55 8,1,7,,758731,45,0,55 8,1,13,,758701,45,0,55 8,1,7,,758728,23,0,55 8,1,47,,758680,45,0,55 8,1,10,,758742,45,0,55 8,1,10,,758761,23,0,55 8,1,10,,649843,23,0,55 8,1,10,,598085,45,0,55 8,1,10,,758746,23,0,55 8,1,50,,677164,23,0,55 8,1,10,,758727,45,0,55 8,1,10,,758752,23,0,55 8,1,10,,758698,23,0,55 8,1,10,,758738,45,0,55 8,1,10,,758702,23,0,55 8,1,50,,758757,23,0,55 8,1,10,,758703,45,0,55 8,1,10,,758777,23,0,55 8,1,10,,758768,23,0,55 8,1,10,,758774,45,0,55 8,1,10,,631936,23,0,55 8,1,50,,758689,23,0,55 8,1,10,,758767,45,0,55 8,1,10,,758690,23,0,55 8,1,10,,758759,23,0,55 8,1,10,,610492,45,0,55 8,1,10,,630501,23,0,55 8,1,50,,758753,23,0,55 8,1,10,,758764,45,0,55 8,1,10,,758771,23,0,55 8,1,9,,758778,23,0,55 8,1,11,,758718,45,0,55 8,1,10,,758711,23,0,55 8,1,50,,758695,23,0,55 8,1,4,,758783,27,0,55 8,1,6,,577849,45,0,55 8,1,14,,758696,45,0,55 8,1,7,,758735,23,0,55 8,1,7,,758773,45,0,55 8,1,14,,758732,45,0,55 8,1,47,,758694,23,0,55 8,1,7,,758678,45,0,55 8,1,14,,758726,45,0,55 8,1,7,,632686,23,0,55 8,1,7,,758743,45,0,55 8,1,14,,758762,45,0,55 8,1,47,,617776,23,0,55 8,1,7,,758687,45,0,55 8,1,14,,758721,45,0,55 8,1,7,,638680,23,0,55 8,1,7,,758760,45,0,55 8,1,14,,665821,45,0,55 8,1,7,,758722,23,0,55 8,1,47,,758692,45,0,55 8,1,14,,758679,45,0,55 8,1,7,,758699,23,0,55 8,1,7,,758715,45,0,55 8,1,14,,626149,45,0,55 8,1,7,,758697,23,0,55 8,1,47,,758705,45,0,55 8,1,12,,758704,45,0,55 8,1,5,,758723,23,0,55 8,1,6,,657870,45,0,55 8,1,12,,758730,45,0,55 8,1,7,,758748,23,0,55 8,1,7,,758745,23,0,55 8,1,9,,758709,45,0,55 8,1,49,,758784,23,0,55 8,1,10,,758710,23,0,55 8,1,9,,758775,45,0,55 8,1,9,,758725,23,0,55 8,1,10,,758749,23,0,55 8,1,9,,674737,45,0,55 8,1,49,,758769,23,0,55 8,1,10,,758786,23,0,55 8,1,9,,758740,45,0,55 8,1,9,,758765,23,0,55 8,1,10,,758724,23,0,55 8,1,9,,758686,45,0,55 8,1,9,,758734,23,0,55 8,1,49,,758772,23,0,55 8,1,9,,758782,45,0,55 8,1,8,,758779,23,0,55 8,1,10,,622856,23,0,55 8,1,9,,758754,45,0,55 8,1,10,,758684,23,0,55 8,1,50,,758706,23,0,55 8,1,10,,758763,45,0,55 8,1,10,,758737,23,0,55 8,1,10,,758736,23,0,55 8,1,10,,758719,45,0,55 8,1,10,,758729,23,0,55 8,1,50,,669557,23,0,55 8,1,10,,758747,45,0,55 8,1,10,,758707,23,0,55 8,1,10,,758781,23,0,55 8,1,10,,758714,45,0,55 8,1,10,,540509,23,0,55 8,1,50,,758693,23,0,55 8,1,11,,688946,23,0,55 8,1,15,,687607,23,0,55 8,1,11,,758685,23,0,55 8,1
12904,'2',528,,758857,23,0,55 8,1,15,,758880,23,0,55 8,1,12,,758818,23,0,55 8,1,50,,758804,45,0,55 8,1,10,,758874,23,0,55 8,1,10,,758853,23,0,55 8,1,10,,758862,45,0,55 8,1,10,,512829,23,0,55 8,1,10,,622414,23,0,55 8,1,50,,680399,45,0,55 8,1,10,,758844,23,0,55 8,1,10,,758831,23,0,55 8,1,10,,758791,45,0,55 8,1,10,,617620,23,0,55 8,1,10,,758890,23,0,55 8,1,49,,758820,45,0,55 8,1,10,,758794,23,0,55 8,1,10,,644051,23,0,55 8,1,10,,758830,45,0,55 8,1,10,,758856,23,0,55 8,1,10,,758803,23,0,55 8,1,50,,758839,45,0,55 8,1,10,,758795,23,0,55 8,1,10,,758788,23,0,55 8,1,10,,758882,45,0,55 8,1,10,,758848,23,0,55 8,1,10,,758801,23,0,55 8,1,50,,758875,45,0,55 8,1,10,,758872,23,0,55 8,1,10,,758884,23,0,55 8,1,10,,758858,45,0,55 8,1,10,,658993,23,0,55 8,1,10,,758888,23,0,55 8,1,50,,758879,45,0,55 8,1,10,,640348,23,0,55 8,1,10,,758861,23,0,55 8,1,10,,758849,45,0,55 8,1,10,,758799,23,0,55 8,1,10,,758883,23,0,55 8,1,49,,614398,45,0,55 8,1,10,,758859,23,0,55 8,1,10,,605352,23,0,55 8,1,9,,758860,45,0,55 8,1,10,,758806,23,0,55 8,1,10,,758807,45,0,55 8,1,50,,758854,23,0,55 8,1,10,,758868,45,0,55 8,1,10,,607377,23,0,55 8,1,10,,758837,45,0,55 8,1,10,,758836,23,0,55 8,1,10,,585935,45,0,55 8,1,50,,758815,23,0,55 8,1,10,,758829,45,0,55 8,1,10,,758813,23,0,55 8,1,10,,758846,45,0,55 8,1,10,,758865,23,0,55 8,1,10,,758832,45,0,55 8,1,50,,665037,23,0,55 8,1,10,,553199,45,0,55 8,1,10,,758825,23,0,55 8,1,10,,758808,45,0,55 8,1,10,,758793,23,0,55 8,1,10,,758851,45,0,55 8,1,50,,758886,23,0,55 8,1,10,,758867,45,0,55 8,1,10,,758810,23,0,55 8,1,10,,690008,45,0,55 8,1,10,,556777,23,0,55 8,1,10,,758809,45,0,55 8,1,50,,758877,23,0,55 8,1,10,,758823,45,0,55 8,1,10,,758828,23,0,55 8,1,10,,758798,45,0,55 8,1,10,,758822,23,0,55 8,1,10,,758841,45,0,55 8,1,50,,758789,23,0,55 8,1,10,,758835,45,0,55 8,1,10,,758870,23,0,55 8,1,10,,758834,45,0,55 8,1,10,,758800,23,0,55 8,1,10,,758855,45,0,55 8,1,50,,758824,23,0,55 8,1,7,,758878,45,0,55 8,1,9,,658043,23,0,55 8,1,10,,758827,45,0,55 8,1,10,,758797,23,0,55 8,1,10,,758891,23,0,55 8,1,10,,758881,45,0,55 8,1,50,,758814,23,0,55 8,1,10,,758852,45,0,55 8,1,10,,758816,23,0,55 8,1,10,,758847,45,0,55 8,1,10,,758838,23,0,55 8,1,10,,758826,45,0,55 8,1,50,,758892,23,0,55 8,1,10,,758812,45,0,55 8,1,10,,758792,23,0,55 8,1,10,,758873,45,0,55 8,1,10,,758863,23,0,55 8,1,10,,758889,45,0,55 8,1,50,,758866,23,0,55 8,1,8,,758871,45,0,55 8,1,10,,669808,23,0,55 8,1,10,,758885,45,0,55 8,1,10,,758796,23,0,55 8,1,10,,758842,45,0,55 8,1,50,,758864,23,0,55 8,1,10,,758840,45,0,55 8,1,10,,536036,23,0,55 8,1,10,,758811,23,0,55 8,1,10,,758887,45,0,55 8,1,10,,758819,23,0,55 8,1,50,,758845,23,0,55 8,1,10,,758821,23,0,55 8,1,10,,758850,23,0,55 8,1,10,,758843,23,0,55 8,1,10,,674227,23,0,55 8,1,10,,758790,23,0,55 8,1,50,,758876,23,0,55 8,1,10,,758802,23,0,55 8,1,13,,758805,23,0,55 8,1,12,,758817,23,0,55 8,1
12904,'3',740,,758919,23,0,55 8,1,15,,758920,23,0,55 8,1,50,,758975,45,0,55 8,1,16,,758939,23,0,55 8,1,14,,758955,45,0,55 8,1,10,,643116,23,0,55 8,1,10,,758942,23,0,55 8,1,50,,609656,45,0,55 8,1,10,,758906,23,0,55 8,1,10,,758958,23,0,55 8,1,10,,620671,45,0,55 8,1,10,,758933,23,0,55 8,1,10,,758974,23,0,55 8,1,50,,758980,45,0,55 8,1,10,,758936,23,0,55 8,1,10,,758893,23,0,55 8,1,10,,758947,45,0,55 8,1,10,,758943,23,0,55 8,1,10,,758901,23,0,55 8,1,50,,758900,45,0,55 8,1,10,,758921,23,0,55 8,1,10,,758952,23,0,55 8,1,10,,758917,45,0,55 8,1,10,,758905,23,0,55 8,1,10,,669249,23,0,55 8,1,49,,758935,45,0,55 8,1,10,,758925,23,0,55 8,1,10,,758948,23,0,55 8,1,10,,758926,45,0,55 8,1,10,,758970,23,0,55 8,1,10,,668842,23,0,55 8,1,50,,758930,45,0,55 8,1,10,,758910,23,0,55 8,1,10,,758904,23,0,55 8,1,10,,596070,45,0,55 8,1,10,,618070,23,0,55 8,1,10,,758968,23,0,55 8,1,50,,758964,45,0,55 8,1,10,,623586,23,0,55 8,1,10,,758976,23,0,55 8,1,10,,758896,45,0,55 8,1,10,,758956,23,0,55 8,1,10,,681489,23,0,55 8,1,50,,758898,45,0,55 8,1,10,,758950,23,0,55 8,1,10,,758961,23,0,55 8,1,10,,758923,45,0,55 8,1,10,,758922,23,0,55 8,1,10,,758924,23,0,55 8,1,50,,758932,45,0,55 8,1,10,,635649,23,0,55 8,1,10,,684734,23,0,55 8,1,10,,655963,45,0,55 8,1,10,,758916,23,0,55 8,1,10,,758927,23,0,55 8,1,50,,758951,45,0,55 8,1,10,,758953,23,0,55 8,1,10,,652479,23,0,55 8,1,10,,758911,45,0,55 8,1,10,,611706,23,0,55 8,1,10,,758972,23,0,55 8,1,50,,758940,45,0,55 8,1,10,,758894,23,0,55 8,1,10,,758977,23,0,55 8,1,10,,619933,45,0,55 8,1,10,,758903,23,0,55 8,1,10,,758967,23,0,55 8,1,50,,758959,45,0,55 8,1,9,,758895,23,0,55 8,1,8,,758913,23,0,55 8,1,10,,758965,45,0,55 8,1,10,,758962,23,0,55 8,1,10,,758931,23,0,55 8,1,50,,758912,45,0,55 8,1,10,,758928,23,0,55 8,1,10,,758969,23,0,55 8,1,10,,758954,45,0,55 8,1,10,,758909,23,0,55 8,1,10,,758897,23,0,55 8,1,50,,758973,45,0,55 8,1,10,,531485,23,0,55 8,1,10,,758946,23,0,55 8,1,10,,758914,45,0,55 8,1,10,,758979,23,0,55 8,1,10,,758944,23,0,55 8,1,50,,758899,45,0,55 8,1,10,,758908,23,0,55 8,1,10,,758963,23,0,55 8,1,10,,663683,45,0,55 8,1,10,,758934,23,0,55 8,1,10,,758929,23,0,55 8,1,50,,758937,45,0,55 8,1,11,,758971,23,0,55 8,1,10,,758941,45,0,55 8,1,10,,758938,23,0,55 8,1,11,,758957,45,0,55 8,1,10,,758978,23,0,55 8,1,50,,758907,23,0,55 8,1,10,,585169,23,0,55 8,1,10,,758902,23,0,55 8,1,10,,676469,23,0,55 8,1,10,,758949,23,0,55 8,1,10,,758966,23,0,55 8,1,50,,758945,23,0,55 8,1,11,,758960,23,0,55 8,1,15,,758918,23,0,55 8,1,12,,758915,23,0,55 8,1
12904,'5',528,,759000,23,0,55 8,1,15,,683047,23,0,55 8,1,15,,759050,23,0,55 8,1,55,,759024,23,0,55 8,1,12,,759065,23,0,55 8,1,10,,652567,23,0,55 8,1,10,,759067,23,0,55 8,1,10,,641397,23,0,55 8,1,50,,759054,23,0,55 8,1,10,,758995,23,0,55 8,1,10,,759022,23,0,55 8,1,10,,759059,23,0,55 8,1,10,,759035,23,0,55 8,1,10,,759076,23,0,55 8,1,50,,758996,45,0,55 8,1,10,,759070,23,0,55 8,1,10,,759074,23,0,55 8,1,10,,759052,45,0,55 8,1,10,,542138,23,0,55 8,1,10,,759020,23,0,55 8,1,50,,759004,45,0,55 8,1,10,,758991,23,0,55 8,1,10,,759021,23,0,55 8,1,10,,759073,45,0,55 8,1,10,,759040,23,0,55 8,1,10,,758998,23,0,55 8,1,50,,758988,45,0,55 8,1,10,,530336,23,0,55 8,1,10,,759008,23,0,55 8,1,10,,758989,45,0,55 8,1,10,,673953,23,0,55 8,1,10,,758993,23,0,55 8,1,50,,759001,45,0,55 8,1,10,,759049,23,0,55 8,1,10,,759016,23,0,55 8,1,10,,759061,45,0,55 8,1,10,,759031,23,0,55 8,1,10,,759058,23,0,55 8,1,49,,759033,45,0,55 8,1,10,,759032,23,0,55 8,1,10,,759066,23,0,55 8,1,10,,759011,45,0,55 8,1,10,,680026,23,0,55 8,1,10,,759015,23,0,55 8,1,50,,759069,45,0,55 8,1,10,,759029,23,0,55 8,1,10,,759030,23,0,55 8,1,10,,567859,45,0,55 8,1,10,,759042,23,0,55 8,1,10,,759056,23,0,55 8,1,50,,759018,45,0,55 8,1,10,,759080,23,0,55 8,1,10,,759009,23,0,55 8,1,10,,758983,45,0,55 8,1,10,,653613,23,0,55 8,1,10,,758986,23,0,55 8,1,50,,759037,45,0,55 8,1,10,,759068,23,0,55 8,1,10,,759078,23,0,55 8,1,10,,759013,45,0,55 8,1,10,,759036,23,0,55 8,1,10,,759057,23,0,55 8,1,50,,759048,45,0,55 8,1,10,,759047,23,0,55 8,1,10,,758984,23,0,55 8,1,10,,759039,45,0,55 8,1,10,,758987,23,0,55 8,1,10,,759043,23,0,55 8,1,50,,758990,45,0,55 8,1,10,,759028,23,0,55 8,1,10,,759071,23,0,55 8,1,10,,630363,45,0,55 8,1,10,,759041,23,0,55 8,1,10,,759081,23,0,55 8,1,50,,758981,45,0,55 8,1,10,,661399,23,0,55 8,1,10,,759027,23,0,55 8,1,10,,759023,45,0,55 8,1,10,,759010,23,0,55 8,1,10,,759046,23,0,55 8,1,50,,759006,45,0,55 8,1,9,,614310,23,0,55 8,1,8,,759045,23,0,55 8,1,10,,759060,45,0,55 8,1,10,,759026,23,0,55 8,1,10,,759025,23,0,55 8,1,50,,759034,45,0,55 8,1,10,,759014,23,0,55 8,1,10,,759064,23,0,55 8,1,10,,759005,45,0,55 8,1,10,,759053,23,0,55 8,1,10,,758994,23,0,55 8,1,50,,759075,45,0,55 8,1,10,,665488,23,0,55 8,1,10,,759079,23,0,55 8,1,10,,758997,45,0,55 8,1,10,,758982,23,0,55 8,1,10,,758999,23,0,55 8,1,50,,685048,45,0,55 8,1,10,,759082,23,0,55 8,1,10,,759072,23,0,55 8,1,10,,650244,45,0,55 8,1,10,,759007,23,0,55 8,1,10,,759062,23,0,55 8,1,50,,759003,45,0,55 8,1,11,,759077,23,0,55 8,1,10,,759019,45,0,55 8,1,10,,759063,23,0,55 8,1,11,,759002,45,0,55 8,1,10,,759038,23,0,55 8,1,50,,535421,23,0,55 8,1,10,,758985,23,0,55 8,1,10,,759012,23,0,55 8,1,10,,663152,23,0,55 8,1,10,,624826,23,0,55 8,1,10,,666835,23,0,55 8,1,50,,758992,23,0,55 8,1,11,,759044,23,0,55 8,1,15,,759017,23,0,55 8,1,12,,759055,23,0,55 8,1
13102,'1',546,,759604,33,0,55 8,1,13,,759562,33,0,55 8,1,53,,522306,33,0,55 8,1,13,,759554,33,0,55 8,1,19,,759584,33,0,55 8,1,13,,759598,33,0,55 8,1,53,,759570,33,0,55 8,1,13,,759578,33,0,55 8,1,13,,759595,33,0,55 8,1,13,,759610,33,0,55 8,1,53,,759560,33,0,55 8,1,13,,759618,33,0,55 8,1,13,,759596,33,0,55 8,1,13,,759613,33,0,55 8,1,13,,759583,33,0,55 8,1,53,,630614,33,0,55 8,1,13,,671867,33,0,55 8,1,15,,759559,33,0,55 8,1,16,,759575,33,0,55 8,1,57,,759579,33,0,55 8,1,17,,759585,33,0,55 8,1,17,,759599,33,0,55 8,1,17,,759616,33,0,55 8,1,57,,759556,33,0,55 8,1,17,,759594,33,0,55 8,1,17,,759612,33,0,55 8,1,57,,759552,33,0,55 8,1,17,,759586,33,0,55 8,1,17,,759608,33,0,55 8,1,17,,759590,33,0,55 8,1,57,,759573,33,0,55 8,1,17,,759588,33,0,55 8,1,17,,759581,33,0,55 8,1,57,,759592,33,0,55 8,1,17,,759551,33,0,55 8,1,17,,759577,33,0,55 8,1,17,,759591,33,0,55 8,1,57,,759555,33,0,55 8,1,17,,759607,33,0,55 8,1,9,,759602,30,0,55 8,1,13,,759597,30,0,55 8,1,53,,670836,30,0,55 8,1,13,,759574,30,0,55 8,1,13,,759614,30,0,55 8,1,13,,759609,30,0,55 8,1,13,,759587,30,0,55 8,1,53,,759600,30,0,55 8,1,13,,759606,30,0,55 8,1,13,,680772,30,0,55 8,1,13,,759557,30,0,55 8,1,53,,662660,30,0,55 8,1,13,,620502,30,0,55 8,1,13,,688922,30,0,55 8,1,13,,759611,30,0,55 8,1,13,,759553,30,0,55 8,1,53,,759550,30,0,55 8,1,17,,759568,30,0,55 8,1,16,,759565,30,0,55 8,1,17,,759569,30,0,55 8,1,57,,759589,30,0,55 8,1,17,,759617,30,0,55 8,1,17,,660103,30,0,55 8,1,57,,759566,30,0,55 8,1,17,,483816,30,0,55 8,1,17,,759576,30,0,55 8,1,17,,759582,30,0,55 8,1,57,,686690,30,0,55 8,1,17,,759572,30,0,55 8,1,17,,759571,30,0,55 8,1,52,,759615,30,0,55 8,1,15,,759564,30,0,55 8,1,17,,759580,30,0,55 8,1,20,,759558,30,0,55 8,1,60,,759603,30,0,55 8,1,20,,759567,30,0,55 8,1,20,,613999,30,0,55 8,1,65,,759601,30,0,55 8,1
13102,'2',707,,759624,33,0,55 8,1,22,,759671,33,0,55 8,1,20,,759625,33,0,55 8,1,60,,759622,33,0,55 8,1,26,,759630,33,0,55 8,1,18,,641509,33,0,55 8,1,58,,759662,33,0,55 8,1,18,,759629,33,0,55 8,1,18,,759619,33,0,55 8,1,58,,759644,33,0,55 8,1,18,,759664,33,0,55 8,1,18,,759673,33,0,55 8,1,18,,516134,33,0,55 8,1,58,,759667,33,0,55 8,1,18,,759637,33,0,55 8,1,18,,759645,33,0,55 8,1,58,,611656,33,0,55 8,1,18,,759633,33,0,55 8,1,15,,645555,33,0,55 8,1,15,,759640,33,0,55 8,1,55,,759668,33,0,55 8,1,15,,759628,33,0,55 8,1,15,,759666,33,0,55 8,1,15,,759653,33,0,55 8,1,55,,759643,33,0,55 8,1,15,,656915,33,0,55 8,1,15,,759654,33,0,55 8,1,15,,759639,33,0,55 8,1,55,,759663,33,0,55 8,1,15,,759672,33,0,55 8,1,12,,759623,30,0,55 8,1,15,,759632,30,0,55 8,1,55,,759636,30,0,55 8,1,15,,759634,30,0,55 8,1,15,,759641,30,0,55 8,1,15,,759642,30,0,55 8,1,55,,759631,30,0,55 8,1,15,,626288,30,0,55 8,1,15,,606698,30,0,55 8,1,15,,759626,30,0,55 8,1,55,,677561,30,0,55 8,1,15,,685404,30,0,55 8,1,15,,759658,30,0,55 8,1,15,,759650,30,0,55 8,1,55,,759661,30,0,55 8,1,15,,759620,30,0,55 8,1,13,,759656,30,0,55 8,1,13,,759649,30,0,55 8,1,56,,759657,30,0,55 8,1,16,,759670,30,0,55 8,1,16,,759652,30,0,55 8,1,16,,759621,30,0,55 8,1,56,,759655,30,0,55 8,1,16,,672579,30,0,55 8,1,16,,656793,30,0,55 8,1,56,,759669,30,0,55 8,1,16,,654969,30,0,55 8,1,16,,759660,30,0,55 8,1,20,,759659,30,0,55 8,1,60,,759646,30,0,55 8,1,20,,759627,30,0,55 8,1,20,,759635,30,0,55 8,1,60,,654385,30,0,55 8,1,20,,759665,30,0,55 8,1,20,,759648,30,0,55 8,1,60,,759651,30,0,55 8,1,20,,682616,30,0,55 8,1,20,,759638,30,0,55 8,1
13102,'3',752,,537754,33,0,55 8,1,60,,759717,33,0,55 8,1,20,,759707,33,0,55 8,1,20,,759690,33,0,55 8,1,60,,759684,33,0,55 8,1,20,,759711,33,0,55 8,1,20,,646431,33,0,55 8,1,60,,759679,33,0,55 8,1,20,,759705,33,0,55 8,1,20,,759709,33,0,55 8,1,60,,615546,33,0,55 8,1,20,,674656,33,0,55 8,1,20,,759715,33,0,55 8,1,60,,759675,33,0,55 8,1,19,,759704,33,0,55 8,1,16,,759701,33,0,55 8,1,56,,759693,33,0,55 8,1,16,,759682,33,0,55 8,1,16,,759697,33,0,55 8,1,16,,759722,33,0,55 8,1,56,,759706,33,0,55 8,1,16,,759720,33,0,55 8,1,16,,759681,33,0,55 8,1,16,,759719,33,0,55 8,1,56,,759703,33,0,55 8,1,16,,759723,30,0,55 8,1,16,,759714,30,0,55 8,1,16,,654685,30,0,55 8,1,56,,759685,30,0,55 8,1,16,,759716,30,0,55 8,1,16,,759687,30,0,55 8,1,56,,759692,30,0,55 8,1,16,,759726,30,0,55 8,1,16,,759696,30,0,55 8,1,16,,759718,30,0,55 8,1,56,,759695,30,0,55 8,1,16,,759683,30,0,55 8,1,16,,759698,30,0,55 8,1,16,,759676,30,0,55 8,1,53,,759694,30,0,55 8,1,14,,759700,30,0,55 8,1,16,,759686,30,0,55 8,1,16,,759688,30,0,55 8,1,56,,759691,30,0,55 8,1,16,,759678,30,0,55 8,1,16,,759702,30,0,55 8,1,16,,759680,30,0,55 8,1,56,,759713,30,0,55 8,1,16,,759727,30,0,55 8,1,16,,759725,30,0,55 8,1,56,,670945,30,0,55 8,1,16,,759674,30,0,55 8,1,17,,759724,30,0,55 8,1,22,,759710,30,0,55 8,1,62,,759708,30,0,55 8,1,22,,759699,30,0,55 8,1,62,,759677,30,0,55 8,1,22,,759712,30,0,55 8,1,20,,759689,30,0,55 8,1
13102,'5',714,,759760,33,0,55 8,1,20,,759733,33,0,55 8,1,18,,759775,33,0,55 8,1,60,,759750,33,0,55 8,1,20,,759737,33,0,55 8,1,20,,759754,33,0,55 8,1,60,,759743,33,0,55 8,1,20,,759762,33,0,55 8,1,20,,759765,33,0,55 8,1,60,,651852,33,0,55 8,1,20,,759752,33,0,55 8,1,20,,759735,33,0,55 8,1,60,,759739,33,0,55 8,1,20,,608807,33,0,55 8,1,20,,759729,33,0,55 8,1,60,,759745,33,0,55 8,1,19,,759741,33,0,55 8,1,16,,620026,33,0,55 8,1,56,,759776,33,0,55 8,1,16,,759728,33,0,55 8,1,16,,759755,33,0,55 8,1,16,,759769,33,0,55 8,1,56,,759763,33,0,55 8,1,16,,759761,33,0,55 8,1,16,,759770,33,0,55 8,1,16,,630389,33,0,55 8,1,56,,669509,33,0,55 8,1,16,,759742,30,0,55 8,1,16,,759774,30,0,55 8,1,16,,759734,30,0,55 8,1,56,,759731,30,0,55 8,1,16,,759773,30,0,55 8,1,16,,687779,30,0,55 8,1,56,,759771,30,0,55 8,1,16,,759757,30,0,55 8,1,16,,631809,30,0,55 8,1,16,,759751,30,0,55 8,1,56,,759740,30,0,55 8,1,16,,759749,30,0,55 8,1,16,,759730,30,0,55 8,1,16,,759772,30,0,55 8,1,53,,759744,30,0,55 8,1,14,,759759,30,0,55 8,1,16,,551366,30,0,55 8,1,16,,759758,30,0,55 8,1,56,,759746,30,0,55 8,1,16,,620778,30,0,55 8,1,16,,759732,30,0,55 8,1,16,,759767,30,0,55 8,1,56,,759768,30,0,55 8,1,16,,759747,30,0,55 8,1,16,,759738,30,0,55 8,1,56,,759764,30,0,55 8,1,16,,662005,30,0,55 8,1,17,,759748,30,0,55 8,1,22,,759777,30,0,55 8,1,62,,759766,30,0,55 8,1,22,,689478,30,0,55 8,1,62,,565187,30,0,55 8,1,22,,578390,30,0,55 8,1,20,,635691,30,0,55 8,1
13304,'1',520,,760498,27,0,55 8,1,15,,760438,27,0,55 8,1,15,,760493,27,0,55 8,1,54,,760456,27,0,55 8,1,15,,760481,26,0,55 8,1,15,,604374,26,0,55 8,1,12,,760446,26,0,55 8,1,12,,760436,26,0,55 8,1,52,,610129,26,0,55 8,1,12,,611557,26,0,55 8,1,12,,760479,26,0,55 8,1,12,,760455,26,0,55 8,1,12,,760470,26,0,55 8,1,52,,760461,26,0,55 8,1,12,,760465,26,0,55 8,1,12,,760449,26,0,55 8,1,12,,760467,26,0,55 8,1,12,,760442,26,0,55 8,1,52,,394708,26,0,55 8,1,10,,760459,27,0,55 8,1,13,,760469,27,0,55 8,1,13,,760433,27,0,55 8,1,12,,760484,27,0,55 8,1,52,,760441,27,0,55 8,1,12,,760458,27,0,55 8,1,12,,528687,27,0,55 8,1,12,,760443,27,0,55 8,1,12,,760483,27,0,55 8,1,52,,760447,27,0,55 8,1,12,,760490,27,0,55 8,1,12,,760499,27,0,55 8,1,11,,760477,27,0,55 8,1,12,,760444,27,0,55 8,1,52,,760452,27,0,55 8,1,12,,550986,27,0,55 8,1,12,,760489,27,0,55 8,1,12,,760494,27,0,55 8,1,12,,760453,27,0,55 8,1,52,,760485,27,0,55 8,1,12,,760460,27,0,55 8,1,12,,760471,27,0,55 8,1,12,,760502,27,0,55 8,1,12,,760440,27,0,55 8,1,52,,647472,27,0,55 8,1,12,,760451,27,0,55 8,1,12,,613961,27,0,55 8,1,11,,760466,27,0,55 8,1,10,,681849,27,0,55 8,1,50,,685097,27,0,55 8,1,10,,760439,27,0,55 8,1,10,,664236,27,0,55 8,1,10,,651518,27,0,55 8,1,10,,646138,27,0,55 8,1,10,,640081,27,0,55 8,1,50,,609728,27,0,55 8,1,10,,760432,27,0,55 8,1,10,,760430,27,0,55 8,1,10,,760495,27,0,55 8,1,10,,760480,27,0,55 8,1,10,,760492,27,0,55 8,1,50,,760434,27,0,55 8,1,10,,673005,27,0,55 8,1,10,,630515,27,0,55 8,1,10,,663200,27,0,55 8,1,10,,760472,27,0,55 8,1,10,,760445,27,0,55 8,1,50,,760488,27,0,55 8,1,10,,760487,27,0,55 8,1,10,,760500,27,0,55 8,1,10,,760462,27,0,55 8,1,10,,760475,27,0,55 8,1,10,,760501,27,0,55 8,1,50,,760497,27,0,55 8,1,9,,665005,27,0,55 8,1,10,,760503,27,0,55 8,1,7,,760468,27,0,55 8,1,10,,593342,27,0,55 8,1,12,,657723,27,0,55 8,1,52,,760454,27,0,55 8,1,12,,760457,27,0,55 8,1,12,,760450,27,0,55 8,1,12,,760464,27,0,55 8,1,12,,760486,27,0,55 8,1,52,,619436,27,0,55 8,1,12,,760448,27,0,55 8,1,12,,760474,27,0,55 8,1,12,,760491,27,0,55 8,1,12,,620140,27,0,55 8,1,50,,760435,27,0,55 8,1,9,,760496,27,0,55 8,1,20,,760478,27,0,55 8,1,25,,760437,27,0,55 8,1,65,,760476,27,0,55 8,1,25,,644254,27,0,55 8,1,65,,760473,27,0,55 8,1,25,,760431,27,0,55 8,1,65,,760463,27,0,55 8,1,25,,532234,27,0,55 8,1,25,,760482,27,0,55 8,1
13304,'2',520,,760567,27,0,55 8,1,29,,760519,27,0,55 8,1,60,,760542,27,0,55 8,1,18,,760543,27,0,55 8,1,18,,681457,27,0,55 8,1,58,,760525,27,0,55 8,1,18,,760516,27,0,55 8,1,18,,760505,27,0,55 8,1,18,,622693,27,0,55 8,1,57,,760529,27,0,55 8,1,18,,760528,27,0,55 8,1,15,,760533,27,0,55 8,1,55,,760515,27,0,55 8,1,15,,760539,27,0,55 8,1,15,,760524,27,0,55 8,1,15,,760536,27,0,55 8,1,55,,760561,27,0,55 8,1,15,,760527,27,0,55 8,1,15,,760523,27,0,55 8,1,15,,617884,27,0,55 8,1,55,,760526,27,0,55 8,1,14,,760553,27,0,55 8,1,15,,760534,27,0,55 8,1,14,,581500,27,0,55 8,1,12,,760560,27,0,55 8,1,52,,567026,27,0,55 8,1,12,,760511,27,0,55 8,1,12,,760549,27,0,55 8,1,12,,662381,27,0,55 8,1,12,,630873,27,0,55 8,1,52,,760517,27,0,55 8,1,12,,760535,27,0,55 8,1,12,,683483,27,0,55 8,1,12,,760537,27,0,55 8,1,12,,760557,27,0,55 8,1,52,,760507,27,0,55 8,1,12,,760541,27,0,55 8,1,12,,610205,27,0,55 8,1,12,,760504,27,0,55 8,1,12,,760514,27,0,55 8,1,52,,615338,27,0,55 8,1,12,,584186,27,0,55 8,1,12,,760565,27,0,55 8,1,12,,760547,27,0,55 8,1,12,,760518,27,0,55 8,1,52,,760555,27,0,55 8,1,12,,760552,27,0,55 8,1,12,,760551,27,0,55 8,1,12,,760513,27,0,55 8,1,12,,760563,27,0,55 8,1,52,,760562,27,0,55 8,1,12,,760566,27,0,55 8,1,12,,683973,27,0,55 8,1,12,,760530,27,0,55 8,1,12,,760550,27,0,55 8,1,52,,760556,27,0,55 8,1,12,,760512,27,0,55 8,1,15,,655906,27,0,55 8,1,14,,760538,27,0,55 8,1,52,,760546,27,0,55 8,1,12,,760558,27,0,55 8,1,12,,652055,27,0,55 8,1,12,,760510,27,0,55 8,1,12,,665302,27,0,55 8,1,52,,760544,27,0,55 8,1,12,,760545,27,0,55 8,1,12,,760508,27,0,55 8,1,12,,760521,27,0,55 8,1,12,,760520,27,0,55 8,1,52,,760509,27,0,55 8,1,12,,760548,27,0,55 8,1,12,,679187,27,0,55 8,1,12,,760564,27,0,55 8,1,12,,760554,27,0,55 8,1,52,,760559,27,0,55 8,1,10,,760522,27,0,55 8,1,17,,760506,27,0,55 8,1,25,,670096,27,0,55 8,1,65,,760540,27,0,55 8,1,25,,619082,27,0,55 8,1,65,,684071,27,0,55 8,1,25,,760531,27,0,55 8,1,25,,760532,27,0,55 8,1,65,,616856,27,0,55 8,1,27,,525612,27,0,55 8,1
13304,'3',710,,681243,27,0,55 8,1,15,,760585,27,0,55 8,1,15,,760594,27,0,55 8,1,15,,760590,27,0,55 8,1,57,,760568,27,0,55 8,1,18,,760609,27,0,55 8,1,15,,760595,27,0,55 8,1,55,,760631,27,0,55 8,1,15,,760637,27,0,55 8,1,15,,760610,27,0,55 8,1,15,,760604,27,0,55 8,1,55,,760602,27,0,55 8,1,15,,760583,27,0,55 8,1,15,,672916,27,0,55 8,1,15,,760597,27,0,55 8,1,55,,559513,27,0,55 8,1,15,,760612,27,0,55 8,1,15,,760599,27,0,55 8,1,12,,760622,27,0,55 8,1,13,,760589,27,0,55 8,1,52,,760575,27,0,55 8,1,12,,760580,27,0,55 8,1,12,,760619,27,0,55 8,1,12,,760621,27,0,55 8,1,12,,760607,27,0,55 8,1,52,,760572,27,0,55 8,1,12,,760620,27,0,55 8,1,12,,623336,27,0,55 8,1,12,,760618,27,0,55 8,1,12,,760606,27,0,55 8,1,52,,760623,27,0,55 8,1,12,,760574,27,0,55 8,1,12,,760626,27,0,55 8,1,12,,760571,27,0,55 8,1,12,,760629,27,0,55 8,1,52,,760630,27,0,55 8,1,12,,760617,27,0,55 8,1,12,,760591,27,0,55 8,1,12,,760636,27,0,55 8,1,12,,760573,27,0,55 8,1,52,,760596,27,0,55 8,1,12,,760611,27,0,55 8,1,12,,760628,27,0,55 8,1,12,,760581,27,0,55 8,1,12,,760635,27,0,55 8,1,52,,678586,27,0,55 8,1,12,,760569,27,0,55 8,1,12,,760616,27,0,55 8,1,12,,760634,27,0,55 8,1,12,,760598,27,0,55 8,1,52,,613787,27,0,55 8,1,12,,760600,27,0,55 8,1,14,,760633,27,0,55 8,1,15,,760587,27,0,55 8,1,54,,760593,27,0,55 8,1,12,,760624,27,0,55 8,1,12,,760579,27,0,55 8,1,12,,760605,27,0,55 8,1,12,,760603,27,0,55 8,1,52,,760584,27,0,55 8,1,12,,760614,27,0,55 8,1,12,,760627,27,0,55 8,1,12,,760586,27,0,55 8,1,12,,760588,27,0,55 8,1,52,,669441,27,0,55 8,1,12,,760601,27,0,55 8,1,12,,760625,27,0,55 8,1,12,,760632,27,0,55 8,1,12,,760582,27,0,55 8,1,52,,760613,27,0,55 8,1,9,,760592,27,0,55 8,1,17,,760570,27,0,55 8,1,25,,760577,27,0,55 8,1,65,,760608,27,0,55 8,1,25,,671010,27,0,55 8,1,65,,760578,27,0,55 8,1,25,,760615,27,0,55 8,1,25,,760639,27,0,55 8,1,65,,760576,27,0,55 8,1,28,,760638,27,0,55 8,1
13304,'5',520,,760655,27,0,55 8,1,20,,682252,27,0,55 8,1,60,,686232,27,0,55 8,1,20,,760694,27,0,55 8,1,20,,760661,27,0,55 8,1,60,,760692,27,0,55 8,1,20,,760688,27,0,55 8,1,20,,760667,27,0,55 8,1,15,,760677,27,0,55 8,1,57,,658402,27,0,55 8,1,18,,760678,27,0,55 8,1,15,,760690,27,0,55 8,1,55,,760682,27,0,55 8,1,15,,760642,27,0,55 8,1,15,,760669,27,0,55 8,1,15,,674493,27,0,55 8,1,55,,760660,27,0,55 8,1,15,,760681,27,0,55 8,1,15,,675443,27,0,55 8,1,15,,760646,27,0,55 8,1,55,,760657,27,0,55 8,1,15,,760673,27,0,55 8,1,15,,538871,27,0,55 8,1,12,,760675,27,0,55 8,1,13,,760700,27,0,55 8,1,52,,678627,27,0,55 8,1,12,,760687,27,0,55 8,1,12,,760685,27,0,55 8,1,12,,556687,27,0,55 8,1,12,,760680,27,0,55 8,1,52,,760668,27,0,55 8,1,12,,760656,27,0,55 8,1,12,,633062,27,0,55 8,1,12,,572865,27,0,55 8,1,12,,664163,27,0,55 8,1,52,,689163,27,0,55 8,1,12,,760653,27,0,55 8,1,12,,573608,27,0,55 8,1,12,,760676,27,0,55 8,1,12,,760696,27,0,55 8,1,52,,760662,27,0,55 8,1,12,,760684,27,0,55 8,1,12,,677045,27,0,55 8,1,12,,760705,27,0,55 8,1,12,,760651,27,0,55 8,1,52,,760670,27,0,55 8,1,12,,760650,27,0,55 8,1,12,,760703,27,0,55 8,1,12,,760683,27,0,55 8,1,12,,760672,27,0,55 8,1,52,,760698,27,0,55 8,1,12,,760686,27,0,55 8,1,12,,760689,27,0,55 8,1,12,,760697,27,0,55 8,1,12,,760640,27,0,55 8,1,52,,667461,27,0,55 8,1,12,,760701,27,0,55 8,1,14,,760663,27,0,55 8,1,15,,760666,27,0,55 8,1,54,,628696,27,0,55 8,1,12,,760649,27,0,55 8,1,12,,674872,27,0,55 8,1,12,,760659,27,0,55 8,1,12,,760665,27,0,55 8,1,52,,760664,27,0,55 8,1,12,,760702,27,0,55 8,1,12,,760704,27,0,55 8,1,12,,760645,27,0,55 8,1,12,,655575,27,0,55 8,1,52,,760643,27,0,55 8,1,12,,654166,27,0,55 8,1,12,,760658,27,0,55 8,1,12,,760679,27,0,55 8,1,12,,760641,27,0,55 8,1,52,,760647,27,0,55 8,1,9,,760644,27,0,55 8,1,17,,760654,27,0,55 8,1,25,,760691,27,0,55 8,1,65,,760671,27,0,55 8,1,25,,760695,27,0,55 8,1,65,,760699,27,0,55 8,1,25,,760693,27,0,55 8,1,25,,760652,27,0,55 8,1,65,,760674,27,0,55 8,1,28,,760648,27,0,55 8,1
90303,'1',540,,643008,6,4,,1,10,,772851,6,4,,1,9,,772807,6,4,,1,50,,772799,6,4,,1,4,,604381,6,4,,1,8,,772847,6,4,,1,10,,772857,6,4,,1,13,,772794,6,4,,1,12,,622603,6,4,,1
90303,'2',2217,,772870,6,4,,1,15,,772888,6,4,,1,15,,772865,6,4,,1,55,,772863,6,4,,1,15,,639082,6,4,,1,15,,772883,6,4,,1,15,,772885,6,4,,1,55,,772873,6,4,,1,15,,772891,6,4,,1,15,,772867,6,4,,1,15,,772881,6,4,,1,55,,772860,6,4,,1,15,,772878,6,4,,1,15,,772913,6,4,,1,11,,772912,6,4,,1
90303,'3',2228,,772949,6,4,,1,15,,772924,6,4,,1,15,,772923,6,4,,1,55,,772928,6,4,,1,15,,772941,6,4,,1,15,,622466,6,4,,1,15,,772956,6,4,,1,55,,772961,6,4,,1,15,,772922,6,4,,1,15,,772971,6,4,,1,15,,772931,6,4,,1,55,,627658,6,4,,1,15,,772977,6,4,,1,15,,772966,6,4,,1
90303,'5',2228,,772985,6,4,,1,15,,649200,6,4,,1,15,,773034,6,4,,1,55,,526817,6,4,,1,15,,773003,6,4,,1,15,,618183,6,4,,1,15,,772989,6,4,,1,55,,772993,6,4,,1,15,,773039,6,4,,1,15,,552988,6,4,,1,15,,666815,6,4,,1,55,,773012,6,4,,1,15,,773041,6,4,,1,15,,773029,6,4,,1
90304,'1',543,,549567,1,0,34 55 8,1,10,,773049,1,0,34 55 8,1,50,,773100,1,0,34 55 8,1,10,,773083,1,0,34 55 8,1,10,,626213,1,0,34 55 8,1,10,,773048,1,0,34 55 8,1,10,,646172,1,0,34 55 8,1,10,,638438,1,0,34 55 8,1,50,,630469,1,0,34 55 8,1,7,,773101,5,0,5 55 8,1,12,,773090,5,0,5 55 8,1,10,,643938,5,0,5 55 8,1,10,,608480,5,0,5 55 8,1,10,,773071,5,0,5 55 8,1,50,,773089,5,0,5 55 8,1,10,,614508,5,0,5 55 8,1,10,,773074,5,0,5 55 8,1,10,,773077,5,0,5 55 8,1,10,,773107,5,0,5 55 8,1,10,,773095,5,0,5 55 8,1,50,,773086,5,0,5 55 8,1,10,,773051,5,0,5 55 8,1,10,,773110,5,0,5 55 8,1,10,,669776,5,0,5 55 8,1,10,,773112,5,0,5 55 8,1,10,,773085,5,0,5 55 8,1,50,,773081,5,0,5 55 8,1,10,,773045,5,0,5 55 8,1,10,,773063,5,0,5 55 8,1,10,,640062,5,0,5 55 8,1,10,,773053,5,0,5 55 8,1,10,,773044,5,0,5 55 8,1,50,,773082,5,0,5 55 8,1,10,,615211,5,0,5 55 8,1,10,,773106,5,0,5 55 8,1,10,,773084,5,0,5 55 8,1,10,,773088,5,0,5 55 8,1,10,,773104,5,0,5 55 8,1,50,,773065,5,0,5 55 8,1,10,,773098,5,0,5 55 8,1,10,,773046,5,0,5 55 8,1,10,,690262,5,0,5 55 8,1,10,,667632,5,0,5 55 8,1,10,,773103,5,0,5 55 8,1,50,,773066,5,0,5 55 8,1,10,,564398,5,0,5 55 8,1,10,,773050,5,0,5 55 8,1,10,,773092,5,0,5 55 8,1,10,,773099,5,0,5 55 8,1,10,,619493,5,0,5 55 8,1,50,,773096,5,0,5 55 8,1,10,,663465,5,0,5 55 8,1,9,,619536,5,0,5 55 8,1,10,,773070,5,0,5 55 8,1,11,,773056,5,0,5 55 8,1,10,,773105,5,0,5 55 8,1,50,,773062,5,0,5 55 8,1,10,,642921,5,0,5 55 8,1,10,,773109,5,0,5 55 8,1,10,,559236,5,0,5 55 8,1,10,,773047,5,0,5 55 8,1,10,,773067,5,0,5 55 8,1,50,,773075,5,0,5 55 8,1,10,,773078,5,0,5 55 8,1,10,,773072,5,0,5 55 8,1,10,,773094,5,0,5 55 8,1,10,,773073,5,0,5 55 8,1,10,,773059,5,0,5 55 8,1,50,,526255,5,0,5 55 8,1,10,,677944,5,0,5 55 8,1,10,,773108,5,0,5 55 8,1,10,,678180,5,0,5 55 8,1,10,,773054,5,0,5 55 8,1,10,,773052,5,0,5 55 8,1,50,,773060,5,0,5 55 8,1,10,,773087,5,0,5 55 8,1,10,,773080,5,0,5 55 8,1,10,,537252,5,0,5 55 8,1,10,,773076,5,0,5 55 8,1,12,,773068,5,0,5 55 8,1,52,,650314,5,0,5 55 8,1,5,,641857,5,0,5 55 8,1,6,,773055,5,0,5 55 8,1,12,,773097,5,0,5 55 8,1,12,,773102,5,0,5 55 8,1,12,,773091,5,0,5 55 8,1,52,,773079,5,0,5 55 8,1,12,,773058,5,0,5 55 8,1,12,,528661,5,0,5 55 8,1,12,,773093,5,0,5 55 8,1,12,,773061,5,0,5 55 8,1,52,,773111,5,0,5 55 8,1,12,,773064,5,0,5 55 8,1,12,,773069,5,0,5 55 8,1,10,,773057,5,0,5 55 8,1
90304,'2',543,,645993,5,0,5 55 8,1,16,,773142,5,0,5 55 8,1,56,,773170,5,0,5 55 8,1,15,,773120,5,0,5 55 8,1,12,,668300,5,0,5 55 8,1,15,,773124,5,0,5 55 8,1,55,,636394,5,0,5 55 8,1,15,,773117,5,0,5 55 8,1,15,,773115,5,0,5 55 8,1,15,,625963,5,0,5 55 8,1,55,,773125,5,0,5 55 8,1,15,,773163,5,0,5 55 8,1,15,,684078,5,0,5 55 8,1,15,,682546,5,0,5 55 8,1,55,,773154,5,0,5 55 8,1,15,,773171,5,0,5 55 8,1,15,,773133,5,0,5 55 8,1,15,,623542,5,0,5 55 8,1,55,,773135,5,0,5 55 8,1,15,,773159,5,0,5 55 8,1,15,,773134,5,0,5 55 8,1,15,,773162,5,0,5 55 8,1,55,,773129,5,0,5 55 8,1,15,,773149,5,0,5 55 8,1,15,,773119,5,0,5 55 8,1,14,,773131,5,0,5 55 8,1,55,,671306,5,0,5 55 8,1,15,,773116,5,0,5 55 8,1,15,,655351,5,0,5 55 8,1,15,,773151,5,0,5 55 8,1,55,,773138,5,0,5 55 8,1,15,,773113,5,0,5 55 8,1,15,,773158,5,0,5 55 8,1,15,,773122,5,0,5 55 8,1,55,,773152,5,0,5 55 8,1,15,,773169,5,0,5 55 8,1,15,,773140,5,0,5 55 8,1,15,,773157,5,0,5 55 8,1,55,,688250,5,0,5 55 8,1,15,,773132,5,0,5 55 8,1,15,,773137,5,0,5 55 8,1,15,,590397,5,0,5 55 8,1,55,,773161,5,0,5 55 8,1,15,,773128,5,0,5 55 8,1,15,,773166,5,0,5 55 8,1,15,,681739,5,0,5 55 8,1,55,,773118,5,0,5 55 8,1,15,,773160,5,0,5 55 8,1,15,,566243,5,0,5 55 8,1,15,,625924,5,0,5 55 8,1,55,,773165,5,0,5 55 8,1,15,,646871,5,0,5 55 8,1,15,,773150,5,0,5 55 8,1,17,,773141,5,0,5 55 8,1,55,,773139,5,0,5 55 8,1,15,,773146,5,0,5 55 8,1,15,,773156,5,0,5 55 8,1,15,,773155,5,0,5 55 8,1,55,,773153,5,0,5 55 8,1,15,,669807,5,0,5 55 8,1,15,,773126,5,0,5 55 8,1,15,,773114,5,0,5 55 8,1,55,,773168,5,0,5 55 8,1,15,,773121,5,0,5 55 8,1,15,,773144,5,0,5 55 8,1,14,,773136,5,0,5 55 8,1,55,,604881,5,0,5 55 8,1,15,,773143,1,0,34 55 8,1,15,,773167,1,0,34 55 8,1,15,,773164,1,0,34 55 8,1,55,,630833,1,0,34 55 8,1,15,,773172,1,0,34 55 8,1,15,,773145,1,0,34 55 8,1,15,,773147,1,0,34 55 8,1,55,,773127,1,0,34 55 8,1,15,,678035,1,0,34 55 8,1,15,,773130,1,0,34 55 8,1,15,,773148,1,0,34 55 8,1,55,,773123,1,0,34 55 8,1,10,,641283,1,0,34 55 8,1
90304,'3',735,,773177,5,0,5 55 8,1,15,,773189,5,0,5 55 8,1,55,,773173,5,0,5 55 8,1,15,,773198,5,0,5 55 8,1,15,,773234,5,0,5 55 8,1,15,,773226,5,0,5 55 8,1,55,,773188,5,0,5 55 8,1,15,,773228,5,0,5 55 8,1,15,,773220,5,0,5 55 8,1,15,,773203,5,0,5 55 8,1,55,,773205,5,0,5 55 8,1,15,,773215,5,0,5 55 8,1,15,,773193,5,0,5 55 8,1,15,,773194,5,0,5 55 8,1,55,,773207,5,0,5 55 8,1,15,,773208,5,0,5 55 8,1,14,,773204,5,0,5 55 8,1,15,,773210,5,0,5 55 8,1,55,,773202,5,0,5 55 8,1,15,,773206,5,0,5 55 8,1,15,,773200,5,0,5 55 8,1,15,,773181,5,0,5 55 8,1,55,,660869,5,0,5 55 8,1,15,,773231,5,0,5 55 8,1,15,,773216,5,0,5 55 8,1,15,,773218,5,0,5 55 8,1,55,,773209,5,0,5 55 8,1,15,,773196,5,0,5 55 8,1,15,,773223,5,0,5 55 8,1,15,,773221,5,0,5 55 8,1,55,,773225,5,0,5 55 8,1,15,,773183,5,0,5 55 8,1,15,,773229,5,0,5 55 8,1,15,,773230,5,0,5 55 8,1,55,,773232,5,0,5 55 8,1,15,,642753,5,0,5 55 8,1,15,,773212,5,0,5 55 8,1,15,,773176,5,0,5 55 8,1,55,,773211,5,0,5 55 8,1,15,,773214,5,0,5 55 8,1,15,,638832,5,0,5 55 8,1,15,,657789,5,0,5 55 8,1,55,,773174,5,0,5 55 8,1,15,,773195,5,0,5 55 8,1,15,,773180,5,0,5 55 8,1,16,,773227,5,0,5 55 8,1,57,,773178,5,0,5 55 8,1,15,,613805,5,0,5 55 8,1,15,,773187,5,0,5 55 8,1,15,,773186,5,0,5 55 8,1,55,,633729,5,0,5 55 8,1,15,,773199,5,0,5 55 8,1,15,,773219,5,0,5 55 8,1,15,,773213,5,0,5 55 8,1,55,,605394,5,0,5 55 8,1,15,,614975,5,0,5 55 8,1,15,,773179,5,0,5 55 8,1,15,,773182,5,0,5 55 8,1,55,,773191,5,0,5 55 8,1,15,,773222,5,0,5 55 8,1,15,,605377,5,0,5 55 8,1,15,,773184,1,0,34 55 8,1,55,,773197,1,0,34 55 8,1,15,,773185,1,0,34 55 8,1,15,,773217,1,0,34 55 8,1,15,,773201,1,0,34 55 8,1,55,,773175,1,0,34 55 8,1,15,,638812,1,0,34 55 8,1,15,,773190,1,0,34 55 8,1,15,,773233,1,0,34 55 8,1,55,,773192,1,0,34 55 8,1,15,,773224,1,0,34 55 8,1
90304,'5',548,,773260,5,0,5 55 8,1,57,,607439,5,0,5 55 8,1,15,,679131,5,0,5 55 8,1,15,,643882,5,0,5 55 8,1,15,,773256,5,0,5 55 8,1,55,,773252,5,0,5 55 8,1,15,,652499,5,0,5 55 8,1,15,,620750,5,0,5 55 8,1,15,,675868,5,0,5 55 8,1,55,,773284,5,0,5 55 8,1,15,,773282,5,0,5 55 8,1,15,,773258,5,0,5 55 8,1,15,,681911,5,0,5 55 8,1,55,,773238,5,0,5 55 8,1,15,,773266,5,0,5 55 8,1,15,,773274,5,0,5 55 8,1,15,,773279,5,0,5 55 8,1,55,,773240,5,0,5 55 8,1,15,,773247,5,0,5 55 8,1,15,,552797,5,0,5 55 8,1,15,,644870,5,0,5 55 8,1,55,,773255,5,0,5 55 8,1,15,,773264,5,0,5 55 8,1,15,,773257,5,0,5 55 8,1,14,,606982,5,0,5 55 8,1,55,,773245,5,0,5 55 8,1,15,,773276,5,0,5 55 8,1,15,,773265,5,0,5 55 8,1,15,,773273,5,0,5 55 8,1,55,,773263,5,0,5 55 8,1,15,,643537,5,0,5 55 8,1,15,,773268,5,0,5 55 8,1,15,,543498,5,0,5 55 8,1,55,,773262,5,0,5 55 8,1,15,,773261,5,0,5 55 8,1,15,,773239,5,0,5 55 8,1,15,,773246,5,0,5 55 8,1,55,,773285,5,0,5 55 8,1,15,,773253,5,0,5 55 8,1,15,,654748,5,0,5 55 8,1,15,,773278,5,0,5 55 8,1,55,,773270,5,0,5 55 8,1,15,,773271,5,0,5 55 8,1,15,,773243,5,0,5 55 8,1,15,,773251,5,0,5 55 8,1,55,,773249,5,0,5 55 8,1,15,,773254,5,0,5 55 8,1,15,,678973,5,0,5 55 8,1,15,,773250,5,0,5 55 8,1,55,,773275,5,0,5 55 8,1,15,,773267,5,0,5 55 8,1,15,,773277,5,0,5 55 8,1,16,,773259,5,0,5 55 8,1,57,,773280,5,0,5 55 8,1,15,,773286,5,0,5 55 8,1,15,,655643,5,0,5 55 8,1,15,,773283,5,0,5 55 8,1,55,,622241,5,0,5 55 8,1,15,,773269,5,0,5 55 8,1,15,,773235,5,0,5 55 8,1,15,,773272,5,0,5 55 8,1,55,,773290,5,0,5 55 8,1,15,,773236,5,0,5 55 8,1,15,,680016,5,0,5 55 8,1,15,,606610,5,0,5 55 8,1,55,,773242,5,0,5 55 8,1,15,,773287,5,0,5 55 8,1,15,,773237,5,0,5 55 8,1,15,,773289,1,0,34 55 8,1,55,,773288,1,0,34 55 8,1,15,,773241,1,0,34 55 8,1,15,,773248,1,0,34 55 8,1,15,,641634,1,0,34 55 8,1,55,,525301,1,0,34 55 8,1,15,,606583,1,0,34 55 8,1,15,,773244,1,0,34 55 8,1,15,,686634,1,0,34 55 8,1,55,,773281,1,0,34 55 8,1,15,,773291,1,0,34 55 8,1
90404,'1',701,,617850,12,0,55 8,1,15,,646998,12,0,55 8,1,19,,773546,12,0,55 8,1,15,,669141,12,0,55 8,1,55,,513189,12,0,55 8,1,15,,773589,12,0,55 8,1,15,,773556,12,0,55 8,1,15,,773573,12,0,55 8,1,55,,773545,12,0,55 8,1,15,,773554,12,0,55 8,1,12,,773590,12,0,55 8,1,12,,773568,12,0,55 8,1,12,,773591,12,0,55 8,1,52,,566940,12,0,55 8,1,12,,543681,12,0,55 8,1,12,,773552,12,0,55 8,1,12,,773583,12,0,55 8,1,12,,483858,12,0,55 8,1,52,,773559,12,0,55 8,1,12,,773551,12,0,55 8,1,12,,612799,12,0,55 8,1,12,,686504,12,0,55 8,1,12,,773575,12,0,55 8,1,52,,616529,12,0,55 8,1,12,,687631,12,0,55 8,1,12,,773555,12,0,55 8,1,12,,773547,12,0,55 8,1,12,,773567,12,0,55 8,1,52,,615210,12,0,55 8,1,12,,773550,12,0,55 8,1,12,,617860,12,0,55 8,1,12,,773557,12,0,55 8,1,12,,623722,12,0,55 8,1,52,,687179,12,0,55 8,1,12,,689675,12,0,55 8,1,12,,681701,12,0,55 8,1,12,,606121,12,0,55 8,1,12,,773586,12,0,55 8,1,52,,773553,12,0,55 8,1,12,,773566,12,0,55 8,1,17,,773570,12,0,55 8,1,12,,773548,12,0,55 8,1,55,,618762,12,0,55 8,1,15,,773580,12,0,55 8,1,15,,773576,12,0,55 8,1,15,,773584,12,0,55 8,1,55,,628054,12,0,55 8,1,15,,773561,12,0,55 8,1,15,,773587,12,0,55 8,1,15,,773543,12,0,55 8,1,55,,773560,12,0,55 8,1,15,,773572,12,0,55 8,1,15,,773578,12,0,55 8,1,15,,773593,12,0,55 8,1,55,,483884,12,0,55 8,1,15,,773565,12,0,55 8,1,8,,773569,12,0,55 8,1,15,,773577,12,0,55 8,1,15,,634062,12,0,55 8,1,55,,773549,12,0,55 8,1,15,,773581,12,0,55 8,1,15,,773544,12,0,55 8,1,15,,773539,12,0,55 8,1,55,,773540,12,0,55 8,1,15,,773558,12,0,55 8,1,15,,773585,12,0,55 8,1,15,,773574,12,0,55 8,1,55,,773579,12,0,55 8,1,12,,529410,12,0,55 8,1,15,,773571,12,0,55 8,1,15,,773564,12,0,55 8,1,55,,773592,12,0,55 8,1,15,,773562,12,0,55 8,1,15,,678834,12,0,55 8,1,15,,773541,12,0,55 8,1,55,,773563,12,0,55 8,1,15,,773582,12,0,55 8,1,15,,595294,12,0,55 8,1,15,,773588,12,0,55 8,1,55,,773542,12,0,55 8,1,15,,647943,12,0,55 8,1
90404,'2',720,,773626,12,0,55 8,1,15,,773633,12,0,55 8,1,15,,773624,12,0,55 8,1,55,,773614,12,0,55 8,1,15,,773625,12,0,55 8,1,20,,773606,12,0,55 8,1,15,,773596,12,0,55 8,1,55,,465481,12,0,55 8,1,15,,490421,12,0,55 8,1,15,,773636,12,0,55 8,1,15,,773639,12,0,55 8,1,55,,773637,12,0,55 8,1,15,,773621,12,0,55 8,1,15,,773638,12,0,55 8,1,15,,773646,12,0,55 8,1,55,,773648,12,0,55 8,1,15,,773611,12,0,55 8,1,15,,773642,12,0,55 8,1,15,,773616,12,0,55 8,1,55,,773595,12,0,55 8,1,15,,480301,12,0,55 8,1,18,,773597,12,0,55 8,1,15,,773620,12,0,55 8,1,55,,773631,12,0,55 8,1,15,,682388,12,0,55 8,1,15,,773598,12,0,55 8,1,15,,773629,12,0,55 8,1,55,,773634,12,0,55 8,1,15,,640891,12,0,55 8,1,15,,773649,12,0,55 8,1,15,,625093,12,0,55 8,1,55,,773641,12,0,55 8,1,15,,773608,12,0,55 8,1,15,,773623,12,0,55 8,1,15,,662943,12,0,55 8,1,55,,773632,12,0,55 8,1,15,,773599,12,0,55 8,1,15,,677211,12,0,55 8,1,15,,773604,12,0,55 8,1,55,,773627,12,0,55 8,1,15,,773612,12,0,55 8,1,15,,773600,12,0,55 8,1,15,,773617,12,0,55 8,1,55,,773644,12,0,55 8,1,15,,677870,12,0,55 8,1,15,,600813,12,0,55 8,1,15,,773640,12,0,55 8,1,55,,773628,12,0,55 8,1,15,,773635,12,0,55 8,1,12,,773610,12,0,55 8,1,15,,773619,12,0,55 8,1,55,,773594,12,0,55 8,1,15,,773622,12,0,55 8,1,15,,773601,12,0,55 8,1,15,,773647,12,0,55 8,1,55,,606921,12,0,55 8,1,15,,773645,12,0,55 8,1,15,,659640,12,0,55 8,1,15,,638225,12,0,55 8,1,55,,773603,12,0,55 8,1,15,,614024,12,0,55 8,1,12,,773602,12,0,55 8,1,15,,624128,12,0,55 8,1,55,,773643,12,0,55 8,1,15,,773613,12,0,55 8,1,15,,667957,12,0,55 8,1,15,,669649,12,0,55 8,1,55,,773615,12,0,55 8,1,15,,773607,12,0,55 8,1,15,,773630,12,0,55 8,1,15,,773618,12,0,55 8,1,55,,773609,12,0,55 8,1,17,,773605,12,0,55 8,1
90404,'3',821,,773654,12,0,55 8,1,17,,773699,12,0,55 8,1,17,,773693,12,0,55 8,1,54,,773663,12,0,55 8,1,15,,684739,12,0,55 8,1,15,,773698,12,0,55 8,1,15,,773665,12,0,55 8,1,55,,773687,12,0,55 8,1,15,,773703,12,0,55 8,1,15,,773686,12,0,55 8,1,15,,773658,12,0,55 8,1,55,,773673,12,0,55 8,1,15,,773666,12,0,55 8,1,15,,686011,12,0,55 8,1,15,,773691,12,0,55 8,1,55,,773656,12,0,55 8,1,17,,773690,12,0,55 8,1,19,,773659,12,0,55 8,1,55,,773672,12,0,55 8,1,15,,773683,12,0,55 8,1,15,,773682,12,0,55 8,1,15,,601333,12,0,55 8,1,55,,773671,12,0,55 8,1,15,,617484,12,0,55 8,1,15,,773701,12,0,55 8,1,15,,564477,12,0,55 8,1,55,,773705,12,0,55 8,1,15,,773695,12,0,55 8,1,15,,682915,12,0,55 8,1,15,,773653,12,0,55 8,1,55,,773679,12,0,55 8,1,15,,773677,12,0,55 8,1,15,,773669,12,0,55 8,1,15,,773702,12,0,55 8,1,55,,773664,12,0,55 8,1,15,,773681,12,0,55 8,1,15,,773661,12,0,55 8,1,15,,773657,12,0,55 8,1,55,,773696,12,0,55 8,1,15,,773694,12,0,55 8,1,15,,773675,12,0,55 8,1,15,,773700,12,0,55 8,1,55,,773652,12,0,55 8,1,15,,773692,12,0,55 8,1,12,,440717,12,0,55 8,1,13,,773689,12,0,55 8,1,15,,773660,12,0,55 8,1,58,,773685,12,0,55 8,1,15,,773668,12,0,55 8,1,15,,773676,12,0,55 8,1,15,,773662,12,0,55 8,1,55,,773697,12,0,55 8,1,15,,604921,12,0,55 8,1,15,,773651,12,0,55 8,1,15,,773667,12,0,55 8,1,55,,773706,12,0,55 8,1,13,,606797,12,0,55 8,1,15,,773650,12,0,55 8,1,15,,773670,12,0,55 8,1,52,,773678,12,0,55 8,1,15,,773688,12,0,55 8,1,15,,773704,12,0,55 8,1,15,,773655,12,0,55 8,1,55,,773674,12,0,55 8,1,15,,773684,12,0,55 8,1,15,,617487,12,0,55 8,1,20,,627633,12,0,55 8,1,65,,773680,12,0,55 8,1
90404,'5',720,,668547,12,0,55 8,1,19,,773722,12,0,55 8,1,15,,626056,12,0,55 8,1,55,,773727,12,0,55 8,1,15,,773757,12,0,55 8,1,15,,668908,12,0,55 8,1,15,,685910,12,0,55 8,1,55,,773744,12,0,55 8,1,15,,773716,12,0,55 8,1,15,,773748,12,0,55 8,1,15,,773718,12,0,55 8,1,55,,773755,12,0,55 8,1,15,,773708,12,0,55 8,1,15,,773713,12,0,55 8,1,15,,773719,12,0,55 8,1,55,,652866,12,0,55 8,1,15,,773714,12,0,55 8,1,15,,611093,12,0,55 8,1,15,,773720,12,0,55 8,1,55,,773732,12,0,55 8,1,17,,773741,12,0,55 8,1,19,,773747,12,0,55 8,1,55,,773707,12,0,55 8,1,15,,773750,12,0,55 8,1,15,,773723,12,0,55 8,1,15,,773754,12,0,55 8,1,55,,658766,12,0,55 8,1,15,,543543,12,0,55 8,1,15,,773749,12,0,55 8,1,15,,773712,12,0,55 8,1,55,,773709,12,0,55 8,1,15,,773710,12,0,55 8,1,15,,548813,12,0,55 8,1,15,,773756,12,0,55 8,1,55,,773717,12,0,55 8,1,15,,667739,12,0,55 8,1,15,,773734,12,0,55 8,1,15,,773746,12,0,55 8,1,55,,773745,12,0,55 8,1,15,,773726,12,0,55 8,1,15,,773752,12,0,55 8,1,15,,638922,12,0,55 8,1,55,,773737,12,0,55 8,1,15,,773740,12,0,55 8,1,15,,633488,12,0,55 8,1,15,,773730,12,0,55 8,1,55,,773725,12,0,55 8,1,15,,773742,12,0,55 8,1,12,,773731,12,0,55 8,1,13,,773753,12,0,55 8,1,15,,773711,12,0,55 8,1,58,,773729,12,0,55 8,1,15,,773736,12,0,55 8,1,15,,773751,12,0,55 8,1,15,,538935,12,0,55 8,1,55,,578457,12,0,55 8,1,15,,773728,12,0,55 8,1,15,,773735,12,0,55 8,1,15,,654803,12,0,55 8,1,55,,681141,12,0,55 8,1,13,,643752,12,0,55 8,1,15,,773758,12,0,55 8,1,15,,773724,12,0,55 8,1,52,,642432,12,0,55 8,1,15,,773721,12,0,55 8,1,15,,773739,12,0,55 8,1,15,,773743,12,0,55 8,1,55,,773715,12,0,55 8,1,15,,773733,12,0,55 8,1,15,,773738,12,0,55 8,1,20,,539197,12,0,55 8,1,65,,684421,12,0,55 8,1
93802,'1',1441,,777229,6,0,55 8,1,16,,777231,6,0,55 8,1,55,,777225,6,0,55 8,1,15,,777236,6,0,55 8,1,15,,777223,6,0,55 8,1,15,,777233,6,0,55 8,1,55,,644244,6,0,55 8,1,15,,777235,6,0,55 8,1,15,,777226,6,0,55 8,1,15,,777234,6,0,55 8,1,55,,651874,6,0,55 8,1,15,,620168,6,0,55 8,1,15,,777227,6,0,55 8,1,15,,612403,6,0,55 8,1,55,,777228,6,0,55 8,1,15,,777230,6,0,55 8,1,15,,777224,6,0,55 8,1,15,,777232,6,0,55 8,1
93901,'1',535,,777360,5,0,5 55 8,1,10,,777246,5,0,5 55 8,1,10,,777247,5,0,5 55 8,1,50,,777252,5,0,5 55 8,1,10,,777356,5,0,5 55 8,1,2,,777316,5,0,5 55 8,1,10,,777255,5,0,5 55 8,1,10,,777290,5,0,5 55 8,1,10,,777283,5,0,5 55 8,1,10,,777254,5,0,5 55 8,1,48,,777342,21,0,34 55 8,1,10,,777259,21,0,34 55 8,1,10,,777263,21,0,34 55 8,1,10,,777266,21,0,34 55 8,1,9,,777369,21,0,34 55 8,1,12,,525706,21,0,34 55 8,1,50,,777238,21,0,34 55 8,1,5,,606871,5,0,5 55 8,1,5,,457003,21,0,34 55 8,1,10,,617365,21,0,34 55 8,1,9,,777372,5,0,5 55 8,1,1,,673845,21,0,34 55 8,1,10,,777287,21,0,34 55 8,1,10,,777354,21,0,34 55 8,1,45,,777264,5,0,5 55 8,1,5,,777248,21,0,34 55 8,1,10,,777297,21,0,34 55 8,1,10,,481971,21,0,34 55 8,1,5,,777307,5,0,5 55 8,1,5,,777314,21,0,34 55 8,1,10,,777371,5,0,5 55 8,1,10,,777317,21,0,34 55 8,1,47,,777270,16,0,5 55 8,1,8,,608050,21,0,34 55 8,1,7,,674979,16,0,5 55 8,1,8,,777271,21,0,34 55 8,1,7,,777361,16,0,5 55 8,1,8,,777293,21,0,34 55 8,1,7,,777237,16,0,5 55 8,1,8,,641682,21,0,34 55 8,1,47,,777324,16,0,5 55 8,1,8,,665792,21,0,34 55 8,1,7,,777274,16,0,5 55 8,1,8,,777300,21,0,34 55 8,1,7,,777322,16,0,5 55 8,1,8,,777336,21,0,34 55 8,1,7,,390103,16,0,5 55 8,1,8,,672984,21,0,34 55 8,1,47,,777285,16,0,5 55 8,1,8,,777318,21,0,34 55 8,1,7,,777306,16,0,5 55 8,1,8,,671143,21,0,34 55 8,1,7,,777242,16,0,5 55 8,1,8,,777357,21,0,34 55 8,1,7,,644173,16,0,5 55 8,1,8,,777346,21,0,34 55 8,1,47,,777333,16,0,5 55 8,1,8,,777281,21,0,34 55 8,1,7,,777243,16,0,5 55 8,1,8,,777278,21,0,34 55 8,1,7,,777319,16,0,5 55 8,1,8,,777337,21,0,34 55 8,1,7,,627109,16,0,5 55 8,1,8,,777288,21,0,34 55 8,1,47,,777279,16,0,5 55 8,1,8,,777280,21,0,34 55 8,1,7,,777277,16,0,5 55 8,1,8,,659600,21,0,34 55 8,1,7,,777294,16,0,5 55 8,1,11,,777358,21,0,34 55 8,1,58,,627020,21,0,34 55 8,1,17,,777338,21,0,34 55 8,1,15,,644465,21,0,34 55 8,1,15,,777291,21,0,34 55 8,1,55,,777347,21,0,34 55 8,1,15,,681791,21,0,34 55 8,1,15,,648479,21,0,34 55 8,1,15,,777260,21,0,34 55 8,1,55,,640579,21,0,34 55 8,1,15,,605502,21,0,34 55 8,1,15,,777367,21,0,34 55 8,1,15,,777311,21,0,34 55 8,1,55,,777351,21,0,34 55 8,1,15,,777292,21,0,34 55 8,1,15,,777305,21,0,34 55 8,1,15,,777344,21,0,34 55 8,1,55,,777286,21,0,34 55 8,1,5,,777272,5,0,5 55 8,1,10,,646170,21,0,34 55 8,1,14,,777362,21,0,34 55 8,1,13,,777345,21,0,34 55 8,1,4,,777298,16,0,5 55 8,1,56,,777355,21,0,34 55 8,1,3,,777327,16,0,5 55 8,1,10,,634082,21,0,34 55 8,1,10,,649834,16,0,5 55 8,1,10,,777261,21,0,34 55 8,1,10,,570045,16,0,5 55 8,1,10,,616824,21,0,34 55 8,1,50,,777365,16,0,5 55 8,1,10,,777241,21,0,34 55 8,1,10,,614677,16,0,5 55 8,1,10,,614501,21,0,34 55 8,1,10,,777368,16,0,5 55 8,1,10,,777267,21,0,34 55 8,1,50,,634084,16,0,5 55 8,1,10,,777265,21,0,34 55 8,1,7,,667903,16,0,5 55 8,1,13,,777339,21,0,34 55 8,1,9,,777273,16,0,5 55 8,1,52,,672515,16,0,5 55 8,1,15,,777282,16,0,5 55 8,1,15,,777331,16,0,5 55 8,1,15,,631866,16,0,5 55 8,1,55,,777244,16,0,5 55 8,1,15,,777334,16,0,5 55 8,1,15,,777364,16,0,5 55 8,1,15,,777240,16,0,5 55 8,1,55,,777295,16,0,5 55 8,1,15,,674977,16,0,5 55 8,1,20,,777302,16,0,5 55 8,1
93901,'2',900,,777385,16,0,5 55 8,1,8,,777416,21,0,34 55 8,1,10,,777393,16,0,5 55 8,1,10,,639639,21,0,34 55 8,1,10,,777418,16,0,5 55 8,1,10,,777412,21,0,34 55 8,1,10,,777437,16,0,5 55 8,1,50,,777450,21,0,34 55 8,1,10,,777388,16,0,5 55 8,1,10,,777429,21,0,34 55 8,1,10,,777441,16,0,5 55 8,1,10,,777422,21,0,34 55 8,1,10,,777436,16,0,5 55 8,1,50,,777403,21,0,34 55 8,1,10,,777400,16,0,5 55 8,1,10,,777452,21,0,34 55 8,1,10,,777415,16,0,5 55 8,1,11,,777406,21,0,34 55 8,1,8,,631552,16,0,5 55 8,1,47,,777409,21,0,34 55 8,1,8,,587061,16,0,5 55 8,1,7,,777394,21,0,34 55 8,1,8,,777439,16,0,5 55 8,1,7,,777443,21,0,34 55 8,1,8,,777386,16,0,5 55 8,1,7,,631457,21,0,34 55 8,1,8,,777442,16,0,5 55 8,1,47,,777375,21,0,34 55 8,1,8,,777398,16,0,5 55 8,1,7,,777417,21,0,34 55 8,1,8,,777380,16,0,5 55 8,1,7,,777449,21,0,34 55 8,1,8,,777432,16,0,5 55 8,1,7,,777448,21,0,34 55 8,1,8,,777435,16,0,5 55 8,1,47,,777424,21,0,34 55 8,1,8,,777428,16,0,5 55 8,1,7,,777426,21,0,34 55 8,1,8,,471606,16,0,5 55 8,1,7,,599518,21,0,34 55 8,1,8,,593573,16,0,5 55 8,1,7,,639926,21,0,34 55 8,1,8,,777387,16,0,5 55 8,1,47,,777374,21,0,34 55 8,1,8,,777421,16,0,5 55 8,1,7,,777451,21,0,34 55 8,1,8,,777390,16,0,5 55 8,1,7,,657525,21,0,34 55 8,1,8,,777404,16,0,5 55 8,1,7,,628268,21,0,34 55 8,1,8,,777434,16,0,5 55 8,1,47,,777391,21,0,34 55 8,1,8,,777377,16,0,5 55 8,1,7,,777399,21,0,34 55 8,1,8,,777401,16,0,5 55 8,1,7,,777402,21,0,34 55 8,1,8,,777425,16,0,5 55 8,1,7,,777445,21,0,34 55 8,1,8,,650417,16,0,5 55 8,1,47,,777376,21,0,34 55 8,1,8,,662753,16,0,5 55 8,1,7,,777446,21,0,34 55 8,1,8,,542462,16,0,5 55 8,1,7,,777378,21,0,34 55 8,1,8,,777381,16,0,5 55 8,1,7,,663845,21,0,34 55 8,1,8,,777396,16,0,5 55 8,1,47,,777384,21,0,34 55 8,1,8,,777438,16,0,5 55 8,1,7,,777397,21,0,34 55 8,1,8,,777440,16,0,5 55 8,1,7,,777423,21,0,34 55 8,1,8,,777383,16,0,5 55 8,1,7,,777447,21,0,34 55 8,1,8,,777407,16,0,5 55 8,1,47,,777395,21,0,34 55 8,1,8,,777410,16,0,5 55 8,1,7,,777389,21,0,34 55 8,1,8,,777430,16,0,5 55 8,1,7,,777379,21,0,34 55 8,1,8,,777382,16,0,5 55 8,1,9,,653423,16,0,5 55 8,1,53,,631451,16,0,5 55 8,1,13,,777431,16,0,5 55 8,1,13,,610176,16,0,5 55 8,1,13,,608924,16,0,5 55 8,1,13,,777411,16,0,5 55 8,1,53,,688561,16,0,5 55 8,1,13,,618512,16,0,5 55 8,1,13,,643406,16,0,5 55 8,1,13,,777433,16,0,5 55 8,1,53,,777420,16,0,5 55 8,1,13,,777405,16,0,5 55 8,1,13,,654581,16,0,5 55 8,1,13,,777392,16,0,5 55 8,1
93901,'3',834,,777505,16,0,5 55 8,1,8,,777473,21,0,34 55 8,1,10,,648252,16,0,5 55 8,1,50,,777495,21,0,34 55 8,1,10,,777477,16,0,5 55 8,1,10,,777466,21,0,34 55 8,1,10,,777456,16,0,5 55 8,1,10,,777461,21,0,34 55 8,1,10,,777486,16,0,5 55 8,1,50,,777468,21,0,34 55 8,1,10,,777508,16,0,5 55 8,1,10,,777520,21,0,34 55 8,1,10,,777501,16,0,5 55 8,1,10,,777457,21,0,34 55 8,1,10,,777506,16,0,5 55 8,1,50,,777516,21,0,34 55 8,1,10,,777471,16,0,5 55 8,1,10,,777496,21,0,34 55 8,1,10,,624180,16,0,5 55 8,1,14,,635160,21,0,34 55 8,1,10,,777479,16,0,5 55 8,1,50,,520021,21,0,34 55 8,1,10,,777511,16,0,5 55 8,1,10,,777483,21,0,34 55 8,1,10,,777502,16,0,5 55 8,1,10,,777510,21,0,34 55 8,1,10,,777515,16,0,5 55 8,1,50,,777481,21,0,34 55 8,1,10,,656526,16,0,5 55 8,1,10,,777507,21,0,34 55 8,1,10,,680482,16,0,5 55 8,1,10,,777512,21,0,34 55 8,1,10,,777455,16,0,5 55 8,1,50,,777489,21,0,34 55 8,1,10,,777464,16,0,5 55 8,1,10,,777499,21,0,34 55 8,1,10,,566306,16,0,5 55 8,1,10,,678579,21,0,34 55 8,1,10,,777492,16,0,5 55 8,1,50,,777480,21,0,34 55 8,1,10,,777503,16,0,5 55 8,1,10,,777469,21,0,34 55 8,1,10,,649584,16,0,5 55 8,1,10,,777509,21,0,34 55 8,1,10,,777485,16,0,5 55 8,1,50,,777498,21,0,34 55 8,1,10,,777490,16,0,5 55 8,1,10,,777475,21,0,34 55 8,1,10,,777463,16,0,5 55 8,1,10,,777467,21,0,34 55 8,1,10,,777521,16,0,5 55 8,1,50,,777488,21,0,34 55 8,1,10,,777497,16,0,5 55 8,1,10,,777491,21,0,34 55 8,1,10,,777504,16,0,5 55 8,1,10,,682505,21,0,34 55 8,1,10,,594448,16,0,5 55 8,1,50,,777478,21,0,34 55 8,1,10,,543400,16,0,5 55 8,1,10,,617311,21,0,34 55 8,1,10,,777494,16,0,5 55 8,1,10,,777470,21,0,34 55 8,1,10,,777487,16,0,5 55 8,1,50,,777484,21,0,34 55 8,1,10,,777518,16,0,5 55 8,1,10,,777472,21,0,34 55 8,1,10,,777474,16,0,5 55 8,1,10,,777514,21,0,34 55 8,1,12,,777500,16,0,5 55 8,1,57,,777513,21,0,34 55 8,1,9,,777465,16,0,5 55 8,1,13,,624186,16,0,5 55 8,1,13,,777517,16,0,5 55 8,1,53,,777459,16,0,5 55 8,1,13,,777454,16,0,5 55 8,1,13,,777482,16,0,5 55 8,1,13,,777458,16,0,5 55 8,1,13,,777519,16,0,5 55 8,1,53,,777462,16,0,5 55 8,1,13,,777460,16,0,5 55 8,1,14,,777453,16,0,5 55 8,1
93901,'5',852,,777570,16,0,5 55 8,1,50,,777540,21,0,34 55 8,1,10,,539043,16,0,5 55 8,1,10,,777559,21,0,34 55 8,1,10,,777583,16,0,5 55 8,1,10,,777523,21,0,34 55 8,1,10,,777542,16,0,5 55 8,1,50,,777534,21,0,34 55 8,1,10,,777533,16,0,5 55 8,1,10,,609660,21,0,34 55 8,1,10,,777581,16,0,5 55 8,1,10,,777568,21,0,34 55 8,1,10,,641840,16,0,5 55 8,1,50,,777531,21,0,34 55 8,1,10,,777554,16,0,5 55 8,1,10,,777541,21,0,34 55 8,1,10,,777535,16,0,5 55 8,1,14,,777547,21,0,34 55 8,1,10,,777560,16,0,5 55 8,1,50,,777545,21,0,34 55 8,1,10,,623079,16,0,5 55 8,1,10,,777585,21,0,34 55 8,1,10,,777553,16,0,5 55 8,1,10,,777557,21,0,34 55 8,1,10,,777563,16,0,5 55 8,1,50,,569424,21,0,34 55 8,1,10,,777550,16,0,5 55 8,1,10,,777537,21,0,34 55 8,1,10,,777556,16,0,5 55 8,1,10,,777526,21,0,34 55 8,1,10,,777575,16,0,5 55 8,1,50,,574657,21,0,34 55 8,1,10,,777561,16,0,5 55 8,1,10,,777530,21,0,34 55 8,1,10,,777588,16,0,5 55 8,1,10,,777590,21,0,34 55 8,1,10,,777527,16,0,5 55 8,1,50,,644805,21,0,34 55 8,1,10,,777543,16,0,5 55 8,1,10,,777584,21,0,34 55 8,1,10,,777578,16,0,5 55 8,1,10,,777586,21,0,34 55 8,1,10,,777528,16,0,5 55 8,1,50,,777548,21,0,34 55 8,1,10,,777522,16,0,5 55 8,1,10,,777567,21,0,34 55 8,1,10,,777564,16,0,5 55 8,1,10,,777582,21,0,34 55 8,1,10,,777552,16,0,5 55 8,1,50,,603916,21,0,34 55 8,1,10,,777574,16,0,5 55 8,1,10,,610842,21,0,34 55 8,1,10,,777573,16,0,5 55 8,1,10,,777579,21,0,34 55 8,1,10,,777558,16,0,5 55 8,1,50,,777536,21,0,34 55 8,1,10,,777572,16,0,5 55 8,1,10,,777566,21,0,34 55 8,1,10,,777587,16,0,5 55 8,1,10,,551662,21,0,34 55 8,1,10,,777589,16,0,5 55 8,1,50,,623814,21,0,34 55 8,1,10,,777525,16,0,5 55 8,1,10,,777529,21,0,34 55 8,1,10,,777539,16,0,5 55 8,1,10,,777555,21,0,34 55 8,1,12,,777551,16,0,5 55 8,1,57,,777524,21,0,34 55 8,1,7,,689865,16,0,5 55 8,1,15,,777544,16,0,5 55 8,1,13,,777580,16,0,5 55 8,1,53,,777571,16,0,5 55 8,1,13,,777546,16,0,5 55 8,1,13,,777577,16,0,5 55 8,1,13,,777565,16,0,5 55 8,1,13,,777562,16,0,5 55 8,1,53,,777569,16,0,5 55 8,1,13,,777538,16,0,5 55 8,1,14,,515629,16,0,5 55 8,1
