1501,'1',521,,782850,4,0,13 14 15,1,25,,722664,4,0,13 14 15,1,65,,782867,4,0,13 14 15,1,25,,782837,4,0,13 14 15,1,65,,705686,4,0,13 14 15,1,21,,782862,4,0,13 14 15,1,20,,782846,4,0,13 14 15,1,60,,757085,4,0,13 14 15,1,20,,702207,4,0,13 14 15,1,20,,782838,4,0,13 14 15,1,60,,741455,4,0,13 14 15,1,25,,782843,4,0,13 14 15,1,30,,782834,4,0,13 14 15,1,70,,716969,4,0,13 14 15,1,30,,782848,4,0,13 14 15,1,70,,693274,4,0,13 14 15,1,30,,777175,4,0,13 14 15,1,70,,757048,4,0,13 14 15,1,30,,704827,4,0,13 14 15,1,70,,782831,4,0,13 14 15,1,30,,782870,4,0,13 14 15,1,58,,782845,4,0,13 14 15,1,18,,782830,4,0,13 14 15,1,15,,782856,4,0,13 14 15,1,55,,782842,4,0,13 14 15,1,15,,782844,4,0,13 14 15,1,15,,782835,4,0,13 14 15,1,15,,666313,4,0,13 14 15,1,55,,782836,4,0,13 14 15,1,15,,782868,4,0,13 14 15,1,15,,782869,4,0,13 14 15,1,15,,782851,4,0,13 14 15,1,55,,782847,4,0,13 14 15,1,15,,782858,4,0,13 14 15,1,16,,673326,4,0,13 14 15,1,15,,727266,4,0,13 14 15,1,55,,782832,4,0,13 14 15,1,15,,782866,4,0,13 14 15,1,15,,782849,4,0,13 14 15,1,23,,782857,4,0,13 14 15,1,65,,782864,4,0,13 14 15,1,25,,782863,4,0,13 14 15,1,65,,782861,4,0,13 14 15,1,25,,782839,4,0,13 14 15,1,65,,782853,4,0,13 14 15,1,25,,782859,4,0,13 14 15,1,25,,782833,4,0,13 14 15,1,65,,782854,4,0,13 14 15,1,25,,782840,4,0,13 14 15,1,70,,782841,4,0,13 14 15,1,30,,782860,4,0,13 14 15,1,70,,782852,4,0,13 14 15,1,30,,782855,4,0,13 14 15,1,70,,749079,4,0,13 14 15,1,30,,782865,4,0,13 14 15,1
1501,'2',526,,782900,4,0,13 14 15,1,21,,782904,4,0,13 14 15,1,70,,704924,4,0,13 14 15,1,30,,782896,4,0,13 14 15,1,70,,655330,4,0,13 14 15,1,30,,782877,4,0,13 14 15,1,60,,782895,4,0,13 14 15,1,20,,782883,4,0,13 14 15,1,25,,782893,4,0,13 14 15,1,65,,734494,4,0,13 14 15,1,25,,782890,4,0,13 14 15,1,65,,782902,4,0,13 14 15,1,25,,782880,4,0,13 14 15,1,25,,782875,4,0,13 14 15,1,65,,782887,4,0,13 14 15,1,28,,782899,4,0,13 14 15,1,67,,782886,4,0,13 14 15,1,30,,782901,4,0,13 14 15,1,70,,782878,4,0,13 14 15,1,30,,782879,4,0,13 14 15,1,70,,782894,4,0,13 14 15,1,30,,782876,4,0,13 14 15,1,70,,782872,4,0,13 14 15,1,30,,782903,4,0,13 14 15,1,70,,782881,4,0,13 14 15,1,30,,782898,4,0,13 14 15,1,70,,750213,4,0,13 14 15,1,30,,724784,4,0,13 14 15,1,70,,782884,4,0,13 14 15,1,30,,782874,4,0,13 14 15,1,70,,782892,4,0,13 14 15,1,30,,559937,4,0,13 14 15,1,65,,782891,4,0,13 14 15,1,25,,705298,4,0,13 14 15,1,65,,782888,4,0,13 14 15,1,25,,624086,4,0,13 14 15,1,25,,732511,4,0,13 14 15,1,65,,782873,4,0,13 14 15,1,25,,628204,4,0,13 14 15,1,70,,782889,4,0,13 14 15,1,30,,782882,4,0,13 14 15,1,70,,763886,4,0,13 14 15,1,30,,782885,4,0,13 14 15,1,70,,782897,4,0,13 14 15,1,30,,782871,4,0,13 14 15,1
1501,'3',757,,782925,4,0,13 14 15,1,70,,722272,4,0,13 14 15,1,30,,782926,4,0,13 14 15,1,70,,782916,4,0,13 14 15,1,30,,782919,4,0,13 14 15,1,70,,697163,4,0,13 14 15,1,30,,782927,4,0,13 14 15,1,70,,782921,4,0,13 14 15,1,29,,782913,4,0,13 14 15,1,70,,782929,4,0,13 14 15,1,31,,782912,4,0,13 14 15,1,65,,782937,4,0,13 14 15,1,25,,660368,4,0,13 14 15,1,65,,782905,4,0,13 14 15,1,25,,782935,4,0,13 14 15,1,65,,782932,4,0,13 14 15,1,25,,782934,4,0,13 14 15,1,25,,782924,4,0,13 14 15,1,65,,717919,4,0,13 14 15,1,25,,752458,4,0,13 14 15,1,65,,782910,4,0,13 14 15,1,25,,782907,4,0,13 14 15,1,25,,782911,4,0,13 14 15,1,65,,718490,4,0,13 14 15,1,25,,782920,4,0,13 14 15,1,70,,782922,4,0,13 14 15,1,30,,782906,4,0,13 14 15,1,65,,782915,4,0,13 14 15,1,25,,782909,4,0,13 14 15,1,65,,782931,4,0,13 14 15,1,25,,782938,4,0,13 14 15,1,25,,782923,4,0,13 14 15,1,65,,782936,4,0,13 14 15,1,25,,782933,4,0,13 14 15,1,70,,782908,4,0,13 14 15,1,30,,782928,4,0,13 14 15,1,70,,782914,4,0,13 14 15,1,30,,782930,4,0,13 14 15,1,70,,782917,4,0,13 14 15,1,30,,782918,4,0,13 14 15,1
1501,'5',526,,782948,4,0,13 14 15,1,31,,782966,4,0,13 14 15,1,70,,782949,4,0,13 14 15,1,30,,782960,4,0,13 14 15,1,70,,782956,4,0,13 14 15,1,30,,782942,4,0,13 14 15,1,70,,782973,4,0,13 14 15,1,30,,782964,4,0,13 14 15,1,70,,782951,4,0,13 14 15,1,30,,782972,4,0,13 14 15,1,70,,782950,4,0,13 14 15,1,30,,750368,4,0,13 14 15,1,70,,782952,4,0,13 14 15,1,29,,782959,4,0,13 14 15,1,70,,782968,4,0,13 14 15,1,31,,715630,4,0,13 14 15,1,65,,535314,4,0,13 14 15,1,25,,782963,4,0,13 14 15,1,65,,782962,4,0,13 14 15,1,25,,782946,4,0,13 14 15,1,65,,737935,4,0,13 14 15,1,25,,782944,4,0,13 14 15,1,25,,782971,4,0,13 14 15,1,65,,782965,4,0,13 14 15,1,25,,782957,4,0,13 14 15,1,65,,782943,4,0,13 14 15,1,25,,748349,4,0,13 14 15,1,25,,782967,4,0,13 14 15,1,65,,782955,4,0,13 14 15,1,25,,782953,4,0,13 14 15,1,70,,782970,4,0,13 14 15,1,30,,782939,4,0,13 14 15,1,65,,770902,4,0,13 14 15,1,25,,782954,4,0,13 14 15,1,65,,782947,4,0,13 14 15,1,25,,782941,4,0,13 14 15,1,25,,782940,4,0,13 14 15,1,65,,782974,4,0,13 14 15,1,25,,782945,4,0,13 14 15,1,70,,782958,4,0,13 14 15,1,30,,782969,4,0,13 14 15,1,70,,725243,4,0,13 14 15,1,30,,638916,4,0,13 14 15,1,70,,782961,4,0,13 14 15,1,30,,756697,4,0,13 14 15,1
12303,'1',523,,764727,19,0,34 73 15,1,29,,844691,4,0,31 73 15,1,54,,844667,4,0,31 73 15,1,14,,844724,4,0,31 73 15,1,14,,844679,4,0,31 73 15,1,14,,844747,4,0,31 73 15,1,54,,844718,4,0,31 73 15,1,14,,844745,4,0,31 73 15,1,14,,708544,4,0,31 73 15,1,14,,844703,4,0,31 73 15,1,14,,844704,4,0,31 73 15,1,54,,677967,4,0,31 73 15,1,14,,844715,4,0,31 73 15,1,14,,559268,4,0,31 73 15,1,14,,771335,4,0,31 73 15,1,54,,689594,4,0,31 73 15,1,22,,844748,4,0,31 73 15,1,23,,844714,4,0,31 73 15,1,63,,844692,4,0,31 73 15,1,23,,762777,4,0,31 73 15,1,63,,761850,4,0,31 73 15,1,23,,844771,4,0,31 73 15,1,23,,844673,4,0,31 73 15,1,63,,844731,4,0,31 73 15,1,23,,844688,4,0,31 73 15,1,23,,844671,4,0,31 73 15,1,63,,844760,4,0,31 73 15,1,23,,844693,4,0,31 73 15,1,63,,844686,4,0,31 73 15,1,23,,844712,4,0,31 73 15,1,20,,844687,4,0,31 73 15,1,63,,844742,4,0,31 73 15,1,15,,844764,4,0,31 73 15,1,15,,844681,4,0,31 73 15,1,15,,844758,4,0,31 73 15,1,55,,711384,4,0,31 73 15,1,15,,844737,4,0,31 73 15,1,15,,844669,4,0,31 73 15,1,15,,844722,4,0,31 73 15,1,55,,844774,4,0,31 73 15,1,15,,844702,4,0,31 73 15,1,15,,844709,4,0,31 73 15,1,15,,844706,4,0,31 73 15,1,55,,762802,4,0,31 73 15,1,15,,844727,4,0,31 73 15,1,15,,844775,4,0,31 73 15,1,15,,844767,4,0,31 73 15,1,55,,844726,4,0,31 73 15,1,13,,844753,19,0,34 73 15,1,26,,844711,19,0,34 73 15,1,67,,844729,19,0,34 73 15,1,27,,711850,19,0,34 73 15,1,67,,844670,19,0,34 73 15,1,26,,699205,19,0,34 73 15,1,65,,844741,19,0,34 73 15,1,23,,844738,19,0,34 73 15,1,25,,844674,19,0,34 73 15,1,65,,702293,19,0,34 73 15,1,25,,726377,19,0,34 73 15,1,65,,844680,19,0,34 73 15,1,25,,844769,19,0,34 73 15,1,25,,844762,19,0,34 73 15,1,71,,722443,19,0,34 73 15,1
12303,'2',529,,844817,19,0,34 73 15,1,30,,844828,19,0,34 73 15,1,60,,844859,19,0,34 73 15,1,20,,844820,19,0,34 73 15,1,20,,844885,19,0,34 73 15,1,60,,844826,19,0,34 73 15,1,20,,844813,19,0,34 73 15,1,20,,844789,19,0,34 73 15,1,56,,844853,19,0,34 73 15,1,15,,844867,19,0,34 73 15,1,15,,844803,19,0,34 73 15,1,55,,844821,19,0,34 73 15,1,15,,844869,19,0,34 73 15,1,15,,527708,19,0,34 73 15,1,15,,844862,19,0,34 73 15,1,55,,844824,19,0,34 73 15,1,15,,733514,19,0,34 73 15,1,15,,844801,19,0,34 73 15,1,15,,844873,19,0,34 73 15,1,55,,844849,19,0,34 73 15,1,15,,844889,19,0,34 73 15,1,15,,844872,19,0,34 73 15,1,15,,844861,19,0,34 73 15,1,55,,844843,19,0,34 73 15,1,18,,844852,19,0,34 73 15,1,14,,844829,19,0,34 73 15,1,15,,744102,19,0,34 73 15,1,55,,844879,19,0,34 73 15,1,15,,760812,19,0,34 73 15,1,15,,844866,19,0,34 73 15,1,15,,627313,19,0,34 73 15,1,55,,844841,19,0,34 73 15,1,15,,718910,19,0,34 73 15,1,15,,844782,19,0,34 73 15,1,15,,844884,19,0,34 73 15,1,55,,844860,19,0,34 73 15,1,15,,844840,19,0,34 73 15,1,15,,844811,19,0,34 73 15,1,15,,844832,19,0,34 73 15,1,55,,844810,19,0,34 73 15,1,15,,844791,19,0,34 73 15,1,15,,844809,19,0,34 73 15,1,15,,844836,19,0,34 73 15,1,55,,844858,19,0,34 73 15,1,15,,763242,19,0,34 73 15,1,15,,844822,19,0,34 73 15,1,15,,844833,19,0,34 73 15,1,55,,844794,19,0,34 73 15,1,15,,844842,19,0,34 73 15,1,15,,844883,19,0,34 73 15,1,15,,844854,19,0,34 73 15,1,55,,844783,19,0,34 73 15,1,18,,844890,19,0,34 73 15,1,20,,844857,19,0,34 73 15,1,60,,844823,19,0,34 73 15,1,20,,844868,19,0,34 73 15,1,20,,844894,19,0,34 73 15,1,60,,844806,19,0,34 73 15,1,20,,844819,19,0,34 73 15,1,20,,844891,19,0,34 73 15,1,60,,844827,19,0,34 73 15,1,29,,844887,19,0,34 73 15,1,30,,748083,19,0,34 73 15,1,70,,844790,19,0,34 73 15,1,30,,844812,19,0,34 73 15,1,70,,844804,19,0,34 73 15,1,30,,844788,19,0,34 73 15,1,70,,844830,19,0,34 73 15,1
12303,'3',742,,472418,19,0,34 73 15,1,66,,844975,19,0,34 73 15,1,22,,844940,19,0,34 73 15,1,19,,844924,19,0,34 73 15,1,59,,844932,19,0,34 73 15,1,20,,844977,19,0,34 73 15,1,20,,844956,19,0,34 73 15,1,60,,697594,19,0,34 73 15,1,20,,844963,19,0,34 73 15,1,20,,844944,19,0,34 73 15,1,60,,844896,19,0,34 73 15,1,20,,844937,19,0,34 73 15,1,22,,844945,19,0,34 73 15,1,64,,844914,19,0,34 73 15,1,17,,844961,19,0,34 73 15,1,15,,844922,19,0,34 73 15,1,55,,844954,19,0,34 73 15,1,15,,844919,19,0,34 73 15,1,15,,844950,19,0,34 73 15,1,15,,844900,19,0,34 73 15,1,55,,844987,19,0,34 73 15,1,15,,661330,19,0,34 73 15,1,15,,720615,19,0,34 73 15,1,15,,844982,19,0,34 73 15,1,55,,614126,19,0,34 73 15,1,15,,844973,19,0,34 73 15,1,15,,844964,19,0,34 73 15,1,15,,767547,19,0,34 73 15,1,55,,844911,19,0,34 73 15,1,15,,844941,19,0,34 73 15,1,15,,844908,19,0,34 73 15,1,15,,844946,19,0,34 73 15,1,55,,844912,19,0,34 73 15,1,15,,844943,19,0,34 73 15,1,15,,844909,19,0,34 73 15,1,15,,844902,19,0,34 73 15,1,55,,844915,19,0,34 73 15,1,15,,844917,19,0,34 73 15,1,15,,844960,19,0,34 73 15,1,15,,844984,19,0,34 73 15,1,55,,844986,19,0,34 73 15,1,21,,844906,19,0,34 73 15,1,25,,844933,19,0,34 73 15,1,65,,844962,19,0,34 73 15,1,25,,844947,19,0,34 73 15,1,65,,844934,19,0,34 73 15,1,25,,844978,19,0,34 73 15,1,25,,844918,19,0,34 73 15,1,65,,700180,19,0,34 73 15,1,30,,844970,19,0,34 73 15,1,70,,844969,19,0,34 73 15,1,30,,844938,19,0,34 73 15,1,70,,844974,19,0,34 73 15,1,26,,844955,19,0,34 73 15,1,70,,844981,19,0,34 73 15,1,16,,774851,19,0,34 73 15,1
12303,'5',529,,693366,19,0,34 73 15,1,30,,845006,19,0,34 73 15,1,60,,845068,19,0,34 73 15,1,30,,845057,19,0,34 73 15,1,60,,845062,19,0,34 73 15,1,20,,719973,19,0,34 73 15,1,20,,844992,19,0,34 73 15,1,60,,845023,19,0,34 73 15,1,19,,845070,19,0,34 73 15,1,20,,669523,19,0,34 73 15,1,60,,845010,19,0,34 73 15,1,20,,845053,19,0,34 73 15,1,20,,845005,19,0,34 73 15,1,60,,845031,19,0,34 73 15,1,20,,845015,19,0,34 73 15,1,20,,845040,19,0,34 73 15,1,60,,845048,19,0,34 73 15,1,20,,845009,19,0,34 73 15,1,22,,845056,19,0,34 73 15,1,64,,845045,19,0,34 73 15,1,17,,845025,19,0,34 73 15,1,15,,845054,19,0,34 73 15,1,55,,761446,19,0,34 73 15,1,15,,845008,19,0,34 73 15,1,15,,845027,19,0,34 73 15,1,15,,845049,19,0,34 73 15,1,55,,845018,19,0,34 73 15,1,15,,845028,19,0,34 73 15,1,15,,635899,19,0,34 73 15,1,15,,845042,19,0,34 73 15,1,55,,845032,19,0,34 73 15,1,15,,775203,19,0,34 73 15,1,15,,702068,19,0,34 73 15,1,15,,844990,19,0,34 73 15,1,55,,845001,19,0,34 73 15,1,15,,764654,19,0,34 73 15,1,15,,845012,19,0,34 73 15,1,15,,845060,19,0,34 73 15,1,55,,844993,19,0,34 73 15,1,15,,845021,19,0,34 73 15,1,15,,845065,19,0,34 73 15,1,15,,845035,19,0,34 73 15,1,55,,845026,19,0,34 73 15,1,15,,845034,19,0,34 73 15,1,15,,845075,19,0,34 73 15,1,15,,757984,19,0,34 73 15,1,55,,740566,19,0,34 73 15,1,21,,768094,19,0,34 73 15,1,25,,844991,19,0,34 73 15,1,65,,845019,19,0,34 73 15,1,25,,844995,19,0,34 73 15,1,65,,845011,19,0,34 73 15,1,25,,844998,19,0,34 73 15,1,25,,845055,19,0,34 73 15,1,65,,845079,19,0,34 73 15,1,30,,845067,19,0,34 73 15,1,70,,845036,19,0,34 73 15,1,30,,770017,19,0,34 73 15,1,70,,845020,19,0,34 73 15,1,26,,845033,19,0,34 73 15,1,70,,845039,19,0,34 73 15,1,16,,845081,19,0,34 73 15,1
31501,'1',429,,704258,18,0,11 12 13 14 15,1,30,,857693,18,0,11 12 13 14 15,1,2100,,699883,18,0,11 12 13 14 15,1,70,,857690,18,0,11 12 13 14 15,1,30,,857692,18,0,11 12 13 14 15,1,70,,857691,18,0,11 12 13 14 15,1,30,,857694,18,0,11 12 13 14 15,1
31501,'2',429,,857698,18,0,11 12 13 14 15,1,30,,857695,18,0,11 12 13 14 15,1,2100,,729716,18,0,11 12 13 14 15,1,70,,670876,18,0,11 12 13 14 15,1,30,,857697,18,0,11 12 13 14 15,1,70,,857699,18,0,11 12 13 14 15,1,30,,857696,18,0,11 12 13 14 15,1
31501,'3',429,,857703,18,0,11 12 13 14 15,1,30,,857708,18,0,11 12 13 14 15,1,70,,857706,18,0,11 12 13 14 15,1,30,,857709,18,0,11 12 13 14 15,1,70,,857704,18,0,11 12 13 14 15,1,30,,857701,18,0,11 12 13 14 15,1,70,,857705,18,0,11 12 13 14 15,1,1829,,702815,18,0,11 12 13 14 15,1,70,,741958,18,0,11 12 13 14 15,1,30,,857702,18,0,11 12 13 14 15,1,70,,857707,18,0,11 12 13 14 15,1,30,,857700,18,0,11 12 13 14 15,1
31501,'5',429,,857714,18,0,11 12 13 14 15,1,30,,857711,18,0,11 12 13 14 15,1,2100,,646962,18,0,11 12 13 14 15,1,70,,857715,18,0,11 12 13 14 15,1,30,,857713,18,0,11 12 13 14 15,1,70,,857712,18,0,11 12 13 14 15,1,30,,857710,18,0,11 12 13 14 15,1
