4503,'1',434,,753283,8,0,5 9,1,20,,778114,8,0,5 9,1,57,,730806,8,0,5 9,1,10,,710712,8,0,5 9,1,10,,801563,8,0,5 9,1,20,,801566,7,0,5 9,1,49,,801628,7,0,5 9,1,10,,694153,7,0,5 9,1,10,,801552,7,0,5 9,1,10,,801579,7,0,5 9,1,10,,706229,7,0,5 9,1,10,,801561,7,0,5 9,1,50,,801541,7,0,5 9,1,11,,737543,7,0,5 9,1,10,,801607,7,0,5 9,1,10,,650365,7,0,5 9,1,10,,699791,7,0,5 9,1,10,,719282,7,0,5 9,1,50,,801592,7,0,5 9,1,10,,571976,7,0,5 9,1,10,,801578,7,0,5 9,1,10,,655215,7,0,5 9,1,10,,801550,7,0,5 9,1,10,,801556,7,0,5 9,1,50,,677972,7,0,5 9,1,10,,801580,7,0,5 9,1,14,,801622,7,0,5 9,1,10,,779398,7,0,5 9,1,10,,767333,7,0,5 9,1,10,,801604,7,0,5 9,1,50,,801551,7,0,5 9,1,10,,801590,7,0,5 9,1,10,,801603,7,0,5 9,1,10,,801625,7,0,5 9,1,10,,801600,7,0,5 9,1,10,,801595,7,0,5 9,1,50,,801629,7,0,5 9,1,10,,801612,7,0,5 9,1,10,,801593,7,0,5 9,1,10,,801572,7,0,5 9,1,10,,634027,7,0,5 9,1,10,,801633,7,0,5 9,1,50,,801574,7,0,5 9,1,10,,801594,7,0,5 9,1,10,,801602,7,0,5 9,1,10,,801577,7,0,5 9,1,10,,777320,7,0,5 9,1,10,,801618,7,0,5 9,1,50,,801619,7,0,5 9,1,10,,801608,7,0,5 9,1,10,,801548,7,0,5 9,1,10,,801614,7,0,5 9,1,10,,801555,7,0,5 9,1,10,,801549,7,0,5 9,1,51,,801623,7,0,5 9,1,13,,801588,7,0,5 9,1,10,,721648,7,0,5 9,1,10,,801591,7,0,5 9,1,8,,801570,7,0,5 9,1,2,,801613,7,0,5 9,1,10,,632318,7,0,5 9,1,50,,801621,7,0,5 9,1,10,,801631,7,0,5 9,1,10,,801573,7,0,5 9,1,10,,801546,7,0,5 9,1,10,,801542,7,0,5 9,1,10,,801596,7,0,5 9,1,50,,771239,7,0,5 9,1,10,,801543,7,0,5 9,1,10,,801598,7,0,5 9,1,10,,801597,7,0,5 9,1,10,,801589,7,0,5 9,1,10,,773295,7,0,5 9,1,50,,801575,7,0,5 9,1,10,,723410,7,0,5 9,1,10,,801576,7,0,5 9,1,10,,801609,7,0,5 9,1,10,,801635,7,0,5 9,1,10,,651086,7,0,5 9,1,50,,749083,7,0,5 9,1,10,,801630,7,0,5 9,1,10,,801624,7,0,5 9,1,10,,801545,7,0,5 9,1,10,,605297,7,0,5 9,1,10,,801558,7,0,5 9,1,50,,801571,7,0,5 9,1,10,,801634,7,0,5 9,1,10,,801610,7,0,5 9,1,10,,801617,7,0,5 9,1,10,,801540,7,0,5 9,1,10,,801564,7,0,5 9,1,50,,801557,7,0,5 9,1,10,,801539,7,0,5 9,1,10,,801626,7,0,5 9,1,10,,801547,7,0,5 9,1,10,,721621,7,0,5 9,1,10,,801565,7,0,5 9,1,53,,619468,7,0,5 9,1,10,,801605,7,0,5 9,1,10,,801616,7,0,5 9,1,10,,801632,7,0,5 9,1,10,,801544,7,0,5 9,1,50,,801583,7,0,5 9,1,10,,801562,7,0,5 9,1,10,,764327,7,0,5 9,1,10,,801586,7,0,5 9,1,10,,801584,7,0,5 9,1,10,,801567,7,0,5 9,1,50,,801587,7,0,5 9,1,14,,801611,7,0,5 9,1,10,,801568,7,0,5 9,1,10,,801601,7,0,5 9,1,10,,801553,7,0,5 9,1,10,,801585,7,0,5 9,1,50,,801615,7,0,5 9,1,10,,801620,7,0,5 9,1,10,,801599,7,0,5 9,1,10,,801559,7,0,5 9,1,10,,801560,7,0,5 9,1,10,,801581,7,0,5 9,1,50,,801554,7,0,5 9,1,10,,801606,7,0,5 9,1,10,,760965,7,0,5 9,1,10,,801627,7,0,5 9,1,10,,743089,7,0,5 9,1,10,,801569,7,0,5 9,1,50,,801582,7,0,5 9,1,17,,801538,7,0,5 9,1
4503,'2',546,,801665,7,0,5 9,1,9,,801653,7,0,5 9,1,49,,801680,7,0,5 9,1,10,,636544,7,0,5 9,1,9,,801677,7,0,5 9,1,10,,801667,7,0,5 9,1,9,,801660,7,0,5 9,1,10,,801691,7,0,5 9,1,49,,801738,7,0,5 9,1,10,,801669,7,0,5 9,1,9,,801705,7,0,5 9,1,10,,801721,7,0,5 9,1,16,,801733,7,0,5 9,1,9,,801718,7,0,5 9,1,50,,801683,7,0,5 9,1,9,,801703,7,0,5 9,1,10,,801725,7,0,5 9,1,9,,801696,7,0,5 9,1,10,,801671,7,0,5 9,1,9,,801646,7,0,5 9,1,50,,608364,7,0,5 9,1,9,,801707,7,0,5 9,1,10,,752935,7,0,5 9,1,9,,731769,7,0,5 9,1,10,,801710,7,0,5 9,1,9,,801687,7,0,5 9,1,10,,801679,7,0,5 9,1,49,,701859,7,0,5 9,1,10,,801689,7,0,5 9,1,9,,801657,7,0,5 9,1,10,,801670,7,0,5 9,1,9,,801719,7,0,5 9,1,10,,752657,7,0,5 9,1,49,,801729,7,0,5 9,1,10,,711435,7,0,5 9,1,9,,801692,7,0,5 9,1,10,,711531,7,0,5 9,1,9,,801731,7,0,5 9,1,9,,801723,7,0,5 9,1,50,,801673,7,0,5 9,1,11,,801699,7,0,5 9,1,12,,801661,7,0,5 9,1,9,,801663,7,0,5 9,1,10,,801732,7,0,5 9,1,9,,801728,7,0,5 9,1,50,,801690,7,0,5 9,1,9,,801647,7,0,5 9,1,10,,801714,7,0,5 9,1,9,,801697,7,0,5 9,1,10,,773377,7,0,5 9,1,9,,801644,7,0,5 9,1,50,,801637,7,0,5 9,1,9,,801736,7,0,5 9,1,10,,801674,7,0,5 9,1,9,,801712,7,0,5 9,1,10,,801658,7,0,5 9,1,9,,801666,7,0,5 9,1,10,,450305,7,0,5 9,1,49,,776678,7,0,5 9,1,10,,738136,7,0,5 9,1,9,,671717,7,0,5 9,1,10,,801708,7,0,5 9,1,9,,801727,7,0,5 9,1,10,,801638,7,0,5 9,1,49,,801650,7,0,5 9,1,10,,801686,7,0,5 9,1,9,,711969,7,0,5 9,1,10,,801735,7,0,5 9,1,9,,801706,7,0,5 9,1,10,,743211,7,0,5 9,1,49,,801668,7,0,5 9,1,10,,801711,7,0,5 9,1,9,,801717,7,0,5 9,1,10,,742254,7,0,5 9,1,9,,801675,7,0,5 9,1,10,,801645,7,0,5 9,1,9,,801655,7,0,5 9,1,50,,632861,7,0,5 9,1,9,,801662,7,0,5 9,1,10,,801698,7,0,5 9,1,9,,801693,7,0,5 9,1,10,,801702,7,0,5 9,1,6,,801676,7,0,5 9,1,49,,801726,7,0,5 9,1,7,,801720,7,0,5 9,1,9,,801715,7,0,5 9,1,10,,801716,7,0,5 9,1,9,,746321,7,0,5 9,1,10,,801656,7,0,5 9,1,9,,801685,7,0,5 9,1,50,,801700,7,0,5 9,1,9,,801643,7,0,5 9,1,10,,801639,7,0,5 9,1,9,,801640,7,0,5 9,1,10,,578615,7,0,5 9,1,9,,801642,7,0,5 9,1,5,,801651,7,0,5 9,1,48,,801734,7,0,5 9,1,9,,801737,7,0,5 9,1,10,,754077,7,0,5 9,1,9,,761749,7,0,5 9,1,10,,801641,7,0,5 9,1,9,,801659,7,0,5 9,1,50,,801654,7,0,5 9,1,9,,697069,7,0,5 9,1,10,,801724,7,0,5 9,1,9,,801722,7,0,5 9,1,10,,677272,7,0,5 9,1,9,,801695,7,0,5 9,1,10,,801704,7,0,5 9,1,49,,801649,7,0,5 9,1,10,,801648,7,0,5 9,1,9,,745045,7,0,5 9,1,10,,739290,7,0,5 9,1,9,,801681,7,0,5 9,1,10,,801730,7,0,5 9,1,49,,801701,7,0,5 9,1,10,,801652,7,0,5 9,1,9,,801684,7,0,5 9,1,10,,801713,7,0,5 9,1,9,,801664,7,0,5 9,1,10,,801709,7,0,5 9,1,49,,801678,7,0,5 9,1,10,,801688,7,0,5 9,1,9,,801682,7,0,5 9,1,10,,801694,7,0,5 9,1,9,,801636,7,0,5 9,1,10,,611674,7,0,5 9,1,9,,605930,7,0,5 9,1,50,,801739,7,0,5 9,1,16,,801672,7,0,5 9,1
4503,'3',804,,801786,7,0,5 9,1,13,,801776,7,0,5 9,1,10,,774568,7,0,5 9,1,10,,801800,7,0,5 9,1,10,,801822,7,0,5 9,1,10,,801824,7,0,5 9,1,50,,801740,7,0,5 9,1,10,,801775,7,0,5 9,1,10,,648695,7,0,5 9,1,10,,801767,7,0,5 9,1,10,,801747,7,0,5 9,1,10,,801756,7,0,5 9,1,50,,801793,7,0,5 9,1,10,,745627,7,0,5 9,1,10,,801748,7,0,5 9,1,10,,801784,7,0,5 9,1,10,,801814,7,0,5 9,1,10,,756679,7,0,5 9,1,50,,801744,7,0,5 9,1,10,,801742,7,0,5 9,1,10,,801751,7,0,5 9,1,11,,801807,7,0,5 9,1,10,,727602,7,0,5 9,1,10,,801762,7,0,5 9,1,50,,801753,7,0,5 9,1,10,,801827,7,0,5 9,1,10,,801806,7,0,5 9,1,10,,801750,7,0,5 9,1,10,,801774,7,0,5 9,1,10,,801810,7,0,5 9,1,50,,801792,7,0,5 9,1,10,,801761,7,0,5 9,1,10,,801812,7,0,5 9,1,10,,801754,7,0,5 9,1,10,,801801,7,0,5 9,1,10,,801749,7,0,5 9,1,50,,801741,7,0,5 9,1,10,,801799,7,0,5 9,1,10,,801743,7,0,5 9,1,10,,801805,7,0,5 9,1,10,,801794,7,0,5 9,1,10,,801771,7,0,5 9,1,50,,801808,7,0,5 9,1,10,,801745,7,0,5 9,1,10,,801791,7,0,5 9,1,10,,801790,7,0,5 9,1,10,,801758,7,0,5 9,1,10,,801764,7,0,5 9,1,50,,801773,7,0,5 9,1,10,,801769,7,0,5 9,1,10,,767711,7,0,5 9,1,10,,801746,7,0,5 9,1,10,,772934,7,0,5 9,1,10,,801817,7,0,5 9,1,50,,801798,7,0,5 9,1,10,,801809,7,0,5 9,1,10,,801772,7,0,5 9,1,10,,801781,7,0,5 9,1,10,,801811,7,0,5 9,1,9,,801813,7,0,5 9,1,50,,801823,7,0,5 9,1,10,,801826,7,0,5 9,1,10,,801821,7,0,5 9,1,10,,801788,7,0,5 9,1,10,,750929,7,0,5 9,1,10,,801819,7,0,5 9,1,50,,801782,7,0,5 9,1,10,,801779,7,0,5 9,1,10,,740495,7,0,5 9,1,10,,801803,7,0,5 9,1,10,,701970,7,0,5 9,1,10,,801816,7,0,5 9,1,50,,801815,7,0,5 9,1,10,,801804,7,0,5 9,1,10,,801789,7,0,5 9,1,10,,801766,7,0,5 9,1,10,,801759,7,0,5 9,1,10,,801768,7,0,5 9,1,50,,801770,7,0,5 9,1,10,,801757,7,0,5 9,1,9,,776198,7,0,5 9,1,10,,801778,7,0,5 9,1,10,,801783,7,0,5 9,1,10,,801787,7,0,5 9,1,50,,801780,7,0,5 9,1,10,,661768,7,0,5 9,1,10,,738223,7,0,5 9,1,10,,763135,7,0,5 9,1,10,,801818,7,0,5 9,1,10,,801763,7,0,5 9,1,50,,801820,7,0,5 9,1,10,,801760,7,0,5 9,1,10,,801797,7,0,5 9,1,11,,801777,7,0,5 9,1,11,,801755,7,0,5 9,1,10,,801825,7,0,5 9,1,50,,801796,7,0,5 9,1,10,,801795,7,0,5 9,1,10,,801765,7,0,5 9,1,10,,801752,7,0,5 9,1,10,,801802,7,0,5 9,1,55,,801785,7,0,5 9,1
4503,'5',547,,778987,7,0,5 9,1,63,,801907,7,0,5 9,1,20,,715544,7,0,5 9,1,20,,801849,7,0,5 9,1,60,,514442,7,0,5 9,1,20,,663951,7,0,5 9,1,20,,801847,7,0,5 9,1,57,,801872,7,0,5 9,1,10,,801882,7,0,5 9,1,10,,801888,7,0,5 9,1,10,,801864,7,0,5 9,1,10,,801909,7,0,5 9,1,10,,801865,7,0,5 9,1,50,,801868,7,0,5 9,1,10,,801846,7,0,5 9,1,10,,801828,7,0,5 9,1,10,,801852,7,0,5 9,1,10,,697671,7,0,5 9,1,10,,801913,7,0,5 9,1,50,,801903,7,0,5 9,1,10,,801875,7,0,5 9,1,10,,801897,7,0,5 9,1,10,,801898,7,0,5 9,1,10,,801834,7,0,5 9,1,10,,684439,7,0,5 9,1,50,,801874,7,0,5 9,1,10,,801855,7,0,5 9,1,10,,801871,7,0,5 9,1,9,,801906,7,0,5 9,1,9,,801851,7,0,5 9,1,10,,801884,7,0,5 9,1,53,,801879,7,0,5 9,1,10,,743418,7,0,5 9,1,10,,801877,7,0,5 9,1,10,,801911,7,0,5 9,1,10,,801887,7,0,5 9,1,10,,801892,7,0,5 9,1,50,,801837,7,0,5 9,1,10,,801863,7,0,5 9,1,10,,801859,7,0,5 9,1,10,,801862,7,0,5 9,1,10,,801836,7,0,5 9,1,10,,801848,7,0,5 9,1,50,,801891,7,0,5 9,1,10,,725448,7,0,5 9,1,10,,801866,7,0,5 9,1,10,,801895,7,0,5 9,1,10,,801901,7,0,5 9,1,10,,801886,7,0,5 9,1,50,,801910,7,0,5 9,1,10,,801894,7,0,5 9,1,10,,755439,7,0,5 9,1,10,,765130,7,0,5 9,1,10,,801912,7,0,5 9,1,10,,657059,7,0,5 9,1,50,,801840,7,0,5 9,1,10,,801857,7,0,5 9,1,10,,674915,7,0,5 9,1,10,,695832,7,0,5 9,1,10,,801845,7,0,5 9,1,10,,801870,7,0,5 9,1,50,,801869,7,0,5 9,1,10,,801853,7,0,5 9,1,10,,801830,7,0,5 9,1,10,,706940,7,0,5 9,1,10,,575852,7,0,5 9,1,10,,801843,7,0,5 9,1,49,,707599,7,0,5 9,1,10,,801856,7,0,5 9,1,10,,801831,7,0,5 9,1,10,,801839,7,0,5 9,1,10,,801899,7,0,5 9,1,10,,801844,7,0,5 9,1,50,,801916,7,0,5 9,1,10,,801905,7,0,5 9,1,10,,769259,7,0,5 9,1,10,,801876,7,0,5 9,1,10,,801861,7,0,5 9,1,10,,801885,7,0,5 9,1,50,,801880,7,0,5 9,1,10,,724086,7,0,5 9,1,10,,801889,7,0,5 9,1,10,,801858,7,0,5 9,1,10,,801850,7,0,5 9,1,10,,801881,7,0,5 9,1,50,,801890,7,0,5 9,1,10,,801873,7,0,5 9,1,10,,801854,7,0,5 9,1,10,,801914,7,0,5 9,1,10,,801902,7,0,5 9,1,10,,801835,7,0,5 9,1,50,,801841,7,0,5 9,1,9,,801893,7,0,5 9,1,10,,801896,7,0,5 9,1,10,,801867,7,0,5 9,1,10,,801904,7,0,5 9,1,10,,801900,7,0,5 9,1,50,,706017,7,0,5 9,1,10,,801878,7,0,5 9,1,10,,801832,7,0,5 9,1,10,,801842,7,0,5 9,1,12,,708325,7,0,5 9,1,10,,801829,7,0,5 9,1,50,,801915,7,0,5 9,1,10,,801838,7,0,5 9,1,10,,801860,7,0,5 9,1,10,,801883,7,0,5 9,1,10,,801908,7,0,5 9,1,55,,801833,7,0,5 9,1
4603,'1',457,,802306,8,0,9,1,61,,802303,8,0,9,1,13,,802322,8,0,9,1,13,,744055,7,0,9,1,13,,802338,7,0,9,1,53,,742486,7,0,9,1,13,,766107,7,0,9,1,13,,802300,7,0,9,1,13,,802298,7,0,9,1,53,,588420,7,0,9,1,13,,802297,7,0,9,1,13,,802349,7,0,9,1,13,,802343,7,0,9,1,16,,604148,7,0,9,1,59,,736104,7,0,9,1,19,,802345,7,0,9,1,19,,696583,7,0,9,1,59,,802307,7,0,9,1,19,,802325,7,0,9,1,19,,802346,7,0,9,1,59,,751345,7,0,9,1,19,,802299,7,0,9,1,19,,802342,7,0,9,1,59,,802336,7,0,9,1,19,,802335,7,0,9,1,19,,726695,7,0,9,1,59,,773552,7,0,9,1,19,,802319,7,0,9,1,19,,802320,7,0,9,1,59,,802330,7,0,9,1,19,,802302,7,0,9,1,19,,802316,7,0,9,1,19,,802329,7,0,9,1,60,,802318,7,0,9,1,19,,802301,7,0,9,1,16,,802311,7,0,9,1,53,,802344,7,0,9,1,13,,802350,7,0,9,1,13,,802304,7,0,9,1,5,,802324,7,0,9,1,9,,802326,7,0,9,1,12,,802317,7,0,9,1,53,,802309,7,0,9,1,13,,774979,7,0,9,1,13,,802305,7,0,9,1,13,,802296,7,0,9,1,53,,802308,7,0,9,1,13,,802341,7,0,9,1,13,,777171,7,0,9,1,13,,751768,7,0,9,1,13,,802323,7,0,9,1,53,,802337,7,0,9,1,13,,714980,7,0,9,1,13,,707398,7,0,9,1,13,,728583,7,0,9,1,53,,626155,7,0,9,1,13,,802321,7,0,9,1,13,,729527,7,0,9,1,11,,802340,7,0,9,1,11,,664945,7,0,9,1,63,,705289,7,0,9,1,23,,692201,7,0,9,1,23,,802314,7,0,9,1,63,,802339,7,0,9,1,23,,802333,7,0,9,1,63,,802310,7,0,9,1,23,,802347,7,0,9,1,23,,802348,7,0,9,1,63,,802328,7,0,9,1,12,,802332,7,0,9,1,11,,802334,7,0,9,1,63,,802315,7,0,9,1,23,,802331,7,0,9,1,23,,802351,7,0,9,1,63,,802312,7,0,9,1,27,,721658,7,0,9,1
4603,'2',518,,802353,8,0,9,1,22,,802389,8,0,9,1,61,,802396,7,0,9,1,21,,802362,7,0,9,1,21,,802379,7,0,9,1,61,,704288,7,0,9,1,21,,802364,7,0,9,1,21,,802358,7,0,9,1,61,,737603,7,0,9,1,20,,802352,7,0,9,1,21,,770608,7,0,9,1,62,,802373,7,0,9,1,23,,802367,7,0,9,1,23,,802375,7,0,9,1,63,,802386,7,0,9,1,23,,802360,7,0,9,1,63,,802383,7,0,9,1,23,,802361,7,0,9,1,23,,802394,7,0,9,1,64,,802354,7,0,9,1,24,,802366,7,0,9,1,64,,802397,7,0,9,1,24,,802388,7,0,9,1,24,,802359,7,0,9,1,64,,802398,7,0,9,1,24,,802392,7,0,9,1,64,,802376,7,0,9,1,24,,802368,7,0,9,1,24,,802391,7,0,9,1,64,,802380,7,0,9,1,24,,756898,7,0,9,1,64,,802378,7,0,9,1,24,,802384,7,0,9,1,24,,802393,7,0,9,1,64,,802377,7,0,9,1,24,,802381,7,0,9,1,64,,802374,7,0,9,1,22,,802382,7,0,9,1,22,,802390,7,0,9,1,62,,716305,7,0,9,1,22,,748954,7,0,9,1,22,,802387,7,0,9,1,62,,802356,7,0,9,1,22,,802372,7,0,9,1,20,,802385,7,0,9,1,62,,802357,7,0,9,1,27,,802371,7,0,9,1,67,,802369,7,0,9,1,27,,802363,7,0,9,1,67,,802355,7,0,9,1,29,,802365,7,0,9,1,69,,802395,7,0,9,1,30,,802370,7,0,9,1
4603,'3',810,,648267,7,0,9,1,22,,802415,7,0,9,1,21,,802420,7,0,9,1,61,,802427,7,0,9,1,21,,802426,7,0,9,1,21,,802421,7,0,9,1,61,,802402,7,0,9,1,21,,802410,7,0,9,1,21,,802411,7,0,9,1,61,,802419,7,0,9,1,21,,802432,7,0,9,1,61,,802404,7,0,9,1,23,,802424,7,0,9,1,23,,802414,7,0,9,1,63,,802416,7,0,9,1,23,,802405,7,0,9,1,23,,802433,7,0,9,1,63,,802407,7,0,9,1,23,,802425,7,0,9,1,63,,802418,7,0,9,1,23,,802430,7,0,9,1,23,,802408,7,0,9,1,63,,802423,7,0,9,1,23,,679816,7,0,9,1,63,,802431,7,0,9,1,23,,802400,7,0,9,1,23,,802401,7,0,9,1,63,,802409,7,0,9,1,23,,765550,7,0,9,1,23,,705461,7,0,9,1,60,,762908,7,0,9,1,21,,766238,7,0,9,1,21,,802422,7,0,9,1,61,,802403,7,0,9,1,21,,802434,7,0,9,1,61,,697556,7,0,9,1,21,,802406,7,0,9,1,21,,802399,7,0,9,1,61,,802435,7,0,9,1,21,,624230,7,0,9,1,21,,802428,7,0,9,1,67,,708736,7,0,9,1,27,,802429,7,0,9,1,67,,716575,7,0,9,1,29,,802413,7,0,9,1,69,,802412,7,0,9,1,30,,802417,7,0,9,1
4603,'5',518,,719968,8,0,9,1,29,,802462,7,0,9,1,70,,802453,7,0,9,1,30,,802460,7,0,9,1,61,,802452,7,0,9,1,21,,802441,7,0,9,1,21,,734960,7,0,9,1,61,,802447,7,0,9,1,21,,802469,7,0,9,1,21,,802472,7,0,9,1,61,,802442,7,0,9,1,21,,802444,7,0,9,1,21,,802437,7,0,9,1,61,,748178,7,0,9,1,21,,802456,7,0,9,1,21,,802451,7,0,9,1,61,,802455,7,0,9,1,21,,696844,7,0,9,1,61,,724140,7,0,9,1,23,,728180,7,0,9,1,23,,802450,7,0,9,1,63,,802473,7,0,9,1,23,,733643,7,0,9,1,23,,739937,7,0,9,1,63,,750992,7,0,9,1,23,,802468,7,0,9,1,63,,802463,7,0,9,1,23,,802443,7,0,9,1,23,,802466,7,0,9,1,63,,802461,7,0,9,1,23,,802454,7,0,9,1,63,,802467,7,0,9,1,23,,734742,7,0,9,1,23,,802439,7,0,9,1,63,,802449,7,0,9,1,23,,802438,7,0,9,1,23,,802470,7,0,9,1,60,,802471,7,0,9,1,21,,802464,7,0,9,1,21,,802448,7,0,9,1,61,,802440,7,0,9,1,21,,743924,7,0,9,1,61,,802474,7,0,9,1,21,,802458,7,0,9,1,21,,717245,7,0,9,1,61,,802446,7,0,9,1,21,,709858,7,0,9,1,21,,802459,7,0,9,1,67,,726875,7,0,9,1,27,,802465,7,0,9,1,67,,802445,7,0,9,1,29,,802457,7,0,9,1,69,,744668,7,0,9,1,30,,802436,7,0,9,1
14503,'1',541,,850076,8,0,132 133 227 228,1,61,,850085,8,0,132 133 227 228,1,20,,850074,8,0,132 133 227 228,1,17,,850081,8,0,132 133 227 228,1,20,,850068,8,0,132 133 227 228,1,67,,551439,8,0,132 133 227 228,1,20,,850087,8,0,132 133 227 228,1,60,,850082,8,0,132 133 227 228,1,20,,713810,8,0,132 133 227 228,1,20,,850077,8,0,132 133 227 228,1,60,,850083,8,0,132 133 227 228,1,17,,850086,8,0,132 133 227 228,1,18,,850073,8,0,132 133 227 228,1,60,,850075,8,0,132 133 227 228,1,20,,775711,8,0,132 133 227 228,1,20,,850066,8,0,132 133 227 228,1,60,,737011,8,0,132 133 227 228,1,20,,737001,8,0,132 133 227 228,1,20,,850069,8,0,132 133 227 228,1,60,,695558,8,0,132 133 227 228,1,19,,723449,8,0,132 133 227 228,1,20,,850072,8,0,132 133 227 228,1,60,,850090,8,0,132 133 227 228,1,20,,758381,8,0,132 133 227 228,1,17,,727954,8,0,132 133 227 228,1,18,,850071,8,0,132 133 227 228,1,67,,850084,8,0,132 133 227 228,1,20,,761874,8,0,132 133 227 228,1,60,,721627,8,0,132 133 227 228,1,20,,850079,8,0,132 133 227 228,1,20,,850080,8,0,132 133 227 228,1,60,,850067,8,0,132 133 227 228,1,20,,850078,8,0,132 133 227 228,1,20,,850070,8,0,132 133 227 228,1,60,,721267,8,0,132 133 227 228,1,20,,624936,8,0,132 133 227 228,1,20,,850089,8,0,132 133 227 228,1,60,,756838,8,0,132 133 227 228,1,14,,850088,8,0,132 133 227 228,1
34503,'1',2701,,859143,36,0,9,1,30,,859142,36,0,9,1,70,,859141,36,0,9,1,30,,859146,36,0,9,1,70,,859144,36,0,9,1
34503,'2',2701,,859150,36,0,9,1,30,,733048,36,0,9,1,70,,859147,36,0,9,1,30,,859148,36,0,9,1,70,,710923,36,0,9,1
34503,'3',556,,859155,36,0,9,1,70,,859158,36,0,9,1,30,,859162,36,0,9,1,70,,859160,36,0,9,1,30,,859154,36,0,9,1,1777,,859161,9,0,9,1,70,,859151,9,0,9,1,30,,859153,36,0,9,1,68,,859163,36,0,9,1,30,,859157,36,0,9,1,70,,757401,36,0,9,1,30,,859159,36,0,9,1
34503,'5',2533,,641620,9,0,9,1,70,,777131,9,0,9,1,30,,859166,36,0,9,1,68,,859167,36,0,9,1,30,,859165,36,0,9,1,70,,859164,36,0,9,1,30,,859169,36,0,9,1
