1304,'1',542,,755844,2,0,5 109 46,1,62,,782400,2,0,5 109 46,1,22,,782428,2,0,5 109 46,1,22,,746877,2,0,5 109 46,1,60,,782412,2,0,5 109 46,1,20,,750145,2,0,5 109 46,1,20,,782422,2,0,5 109 46,1,60,,709621,2,0,5 109 46,1,20,,782430,2,0,5 109 46,1,20,,782424,2,0,5 109 46,1,61,,782432,2,0,34 110,1,21,,782419,2,0,34 110,1,22,,782405,2,0,34 110,1,65,,782413,2,0,34 110,1,25,,770028,2,0,34 110,1,65,,782425,2,0,34 110,1,25,,782429,2,0,34 110,1,25,,782423,2,0,34 110,1,65,,782396,2,0,34 110,1,25,,782420,2,0,34 110,1,65,,782434,2,0,34 110,1,25,,782418,2,0,34 110,1,66,,782408,2,0,5 109 46,1,25,,782435,2,0,5 109 46,1,25,,782427,2,0,5 109 46,1,65,,782404,2,0,5 109 46,1,25,,782426,2,0,5 109 46,1,65,,782421,2,0,5 109 46,1,25,,782407,2,0,5 109 46,1,25,,782399,2,0,5 109 46,1,65,,782433,2,0,5 109 46,1,25,,782436,2,0,5 109 46,1,65,,782411,2,0,5 109 46,1,25,,782431,2,0,5 109 46,1,64,,782415,2,0,5 109 46,1,25,,782409,2,0,5 109 46,1,25,,481981,2,0,5 109 46,1,65,,692496,2,0,5 109 46,1,25,,782395,2,0,5 109 46,1,65,,782414,2,0,5 109 46,1,25,,782401,2,0,5 109 46,1,25,,782398,2,0,5 109 46,1,65,,782397,2,0,5 109 46,1,25,,782402,2,0,5 109 46,1,65,,782437,2,0,5 109 46,1,25,,782403,2,0,5 109 46,1,65,,782416,2,0,5 109 46,1,25,,782406,2,0,5 109 46,1,25,,711316,2,0,5 109 46,1,65,,782417,2,0,5 109 46,1,25,,782410,2,0,5 109 46,1
1304,'2',543,,782473,2,0,5 109 46,1,59,,743663,2,0,5 109 46,1,20,,782442,2,0,5 109 46,1,20,,731313,2,0,5 109 46,1,60,,782457,2,0,5 109 46,1,20,,782447,2,0,5 109 46,1,20,,782438,2,0,5 109 46,1,60,,721174,2,0,5 109 46,1,30,,782466,2,0,5 109 46,1,70,,655839,2,0,5 109 46,1,28,,782439,2,0,5 109 46,1,22,,782450,2,0,5 109 46,1,65,,770581,2,0,5 109 46,1,25,,782443,2,0,5 109 46,1,65,,782444,2,0,5 109 46,1,25,,782445,2,0,5 109 46,1,25,,782454,2,0,5 109 46,1,61,,782452,2,0,5 109 46,1,27,,782448,2,0,5 109 46,1,70,,699270,2,0,5 109 46,1,30,,782458,2,0,5 109 46,1,70,,752671,2,0,5 109 46,1,30,,782455,2,0,5 109 46,1,70,,782462,2,0,5 109 46,1,30,,782470,2,0,5 109 46,1,70,,782449,2,0,5 109 46,1,30,,782446,2,0,5 109 46,1,69,,730141,2,0,5 109 46,1,28,,782467,2,0,5 109 46,1,66,,782472,2,0,5 109 46,1,28,,644643,2,0,5 109 46,1,66,,782468,2,0,5 109 46,1,25,,782463,2,0,5 109 46,1,25,,782440,2,0,5 109 46,1,65,,782451,2,0,5 109 46,1,25,,729195,2,0,5 109 46,1,65,,782469,2,0,5 109 46,1,25,,782471,2,0,5 109 46,1,25,,782474,2,0,5 109 46,1,65,,782453,2,0,5 109 46,1,25,,752659,2,0,5 109 46,1,65,,782456,2,0,5 109 46,1,25,,782460,2,0,5 109 46,1,65,,782459,2,0,5 109 46,1,25,,782461,2,0,5 109 46,1,25,,782441,2,0,5 109 46,1,65,,782465,2,0,5 109 46,1,25,,782464,2,0,5 109 46,1
1304,'3',740,,717121,2,0,5 109 46,1,68,,695098,2,0,5 109 46,1,29,,782488,2,0,5 109 46,1,65,,782504,2,0,5 109 46,1,25,,782497,2,0,5 109 46,1,25,,782479,2,0,5 109 46,1,65,,782481,2,0,5 109 46,1,25,,782480,2,0,5 109 46,1,65,,782475,2,0,5 109 46,1,25,,782490,2,0,5 109 46,1,25,,782493,2,0,5 109 46,1,61,,782487,2,0,5 109 46,1,27,,782500,2,0,5 109 46,1,70,,782506,2,0,5 109 46,1,30,,782492,2,0,5 109 46,1,70,,782476,2,0,5 109 46,1,30,,717887,2,0,5 109 46,1,70,,782505,2,0,5 109 46,1,30,,782494,2,0,5 109 46,1,70,,782483,2,0,5 109 46,1,30,,782496,2,0,5 109 46,1,70,,782491,2,0,5 109 46,1,30,,782484,2,0,5 109 46,1,65,,782498,2,0,5 109 46,1,27,,728330,2,0,5 109 46,1,65,,782502,2,0,5 109 46,1,25,,782482,2,0,5 109 46,1,25,,782503,2,0,5 109 46,1,65,,782486,2,0,5 109 46,1,25,,758488,2,0,5 109 46,1,65,,782477,2,0,5 109 46,1,25,,715885,2,0,5 109 46,1,25,,754693,2,0,5 109 46,1,65,,718985,2,0,5 109 46,1,25,,782495,2,0,5 109 46,1,65,,782489,2,0,5 109 46,1,25,,766073,2,0,5 109 46,1,65,,782478,2,0,5 109 46,1,25,,782485,2,0,5 109 46,1,25,,782499,2,0,5 109 46,1,65,,774864,2,0,5 109 46,1,25,,782501,2,0,5 109 46,1
1304,'5',543,,782507,2,0,5 109 46,1,59,,782526,2,0,5 109 46,1,20,,762555,2,0,5 109 46,1,20,,782514,2,0,5 109 46,1,60,,782532,2,0,5 109 46,1,20,,782513,2,0,5 109 46,1,20,,782537,2,0,5 109 46,1,60,,782539,2,0,5 109 46,1,30,,782528,2,0,5 109 46,1,70,,650286,2,0,5 109 46,1,28,,782540,2,0,5 109 46,1,22,,782508,2,0,5 109 46,1,65,,782517,2,0,5 109 46,1,25,,782531,2,0,5 109 46,1,65,,717955,2,0,5 109 46,1,25,,782512,2,0,5 109 46,1,25,,782523,2,0,5 109 46,1,64,,705506,2,0,5 109 46,1,24,,782533,2,0,5 109 46,1,70,,782515,2,0,5 109 46,1,30,,782518,2,0,5 109 46,1,70,,782522,2,0,5 109 46,1,30,,782525,2,0,5 109 46,1,70,,773240,2,0,5 109 46,1,30,,782524,2,0,5 109 46,1,70,,729270,2,0,5 109 46,1,30,,782519,2,0,5 109 46,1,70,,782527,2,0,5 109 46,1,30,,782543,2,0,5 109 46,1,65,,782534,2,0,5 109 46,1,27,,782538,2,0,5 109 46,1,65,,704363,2,0,5 109 46,1,25,,782521,2,0,5 109 46,1,25,,782520,2,0,5 109 46,1,65,,782509,2,0,5 109 46,1,25,,782535,2,0,5 109 46,1,65,,782516,2,0,5 109 46,1,25,,758604,2,0,5 109 46,1,25,,782530,2,0,5 109 46,1,65,,782529,2,0,5 109 46,1,25,,733597,2,0,5 109 46,1,65,,753375,2,0,5 109 46,1,25,,782536,2,0,5 109 46,1,65,,782511,2,0,5 109 46,1,25,,736865,2,0,5 109 46,1,25,,782510,2,0,5 109 46,1,65,,782542,2,0,5 109 46,1,25,,782541,2,0,5 109 46,1
3402,'1',629,,793483,31,0,52 53 8,1,17,,590348,31,0,52 53 8,1,55,,793494,31,0,52 53 8,1,20,,793466,31,0,52 53 8,1,20,,793499,31,0,52 53 8,1,60,,773957,31,0,52 53 8,1,20,,793458,31,0,52 53 8,1,20,,793473,31,0,52 53 8,1,59,,793484,31,0,52 53 8,1,19,,720117,31,0,52 53 8,1,21,,793491,31,0,52 53 8,1,19,,793478,31,0,52 53 8,1,60,,760483,31,0,52 53 8,1,20,,793463,31,0,52 53 8,1,20,,693416,31,0,52 53 8,1,60,,793500,31,0,52 53 8,1,20,,793475,31,0,52 53 8,1,20,,753497,31,0,52 53 8,1,60,,779215,31,0,52 53 8,1,20,,793472,31,0,52 53 8,1,20,,793498,31,0,52 53 8,1,50,,764735,31,0,52 53 8,1,10,,793462,31,0,52 53 8,1,18,,746907,31,0,52 53 8,1,14,,704607,31,0,52 53 8,1,54,,793496,31,0,52 53 8,1,20,,793471,31,0,52 53 8,1,20,,793468,31,0,52 53 8,1,60,,793455,31,0,52 53 8,1,20,,793470,31,0,52 53 8,1,20,,793502,31,0,52 53 8,1,60,,793479,31,0,52 53 8,1,20,,793474,31,0,52 53 8,1,20,,793477,31,0,52 53 8,1,59,,793467,31,0,52 53 8,1,20,,793486,31,0,52 53 8,1,17,,793501,31,0,52 53 8,1,17,,793456,31,0,52 53 8,1,60,,793480,31,0,52 53 8,1,20,,793469,31,0,52 53 8,1,20,,793476,31,0,52 53 8,1,55,,744037,31,0,52 53 8,1,14,,793457,31,0,52 53 8,1,24,,793487,31,0,52 53 8,1,60,,793485,31,0,52 53 8,1,20,,793488,31,0,52 53 8,1,20,,776093,31,0,52 53 8,1,60,,793490,31,0,52 53 8,1,20,,793459,31,0,52 53 8,1,20,,793465,31,0,52 53 8,1,58,,793461,31,0,52 53 8,1,16,,793495,31,0,52 53 8,1,18,,772727,31,0,52 53 8,1,60,,793489,31,0,52 53 8,1,20,,793492,31,0,52 53 8,1,20,,793460,31,0,52 53 8,1,60,,779580,31,0,52 53 8,1,20,,793481,31,0,52 53 8,1,20,,793482,31,0,52 53 8,1,60,,793464,31,0,52 53 8,1,20,,793497,31,0,52 53 8,1,20,,793493,31,0,52 53 8,1
3402,'2',623,,651114,31,0,52 53 8,1,20,,728046,31,0,52 53 8,1,60,,793511,31,0,52 53 8,1,20,,730084,31,0,52 53 8,1,20,,793539,31,0,52 53 8,1,15,,793545,31,0,52 53 8,1,58,,793508,31,0,52 53 8,1,20,,793536,31,0,52 53 8,1,20,,793526,31,0,52 53 8,1,60,,793520,31,0,52 53 8,1,10,,707131,31,0,52 53 8,1,10,,662211,31,0,52 53 8,1,20,,793535,31,0,52 53 8,1,60,,793517,31,0,52 53 8,1,14,,793523,31,0,52 53 8,1,15,,793510,31,0,52 53 8,1,57,,793522,31,0,52 53 8,1,20,,793506,31,0,52 53 8,1,20,,793507,31,0,52 53 8,1,60,,793533,31,0,52 53 8,1,20,,793504,31,0,52 53 8,1,20,,437095,31,0,52 53 8,1,60,,793514,31,0,52 53 8,1,20,,793537,31,0,52 53 8,1,20,,793525,31,0,52 53 8,1,60,,755030,31,0,52 53 8,1,20,,775429,31,0,52 53 8,1,20,,793505,31,0,52 53 8,1,60,,793531,31,0,52 53 8,1,20,,625958,31,0,52 53 8,1,20,,793521,31,0,52 53 8,1,60,,793544,31,0,52 53 8,1,20,,793509,31,0,52 53 8,1,20,,793532,31,0,52 53 8,1,60,,793534,31,0,52 53 8,1,19,,793542,31,0,52 53 8,1,15,,793529,31,0,52 53 8,1,19,,793540,31,0,52 53 8,1,60,,793527,31,0,52 53 8,1,20,,712361,31,0,52 53 8,1,20,,793503,31,0,52 53 8,1,60,,793518,31,0,52 53 8,1,20,,793524,31,0,52 53 8,1,65,,793519,31,0,52 53 8,1,16,,715036,31,0,52 53 8,1,16,,793516,31,0,52 53 8,1,17,,793515,31,0,52 53 8,1,60,,793513,31,0,52 53 8,1,20,,793548,31,0,52 53 8,1,20,,769866,31,0,52 53 8,1,60,,793538,31,0,52 53 8,1,20,,728091,31,0,52 53 8,1,20,,793543,31,0,52 53 8,1,58,,793547,31,0,52 53 8,1,17,,758389,31,0,52 53 8,1,19,,793512,31,0,52 53 8,1,60,,793541,31,0,52 53 8,1,20,,726189,31,0,52 53 8,1,20,,793528,31,0,52 53 8,1,60,,697056,31,0,52 53 8,1,20,,793530,31,0,52 53 8,1,20,,793546,31,0,52 53 8,1
3402,'3',812,,793556,31,0,52 53 8,1,20,,793572,31,0,52 53 8,1,20,,793561,31,0,52 53 8,1,60,,793586,31,0,52 53 8,1,20,,793569,31,0,52 53 8,1,18,,793583,31,0,52 53 8,1,55,,739403,31,0,52 53 8,1,17,,793559,31,0,52 53 8,1,20,,793585,31,0,52 53 8,1,58,,793570,31,0,52 53 8,1,20,,721355,31,0,52 53 8,1,19,,793584,31,0,52 53 8,1,19,,793579,31,0,52 53 8,1,59,,793551,31,0,52 53 8,1,20,,793591,31,0,52 53 8,1,20,,750947,31,0,52 53 8,1,60,,793562,31,0,52 53 8,1,20,,793592,31,0,52 53 8,1,20,,793555,31,0,52 53 8,1,60,,793575,31,0,52 53 8,1,20,,793564,31,0,52 53 8,1,20,,793580,31,0,52 53 8,1,60,,793566,31,0,52 53 8,1,20,,793549,31,0,52 53 8,1,20,,551057,31,0,52 53 8,1,60,,793588,31,0,52 53 8,1,20,,793590,31,0,52 53 8,1,20,,793550,31,0,52 53 8,1,60,,793558,31,0,52 53 8,1,20,,793573,31,0,52 53 8,1,20,,793557,31,0,52 53 8,1,57,,793587,31,0,52 53 8,1,17,,793593,31,0,52 53 8,1,17,,793578,31,0,52 53 8,1,60,,770622,31,0,52 53 8,1,20,,692903,31,0,52 53 8,1,25,,793567,31,0,52 53 8,1,60,,768650,31,0,52 53 8,1,16,,793576,31,0,52 53 8,1,19,,793568,31,0,52 53 8,1,60,,793581,31,0,52 53 8,1,20,,793589,31,0,52 53 8,1,20,,793594,31,0,52 53 8,1,60,,793563,31,0,52 53 8,1,20,,793577,31,0,52 53 8,1,20,,793574,31,0,52 53 8,1,59,,793560,31,0,52 53 8,1,17,,793565,31,0,52 53 8,1,19,,747748,31,0,52 53 8,1,60,,793554,31,0,52 53 8,1,20,,793552,31,0,52 53 8,1,20,,793571,31,0,52 53 8,1,60,,793582,31,0,52 53 8,1,20,,793553,31,0,52 53 8,1,20,,744272,31,0,52 53 8,1
3402,'5',619,,793615,31,0,52 53 8,1,20,,793601,31,0,52 53 8,1,20,,793630,31,0,52 53 8,1,60,,793641,31,0,52 53 8,1,20,,793598,31,0,52 53 8,1,15,,793624,31,0,52 53 8,1,58,,720454,31,0,52 53 8,1,20,,793606,31,0,52 53 8,1,20,,793610,31,0,52 53 8,1,60,,628803,31,0,52 53 8,1,20,,793596,31,0,52 53 8,1,18,,793629,31,0,52 53 8,1,55,,793626,31,0,52 53 8,1,17,,793627,31,0,52 53 8,1,20,,725340,31,0,52 53 8,1,58,,793613,31,0,52 53 8,1,20,,793608,31,0,52 53 8,1,19,,793599,31,0,52 53 8,1,19,,755220,31,0,52 53 8,1,59,,793611,31,0,52 53 8,1,20,,793617,31,0,52 53 8,1,20,,705541,31,0,52 53 8,1,60,,793603,31,0,52 53 8,1,20,,793621,31,0,52 53 8,1,20,,714577,31,0,52 53 8,1,60,,793628,31,0,52 53 8,1,20,,574944,31,0,52 53 8,1,20,,793625,31,0,52 53 8,1,60,,711764,31,0,52 53 8,1,20,,777530,31,0,52 53 8,1,20,,793619,31,0,52 53 8,1,60,,793631,31,0,52 53 8,1,20,,793622,31,0,52 53 8,1,20,,793639,31,0,52 53 8,1,60,,793637,31,0,52 53 8,1,20,,793636,31,0,52 53 8,1,20,,793605,31,0,52 53 8,1,57,,793620,31,0,52 53 8,1,17,,793632,31,0,52 53 8,1,17,,696151,31,0,52 53 8,1,60,,793635,31,0,52 53 8,1,20,,621277,31,0,52 53 8,1,25,,793634,31,0,52 53 8,1,60,,793600,31,0,52 53 8,1,16,,793595,31,0,52 53 8,1,19,,638884,31,0,52 53 8,1,60,,793640,31,0,52 53 8,1,20,,715912,31,0,52 53 8,1,20,,793614,31,0,52 53 8,1,60,,793618,31,0,52 53 8,1,20,,793604,31,0,52 53 8,1,20,,793607,31,0,52 53 8,1,59,,793612,31,0,52 53 8,1,17,,793623,31,0,52 53 8,1,19,,793602,31,0,52 53 8,1,60,,793597,31,0,52 53 8,1,20,,793609,31,0,52 53 8,1,20,,793616,31,0,52 53 8,1,60,,793633,31,0,52 53 8,1,20,,793638,31,0,52 53 8,1,20,,722804,31,0,52 53 8,1
6103,'1',541,,811352,2,0,252,1,60,,811313,2,0,252,1,20,,625770,2,0,252,1,19,,811340,2,0,252,1,15,,811347,2,0,252,1,56,,811332,2,0,252,1,18,,811328,2,0,252,1,20,,811348,2,0,252,1,60,,811337,2,0,252,1,20,,811346,2,0,252,1,20,,811342,2,0,252,1,60,,811335,2,0,252,1,20,,811315,2,0,252,1,17,,811304,2,0,252,1,58,,770863,2,0,252,1,18,,744777,2,0,252,1,18,,811329,2,0,252,1,18,,811339,2,0,252,1,58,,811309,2,0,252,1,18,,811318,2,0,252,1,18,,811345,2,0,252,1,58,,811307,2,0,252,1,18,,811331,2,0,252,1,18,,811334,2,0,252,1,58,,811338,2,0,252,1,18,,811322,2,0,252,1,18,,811324,2,0,252,1,18,,651102,2,0,252,1,58,,811330,2,0,252,1,17,,735519,2,0,252,1,19,,811316,2,0,252,1,52,,811305,2,0,252,1,18,,811327,2,0,252,1,18,,776344,2,0,252,1,18,,811344,2,0,252,1,58,,811326,2,0,252,1,18,,811323,2,0,252,1,18,,811341,2,0,252,1,58,,811336,2,0,252,1,18,,811310,2,0,252,1,18,,811321,2,0,252,1,61,,811343,2,0,252,1,20,,679490,2,0,252,1,18,,811319,2,0,252,1,58,,811320,2,0,252,1,19,,811306,2,0,252,1,22,,811311,2,0,252,1,64,,751757,2,0,252,1,20,,702194,2,0,252,1,20,,716668,2,0,252,1,60,,811308,2,0,252,1,20,,709624,2,0,252,1,20,,811317,2,0,252,1,62,,811333,2,0,252,1,21,,811312,2,0,252,1,20,,717481,2,0,252,1,60,,678677,2,0,252,1,20,,744497,2,0,252,1,20,,763944,2,0,252,1,60,,811351,2,0,252,1,20,,811314,2,0,252,1,20,,749659,2,0,252,1,60,,811350,2,0,252,1,20,,811349,2,0,252,1
6103,'2',553,,811355,2,0,252,1,60,,735150,2,0,252,1,20,,811388,2,0,252,1,20,,811394,2,0,252,1,60,,716774,2,0,252,1,20,,762102,2,0,252,1,20,,811354,2,0,252,1,60,,811353,2,0,252,1,20,,722135,2,0,252,1,20,,811367,2,0,252,1,63,,811384,2,0,252,1,21,,811392,2,0,252,1,18,,696076,2,0,252,1,58,,811385,2,0,252,1,18,,811370,2,0,252,1,18,,735718,2,0,252,1,58,,811369,2,0,252,1,18,,811399,2,0,252,1,18,,811386,2,0,252,1,59,,811375,2,0,252,1,18,,811391,2,0,252,1,18,,534106,2,0,252,1,18,,668104,2,0,252,1,58,,811396,2,0,252,1,18,,811380,2,0,252,1,18,,811361,2,0,252,1,58,,811389,2,0,252,1,18,,811363,2,0,252,1,18,,811395,2,0,252,1,58,,754822,2,0,252,1,18,,811362,2,0,252,1,18,,811390,2,0,252,1,18,,811368,2,0,252,1,58,,811400,2,0,252,1,18,,733508,2,0,252,1,18,,811383,2,0,252,1,58,,811376,2,0,252,1,18,,811377,2,0,252,1,18,,774026,2,0,252,1,57,,811378,2,0,252,1,14,,811382,2,0,252,1,16,,811373,2,0,252,1,20,,811371,2,0,252,1,60,,699350,2,0,252,1,20,,811393,2,0,252,1,20,,811398,2,0,252,1,60,,811357,2,0,252,1,17,,811374,2,0,252,1,20,,811387,2,0,252,1,60,,811381,2,0,252,1,20,,811366,2,0,252,1,20,,811364,2,0,252,1,63,,811372,2,0,252,1,20,,811359,2,0,252,1,20,,774061,2,0,252,1,60,,811360,2,0,252,1,20,,811397,2,0,252,1,20,,811379,2,0,252,1,60,,811358,2,0,252,1,20,,811356,2,0,252,1,20,,764431,2,0,252,1,60,,768988,2,0,252,1,20,,811365,2,0,252,1
6103,'3',807,,811413,2,0,252,1,20,,811432,2,0,252,1,20,,811448,2,0,252,1,60,,767081,2,0,252,1,20,,811433,2,0,252,1,20,,811428,2,0,252,1,60,,811418,2,0,252,1,20,,811411,2,0,252,1,20,,811412,2,0,252,1,60,,811403,2,0,252,1,18,,694292,2,0,252,1,18,,811415,2,0,252,1,58,,811416,2,0,252,1,18,,811410,2,0,252,1,18,,811435,2,0,252,1,18,,811445,2,0,252,1,58,,811402,2,0,252,1,18,,811404,2,0,252,1,18,,811426,2,0,252,1,58,,811419,2,0,252,1,18,,811409,2,0,252,1,18,,811427,2,0,252,1,58,,811420,2,0,252,1,18,,811436,2,0,252,1,18,,811434,2,0,252,1,18,,811441,2,0,252,1,58,,811407,2,0,252,1,18,,811440,2,0,252,1,18,,811414,2,0,252,1,58,,811430,2,0,252,1,18,,811421,2,0,252,1,18,,811417,2,0,252,1,58,,811446,2,0,252,1,14,,811408,2,0,252,1,16,,811423,2,0,252,1,20,,811424,2,0,252,1,60,,811447,2,0,252,1,20,,811401,2,0,252,1,20,,811449,2,0,252,1,60,,811405,2,0,252,1,17,,811431,2,0,252,1,20,,811443,2,0,252,1,60,,709430,2,0,252,1,20,,811422,2,0,252,1,20,,811451,2,0,252,1,63,,811452,2,0,252,1,20,,811442,2,0,252,1,20,,811438,2,0,252,1,60,,605378,2,0,252,1,20,,811425,2,0,252,1,20,,811429,2,0,252,1,60,,811450,2,0,252,1,20,,811444,2,0,252,1,20,,811406,2,0,252,1,60,,811437,2,0,252,1,20,,811439,2,0,252,1
6103,'5',553,,811481,2,0,252,1,60,,562896,2,0,252,1,20,,697267,2,0,252,1,17,,722983,2,0,252,1,57,,811470,2,0,252,1,20,,811464,2,0,252,1,20,,811468,2,0,252,1,60,,811473,2,0,252,1,20,,727614,2,0,252,1,20,,811460,2,0,252,1,60,,811467,2,0,252,1,20,,811458,2,0,252,1,20,,726921,2,0,252,1,60,,811461,2,0,252,1,20,,811474,2,0,252,1,20,,811477,2,0,252,1,60,,732327,2,0,252,1,18,,811453,2,0,252,1,18,,811480,2,0,252,1,58,,811482,2,0,252,1,18,,811455,2,0,252,1,18,,811475,2,0,252,1,18,,737411,2,0,252,1,58,,811462,2,0,252,1,18,,722400,2,0,252,1,18,,811478,2,0,252,1,58,,811463,2,0,252,1,18,,811487,2,0,252,1,18,,603617,2,0,252,1,58,,556523,2,0,252,1,18,,732367,2,0,252,1,18,,706073,2,0,252,1,18,,811457,2,0,252,1,58,,811479,2,0,252,1,18,,693530,2,0,252,1,18,,775957,2,0,252,1,58,,811488,2,0,252,1,18,,720827,2,0,252,1,18,,811459,2,0,252,1,58,,811483,2,0,252,1,14,,676143,2,0,252,1,16,,811485,2,0,252,1,20,,606595,2,0,252,1,60,,811471,2,0,252,1,20,,811484,2,0,252,1,20,,811486,2,0,252,1,60,,811466,2,0,252,1,17,,811456,2,0,252,1,20,,811476,2,0,252,1,60,,695984,2,0,252,1,20,,621012,2,0,252,1,20,,811489,2,0,252,1,63,,811454,2,0,252,1,20,,811472,2,0,252,1,20,,754866,2,0,252,1,60,,761067,2,0,252,1,20,,555540,2,0,252,1,20,,722391,2,0,252,1,60,,769410,2,0,252,1,20,,811469,2,0,252,1,20,,811490,2,0,252,1,60,,811465,2,0,252,1,20,,811491,2,0,252,1
33402,'1',440,,858456,86,0,17 154 8,1,15,,858461,30,0,17 154 8,1,55,,858469,86,0,17 154 8,1,10,,728834,30,0,17 154 8,1,10,,858454,30,0,17 154 8,1,7,,858465,2,0,17 154 8,1,7,,858460,87,0,17 154 8,1,8,,858471,2,0,17 154 8,1,48,,858458,31,0,17 154 8,1,8,,858480,31,0,17 154 8,1,1950,,858466,31,0,5 132 133,1,52,,764236,31,0,34 236 261,1,15,,858477,30,0,5 132 133,1,15,,858462,30,0,34 236 261,1,15,,858476,30,0,5 132 133,1,55,,858459,86,0,34 236 261,1,15,,858473,30,0,5 132 133,1,15,,858463,86,0,34 236 261,1,15,,858470,30,0,5 132 133,1,55,,858478,86,0,34 236 261,1,15,,858479,30,0,5 132 133,1
33402,'2',440,,734644,86,0,34 236 261,1,15,,858492,30,0,5 132 133,1,55,,858498,86,0,17 154 8,1,15,,858493,30,0,5 132 133,1,12,,743106,86,0,17 154 8,1,13,,858483,31,0,17 154 8,1,52,,858484,31,0,17 154 8,1,1956,,858496,31,0,5 132 133,1,52,,858488,31,0,34 236 261,1,15,,858489,30,0,5 132 133,1,15,,704284,30,0,34 236 261,1,15,,858497,30,0,5 132 133,1,55,,858486,86,0,34 236 261,1,15,,858482,30,0,5 132 133,1,15,,742582,86,0,34 236 261,1,15,,858495,30,0,5 132 133,1,55,,652384,86,0,34 236 261,1,15,,858490,30,0,5 132 133,1
33402,'3',440,,858509,86,0,34 236 261,1,15,,753710,30,0,5 132 133,1,55,,741654,86,0,34 236 261,1,15,,858511,30,0,5 132 133,1,15,,858512,86,0,34 52 53 8,1,12,,858501,30,0,17 154 8,1,55,,858503,86,0,34 52 53 8,1,10,,736272,30,0,17 154 8,1,10,,858521,86,0,34 52 53 8,1,10,,858507,30,0,17 154 8,1,10,,706910,86,0,34 52 53 8,1,10,,733822,30,0,17 154 8,1,50,,858510,86,0,34 52 53 8,1,10,,858524,30,0,17 154 8,1,10,,858502,86,0,34 52 53 8,1,10,,858519,30,0,17 154 8,1,7,,704680,86,0,17 154 8,1,10,,858523,31,0,17 154 8,1,1804,,858508,31,0,5 132 133,1,52,,858505,31,0,34 236 261,1,15,,858526,30,0,5 132 133,1,15,,858499,30,0,34 236 261,1,15,,684760,30,0,5 132 133,1,55,,858522,86,0,34 236 261,1,15,,858500,30,0,5 132 133,1,15,,858518,86,0,34 236 261,1,15,,736323,30,0,5 132 133,1,55,,858516,86,0,34 236 261,1,15,,858520,30,0,5 132 133,1
33402,'5',440,,700269,86,0,34 236 261,1,15,,858547,30,0,5 132 133,1,55,,858541,86,0,17 154 8,1,15,,858536,30,0,5 132 133,1,15,,858542,86,0,17 154 8,1,10,,858534,31,0,17 154 8,1,50,,858529,31,0,17 154 8,1,1958,,858533,31,0,5 132 133,1,52,,858543,31,0,34 236 261,1,15,,858540,30,0,5 132 133,1,15,,858546,30,0,34 236 261,1,15,,858535,30,0,5 132 133,1,55,,858531,86,0,34 236 261,1,15,,858528,30,0,5 132 133,1,15,,759310,86,0,34 236 261,1,15,,858537,30,0,5 132 133,1,55,,858548,86,0,34 236 261,1,15,,858532,30,0,5 132 133,1
