2903,'1',2622,,614670,44,4,,1
2903,'2',2622,,614764,44,4,,1
2903,'3',2622,,614951,44,4,,1
2903,'5',2622,,615111,44,4,,1
9601,'1',522,,656253,51,0,34 14 38 15,1,7,,656217,15,0,5 14 38 15,1,22,,656263,15,0,5 14 38 15,1
9601,'2',522,,656394,51,0,34 14 38 15,1
9601,'3',522,,656444,51,0,34 14 38 15,1,12,,656487,51,0,34 14 38 15,1,18,,656467,51,0,34 14 38 15,1,54,,656548,56,0,5 14 38 15,1,12,,656492,61,0,34 14 38 15,1,12,,656529,56,0,5 14 38 15,1,12,,656496,61,0,34 14 38 15,1,12,,656456,56,0,5 14 38 15,1,52,,656509,61,0,34 14 38 15,1,12,,656552,56,0,5 14 38 15,1,12,,656555,61,0,34 14 38 15,1
9601,'5',522,,656685,51,0,34 14 38 15,1
32903,'1',452,,681735,48,4,,1,2470,,681729,48,4,,1
32903,'2',2922,,681737,48,4,,1
32903,'3',547,,681754,48,4,,1,71,,681757,48,4,,1,9,,681764,48,4,,1,20,,681758,48,4,,1,10,,536560,48,4,,1,60,,582739,48,4,,1,10,,681761,48,4,,1,2207,,681748,48,4,,1
32903,'5',2922,,681778,48,4,,1
39601,'1',500,,683224,53,0,11 12 14 38 15,1,2139,,683223,53,0,11 12 14 38 15,1,61,,683222,53,0,11 12 14 38 15,1,20,,683219,53,0,11 12 14 38 15,1,20,,683221,53,0,11 12 14 38 15,1,60,,481688,53,0,11 12 14 38 15,1,20,,683220,53,0,11 12 14 38 15,1,20,,500918,53,0,11 12 14 38 15,1
39601,'2',500,,683229,53,0,11 12 14 38 15,1,2140,,683228,53,0,11 12 14 38 15,1,60,,683230,53,0,11 12 14 38 15,1,20,,683231,53,0,11 12 14 38 15,1,20,,601259,53,0,11 12 14 38 15,1,60,,683225,53,0,11 12 14 38 15,1,20,,683227,53,0,11 12 14 38 15,1,20,,683232,53,0,11 12 14 38 15,1
39601,'3',500,,433800,53,0,11 12 14 38 15,1,2140,,683233,53,0,11 12 14 38 15,1,60,,392749,53,0,11 12 14 38 15,1,20,,683236,53,0,11 12 14 38 15,1,20,,683237,53,0,11 12 14 38 15,1,60,,683234,53,0,11 12 14 38 15,1,20,,683238,53,0,11 12 14 38 15,1,20,,683235,53,0,11 12 14 38 15,1
39601,'5',500,,683243,53,0,11 12 14 38 15,1,2140,,683239,53,0,11 12 14 38 15,1,60,,683240,53,0,11 12 14 38 15,1,20,,550345,53,0,11 12 14 38 15,1,20,,683242,53,0,11 12 14 38 15,1,60,,683241,53,0,11 12 14 38 15,1,20,,683246,53,0,11 12 14 38 15,1,20,,683245,53,0,11 12 14 38 15,1
99601,'1',505,,516903,1,0,39 10 8,1,10,,690481,1,0,39 10 8,1,10,,572011,1,0,39 10 8,1,10,,690475,1,0,39 10 8,1
