9602,'1',504,,744069,3,0,5 123 124,1,12,,630507,3,0,34 257,1,12,,744011,2,0,5 123 124,1,15,,744086,14,0,5 123 124,1,6,,744076,14,0,34 257,1,6,,744051,14,0,5 123 124,1,46,,744078,14,0,34 257,1,6,,744012,14,0,5 123 124,1,6,,580265,14,0,34 257,1,6,,743987,14,0,5 123 124,1,6,,744088,14,0,34 257,1,6,,636320,14,0,5 123 124,1,6,,743991,14,0,34 257,1,6,,609702,14,0,5 123 124,1,6,,743980,14,0,34 257,1,6,,744025,14,0,5 123 124,1,46,,656711,14,0,34 257,1,6,,743993,14,0,5 123 124,1,6,,744013,14,0,34 257,1,6,,744006,14,0,5 123 124,1,6,,744065,14,0,34 257,1,6,,744033,14,0,5 123 124,1,6,,627075,14,0,34 257,1,6,,743999,14,0,5 123 124,1,6,,743995,14,0,34 257,1,6,,744055,14,0,5 123 124,1,46,,744084,14,0,34 257,1,6,,743984,14,0,5 123 124,1,6,,626575,14,0,34 257,1,6,,744038,14,0,5 123 124,1,6,,744007,14,0,34 257,1,6,,744047,14,0,5 123 124,1,6,,744024,14,0,34 257,1,6,,533211,14,0,5 123 124,1,6,,744056,14,0,34 257,1,6,,744027,14,0,5 123 124,1,46,,689727,14,0,34 257,1,6,,744023,14,0,5 123 124,1,6,,641222,14,0,34 257,1,7,,744021,14,0,5 123 124,1,8,,744031,14,0,34 257,1,9,,743979,14,0,5 123 124,1,8,,633079,14,0,34 257,1,9,,744062,14,0,5 123 124,1,48,,687561,14,0,34 257,1,9,,744063,14,0,5 123 124,1,8,,667910,14,0,34 257,1,9,,651525,14,0,5 123 124,1,8,,599457,14,0,34 257,1,9,,744034,14,0,5 123 124,1,8,,743985,14,0,34 257,1,49,,660083,14,0,5 123 124,1,8,,602960,14,0,34 257,1,9,,744001,14,0,5 123 124,1,8,,743996,14,0,34 257,1,9,,648528,14,0,5 123 124,1,8,,744016,14,0,34 257,1,9,,743982,14,0,5 123 124,1,48,,744044,14,0,34 257,1,9,,744018,14,0,5 123 124,1,8,,743994,14,0,34 257,1,9,,650685,14,0,5 123 124,1,8,,604764,14,0,34 257,1,9,,744075,14,0,5 123 124,1,8,,744053,14,0,34 257,1,49,,452727,14,0,5 123 124,1,8,,744085,14,0,34 257,1,9,,744061,14,0,5 123 124,1,8,,744068,14,0,34 257,1,9,,744026,14,0,5 123 124,1,8,,744019,14,0,34 257,1,9,,685094,14,0,5 123 124,1,48,,744049,14,0,34 257,1,9,,744060,14,0,5 123 124,1,8,,744010,14,0,34 257,1,9,,744087,14,0,5 123 124,1,8,,744020,14,0,34 257,1,9,,744035,14,0,5 123 124,1,8,,744036,14,0,34 257,1,49,,744029,14,0,5 123 124,1,8,,744014,14,0,34 257,1,9,,744064,14,0,5 123 124,1,7,,684484,14,0,34 257,1,8,,744003,14,0,5 123 124,1,7,,744009,14,0,34 257,1,10,,744043,14,0,5 123 124,1,7,,744041,14,0,34 257,1,49,,744008,14,0,5 123 124,1,7,,403441,14,0,34 257,1,8,,744057,14,0,5 123 124,1,7,,616786,14,0,34 257,1,8,,606668,14,0,5 123 124,1,7,,744052,14,0,34 257,1,8,,662307,14,0,5 123 124,1,7,,637134,14,0,34 257,1,48,,744004,14,0,5 123 124,1,7,,744070,14,0,34 257,1,8,,521334,14,0,5 123 124,1,7,,537255,14,0,34 257,1,8,,744042,14,0,5 123 124,1,7,,659525,14,0,34 257,1,8,,744022,14,0,5 123 124,1,7,,744083,14,0,34 257,1,48,,744037,14,0,5 123 124,1,7,,579635,14,0,34 257,1,8,,744071,14,0,5 123 124,1,7,,744074,14,0,34 257,1,8,,676203,14,0,5 123 124,1,7,,664235,14,0,34 257,1,8,,744002,14,0,5 123 124,1,7,,743986,14,0,34 257,1,46,,744058,14,0,5 123 124,1,7,,744005,14,0,34 257,1,7,,744066,14,0,5 123 124,1,9,,743977,14,0,34 257,1,9,,743978,14,0,5 123 124,1,9,,744050,14,0,34 257,1,9,,744059,14,0,5 123 124,1,49,,744082,14,0,34 257,1,9,,744046,14,0,5 123 124,1,9,,612433,14,0,34 257,1,9,,744000,14,0,5 123 124,1,9,,744015,14,0,34 257,1,9,,744039,14,0,5 123 124,1,9,,744067,14,0,34 257,1,49,,744048,14,0,5 123 124,1,9,,621811,14,0,34 257,1,9,,743997,14,0,5 123 124,1,9,,744017,14,0,34 257,1,7,,743989,14,0,5 123 124,1,9,,744040,14,0,34 257,1,9,,487099,14,0,5 123 124,1,49,,743983,14,0,34 257,1,5,,744077,14,0,5 123 124,1,10,,743998,14,0,34 257,1,10,,532886,14,0,5 123 124,1,10,,616487,14,0,34 257,1,10,,688454,14,0,5 123 124,1,50,,744028,14,0,34 257,1,10,,743981,14,0,5 123 124,1,10,,743988,14,0,34 257,1,10,,744089,14,0,5 123 124,1,10,,744032,14,0,34 257,1,10,,744080,14,0,5 123 124,1,50,,744030,14,0,34 257,1,10,,744081,14,0,5 123 124,1,10,,744072,14,0,34 257,1,10,,743990,14,0,17 126 43 8,1,10,,744045,14,0,34 257,1,10,,743992,14,0,17 126 43 8,1,50,,550985,14,0,34 257,1,9,,744079,14,0,17 126 43 8,1,14,,744073,14,0,34 257,1,15,,744054,14,0,34 257,1,15,,654226,14,0,17 126 43 8,1,55,,673687,14,0,17 126 43 8,1
9602,'2',416,,744203,3,0,34 257,1,15,,744127,3,0,5 123 124,1,15,,744091,3,0,34 257,1,55,,744189,3,0,5 123 124,1,15,,744166,3,0,34 257,1,13,,744108,15,0,5 123 124,1,13,,744119,14,0,34 257,1,10,,651339,14,0,5 123 124,1,50,,744214,14,0,34 257,1,10,,744198,14,0,5 123 124,1,10,,744103,14,0,34 257,1,10,,744201,14,0,5 123 124,1,10,,637492,14,0,34 257,1,10,,744151,14,0,5 123 124,1,50,,744143,14,0,34 257,1,10,,744231,14,0,5 123 124,1,10,,481428,14,0,34 257,1,10,,744196,14,0,5 123 124,1,10,,744172,14,0,34 257,1,10,,744123,14,0,5 123 124,1,50,,744230,14,0,34 257,1,10,,744202,14,0,5 123 124,1,9,,653852,14,0,34 257,1,12,,744221,14,0,5 123 124,1,10,,744096,14,0,34 257,1,10,,744130,14,0,5 123 124,1,50,,684941,14,0,34 257,1,9,,744207,14,0,5 123 124,1,5,,744213,14,0,34 257,1,6,,744211,14,0,31 123 124,1,6,,744181,14,0,34 257,1,8,,744218,14,0,31 123 124,1,8,,744154,14,0,34 257,1,8,,744090,14,0,31 123 124,1,48,,744199,14,0,34 257,1,8,,744125,14,0,31 123 124,1,8,,744147,14,0,34 257,1,8,,744106,14,0,31 123 124,1,8,,744146,14,0,34 257,1,8,,744095,14,0,31 123 124,1,8,,744121,14,0,34 257,1,8,,744142,14,0,31 123 124,1,48,,744168,14,0,34 257,1,8,,624541,14,0,31 123 124,1,8,,744178,14,0,34 257,1,8,,744187,14,0,31 123 124,1,8,,744132,14,0,34 257,1,8,,744223,14,0,31 123 124,1,8,,744145,14,0,34 257,1,48,,744183,14,0,31 123 124,1,9,,744208,14,0,34 257,1,9,,744128,14,0,31 123 124,1,6,,744122,14,0,34 257,1,6,,744170,14,0,31 123 124,1,6,,744174,14,0,34 257,1,6,,744200,14,0,31 123 124,1,6,,744111,14,0,34 257,1,6,,683528,14,0,31 123 124,1,46,,744212,14,0,34 257,1,6,,637458,14,0,31 123 124,1,6,,744204,14,0,34 257,1,6,,563086,14,0,31 123 124,1,6,,744150,14,0,34 257,1,6,,744179,14,0,31 123 124,1,6,,744195,14,0,34 257,1,6,,612045,14,0,31 123 124,1,6,,744229,14,0,34 257,1,6,,744153,14,0,31 123 124,1,46,,744133,14,0,34 257,1,6,,744141,14,0,31 123 124,1,6,,744144,14,0,34 257,1,6,,744216,14,0,31 123 124,1,6,,744152,14,0,34 257,1,6,,744102,14,0,31 123 124,1,6,,744225,14,0,34 257,1,6,,744209,14,0,31 123 124,1,6,,744175,14,0,34 257,1,6,,744177,14,0,31 123 124,1,46,,744165,14,0,34 257,1,6,,744155,14,0,31 123 124,1,6,,744173,14,0,34 257,1,6,,744093,14,0,31 123 124,1,6,,744099,14,0,34 257,1,6,,633542,14,0,31 123 124,1,6,,744156,14,0,34 257,1,6,,744113,14,0,31 123 124,1,6,,744219,14,0,34 257,1,6,,744131,14,0,31 123 124,1,46,,744194,14,0,34 257,1,6,,744135,14,0,31 123 124,1,6,,744185,14,0,34 257,1,6,,744220,14,0,31 123 124,1,6,,744159,14,0,34 257,1,6,,744176,14,0,31 123 124,1,6,,744193,14,0,34 257,1,6,,744226,14,0,31 123 124,1,6,,744124,14,0,34 257,1,6,,744148,14,0,31 123 124,1,46,,744222,14,0,34 257,1,6,,643068,14,0,31 123 124,1,6,,744110,14,0,34 257,1,6,,549010,14,0,31 123 124,1,6,,744120,14,0,34 257,1,6,,744161,14,0,31 123 124,1,6,,744104,14,0,34 257,1,6,,744107,14,0,31 123 124,1,6,,675580,14,0,34 257,1,6,,744180,14,0,31 123 124,1,46,,744190,14,0,34 257,1,6,,744215,14,0,31 123 124,1,6,,744092,14,0,34 257,1,6,,744138,14,0,31 123 124,1,6,,744162,14,0,34 257,1,6,,744126,14,0,31 123 124,1,6,,744140,14,0,34 257,1,6,,744115,14,0,31 123 124,1,6,,744118,14,0,34 257,1,6,,744136,14,0,31 123 124,1,46,,744210,14,0,34 257,1,5,,744109,14,0,31 123 124,1,6,,669386,14,0,34 257,1,6,,744116,14,0,31 123 124,1,7,,618513,14,0,34 257,1,7,,744163,14,0,31 123 124,1,7,,552190,14,0,34 257,1,7,,744192,14,0,31 123 124,1,7,,744171,14,0,34 257,1,47,,744100,14,0,31 123 124,1,7,,744197,14,0,34 257,1,7,,744117,14,0,31 123 124,1,7,,625484,14,0,34 257,1,7,,744164,14,0,31 123 124,1,7,,744097,14,0,34 257,1,7,,744227,14,0,31 123 124,1,7,,744149,14,0,34 257,1,7,,663622,14,0,31 123 124,1,47,,744205,14,0,34 257,1,7,,621990,14,0,31 123 124,1,7,,744191,14,0,34 257,1,7,,587035,14,0,31 123 124,1,7,,744157,14,0,34 257,1,7,,744184,14,0,31 123 124,1,6,,744217,14,0,34 257,1,8,,744167,14,0,31 123 124,1,51,,744139,14,0,34 257,1,8,,635106,14,0,5 123 124,1,10,,744228,14,0,34 257,1,10,,744094,14,0,5 123 124,1,10,,744101,14,0,34 257,1,10,,744114,14,0,5 123 124,1,50,,624140,14,0,34 257,1,10,,744129,14,0,5 123 124,1,10,,744134,14,0,34 257,1,10,,744137,14,0,5 123 124,1,10,,744169,14,0,34 257,1,10,,744112,14,0,5 123 124,1,50,,744224,14,0,34 257,1,10,,744186,14,0,5 123 124,1,10,,744158,14,0,34 257,1,10,,744098,14,0,17 126 43 8,1,10,,629927,14,0,34 257,1,10,,744105,14,0,17 126 43 8,1,50,,744206,14,0,34 257,1,10,,744188,14,0,17 126 43 8,1,15,,649961,14,0,34 257,1,14,,744182,14,0,34 257,1,15,,744160,14,0,17 126 43 8,1,55,,650013,14,0,17 126 43 8,1
9602,'3',444,,744281,3,0,5 123 124,1,63,,744332,3,0,34 257,1,20,,744249,3,0,5 123 124,1,13,,744328,15,0,34 257,1,12,,744278,15,0,5 123 124,1,52,,744256,15,0,34 257,1,12,,744303,15,0,5 123 124,1,12,,744284,15,0,34 257,1,12,,637690,15,0,5 123 124,1,12,,744304,15,0,34 257,1,52,,744280,15,0,5 123 124,1,12,,744338,15,0,34 257,1,12,,539450,15,0,5 123 124,1,13,,610704,14,0,34 257,1,12,,744325,15,0,5 123 124,1,52,,744295,14,0,34 257,1,12,,655529,14,0,5 123 124,1,12,,744248,14,0,34 257,1,12,,744238,14,0,5 123 124,1,12,,744272,14,0,34 257,1,52,,744307,14,0,5 123 124,1,12,,478096,14,0,34 257,1,2,,744317,14,0,31 123 124,1,3,,744258,14,0,34 257,1,9,,744290,14,0,31 123 124,1,9,,744259,14,0,34 257,1,9,,744276,14,0,31 123 124,1,9,,744250,14,0,34 257,1,49,,744257,14,0,31 123 124,1,9,,744279,14,0,34 257,1,9,,744306,14,0,31 123 124,1,9,,744346,14,0,34 257,1,9,,660710,14,0,31 123 124,1,9,,744245,14,0,34 257,1,49,,744337,14,0,31 123 124,1,9,,744265,14,0,34 257,1,9,,744309,14,0,31 123 124,1,9,,613771,14,0,34 257,1,9,,744344,14,0,31 123 124,1,9,,744310,14,0,34 257,1,9,,744274,14,0,31 123 124,1,48,,744285,14,0,34 257,1,8,,744271,14,0,31 123 124,1,7,,744312,14,0,34 257,1,8,,533849,14,0,31 123 124,1,7,,744300,14,0,34 257,1,8,,744340,14,0,31 123 124,1,7,,498438,14,0,34 257,1,8,,744297,14,0,31 123 124,1,47,,744314,14,0,34 257,1,8,,744268,14,0,31 123 124,1,7,,744320,14,0,34 257,1,8,,744264,14,0,31 123 124,1,7,,744270,14,0,34 257,1,8,,744289,14,0,31 123 124,1,7,,744313,14,0,34 257,1,8,,680472,14,0,31 123 124,1,47,,677670,14,0,34 257,1,8,,744305,14,0,31 123 124,1,7,,744246,14,0,34 257,1,8,,744343,14,0,31 123 124,1,7,,622717,14,0,34 257,1,8,,744299,14,0,31 123 124,1,7,,744347,14,0,34 257,1,8,,744316,14,0,31 123 124,1,47,,744266,14,0,34 257,1,8,,744236,14,0,31 123 124,1,7,,744232,14,0,34 257,1,8,,744263,14,0,31 123 124,1,7,,744301,14,0,34 257,1,8,,744234,14,0,31 123 124,1,7,,744322,14,0,34 257,1,8,,744294,14,0,31 123 124,1,47,,744254,14,0,34 257,1,8,,744318,14,0,31 123 124,1,7,,744269,14,0,34 257,1,8,,744342,14,0,31 123 124,1,7,,583038,14,0,34 257,1,8,,744251,14,0,31 123 124,1,7,,744296,14,0,34 257,1,8,,744298,14,0,31 123 124,1,47,,744302,14,0,34 257,1,8,,627489,14,0,31 123 124,1,7,,620991,14,0,34 257,1,8,,744261,14,0,31 123 124,1,7,,744315,14,0,34 257,1,8,,744319,14,0,31 123 124,1,7,,744241,14,0,34 257,1,8,,744283,14,0,31 123 124,1,47,,744327,14,0,34 257,1,8,,744277,14,0,31 123 124,1,7,,744242,14,0,34 257,1,8,,744286,14,0,31 123 124,1,7,,744247,14,0,34 257,1,8,,744255,14,0,31 123 124,1,7,,744292,14,0,34 257,1,8,,645185,14,0,31 123 124,1,47,,744330,14,0,34 257,1,10,,744239,14,0,31 123 124,1,10,,744335,14,0,34 257,1,10,,641991,14,0,31 123 124,1,9,,744326,14,0,34 257,1,9,,682499,14,0,31 123 124,1,49,,744288,14,0,34 257,1,9,,744293,14,0,31 123 124,1,9,,744336,14,0,34 257,1,9,,667248,14,0,31 123 124,1,9,,621664,14,0,34 257,1,9,,744244,14,0,31 123 124,1,9,,744243,14,0,34 257,1,49,,744334,14,0,31 123 124,1,9,,744252,14,0,34 257,1,9,,744253,14,0,31 123 124,1,9,,744329,14,0,34 257,1,9,,744235,14,0,31 123 124,1,8,,744345,14,0,34 257,1,9,,744341,14,0,31 123 124,1,49,,744260,14,0,34 257,1,6,,744324,14,0,5 123 124,1,10,,637859,14,0,34 257,1,10,,744339,14,0,5 123 124,1,10,,744333,14,0,34 257,1,10,,744233,14,0,5 123 124,1,50,,744348,14,0,34 257,1,10,,744308,14,0,5 123 124,1,10,,625177,14,0,34 257,1,10,,654680,14,0,5 123 124,1,10,,744273,14,0,34 257,1,10,,744291,14,0,5 123 124,1,50,,665122,14,0,34 257,1,10,,744321,14,0,5 123 124,1,10,,744240,14,0,34 257,1,10,,744331,14,0,17 126 43 8,1,10,,744262,14,0,34 257,1,10,,744267,14,0,17 126 43 8,1,50,,744311,14,0,34 257,1,10,,744275,14,0,17 126 43 8,1,15,,744282,14,0,34 257,1,14,,744323,14,0,34 257,1,15,,744287,14,0,17 126 43 8,1,55,,744237,14,0,17 126 43 8,1
9602,'5',416,,744373,3,0,34 257,1,15,,744386,3,0,5 123 124,1,13,,744425,3,0,34 257,1,56,,744432,3,0,5 123 124,1,15,,744454,3,0,34 257,1,14,,665734,3,0,5 123 124,1,14,,593118,3,0,34 257,1,10,,744405,14,0,5 123 124,1,52,,744366,14,0,34 257,1,12,,744415,14,0,5 123 124,1,12,,744417,14,0,34 257,1,12,,744370,14,0,5 123 124,1,12,,744379,14,0,34 257,1,52,,613156,14,0,5 123 124,1,12,,744403,14,0,34 257,1,12,,744374,14,0,5 123 124,1,12,,744369,14,0,34 257,1,12,,744431,14,0,5 123 124,1,52,,659455,14,0,34 257,1,12,,684351,14,0,5 123 124,1,12,,634543,14,0,34 257,1,12,,744412,14,0,5 123 124,1,12,,744426,14,0,34 257,1,52,,744355,14,0,5 123 124,1,12,,744452,14,0,34 257,1,2,,744433,14,0,31 123 124,1,3,,744391,14,0,34 257,1,9,,744377,14,0,31 123 124,1,9,,637077,14,0,34 257,1,9,,615635,14,0,31 123 124,1,9,,625704,14,0,34 257,1,49,,658423,14,0,31 123 124,1,9,,744402,14,0,34 257,1,9,,744382,14,0,31 123 124,1,9,,744388,14,0,34 257,1,9,,744423,14,0,31 123 124,1,9,,744435,14,0,34 257,1,49,,744457,14,0,31 123 124,1,9,,744416,14,0,34 257,1,9,,744409,14,0,31 123 124,1,9,,744393,14,0,34 257,1,9,,744392,14,0,31 123 124,1,9,,744451,14,0,34 257,1,9,,744418,14,0,31 123 124,1,48,,744359,14,0,34 257,1,8,,607575,14,0,31 123 124,1,7,,744364,14,0,34 257,1,8,,744443,14,0,31 123 124,1,7,,744441,14,0,34 257,1,8,,744368,14,0,31 123 124,1,7,,632651,14,0,34 257,1,8,,744440,14,0,31 123 124,1,47,,744406,14,0,34 257,1,8,,652251,14,0,31 123 124,1,7,,744401,14,0,34 257,1,8,,744353,14,0,31 123 124,1,7,,635687,14,0,34 257,1,8,,744349,14,0,31 123 124,1,7,,744378,14,0,34 257,1,8,,744427,14,0,31 123 124,1,47,,605757,14,0,34 257,1,8,,608012,14,0,31 123 124,1,7,,744389,14,0,34 257,1,8,,744413,14,0,31 123 124,1,7,,744397,14,0,34 257,1,8,,744361,14,0,31 123 124,1,7,,744363,14,0,34 257,1,8,,629557,14,0,31 123 124,1,47,,536672,14,0,34 257,1,8,,744380,14,0,31 123 124,1,7,,744437,14,0,34 257,1,8,,634908,14,0,31 123 124,1,7,,636883,14,0,34 257,1,8,,744400,14,0,31 123 124,1,7,,744439,14,0,34 257,1,8,,744436,14,0,31 123 124,1,47,,744383,14,0,34 257,1,8,,612739,14,0,31 123 124,1,7,,744351,14,0,34 257,1,8,,744447,14,0,31 123 124,1,7,,744375,14,0,34 257,1,8,,744365,14,0,31 123 124,1,7,,744362,14,0,34 257,1,8,,673805,14,0,31 123 124,1,47,,744356,14,0,34 257,1,8,,744445,14,0,31 123 124,1,7,,744376,14,0,34 257,1,8,,653675,14,0,31 123 124,1,7,,644117,14,0,34 257,1,8,,744421,14,0,31 123 124,1,7,,744352,14,0,34 257,1,8,,667263,14,0,31 123 124,1,47,,744456,14,0,34 257,1,8,,744411,14,0,31 123 124,1,7,,744396,14,0,34 257,1,8,,744408,14,0,31 123 124,1,7,,744448,14,0,34 257,1,8,,625715,14,0,31 123 124,1,7,,744372,14,0,34 257,1,8,,744357,14,0,31 123 124,1,47,,632186,14,0,34 257,1,10,,744360,14,0,31 123 124,1,10,,568804,14,0,34 257,1,10,,514060,14,0,31 123 124,1,9,,744407,14,0,34 257,1,9,,744394,14,0,31 123 124,1,49,,744444,14,0,34 257,1,9,,663934,14,0,31 123 124,1,9,,744367,14,0,34 257,1,9,,744424,14,0,31 123 124,1,9,,744446,14,0,34 257,1,9,,744371,14,0,31 123 124,1,9,,744442,14,0,34 257,1,49,,744449,14,0,31 123 124,1,9,,744381,14,0,34 257,1,9,,744399,14,0,31 123 124,1,9,,744395,14,0,34 257,1,9,,744354,14,0,31 123 124,1,8,,744390,14,0,34 257,1,9,,744404,14,0,31 123 124,1,49,,744387,14,0,34 257,1,6,,744358,14,0,5 123 124,1,10,,744420,14,0,34 257,1,10,,627771,14,0,5 123 124,1,10,,744438,14,0,34 257,1,10,,744398,14,0,5 123 124,1,50,,744385,14,0,34 257,1,10,,744428,14,0,5 123 124,1,10,,744350,14,0,34 257,1,10,,744384,14,0,5 123 124,1,10,,744410,14,0,34 257,1,10,,744419,14,0,5 123 124,1,50,,744459,14,0,34 257,1,10,,744414,14,0,5 123 124,1,10,,744455,14,0,34 257,1,10,,744450,14,0,17 126 43 8,1,10,,578826,14,0,34 257,1,10,,744434,14,0,17 126 43 8,1,50,,744422,14,0,34 257,1,10,,744430,14,0,17 126 43 8,1,15,,744453,14,0,34 257,1,14,,658811,14,0,34 257,1,15,,744458,14,0,17 126 43 8,1,55,,744429,14,0,17 126 43 8,1
10103,'1',507,,651257,3,0,16 250 8,1,29,,690296,3,0,16 250 8,1,71,,746578,2,0,16 250 8,1,30,,746562,2,0,16 250 8,1,70,,746584,2,0,16 250 8,1,20,,746576,2,0,16 250 8,1,20,,631943,2,0,16 250 8,1,55,,746581,2,0,16 250 8,1,27,,613227,2,0,16 250 8,1,28,,746566,2,0,16 250 8,1,68,,746588,2,0,16 250 8,1,509,,683775,2,0,16 250 8,1,67,,746592,2,0,16 250 8,1,37,,746567,2,0,16 250 8,1,70,,746568,2,0,16 250 8,1,15,,746573,2,0,17 158 46 8,1,15,,746564,2,0,16 250 8,1,70,,746575,2,0,16 250 8,1,30,,746561,2,0,16 250 8,1,71,,746565,2,0,16 250 8,1,30,,746596,2,0,16 250 8,1,19,,746590,2,0,16 250 8,1,61,,746591,2,0,16 250 8,1
11802,'1',531,,754765,2,0,159 160,1,25,,754788,2,0,159 160,1,65,,754779,2,0,159 160,1,25,,622880,2,0,159 160,1,62,,637350,2,0,159 160,1,20,,754780,2,0,159 160,1,20,,754763,2,0,159 160,1,60,,754764,2,0,159 160,1,20,,643956,2,0,159 160,1,20,,754796,2,0,159 160,1,65,,623863,2,0,159 160,1,27,,754783,2,0,159 160,1,67,,606155,2,0,159 160,1,27,,754773,2,0,159 160,1,67,,754770,2,0,159 160,1,27,,754789,2,0,159 160,1,27,,754771,2,0,159 160,1,67,,754784,2,0,159 160,1,27,,754776,2,0,159 160,1,67,,612900,2,0,159 160,1,27,,754760,2,0,159 160,1,67,,754790,2,0,159 160,1,27,,754781,2,0,159 160,1,65,,754761,2,0,159 160,1,24,,618869,2,0,159 160,1,24,,754777,2,0,159 160,1,64,,754778,2,0,159 160,1,24,,754766,2,0,159 160,1,64,,754792,2,0,159 160,1,24,,754767,2,0,159 160,1,24,,663751,2,0,159 160,1,64,,687131,2,0,159 160,1,24,,754782,2,0,159 160,1,63,,754786,2,0,159 160,1,25,,754775,2,0,159 160,1,25,,754791,2,0,159 160,1,65,,754762,2,0,159 160,1,25,,655767,2,0,159 160,1,65,,754774,2,0,159 160,1,25,,754787,2,0,159 160,1,25,,754772,2,0,159 160,1,67,,754794,2,0,159 160,1,30,,754769,2,0,159 160,1,70,,660611,2,0,159 160,1,30,,754795,2,0,159 160,1,70,,754768,2,0,159 160,1,30,,754793,2,0,159 160,1,70,,754785,2,0,159 160,1
11802,'2',541,,615903,2,0,159 160,1,62,,669053,2,0,159 160,1,22,,670851,2,0,159 160,1,22,,754821,2,0,159 160,1,62,,754803,2,0,159 160,1,22,,754813,2,0,159 160,1,22,,622018,2,0,159 160,1,66,,754819,2,0,159 160,1,26,,754810,2,0,159 160,1,66,,754801,2,0,159 160,1,26,,640108,2,0,159 160,1,66,,754820,2,0,159 160,1,26,,754824,2,0,159 160,1,26,,600794,2,0,159 160,1,66,,754822,2,0,159 160,1,26,,754798,2,0,159 160,1,67,,754825,2,0,159 160,1,28,,651583,2,0,159 160,1,70,,667797,2,0,159 160,1,30,,754811,2,0,159 160,1,70,,754800,2,0,159 160,1,30,,754826,2,0,159 160,1,70,,754797,2,0,159 160,1,30,,754818,2,0,159 160,1,70,,620939,2,0,159 160,1,30,,754804,2,0,159 160,1,70,,754812,2,0,159 160,1,30,,552460,2,0,159 160,1,70,,670068,2,0,159 160,1,30,,754814,2,0,159 160,1,68,,609428,2,0,159 160,1,25,,613270,2,0,159 160,1,65,,754809,2,0,159 160,1,25,,754808,2,0,159 160,1,25,,754799,2,0,159 160,1,65,,754817,2,0,159 160,1,25,,754806,2,0,159 160,1,69,,754815,2,0,159 160,1,31,,754802,2,0,159 160,1,70,,754823,2,0,159 160,1,30,,754807,2,0,159 160,1,70,,754805,2,0,159 160,1,30,,754816,2,0,159 160,1,70,,646891,2,0,159 160,1
11802,'3',551,,754835,2,0,159 160,1,62,,754861,2,0,159 160,1,22,,754863,2,0,159 160,1,22,,754840,2,0,159 160,1,62,,754864,2,0,159 160,1,22,,754834,2,0,159 160,1,62,,684723,2,0,159 160,1,25,,664539,2,0,159 160,1,25,,754845,2,0,159 160,1,65,,754844,2,0,159 160,1,25,,754846,2,0,159 160,1,65,,754832,2,0,159 160,1,25,,754843,2,0,159 160,1,25,,754836,2,0,159 160,1,65,,754856,2,0,159 160,1,25,,533066,2,0,159 160,1,67,,754828,2,0,159 160,1,27,,754852,2,0,159 160,1,67,,754854,2,0,159 160,1,27,,754851,2,0,159 160,1,67,,754855,2,0,159 160,1,27,,641541,2,0,159 160,1,27,,754862,2,0,159 160,1,67,,754853,2,0,159 160,1,27,,754841,2,0,159 160,1,67,,754830,2,0,159 160,1,27,,754838,2,0,159 160,1,67,,754837,2,0,159 160,1,27,,754858,2,0,159 160,1,67,,653503,2,0,159 160,1,27,,754831,2,0,159 160,1,26,,754827,2,0,159 160,1,65,,638564,2,0,159 160,1,22,,754842,2,0,159 160,1,62,,681768,2,0,159 160,1,22,,754857,2,0,159 160,1,22,,754847,2,0,159 160,1,62,,754859,2,0,159 160,1,22,,754849,2,0,159 160,1,66,,754833,2,0,159 160,1,30,,638539,2,0,159 160,1,70,,754848,2,0,159 160,1,30,,754829,2,0,159 160,1,70,,754860,2,0,159 160,1,30,,754850,2,0,159 160,1,70,,754839,2,0,159 160,1
11802,'5',551,,754876,2,0,159 160,1,62,,754899,2,0,159 160,1,22,,754866,2,0,159 160,1,22,,754896,2,0,159 160,1,62,,754887,2,0,159 160,1,22,,754875,2,0,159 160,1,62,,754869,2,0,159 160,1,25,,754905,2,0,159 160,1,25,,754888,2,0,159 160,1,65,,754885,2,0,159 160,1,25,,754868,2,0,159 160,1,65,,754893,2,0,159 160,1,25,,754872,2,0,159 160,1,25,,754903,2,0,159 160,1,65,,754892,2,0,159 160,1,25,,754873,2,0,159 160,1,67,,754879,2,0,159 160,1,27,,754900,2,0,159 160,1,67,,523041,2,0,159 160,1,27,,754902,2,0,159 160,1,67,,754865,2,0,159 160,1,27,,754891,2,0,159 160,1,27,,548683,2,0,159 160,1,67,,754871,2,0,159 160,1,27,,754882,2,0,159 160,1,67,,754880,2,0,159 160,1,27,,754890,2,0,159 160,1,67,,754878,2,0,159 160,1,27,,754894,2,0,159 160,1,67,,754889,2,0,159 160,1,27,,754884,2,0,159 160,1,26,,754870,2,0,159 160,1,65,,754901,2,0,159 160,1,22,,754897,2,0,159 160,1,62,,754898,2,0,159 160,1,22,,754867,2,0,159 160,1,22,,754886,2,0,159 160,1,62,,754904,2,0,159 160,1,22,,754874,2,0,159 160,1,66,,754883,2,0,159 160,1,30,,634852,2,0,159 160,1,70,,590263,2,0,159 160,1,30,,754877,2,0,159 160,1,70,,754895,2,0,159 160,1,30,,754881,2,0,159 160,1,70,,685541,2,0,159 160,1
11902,'1',555,,754953,2,0,34 156,1,60,,644180,2,0,34 156,1,20,,690205,2,0,34 156,1,19,,754936,2,0,34 156,1,60,,754948,2,0,34 156,1,20,,754962,2,0,34 156,1,20,,754940,2,0,34 156,1,60,,754947,2,0,34 156,1,21,,754941,2,0,34 156,1,20,,754955,2,0,5 161 63,1,68,,754949,2,0,5 161 63,1,30,,754957,2,0,5 161 63,1,70,,754956,2,0,5 161 63,1,30,,754951,2,0,5 161 63,1,70,,665761,2,0,5 161 63,1,30,,754950,2,0,5 161 63,1,70,,754938,2,0,5 161 63,1,30,,754959,2,0,5 161 63,1,67,,754945,2,0,5 161 63,1,20,,754961,2,0,34 156,1,19,,593777,2,0,34 156,1,64,,754958,2,0,34 156,1,25,,754946,2,0,34 156,1,65,,627184,2,0,34 156,1,25,,754954,2,0,34 156,1,65,,672774,2,0,34 156,1,25,,754943,2,0,34 156,1,25,,754937,2,0,34 156,1,65,,754952,2,0,34 156,1,25,,754935,2,0,34 156,1,65,,754944,2,0,34 156,1,29,,754960,2,0,34 156,1,65,,754939,2,0,5 161 63,1
12002,'1',631,,755117,2,0,44 3 75,1,73,,606131,2,0,44 3 75,1,30,,755118,2,0,44 3 75,1,70,,755125,2,0,44 3 75,1,30,,755119,2,0,44 3 75,1,67,,755137,2,0,44 3 75,1,30,,755129,2,0,44 3 75,1,70,,755134,2,0,44 3 75,1,30,,546964,2,0,44 3 75,1,69,,755128,2,0,44 3 75,1,31,,755124,2,0,44 3 75,1,70,,755109,2,0,44 3 75,1,30,,755121,2,0,44 3 75,1,70,,755130,2,0,44 3 75,1,30,,755113,2,0,44 3 75,1,70,,755122,2,0,44 3 75,1,30,,755110,2,0,44 3 75,1,69,,755132,2,0,44 3 75,1,14,,755108,2,0,44 3 75,1,25,,575152,2,0,44 3 75,1,65,,755116,2,0,44 3 75,1,25,,755120,2,0,44 3 75,1,25,,755115,2,0,44 3 75,1,65,,662674,2,0,44 3 75,1,25,,621346,2,0,44 3 75,1,65,,755131,2,0,44 3 75,1,25,,755112,2,0,44 3 75,1,18,,556188,2,0,44 3 75,1,64,,755136,2,0,44 3 75,1,30,,755135,2,0,44 3 75,1,70,,678370,2,0,44 3 75,1,30,,755133,2,0,44 3 75,1,70,,755107,2,0,44 3 75,1,30,,641463,2,0,44 3 75,1,70,,660763,2,0,44 3 75,1,30,,755127,2,0,44 3 75,1,70,,755126,2,0,44 3 75,1,30,,625461,2,0,44 3 75,1,64,,755111,2,0,44 3 75,1,27,,755114,2,0,44 3 75,1,64,,755123,2,0,44 3 75,1
12002,'2',631,,755150,2,0,44 3 75,1,70,,661115,2,0,44 3 75,1,30,,755154,2,0,44 3 75,1,70,,755166,2,0,44 3 75,1,31,,755147,2,0,44 3 75,1,71,,755157,2,0,44 3 75,1,30,,755170,2,0,44 3 75,1,70,,755148,2,0,44 3 75,1,30,,755161,2,0,44 3 75,1,70,,755140,2,0,44 3 75,1,30,,755158,2,0,44 3 75,1,25,,755138,2,0,44 3 75,1,60,,755156,2,0,44 3 75,1,23,,755144,2,0,44 3 75,1,65,,755149,2,0,44 3 75,1,25,,755151,2,0,44 3 75,1,25,,755162,2,0,44 3 75,1,65,,755165,2,0,44 3 75,1,25,,670238,2,0,44 3 75,1,65,,755141,2,0,44 3 75,1,25,,669391,2,0,44 3 75,1,65,,755155,2,0,44 3 75,1,25,,755164,2,0,44 3 75,1,25,,755159,2,0,44 3 75,1,65,,645421,2,0,44 3 75,1,25,,679337,2,0,44 3 75,1,65,,644293,2,0,44 3 75,1,25,,755142,2,0,44 3 75,1,25,,755171,2,0,44 3 75,1,61,,669415,2,0,44 3 75,1,25,,755152,2,0,44 3 75,1,70,,755153,2,0,44 3 75,1,30,,755163,2,0,44 3 75,1,70,,755143,2,0,44 3 75,1,30,,755139,2,0,44 3 75,1,69,,755146,2,0,44 3 75,1,30,,755168,2,0,44 3 75,1,70,,755145,2,0,44 3 75,1,30,,755160,2,0,44 3 75,1,69,,755167,2,0,44 3 75,1,29,,755169,2,0,44 3 75,1,62,,560881,2,0,44 3 75,1
12002,'3',802,,755200,2,0,44 3 75,1,30,,755202,2,0,44 3 75,1,70,,755180,2,0,44 3 75,1,30,,755190,2,0,44 3 75,1,70,,755177,2,0,44 3 75,1,30,,755194,2,0,44 3 75,1,70,,755186,2,0,44 3 75,1,30,,755197,2,0,44 3 75,1,23,,755182,2,0,44 3 75,1,59,,619922,2,0,44 3 75,1,25,,755189,2,0,44 3 75,1,65,,755205,2,0,44 3 75,1,25,,611742,2,0,44 3 75,1,24,,608975,2,0,44 3 75,1,66,,755183,2,0,44 3 75,1,25,,755179,2,0,44 3 75,1,65,,755184,2,0,44 3 75,1,25,,755196,2,0,44 3 75,1,25,,755187,2,0,44 3 75,1,66,,671221,2,0,44 3 75,1,24,,755193,2,0,44 3 75,1,65,,755172,2,0,44 3 75,1,25,,755203,2,0,44 3 75,1,65,,755175,2,0,44 3 75,1,25,,755174,2,0,44 3 75,1,23,,755178,2,0,44 3 75,1,66,,755181,2,0,44 3 75,1,23,,755195,2,0,44 3 75,1,70,,755198,2,0,44 3 75,1,30,,755199,2,0,44 3 75,1,70,,606773,2,0,44 3 75,1,30,,755192,2,0,44 3 75,1,70,,755201,2,0,44 3 75,1,30,,755188,2,0,44 3 75,1,70,,755204,2,0,44 3 75,1,30,,755176,2,0,44 3 75,1,69,,755173,2,0,44 3 75,1,31,,755191,2,0,44 3 75,1,60,,755185,2,0,44 3 75,1
12002,'5',632,,755232,2,0,44 3 75,1,70,,755210,2,0,44 3 75,1,30,,755226,2,0,44 3 75,1,70,,755213,2,0,44 3 75,1,30,,755208,2,0,44 3 75,1,70,,755220,2,0,44 3 75,1,30,,755219,2,0,44 3 75,1,70,,755230,2,0,44 3 75,1,30,,542095,2,0,44 3 75,1,70,,755211,2,0,44 3 75,1,30,,755238,2,0,44 3 75,1,23,,755218,2,0,44 3 75,1,59,,631215,2,0,44 3 75,1,25,,755228,2,0,44 3 75,1,65,,755221,2,0,44 3 75,1,25,,755235,2,0,44 3 75,1,24,,755229,2,0,44 3 75,1,66,,755209,2,0,44 3 75,1,25,,658203,2,0,44 3 75,1,65,,755224,2,0,44 3 75,1,25,,755231,2,0,44 3 75,1,25,,621768,2,0,44 3 75,1,66,,755236,2,0,44 3 75,1,24,,755216,2,0,44 3 75,1,65,,755227,2,0,44 3 75,1,25,,755239,2,0,44 3 75,1,65,,755225,2,0,44 3 75,1,25,,755207,2,0,44 3 75,1,23,,644122,2,0,44 3 75,1,66,,755217,2,0,44 3 75,1,23,,519255,2,0,44 3 75,1,70,,755214,2,0,44 3 75,1,30,,755206,2,0,44 3 75,1,70,,755215,2,0,44 3 75,1,30,,662562,2,0,44 3 75,1,70,,755222,2,0,44 3 75,1,30,,755234,2,0,44 3 75,1,70,,755212,2,0,44 3 75,1,30,,755233,2,0,44 3 75,1,69,,755237,2,0,44 3 75,1,31,,755223,2,0,44 3 75,1,60,,651866,2,0,44 3 75,1
16502,'1',509,,764822,3,0,9,1,10,,764833,3,0,9,1,14,,571994,14,0,9,1,5,,764846,2,0,9,1,1,,436780,14,0,9,1,6,,764824,14,0,9,1,6,,673362,14,0,9,1,6,,764856,14,0,9,1,46,,764828,14,0,9,1,6,,764826,14,0,9,1,6,,686090,14,0,9,1,6,,597322,14,0,9,1,6,,764729,14,0,9,1,6,,764787,14,0,9,1,6,,764800,14,0,9,1,6,,764854,14,0,9,1,6,,611544,14,0,9,1,6,,764776,14,0,9,1,46,,764765,14,0,9,1,6,,764836,14,0,9,1,6,,764753,14,0,9,1,6,,764834,14,0,9,1,6,,764803,14,0,9,1,6,,764731,14,0,9,1,6,,764796,14,0,9,1,7,,764736,14,0,9,1,6,,764775,14,0,9,1,6,,663472,14,0,9,1,46,,764771,14,0,9,1,6,,764799,14,0,9,1,6,,764850,14,0,9,1,6,,764774,14,0,9,1,6,,764778,14,0,9,1,6,,764770,14,0,9,1,6,,764805,14,0,9,1,6,,764798,14,0,9,1,6,,764754,14,0,9,1,6,,764795,14,0,9,1,46,,764745,14,0,9,1,6,,764786,14,0,9,1,6,,588965,14,0,9,1,8,,635742,14,0,9,1,8,,764788,14,0,9,1,9,,764851,14,0,9,1,8,,764777,14,0,9,1,9,,764752,14,0,9,1,48,,690285,14,0,9,1,9,,764785,14,0,9,1,8,,663185,14,0,9,1,9,,764749,14,0,9,1,8,,764821,14,0,9,1,9,,764791,14,0,9,1,8,,651561,14,0,9,1,49,,764839,14,0,9,1,8,,764748,14,0,9,1,9,,685607,14,0,9,1,8,,764759,14,0,9,1,9,,764746,14,0,9,1,8,,764724,14,0,9,1,9,,621833,14,0,9,1,48,,764730,14,0,9,1,9,,764764,14,0,9,1,8,,764843,14,0,9,1,9,,764793,14,0,9,1,8,,764814,14,0,9,1,9,,764747,14,0,9,1,8,,764855,14,0,9,1,49,,764743,14,0,9,1,8,,764760,14,0,9,1,9,,764849,14,0,9,1,8,,764808,14,0,9,1,9,,515947,14,0,9,1,8,,764773,14,0,9,1,9,,764755,14,0,9,1,48,,764820,14,0,9,1,9,,530727,14,0,9,1,11,,764847,14,0,9,1,8,,764766,14,0,9,1,7,,764841,14,0,9,1,8,,764794,14,0,9,1,8,,764823,14,0,9,1,47,,764751,14,0,9,1,7,,764806,14,0,9,1,7,,673350,14,0,9,1,8,,764852,14,0,9,1,7,,655280,14,0,9,1,8,,764848,14,0,9,1,7,,764816,14,0,9,1,8,,764735,14,0,9,1,47,,764813,14,0,9,1,8,,764726,14,0,9,1,7,,764840,14,0,9,1,8,,657492,14,0,9,1,7,,764750,14,0,9,1,8,,764830,14,0,9,1,7,,668583,14,0,9,1,8,,670785,14,0,9,1,47,,764763,14,0,9,1,8,,608866,14,0,9,1,7,,764768,14,0,9,1,8,,764780,14,0,9,1,7,,764790,14,0,9,1,8,,764781,14,0,9,1,7,,630133,14,0,9,1,8,,764756,14,0,9,1,47,,764817,14,0,9,1,8,,764737,14,0,9,1,7,,764818,14,0,9,1,8,,764772,14,0,9,1,7,,659253,14,0,9,1,8,,764810,14,0,9,1,7,,764853,14,0,9,1,8,,764769,14,0,9,1,46,,764723,14,0,9,1,8,,764837,14,0,9,1,5,,649304,14,0,9,1,9,,764835,14,0,9,1,9,,764792,14,0,9,1,9,,621932,14,0,9,1,9,,764819,14,0,9,1,9,,664006,14,0,9,1,49,,657997,14,0,9,1,9,,764733,14,0,9,1,9,,583931,14,0,9,1,9,,764811,14,0,9,1,9,,764804,14,0,9,1,9,,764802,14,0,9,1,49,,764832,14,0,9,1,9,,645368,14,0,9,1,9,,764789,14,0,9,1,9,,764738,14,0,9,1,9,,672776,14,0,9,1,9,,764831,14,0,9,1,9,,764783,14,0,9,1,48,,764784,14,0,9,1,7,,764725,14,0,9,1,6,,620522,14,0,9,1,10,,764827,14,0,9,1,10,,764801,14,0,9,1,10,,764740,14,0,9,1,10,,764838,14,0,9,1,50,,665533,14,0,9,1,10,,764767,14,0,9,1,10,,764757,14,0,9,1,10,,663757,14,0,9,1,10,,764809,14,0,9,1,10,,764842,14,0,9,1,50,,764782,14,0,9,1,10,,764779,14,0,9,1,10,,764844,14,0,9,1,10,,605122,14,0,9,1,10,,764815,14,0,9,1,10,,638374,14,0,9,1,50,,764761,14,0,9,1,13,,764728,14,0,9,1,15,,764797,14,0,9,1,15,,764741,14,0,9,1,55,,764762,14,0,9,1,15,,764732,14,0,9,1
16502,'2',543,,764885,14,0,9,1,60,,764966,14,0,9,1,14,,764922,14,0,9,1,10,,764889,14,0,9,1,10,,642243,14,0,9,1,10,,605184,14,0,9,1,10,,764867,14,0,9,1,50,,764923,14,0,9,1,10,,764990,14,0,9,1,10,,764972,14,0,9,1,10,,764873,14,0,9,1,10,,651984,14,0,9,1,10,,764905,14,0,9,1,51,,764961,14,0,9,1,10,,764870,14,0,9,1,10,,764891,14,0,9,1,10,,764857,14,0,9,1,10,,764908,14,0,9,1,10,,764925,14,0,9,1,50,,646013,14,0,9,1,9,,764968,14,0,9,1,10,,764981,14,0,9,1,10,,611638,14,0,9,1,12,,764896,14,0,9,1,8,,764913,14,0,9,1,48,,764963,14,0,9,1,8,,764916,14,0,9,1,8,,764954,14,0,9,1,8,,764869,14,0,9,1,8,,764964,14,0,9,1,8,,764965,14,0,9,1,8,,764946,14,0,9,1,48,,764907,14,0,9,1,8,,764920,14,0,9,1,8,,637383,14,0,9,1,8,,764879,14,0,9,1,8,,764899,14,0,9,1,8,,764900,14,0,9,1,8,,764887,14,0,9,1,9,,764997,14,0,9,1,47,,670875,14,0,9,1,10,,764933,14,0,9,1,3,,672222,14,0,9,1,4,,687691,14,0,9,1,6,,764930,14,0,9,1,6,,764977,14,0,9,1,6,,585376,14,0,9,1,6,,622683,14,0,9,1,6,,764986,14,0,9,1,6,,764974,14,0,9,1,46,,764868,14,0,9,1,6,,764975,14,0,9,1,6,,764890,14,0,9,1,6,,764988,14,0,9,1,6,,764875,14,0,9,1,6,,764914,14,0,9,1,6,,764924,14,0,9,1,6,,764904,14,0,9,1,6,,764895,14,0,9,1,6,,629873,14,0,9,1,46,,642593,14,0,9,1,6,,764909,14,0,9,1,6,,764882,14,0,9,1,6,,611234,14,0,9,1,6,,764894,14,0,9,1,6,,586141,14,0,9,1,6,,764955,14,0,9,1,6,,764943,14,0,9,1,6,,764897,14,0,9,1,6,,764888,14,0,9,1,46,,556240,14,0,9,1,6,,764898,14,0,9,1,6,,764860,14,0,9,1,6,,764858,14,0,9,1,6,,764935,14,0,9,1,6,,639030,14,0,9,1,6,,764944,14,0,9,1,6,,764937,14,0,9,1,6,,764991,14,0,9,1,6,,764866,14,0,9,1,46,,764865,14,0,9,1,6,,764862,14,0,9,1,6,,764976,14,0,9,1,6,,764951,14,0,9,1,6,,673544,14,0,9,1,6,,764969,14,0,9,1,6,,764984,14,0,9,1,6,,674388,14,0,9,1,6,,764982,14,0,9,1,6,,764940,14,0,9,1,46,,764871,14,0,9,1,6,,764957,14,0,9,1,6,,764953,14,0,9,1,6,,764877,14,0,9,1,6,,588051,14,0,9,1,6,,764874,14,0,9,1,6,,764915,14,0,9,1,6,,616116,14,0,9,1,6,,665089,14,0,9,1,6,,764980,14,0,9,1,46,,764876,14,0,9,1,6,,469887,14,0,9,1,6,,764902,14,0,9,1,6,,764918,14,0,9,1,6,,764959,14,0,9,1,6,,764861,14,0,9,1,6,,611252,14,0,9,1,6,,764931,14,0,9,1,5,,764950,14,0,9,1,6,,764921,14,0,9,1,48,,764994,14,0,9,1,5,,764903,14,0,9,1,5,,621545,14,0,9,1,7,,449039,14,0,9,1,7,,764996,14,0,9,1,7,,764970,14,0,9,1,7,,764901,14,0,9,1,7,,764926,14,0,9,1,7,,764864,14,0,9,1,47,,764934,14,0,9,1,7,,764872,14,0,9,1,7,,764919,14,0,9,1,7,,764962,14,0,9,1,7,,764967,14,0,9,1,7,,764906,14,0,9,1,7,,604834,14,0,9,1,7,,764880,14,0,9,1,47,,649047,14,0,9,1,7,,764971,14,0,9,1,7,,764995,14,0,9,1,7,,764917,14,0,9,1,7,,764952,14,0,9,1,7,,764893,14,0,9,1,7,,764979,14,0,9,1,7,,686842,14,0,9,1,6,,764948,14,0,9,1,47,,764941,14,0,9,1,6,,764886,14,0,9,1,8,,764949,14,0,9,1,10,,764938,14,0,9,1,10,,764859,14,0,9,1,10,,764932,14,0,9,1,10,,633203,14,0,9,1,50,,481292,14,0,9,1,10,,686873,14,0,9,1,10,,764993,14,0,9,1,10,,638175,14,0,9,1,10,,764960,14,0,9,1,10,,764936,14,0,9,1,50,,764878,14,0,9,1,10,,764973,14,0,9,1,10,,651971,14,0,9,1,10,,764883,14,0,9,1,10,,764945,14,0,9,1,10,,764978,14,0,9,1,50,,764911,14,0,9,1,13,,764985,14,0,9,1,14,,764983,14,0,9,1,15,,764884,14,0,9,1,55,,764989,14,0,9,1,15,,606458,14,0,9,1
16502,'3',736,,765114,3,0,9,1,67,,765021,2,0,9,1,20,,765076,14,0,9,1,9,,544739,14,0,9,1,9,,615532,14,0,9,1,9,,765099,14,0,9,1,9,,765047,14,0,9,1,49,,765038,14,0,9,1,9,,572370,14,0,9,1,9,,765084,14,0,9,1,9,,765041,14,0,9,1,9,,765075,14,0,9,1,9,,765070,14,0,9,1,49,,765096,14,0,9,1,9,,765063,14,0,9,1,9,,677625,14,0,9,1,9,,765040,14,0,9,1,9,,765004,14,0,9,1,9,,765050,14,0,9,1,9,,765054,14,0,9,1,49,,765082,14,0,9,1,9,,544153,14,0,9,1,9,,765062,14,0,9,1,9,,630296,14,0,9,1,9,,607552,14,0,9,1,9,,765011,14,0,9,1,50,,765092,14,0,9,1,8,,765008,14,0,9,1,10,,765088,14,0,9,1,10,,765101,14,0,9,1,9,,765068,14,0,9,1,7,,765037,14,0,9,1,8,,765032,14,0,9,1,7,,765017,14,0,9,1,48,,765015,14,0,9,1,7,,765035,14,0,9,1,8,,765060,14,0,9,1,7,,765107,14,0,9,1,8,,765007,14,0,9,1,7,,635867,14,0,9,1,8,,765065,14,0,9,1,7,,765083,14,0,9,1,48,,465164,14,0,9,1,7,,765091,14,0,9,1,8,,656001,14,0,9,1,7,,765023,14,0,9,1,8,,765086,14,0,9,1,7,,765028,14,0,9,1,8,,765071,14,0,9,1,7,,765003,14,0,9,1,48,,765026,14,0,9,1,7,,464176,14,0,9,1,8,,765108,14,0,9,1,7,,765039,14,0,9,1,8,,765049,14,0,9,1,7,,765097,14,0,9,1,8,,604598,14,0,9,1,7,,623598,14,0,9,1,48,,765061,14,0,9,1,7,,765000,14,0,9,1,8,,765033,14,0,9,1,7,,429565,14,0,9,1,8,,765020,14,0,9,1,7,,765046,14,0,9,1,8,,765115,14,0,9,1,7,,575780,14,0,9,1,48,,608785,14,0,9,1,7,,765064,14,0,9,1,8,,765112,14,0,9,1,7,,547311,14,0,9,1,8,,646254,14,0,9,1,7,,765067,14,0,9,1,8,,765031,14,0,9,1,7,,765055,14,0,9,1,48,,764999,14,0,9,1,7,,765095,14,0,9,1,8,,765042,14,0,9,1,6,,765058,14,0,9,1,9,,765057,14,0,9,1,7,,765024,14,0,9,1,8,,765029,14,0,9,1,6,,765016,14,0,9,1,49,,765018,14,0,9,1,6,,765027,14,0,9,1,7,,765066,14,0,9,1,9,,765081,14,0,9,1,9,,765005,14,0,9,1,9,,765078,14,0,9,1,9,,765102,14,0,9,1,49,,765048,14,0,9,1,9,,765069,14,0,9,1,9,,765006,14,0,9,1,9,,765110,14,0,9,1,9,,765010,14,0,9,1,9,,765087,14,0,9,1,9,,605388,14,0,9,1,49,,765072,14,0,9,1,9,,765052,14,0,9,1,9,,765111,14,0,9,1,9,,765103,14,0,9,1,9,,765009,14,0,9,1,9,,607534,14,0,9,1,49,,765093,14,0,9,1,7,,765012,14,0,9,1,7,,671352,14,0,9,1,10,,765080,14,0,9,1,10,,765104,14,0,9,1,10,,765079,14,0,9,1,10,,765030,14,0,9,1,50,,765074,14,0,9,1,10,,765045,14,0,9,1,10,,765001,14,0,9,1,10,,765013,14,0,9,1,10,,765022,14,0,9,1,10,,765002,14,0,9,1,50,,765116,14,0,9,1,10,,765098,14,0,9,1,10,,765043,14,0,9,1,10,,765019,14,0,9,1,10,,765034,14,0,9,1,10,,765051,14,0,9,1,50,,765106,14,0,9,1,13,,765044,14,0,9,1,14,,765109,14,0,9,1,15,,765077,14,0,9,1,55,,681470,14,0,9,1,15,,765089,14,0,9,1
16502,'5',540,,765135,14,0,9,1,19,,765139,14,0,9,1,64,,765128,14,0,9,1,24,,652793,14,0,9,1,64,,765209,14,0,9,1,24,,765187,14,0,9,1,24,,765224,14,0,9,1,55,,580945,14,0,9,1,9,,765210,14,0,9,1,9,,664741,14,0,9,1,9,,619375,14,0,9,1,9,,765129,14,0,9,1,9,,765172,14,0,9,1,49,,765186,14,0,9,1,9,,765127,14,0,9,1,9,,765126,14,0,9,1,9,,765140,14,0,9,1,9,,765178,14,0,9,1,9,,765151,14,0,9,1,49,,765213,14,0,9,1,9,,765217,14,0,9,1,9,,765164,14,0,9,1,9,,765225,14,0,9,1,9,,620433,14,0,9,1,9,,765144,14,0,9,1,9,,765152,14,0,9,1,49,,765149,14,0,9,1,9,,629727,14,0,9,1,9,,765141,14,0,9,1,9,,765133,14,0,9,1,9,,765222,14,0,9,1,9,,575845,14,0,9,1,50,,765195,14,0,9,1,8,,765188,14,0,9,1,10,,765122,14,0,9,1,10,,651037,14,0,9,1,9,,765189,14,0,9,1,7,,765211,14,0,9,1,8,,765231,14,0,9,1,7,,765216,14,0,9,1,48,,677055,14,0,9,1,7,,765120,14,0,9,1,8,,765230,14,0,9,1,7,,765232,14,0,9,1,8,,765196,14,0,9,1,7,,765163,14,0,9,1,8,,620394,14,0,9,1,7,,765130,14,0,9,1,48,,655600,14,0,9,1,7,,571966,14,0,9,1,8,,765215,14,0,9,1,7,,765118,14,0,9,1,8,,765136,14,0,9,1,7,,765159,14,0,9,1,8,,529219,14,0,9,1,7,,765161,14,0,9,1,48,,765219,14,0,9,1,7,,765147,14,0,9,1,8,,765208,14,0,9,1,7,,765184,14,0,9,1,8,,765201,14,0,9,1,7,,765214,14,0,9,1,8,,765192,14,0,9,1,7,,613367,14,0,9,1,48,,765143,14,0,9,1,7,,765226,14,0,9,1,8,,765170,14,0,9,1,7,,765191,14,0,9,1,8,,592014,14,0,9,1,7,,673796,14,0,9,1,8,,765148,14,0,9,1,7,,638023,14,0,9,1,48,,675197,14,0,9,1,7,,765198,14,0,9,1,8,,570657,14,0,9,1,7,,765200,14,0,9,1,8,,553001,14,0,9,1,7,,765119,14,0,9,1,8,,765168,14,0,9,1,7,,611462,14,0,9,1,48,,765177,14,0,9,1,7,,765174,14,0,9,1,8,,765218,14,0,9,1,6,,765131,14,0,9,1,9,,765194,14,0,9,1,7,,765185,14,0,9,1,8,,765193,14,0,9,1,6,,765179,14,0,9,1,49,,614284,14,0,9,1,6,,668567,14,0,9,1,7,,679592,14,0,9,1,9,,625688,14,0,9,1,9,,765142,14,0,9,1,9,,765162,14,0,9,1,9,,765145,14,0,9,1,49,,765173,14,0,9,1,9,,765157,14,0,9,1,9,,627720,14,0,9,1,9,,765227,14,0,9,1,9,,765146,14,0,9,1,9,,765233,14,0,9,1,9,,765175,14,0,9,1,49,,765156,14,0,9,1,9,,765182,14,0,9,1,9,,765203,14,0,9,1,9,,765132,14,0,9,1,9,,765206,14,0,9,1,9,,765137,14,0,9,1,49,,765205,14,0,9,1,7,,765124,14,0,9,1,7,,765117,14,0,9,1,10,,765165,14,0,9,1,10,,765150,14,0,9,1,10,,765197,14,0,9,1,10,,765160,14,0,9,1,50,,765167,14,0,9,1,10,,678805,14,0,9,1,10,,765171,14,0,9,1,10,,765166,14,0,9,1,10,,765229,14,0,9,1,10,,630386,14,0,9,1,50,,765220,14,0,9,1,10,,765199,14,0,9,1,10,,765158,14,0,9,1,10,,765123,14,0,9,1,10,,765204,14,0,9,1,10,,765138,14,0,9,1,50,,614613,14,0,9,1,13,,765181,14,0,9,1,14,,765169,14,0,9,1,15,,765202,14,0,9,1,55,,765125,14,0,9,1,15,,765190,14,0,9,1
18402,'1',628,,649391,2,0,225 226,1,28,,766666,2,0,225 226,1,68,,766649,2,0,225 226,1,30,,766645,2,0,225 226,1,68,,766642,2,0,225 226,1,28,,766655,2,0,225 226,1,68,,766670,2,0,225 226,1,27,,766671,2,0,225 226,1,66,,766648,2,0,225 226,1,25,,766659,2,0,225 226,1,66,,766676,2,0,225 226,1,26,,766643,2,0,225 226,1,26,,766669,2,0,225 226,1,66,,766654,2,0,225 226,1,26,,766650,2,0,225 226,1,66,,766644,2,0,225 226,1,26,,766664,2,0,225 226,1,66,,627186,2,0,225 226,1,29,,766657,2,0,225 226,1,72,,766668,2,0,225 226,1,30,,766652,2,0,225 226,1,70,,766674,2,0,225 226,1,30,,766658,2,0,225 226,1,70,,766672,2,0,225 226,1,30,,623971,2,0,225 226,1,70,,766653,2,0,225 226,1,30,,766673,2,0,225 226,1,70,,647029,2,0,225 226,1,26,,671672,2,0,225 226,1,26,,626947,2,0,225 226,1,66,,612438,2,0,225 226,1,26,,766646,2,0,225 226,1,66,,766656,2,0,225 226,1,25,,766662,2,0,225 226,1,62,,766651,2,0,225 226,1,25,,683453,2,0,225 226,1,22,,766660,2,0,225 226,1,62,,766663,2,0,225 226,1,22,,766665,2,0,225 226,1,22,,766647,2,0,225 226,1,62,,677142,2,0,225 226,1,22,,766675,2,0,225 226,1,62,,766667,2,0,225 226,1,22,,766661,2,0,225 226,1
18402,'2',602,,766680,2,0,225 226,1,23,,766691,2,0,225 226,1,23,,766706,2,0,225 226,1,63,,766700,2,0,225 226,1,23,,766710,2,0,225 226,1,24,,627250,2,0,225 226,1,65,,766707,2,0,225 226,1,25,,551290,2,0,225 226,1,65,,766697,2,0,225 226,1,25,,766696,2,0,225 226,1,65,,766693,2,0,225 226,1,25,,766684,2,0,225 226,1,25,,766683,2,0,225 226,1,65,,766688,2,0,225 226,1,27,,766713,2,0,225 226,1,67,,766694,2,0,225 226,1,28,,766708,2,0,225 226,1,68,,766678,2,0,225 226,1,28,,766715,2,0,225 226,1,68,,766695,2,0,225 226,1,28,,766686,2,0,225 226,1,68,,766677,2,0,225 226,1,28,,766689,2,0,225 226,1,28,,766702,2,0,225 226,1,68,,562815,2,0,225 226,1,28,,649558,2,0,225 226,1,68,,766714,2,0,225 226,1,28,,628995,2,0,225 226,1,68,,638486,2,0,225 226,1,26,,766704,2,0,225 226,1,66,,766681,2,0,225 226,1,24,,766699,2,0,225 226,1,24,,766692,2,0,225 226,1,64,,766685,2,0,225 226,1,24,,766711,2,0,225 226,1,64,,766682,2,0,225 226,1,24,,766712,2,0,225 226,1,23,,766698,2,0,225 226,1,62,,766690,2,0,225 226,1,22,,766705,2,0,225 226,1,62,,766703,2,0,225 226,1,22,,766709,2,0,225 226,1,22,,766701,2,0,225 226,1,62,,592721,2,0,225 226,1,21,,766679,2,0,225 226,1,28,,766687,2,0,225 226,1
18402,'3',802,,766746,2,0,225 226,1,24,,766725,2,0,225 226,1,24,,766740,2,0,225 226,1,64,,652768,2,0,225 226,1,24,,766745,2,0,225 226,1,64,,766718,2,0,225 226,1,24,,766717,2,0,225 226,1,24,,766716,2,0,225 226,1,64,,609143,2,0,225 226,1,24,,766724,2,0,225 226,1,64,,766727,2,0,225 226,1,25,,766736,2,0,225 226,1,26,,766739,2,0,225 226,1,66,,766730,2,0,225 226,1,26,,766732,2,0,225 226,1,66,,766719,2,0,225 226,1,26,,766748,2,0,225 226,1,66,,551846,2,0,225 226,1,26,,766733,2,0,225 226,1,26,,604976,2,0,225 226,1,66,,766731,2,0,225 226,1,26,,578772,2,0,225 226,1,66,,766737,2,0,225 226,1,26,,766734,2,0,225 226,1,66,,766726,2,0,225 226,1,26,,766743,2,0,225 226,1,26,,766728,2,0,225 226,1,64,,658127,2,0,225 226,1,22,,766723,2,0,225 226,1,62,,766747,2,0,225 226,1,22,,766738,2,0,225 226,1,22,,465134,2,0,225 226,1,62,,650941,2,0,225 226,1,22,,766742,2,0,225 226,1,22,,766741,2,0,225 226,1,62,,607915,2,0,225 226,1,22,,766729,2,0,225 226,1,62,,766720,2,0,225 226,1,22,,766721,2,0,225 226,1,22,,655985,2,0,225 226,1,62,,766744,2,0,225 226,1,22,,766722,2,0,225 226,1,29,,766735,2,0,225 226,1
18402,'5',654,,766755,2,0,225 226,1,60,,635905,2,0,225 226,1,24,,766784,2,0,225 226,1,64,,766775,2,0,225 226,1,24,,766761,2,0,225 226,1,24,,766752,2,0,225 226,1,64,,766753,2,0,225 226,1,24,,652800,2,0,225 226,1,64,,625278,2,0,225 226,1,24,,602875,2,0,225 226,1,24,,766756,2,0,225 226,1,64,,766766,2,0,225 226,1,24,,653603,2,0,225 226,1,64,,578425,2,0,225 226,1,25,,766759,2,0,225 226,1,26,,766760,2,0,225 226,1,66,,766771,2,0,225 226,1,26,,766777,2,0,225 226,1,66,,766778,2,0,225 226,1,26,,766765,2,0,225 226,1,66,,766750,2,0,225 226,1,26,,766781,2,0,225 226,1,26,,766763,2,0,225 226,1,66,,766768,2,0,225 226,1,26,,766776,2,0,225 226,1,66,,766783,2,0,225 226,1,26,,766774,2,0,225 226,1,66,,766767,2,0,225 226,1,26,,766782,2,0,225 226,1,26,,766769,2,0,225 226,1,64,,766770,2,0,225 226,1,22,,766764,2,0,225 226,1,62,,766751,2,0,225 226,1,22,,766773,2,0,225 226,1,22,,766758,2,0,225 226,1,62,,766779,2,0,225 226,1,22,,766772,2,0,225 226,1,22,,766749,2,0,225 226,1,62,,661037,2,0,225 226,1,22,,766762,2,0,225 226,1,62,,766754,2,0,225 226,1,22,,766757,2,0,225 226,1,22,,766780,2,0,225 226,1,62,,607713,2,0,225 226,1,22,,605438,2,0,225 226,1,29,,639790,2,0,225 226,1
39602,'1',524,,771337,15,0,11 12 86 87 3 9,1,2100,,771339,15,0,11 12 86 87 3 9,1,20,,771336,15,0,11 12 86 87 3 9,1,60,,771333,15,0,11 12 86 87 3 9,1,20,,513790,15,0,11 12 86 87 3 9,1,20,,771340,15,0,11 12 86 87 3 9,1,60,,771338,15,0,11 12 86 87 3 9,1,20,,771335,15,0,11 12 86 87 3 9,1,20,,771332,15,0,11 12 86 87 3 9,1,60,,771334,15,0,11 12 86 87 3 9,1
39602,'2',524,,771341,15,0,11 12 86 87 3 9,1,2100,,673200,15,0,11 12 86 87 3 9,1,20,,771342,15,0,11 12 86 87 3 9,1,60,,771344,15,0,11 12 86 87 3 9,1,20,,771345,15,0,11 12 86 87 3 9,1,20,,771343,15,0,11 12 86 87 3 9,1,60,,771347,15,0,11 12 86 87 3 9,1,20,,771346,15,0,11 12 86 87 3 9,1,20,,656336,15,0,11 12 86 87 3 9,1,60,,771348,15,0,11 12 86 87 3 9,1
39602,'3',524,,771351,15,0,11 12 86 87 3 9,1,2100,,771352,15,0,11 12 86 87 3 9,1,20,,771349,15,0,11 12 86 87 3 9,1,60,,771350,15,0,11 12 86 87 3 9,1,20,,771357,15,0,11 12 86 87 3 9,1,20,,771355,15,0,11 12 86 87 3 9,1,60,,674854,15,0,11 12 86 87 3 9,1,20,,771356,15,0,11 12 86 87 3 9,1,20,,771354,15,0,11 12 86 87 3 9,1,60,,771353,15,0,11 12 86 87 3 9,1
39602,'5',524,,771365,15,0,11 12 86 87 3 9,1,2100,,771361,15,0,11 12 86 87 3 9,1,20,,771358,15,0,11 12 86 87 3 9,1,60,,562032,15,0,11 12 86 87 3 9,1,20,,771360,15,0,11 12 86 87 3 9,1,20,,771359,15,0,11 12 86 87 3 9,1,60,,771363,15,0,11 12 86 87 3 9,1,20,,771366,15,0,11 12 86 87 3 9,1,20,,771364,15,0,11 12 86 87 3 9,1,60,,771362,15,0,11 12 86 87 3 9,1
