2704,'1',529,,533920,2,0,75 8,1,10,,613942,2,0,75 8,1,10,,593534,2,0,75 8,1,10,,613925,2,0,75 8,1,50,,481760,2,0,75 8,1,10,,613965,2,0,75 8,1,10,,613996,2,0,75 8,1,10,,613989,2,0,75 8,1,10,,469808,2,0,75 8,1,10,,613977,2,0,75 8,1,49,,613997,2,0,75 8,1,8,,613958,2,0,75 8,1,10,,613926,2,0,75 8,1,10,,614011,2,0,75 8,1,10,,614001,2,0,75 8,1,10,,613953,2,0,75 8,1,50,,613929,2,0,75 8,1,10,,614014,2,0,75 8,1,10,,613944,2,0,75 8,1,10,,599623,2,0,75 8,1,10,,613972,2,0,75 8,1,10,,601839,2,0,75 8,1,51,,531744,2,0,75 8,1,10,,384748,2,0,75 8,1,10,,613924,2,0,75 8,1,10,,613937,2,0,75 8,1,10,,613957,2,0,75 8,1,10,,573895,2,0,75 8,1,50,,613978,2,0,75 8,1,10,,563419,2,0,75 8,1,10,,580118,2,0,75 8,1,10,,613966,2,0,75 8,1,10,,613959,2,0,75 8,1,10,,614009,2,0,75 8,1,50,,613999,2,0,75 8,1,10,,542822,2,0,75 8,1,10,,613928,2,0,75 8,1,10,,554695,2,0,75 8,1,10,,559873,2,0,75 8,1,10,,614012,2,0,75 8,1,50,,613988,2,0,75 8,1,10,,613985,2,0,75 8,1,10,,613961,2,0,75 8,1,10,,378942,2,0,75 8,1,10,,613993,2,0,75 8,1,10,,614002,2,0,75 8,1,50,,613987,2,0,75 8,1,10,,613984,2,0,75 8,1,10,,613969,2,0,75 8,1,10,,603479,2,0,75 8,1,10,,614000,2,0,75 8,1,10,,464525,2,0,75 8,1,50,,473036,2,0,75 8,1,10,,613998,2,0,75 8,1,9,,525748,2,0,75 8,1,9,,613982,2,0,75 8,1,9,,538205,2,0,75 8,1,10,,580604,2,0,75 8,1,50,,613943,2,0,75 8,1,10,,517205,2,0,75 8,1,10,,613938,2,0,75 8,1,10,,490009,2,0,75 8,1,10,,535059,2,0,75 8,1,10,,613968,2,0,75 8,1,50,,613931,2,0,75 8,1,10,,613980,2,0,75 8,1,10,,613934,2,0,75 8,1,10,,613975,2,0,75 8,1,10,,613948,2,0,75 8,1,10,,613990,2,0,75 8,1,50,,613939,2,0,75 8,1,10,,613945,2,0,75 8,1,10,,613962,2,0,75 8,1,10,,614007,2,0,75 8,1,10,,613932,2,0,75 8,1,10,,613964,2,0,75 8,1,50,,614006,2,0,75 8,1,10,,614004,2,0,75 8,1,10,,442096,2,0,75 8,1,10,,581781,2,0,75 8,1,10,,614008,2,0,75 8,1,11,,613933,2,0,75 8,1,52,,614003,2,0,75 8,1,11,,613979,2,0,75 8,1,10,,614013,2,0,75 8,1,10,,613922,2,0,75 8,1,10,,548911,2,0,75 8,1,10,,613940,2,0,75 8,1,50,,613923,2,0,75 8,1,10,,526559,2,0,75 8,1,10,,613981,2,0,75 8,1,10,,553070,2,0,75 8,1,10,,613951,2,0,75 8,1,10,,613967,2,0,75 8,1,50,,613974,2,0,75 8,1,10,,613976,2,0,75 8,1,10,,613954,2,0,75 8,1,10,,613936,2,0,75 8,1,11,,613991,2,0,75 8,1,52,,613930,2,0,75 8,1,6,,543239,2,0,75 8,1,5,,613956,2,0,75 8,1,5,,614010,2,0,75 8,1,5,,601110,2,0,75 8,1,5,,613973,2,0,75 8,1,5,,613960,2,0,75 8,1,5,,613947,2,0,75 8,1,5,,613983,2,0,75 8,1,10,,396798,2,0,75 8,1,50,,613986,2,0,75 8,1,5,,613941,2,0,75 8,1,5,,379188,2,0,75 8,1,10,,614005,2,0,75 8,1,10,,613949,2,0,75 8,1,10,,613971,2,0,75 8,1,10,,544436,2,0,75 8,1,50,,613955,2,0,75 8,1,5,,613963,2,0,75 8,1,5,,613946,2,0,75 8,1,5,,613950,2,0,75 8,1,5,,545196,2,0,75 8,1,5,,577450,2,0,75 8,1,5,,530062,2,0,75 8,1,5,,613927,2,0,75 8,1,5,,604292,2,0,75 8,1,10,,613952,2,0,75 8,1,55,,613935,2,0,75 8,1,15,,613995,2,0,75 8,1,15,,613992,2,0,75 8,1,15,,613994,2,0,75 8,1,55,,558292,2,0,75 8,1,15,,613970,2,0,75 8,1
2704,'2',534,,614016,2,0,75 8,1,15,,544674,2,0,75 8,1,55,,526899,2,0,75 8,1,10,,557240,2,0,75 8,1,10,,409366,2,0,75 8,1,10,,614121,2,0,75 8,1,10,,614079,2,0,75 8,1,10,,614097,2,0,75 8,1,50,,614072,2,0,75 8,1,10,,614106,2,0,75 8,1,10,,614105,2,0,75 8,1,10,,614114,2,0,75 8,1,10,,614022,2,0,75 8,1,10,,614109,2,0,75 8,1,52,,614019,2,0,75 8,1,10,,614107,2,0,75 8,1,10,,614110,2,0,75 8,1,10,,614015,2,0,75 8,1,10,,614090,2,0,75 8,1,10,,614043,2,0,75 8,1,50,,614073,2,0,75 8,1,10,,614104,2,0,75 8,1,10,,614085,2,0,75 8,1,10,,614092,2,0,75 8,1,10,,614024,2,0,75 8,1,10,,500661,2,0,75 8,1,50,,614095,2,0,75 8,1,10,,582685,2,0,75 8,1,10,,614096,2,0,75 8,1,10,,526898,2,0,75 8,1,10,,614094,2,0,75 8,1,10,,614025,2,0,75 8,1,50,,614045,2,0,75 8,1,10,,614042,2,0,75 8,1,10,,614060,2,0,75 8,1,10,,556240,2,0,75 8,1,10,,614076,2,0,75 8,1,10,,614091,2,0,75 8,1,51,,614046,2,0,75 8,1,10,,614020,2,0,75 8,1,5,,614088,2,0,75 8,1,5,,614066,2,0,75 8,1,5,,567080,2,0,75 8,1,5,,614028,2,0,75 8,1,10,,554093,2,0,75 8,1,10,,614054,2,0,75 8,1,50,,614037,2,0,75 8,1,10,,553724,2,0,75 8,1,5,,614093,2,0,75 8,1,5,,560382,2,0,75 8,1,10,,614113,2,0,75 8,1,5,,614063,2,0,75 8,1,5,,614099,2,0,75 8,1,10,,614101,2,0,75 8,1,50,,486332,2,0,75 8,1,10,,614081,2,0,75 8,1,5,,513499,2,0,75 8,1,5,,614103,2,0,75 8,1,10,,614083,2,0,75 8,1,3,,614084,2,0,75 8,1,4,,614082,2,0,75 8,1,10,,575378,2,0,75 8,1,50,,614065,2,0,75 8,1,10,,614050,2,0,75 8,1,10,,614018,2,0,75 8,1,10,,517708,2,0,75 8,1,10,,614098,2,0,75 8,1,10,,614040,2,0,75 8,1,50,,614023,2,0,75 8,1,10,,614035,2,0,75 8,1,10,,614036,2,0,75 8,1,10,,614102,2,0,75 8,1,10,,614100,2,0,75 8,1,10,,614055,2,0,75 8,1,54,,614062,2,0,75 8,1,10,,614064,2,0,75 8,1,10,,614051,2,0,75 8,1,10,,614059,2,0,75 8,1,10,,614111,2,0,75 8,1,10,,614033,2,0,75 8,1,50,,614070,2,0,75 8,1,10,,614086,2,0,75 8,1,10,,614056,2,0,75 8,1,10,,614089,2,0,75 8,1,10,,614031,2,0,75 8,1,10,,614041,2,0,75 8,1,52,,614122,2,0,75 8,1,10,,614112,2,0,75 8,1,10,,614053,2,0,75 8,1,10,,614069,2,0,75 8,1,10,,614108,2,0,75 8,1,50,,614027,2,0,75 8,1,10,,614044,2,0,75 8,1,10,,555772,2,0,75 8,1,10,,614021,2,0,75 8,1,10,,614034,2,0,75 8,1,10,,558367,2,0,75 8,1,50,,614017,2,0,75 8,1,10,,614039,2,0,75 8,1,10,,614067,2,0,75 8,1,10,,614068,2,0,75 8,1,10,,614030,2,0,75 8,1,10,,510097,2,0,75 8,1,50,,614117,2,0,75 8,1,8,,614032,2,0,75 8,1,5,,535592,2,0,75 8,1,5,,614077,2,0,75 8,1,5,,614075,2,0,75 8,1,5,,529526,2,0,75 8,1,5,,614052,2,0,75 8,1,5,,586475,2,0,75 8,1,5,,614080,2,0,75 8,1,10,,526043,2,0,75 8,1,50,,614061,2,0,75 8,1,5,,614071,2,0,75 8,1,5,,614057,2,0,75 8,1,10,,586853,2,0,75 8,1,10,,504601,2,0,75 8,1,10,,614029,2,0,75 8,1,10,,614026,2,0,75 8,1,50,,614116,2,0,75 8,1,5,,614058,2,0,75 8,1,5,,614048,2,0,75 8,1,5,,500801,2,0,75 8,1,5,,614120,2,0,75 8,1,5,,614118,2,0,75 8,1,5,,614087,2,0,75 8,1,5,,614049,2,0,75 8,1,5,,614047,2,0,75 8,1,10,,614038,2,0,75 8,1,55,,614078,2,0,75 8,1,15,,614115,2,0,75 8,1,14,,614074,2,0,75 8,1,15,,614119,2,0,75 8,1,55,,454885,2,0,75 8,1,15,,517264,2,0,75 8,1
2704,'3',719,,445621,2,0,75 8,1,16,,614211,2,0,75 8,1,10,,614227,2,0,75 8,1,10,,614150,2,0,75 8,1,51,,614190,2,0,75 8,1,10,,614179,2,0,75 8,1,10,,614223,2,0,75 8,1,10,,614137,2,0,75 8,1,10,,614228,2,0,75 8,1,10,,614146,2,0,75 8,1,50,,614163,2,0,75 8,1,10,,614199,2,0,75 8,1,10,,614130,2,0,75 8,1,10,,614128,2,0,75 8,1,10,,614184,2,0,75 8,1,10,,614180,2,0,75 8,1,50,,575500,2,0,75 8,1,10,,614165,2,0,75 8,1,10,,614216,2,0,75 8,1,10,,614191,2,0,75 8,1,10,,614176,2,0,75 8,1,10,,614166,2,0,75 8,1,50,,614155,2,0,75 8,1,10,,614221,2,0,75 8,1,10,,614178,2,0,75 8,1,10,,614183,2,0,75 8,1,10,,614153,2,0,75 8,1,10,,614136,2,0,75 8,1,45,,614123,2,0,75 8,1,5,,614206,2,0,75 8,1,5,,614156,2,0,75 8,1,5,,614198,2,0,75 8,1,10,,614147,2,0,75 8,1,10,,614203,2,0,75 8,1,10,,614126,2,0,75 8,1,5,,614160,2,0,75 8,1,5,,559540,2,0,75 8,1,45,,537779,2,0,75 8,1,5,,562331,2,0,75 8,1,10,,614145,2,0,75 8,1,10,,614170,2,0,75 8,1,10,,574875,2,0,75 8,1,5,,556650,2,0,75 8,1,5,,594560,2,0,75 8,1,5,,614210,2,0,75 8,1,5,,614142,2,0,75 8,1,50,,614151,2,0,75 8,1,10,,614201,2,0,75 8,1,10,,614141,2,0,75 8,1,5,,614154,2,0,75 8,1,5,,614152,2,0,75 8,1,5,,614171,2,0,75 8,1,5,,557520,2,0,75 8,1,10,,614177,2,0,75 8,1,50,,614148,2,0,75 8,1,10,,614195,2,0,75 8,1,10,,614135,2,0,75 8,1,10,,614205,2,0,75 8,1,10,,614144,2,0,75 8,1,10,,568283,2,0,75 8,1,50,,547374,2,0,75 8,1,10,,614224,2,0,75 8,1,10,,614173,2,0,75 8,1,10,,614149,2,0,75 8,1,10,,614131,2,0,75 8,1,10,,469972,2,0,75 8,1,51,,614167,2,0,75 8,1,10,,614188,2,0,75 8,1,10,,614140,2,0,75 8,1,10,,614207,2,0,75 8,1,10,,614129,2,0,75 8,1,10,,614139,2,0,75 8,1,50,,552945,2,0,75 8,1,10,,542020,2,0,75 8,1,10,,614174,2,0,75 8,1,10,,614215,2,0,75 8,1,10,,614193,2,0,75 8,1,10,,614143,2,0,75 8,1,53,,614213,2,0,75 8,1,10,,614132,2,0,75 8,1,10,,614133,2,0,75 8,1,10,,580500,2,0,75 8,1,10,,614172,2,0,75 8,1,50,,614197,2,0,75 8,1,10,,614200,2,0,75 8,1,10,,614189,2,0,75 8,1,10,,614124,2,0,75 8,1,10,,614217,2,0,75 8,1,10,,537006,2,0,75 8,1,50,,614169,2,0,75 8,1,10,,614159,2,0,75 8,1,10,,614212,2,0,75 8,1,10,,558997,2,0,75 8,1,10,,614187,2,0,75 8,1,10,,614204,2,0,75 8,1,50,,614202,2,0,75 8,1,7,,614218,2,0,75 8,1,5,,614194,2,0,75 8,1,5,,614181,2,0,75 8,1,5,,614222,2,0,75 8,1,5,,614138,2,0,75 8,1,5,,614134,2,0,75 8,1,5,,614162,2,0,75 8,1,5,,614158,2,0,75 8,1,10,,555489,2,0,75 8,1,50,,614226,2,0,75 8,1,10,,614219,2,0,75 8,1,5,,614175,2,0,75 8,1,5,,614214,2,0,75 8,1,10,,614192,2,0,75 8,1,10,,614220,2,0,75 8,1,10,,536589,2,0,75 8,1,50,,614185,2,0,75 8,1,5,,560513,2,0,75 8,1,5,,529667,2,0,75 8,1,5,,614157,2,0,75 8,1,5,,614209,2,0,75 8,1,5,,614127,2,0,75 8,1,5,,614208,2,0,75 8,1,5,,614168,2,0,75 8,1,5,,614196,2,0,75 8,1,10,,614182,2,0,75 8,1,55,,614125,2,0,75 8,1,15,,614161,2,0,75 8,1,15,,530881,2,0,75 8,1,15,,614164,2,0,75 8,1,55,,614225,2,0,75 8,1,15,,614186,2,0,75 8,1
2704,'5',534,,614303,2,0,75 8,1,15,,614272,2,0,75 8,1,55,,614252,2,0,75 8,1,10,,614294,2,0,75 8,1,10,,536643,2,0,75 8,1,10,,614333,2,0,75 8,1,10,,614316,2,0,75 8,1,10,,614293,2,0,75 8,1,50,,537827,2,0,75 8,1,10,,558461,2,0,75 8,1,10,,614275,2,0,75 8,1,10,,614315,2,0,75 8,1,10,,555257,2,0,75 8,1,10,,614308,2,0,75 8,1,46,,582199,2,0,75 8,1,6,,614231,2,0,75 8,1,10,,614269,2,0,75 8,1,10,,614273,2,0,75 8,1,10,,614267,2,0,75 8,1,10,,614292,2,0,75 8,1,10,,614244,2,0,75 8,1,50,,614242,2,0,75 8,1,10,,614313,2,0,75 8,1,10,,614321,2,0,75 8,1,10,,603648,2,0,75 8,1,10,,614287,2,0,75 8,1,10,,576693,2,0,75 8,1,50,,614271,2,0,75 8,1,10,,614255,2,0,75 8,1,10,,614247,2,0,75 8,1,10,,614310,2,0,75 8,1,10,,614229,2,0,75 8,1,10,,614282,2,0,75 8,1,50,,614320,2,0,75 8,1,10,,614234,2,0,75 8,1,10,,614286,2,0,75 8,1,10,,614323,2,0,75 8,1,10,,614279,2,0,75 8,1,10,,614307,2,0,75 8,1,45,,614327,2,0,75 8,1,5,,614311,2,0,75 8,1,5,,614238,2,0,75 8,1,5,,614283,2,0,75 8,1,10,,614274,2,0,75 8,1,10,,614324,2,0,75 8,1,10,,614230,2,0,75 8,1,5,,614342,2,0,75 8,1,5,,614253,2,0,75 8,1,45,,614243,2,0,75 8,1,5,,614329,2,0,75 8,1,10,,614276,2,0,75 8,1,10,,614233,2,0,75 8,1,10,,570002,2,0,75 8,1,5,,614332,2,0,75 8,1,5,,614318,2,0,75 8,1,5,,614335,2,0,75 8,1,5,,614325,2,0,75 8,1,50,,614345,2,0,75 8,1,10,,614262,2,0,75 8,1,10,,614254,2,0,75 8,1,5,,614340,2,0,75 8,1,5,,614296,2,0,75 8,1,5,,614331,2,0,75 8,1,5,,614246,2,0,75 8,1,10,,614260,2,0,75 8,1,50,,614312,2,0,75 8,1,10,,614336,2,0,75 8,1,10,,614268,2,0,75 8,1,10,,614326,2,0,75 8,1,10,,614291,2,0,75 8,1,10,,520513,2,0,75 8,1,50,,614317,2,0,75 8,1,10,,614295,2,0,75 8,1,10,,614257,2,0,75 8,1,10,,614270,2,0,75 8,1,10,,614285,2,0,75 8,1,10,,614258,2,0,75 8,1,51,,533401,2,0,75 8,1,10,,614232,2,0,75 8,1,10,,614304,2,0,75 8,1,10,,603880,2,0,75 8,1,10,,614301,2,0,75 8,1,10,,614239,2,0,75 8,1,50,,614265,2,0,75 8,1,10,,614334,2,0,75 8,1,10,,614289,2,0,75 8,1,10,,614343,2,0,75 8,1,10,,563295,2,0,75 8,1,10,,614297,2,0,75 8,1,53,,594235,2,0,75 8,1,10,,614305,2,0,75 8,1,10,,614299,2,0,75 8,1,10,,534383,2,0,75 8,1,10,,614256,2,0,75 8,1,50,,614300,2,0,75 8,1,10,,614284,2,0,75 8,1,10,,575889,2,0,75 8,1,10,,614322,2,0,75 8,1,10,,614306,2,0,75 8,1,10,,614290,2,0,75 8,1,50,,614237,2,0,75 8,1,10,,586391,2,0,75 8,1,10,,614298,2,0,75 8,1,10,,614344,2,0,75 8,1,10,,521253,2,0,75 8,1,10,,614241,2,0,75 8,1,50,,578849,2,0,75 8,1,7,,552986,2,0,75 8,1,5,,614248,2,0,75 8,1,5,,614314,2,0,75 8,1,5,,614288,2,0,75 8,1,5,,614240,2,0,75 8,1,5,,614338,2,0,75 8,1,5,,614264,2,0,75 8,1,5,,614250,2,0,75 8,1,10,,614302,2,0,75 8,1,50,,595378,2,0,75 8,1,10,,614309,2,0,75 8,1,5,,614236,2,0,75 8,1,5,,614330,2,0,75 8,1,10,,614339,2,0,75 8,1,10,,614261,2,0,75 8,1,10,,614249,2,0,75 8,1,50,,614278,2,0,75 8,1,5,,551380,2,0,75 8,1,5,,614266,2,0,75 8,1,5,,614280,2,0,75 8,1,5,,614277,2,0,75 8,1,5,,614337,2,0,75 8,1,5,,614328,2,0,75 8,1,5,,614341,2,0,75 8,1,5,,614281,2,0,75 8,1,10,,614245,2,0,75 8,1,55,,584970,2,0,75 8,1,15,,614263,2,0,75 8,1,15,,614259,2,0,75 8,1,15,,614235,2,0,75 8,1,55,,614319,2,0,75 8,1,15,,614251,2,0,75 8,1
3202,'1',647,,604245,2,0,154 8,1,7,,616810,2,0,154 8,1,48,,505198,2,0,154 8,1,7,,533215,2,0,154 8,1,8,,569783,2,0,154 8,1,7,,616837,2,0,154 8,1,8,,515693,2,0,154 8,1,7,,616786,2,0,154 8,1,8,,616803,2,0,154 8,1,7,,616804,2,0,154 8,1,48,,616847,2,0,154 8,1,7,,616812,2,0,154 8,1,8,,616797,2,0,154 8,1,7,,616814,2,0,154 8,1,8,,616809,2,0,154 8,1,7,,616851,2,0,154 8,1,8,,577411,2,0,154 8,1,7,,616801,2,0,154 8,1,48,,616843,2,0,154 8,1,7,,459980,2,0,154 8,1,8,,616782,2,0,154 8,1,7,,595815,2,0,154 8,1,9,,547971,2,0,154 8,1,10,,616793,2,0,154 8,1,10,,616822,2,0,154 8,1,50,,616798,2,0,154 8,1,10,,616842,2,0,154 8,1,10,,616833,2,0,154 8,1,10,,616807,2,0,154 8,1,10,,616849,2,0,154 8,1,10,,616813,2,0,154 8,1,50,,616819,2,0,154 8,1,10,,616832,2,0,154 8,1,10,,616830,2,0,154 8,1,10,,616824,2,0,154 8,1,10,,575616,2,0,154 8,1,10,,616816,2,0,154 8,1,50,,616789,2,0,154 8,1,10,,564734,2,0,154 8,1,10,,590660,2,0,154 8,1,10,,616835,2,0,154 8,1,10,,616781,2,0,154 8,1,10,,616780,2,0,154 8,1,50,,616790,2,0,154 8,1,7,,616811,2,0,154 8,1,8,,516708,2,0,154 8,1,9,,616817,2,0,154 8,1,9,,616800,2,0,154 8,1,8,,582365,2,0,154 8,1,10,,616818,2,0,154 8,1,49,,616815,2,0,154 8,1,10,,471998,2,0,154 8,1,10,,582804,2,0,154 8,1,10,,389111,2,0,154 8,1,10,,551511,2,0,154 8,1,10,,616794,2,0,154 8,1,50,,616821,2,0,154 8,1,10,,616848,2,0,154 8,1,10,,616808,2,0,154 8,1,10,,616784,2,0,154 8,1,10,,596097,2,0,154 8,1,10,,616796,2,0,154 8,1,50,,443503,2,0,154 8,1,10,,616846,2,0,154 8,1,10,,501866,2,0,154 8,1,10,,616836,2,0,154 8,1,10,,592051,2,0,154 8,1,10,,616850,2,0,154 8,1,50,,616779,2,0,154 8,1,10,,599484,2,0,154 8,1,10,,616845,2,0,154 8,1,10,,554347,2,0,154 8,1,10,,616826,2,0,154 8,1,10,,616834,2,0,154 8,1,50,,518950,2,0,154 8,1,10,,616831,2,0,154 8,1,10,,616828,2,0,154 8,1,10,,541738,2,0,154 8,1,10,,616844,2,0,154 8,1,10,,616841,2,0,154 8,1,54,,616839,2,0,154 8,1,15,,616783,2,0,154 8,1,15,,616788,2,0,154 8,1,15,,616795,2,0,154 8,1,55,,530414,2,0,154 8,1,15,,616805,2,0,154 8,1,15,,588196,2,0,154 8,1,15,,616823,2,0,154 8,1,55,,616791,2,0,154 8,1,15,,616802,2,0,154 8,1,15,,616792,2,0,154 8,1,15,,400355,2,0,154 8,1,55,,550800,2,0,154 8,1,15,,520946,2,0,154 8,1,15,,616840,2,0,154 8,1,15,,616838,2,0,154 8,1,55,,616787,2,0,154 8,1,15,,616799,2,0,154 8,1,15,,616827,2,0,154 8,1,15,,616820,2,0,154 8,1,55,,616785,2,0,154 8,1,15,,616829,2,0,154 8,1,15,,616825,2,0,154 8,1,15,,523088,2,0,154 8,1,55,,616806,2,0,154 8,1
3202,'2',645,,616893,2,0,154 8,1,55,,616853,2,0,154 8,1,15,,616884,2,0,154 8,1,15,,542867,2,0,154 8,1,15,,520396,2,0,154 8,1,57,,616915,2,0,154 8,1,15,,616870,2,0,154 8,1,15,,616878,2,0,154 8,1,15,,616857,2,0,154 8,1,55,,616897,2,0,154 8,1,15,,616868,2,0,154 8,1,15,,616890,2,0,154 8,1,15,,616904,2,0,154 8,1,55,,616916,2,0,154 8,1,15,,616911,2,0,154 8,1,15,,616858,2,0,154 8,1,15,,616887,2,0,154 8,1,55,,616917,2,0,154 8,1,15,,616889,2,0,154 8,1,15,,616886,2,0,154 8,1,10,,616900,2,0,154 8,1,10,,616896,2,0,154 8,1,51,,616907,2,0,154 8,1,10,,616885,2,0,154 8,1,10,,616874,2,0,154 8,1,10,,616869,2,0,154 8,1,10,,616888,2,0,154 8,1,10,,616891,2,0,154 8,1,50,,616892,2,0,154 8,1,10,,616908,2,0,154 8,1,10,,616860,2,0,154 8,1,10,,616902,2,0,154 8,1,10,,616880,2,0,154 8,1,10,,616875,2,0,154 8,1,50,,616894,2,0,154 8,1,10,,563098,2,0,154 8,1,10,,616879,2,0,154 8,1,10,,616871,2,0,154 8,1,10,,616920,2,0,154 8,1,10,,616913,2,0,154 8,1,50,,596288,2,0,154 8,1,10,,616903,2,0,154 8,1,10,,616855,2,0,154 8,1,10,,616924,2,0,154 8,1,10,,616881,2,0,154 8,1,10,,616922,2,0,154 8,1,50,,616867,2,0,154 8,1,10,,616863,2,0,154 8,1,10,,616909,2,0,154 8,1,10,,390516,2,0,154 8,1,10,,616852,2,0,154 8,1,10,,616876,2,0,154 8,1,50,,616910,2,0,154 8,1,10,,616862,2,0,154 8,1,10,,616923,2,0,154 8,1,10,,517690,2,0,154 8,1,10,,616918,2,0,154 8,1,10,,616926,2,0,154 8,1,50,,616872,2,0,154 8,1,10,,616864,2,0,154 8,1,10,,616906,2,0,154 8,1,10,,616854,2,0,154 8,1,10,,616883,2,0,154 8,1,10,,539420,2,0,154 8,1,54,,616914,2,0,154 8,1,15,,570831,2,0,154 8,1,15,,392908,2,0,154 8,1,15,,513842,2,0,154 8,1,55,,566964,2,0,154 8,1,15,,616899,2,0,154 8,1,15,,616898,2,0,154 8,1,15,,616925,2,0,154 8,1,55,,616865,2,0,154 8,1,15,,616873,2,0,154 8,1,15,,616912,2,0,154 8,1,15,,616866,2,0,154 8,1,55,,616895,2,0,154 8,1,15,,616921,2,0,154 8,1,15,,616877,2,0,154 8,1,15,,616927,2,0,154 8,1,55,,540200,2,0,154 8,1,15,,616901,2,0,154 8,1,15,,616882,2,0,154 8,1,15,,616856,2,0,154 8,1,55,,616859,2,0,154 8,1,15,,616905,2,0,154 8,1,15,,600820,2,0,154 8,1,15,,616919,2,0,154 8,1,55,,616861,2,0,154 8,1
3202,'3',837,,616948,2,0,154 8,1,13,,616928,2,0,154 8,1,52,,616935,2,0,154 8,1,15,,616988,2,0,154 8,1,15,,616981,2,0,154 8,1,15,,560451,2,0,154 8,1,55,,616969,2,0,154 8,1,15,,616979,2,0,154 8,1,15,,560070,2,0,154 8,1,15,,594287,2,0,154 8,1,55,,616955,2,0,154 8,1,15,,576040,2,0,154 8,1,15,,616954,2,0,154 8,1,15,,463515,2,0,154 8,1,55,,616983,2,0,154 8,1,10,,616940,2,0,154 8,1,10,,616977,2,0,154 8,1,10,,616947,2,0,154 8,1,10,,616956,2,0,154 8,1,10,,616986,2,0,154 8,1,50,,616965,2,0,154 8,1,10,,616963,2,0,154 8,1,10,,616942,2,0,154 8,1,10,,616987,2,0,154 8,1,10,,557100,2,0,154 8,1,10,,616951,2,0,154 8,1,50,,537015,2,0,154 8,1,10,,523339,2,0,154 8,1,10,,616980,2,0,154 8,1,10,,562369,2,0,154 8,1,10,,616984,2,0,154 8,1,10,,616964,2,0,154 8,1,50,,616939,2,0,154 8,1,10,,421488,2,0,154 8,1,10,,527802,2,0,154 8,1,10,,616950,2,0,154 8,1,10,,616971,2,0,154 8,1,10,,616945,2,0,154 8,1,50,,616958,2,0,154 8,1,10,,616929,2,0,154 8,1,10,,616932,2,0,154 8,1,10,,529657,2,0,154 8,1,10,,616949,2,0,154 8,1,10,,471379,2,0,154 8,1,50,,616938,2,0,154 8,1,10,,616966,2,0,154 8,1,10,,616936,2,0,154 8,1,10,,616959,2,0,154 8,1,10,,616952,2,0,154 8,1,10,,616934,2,0,154 8,1,50,,594278,2,0,154 8,1,10,,491601,2,0,154 8,1,10,,616946,2,0,154 8,1,10,,595105,2,0,154 8,1,10,,616930,2,0,154 8,1,10,,616943,2,0,154 8,1,55,,616962,2,0,154 8,1,15,,616931,2,0,154 8,1,15,,616961,2,0,154 8,1,15,,616982,2,0,154 8,1,55,,616974,2,0,154 8,1,15,,570126,2,0,154 8,1,15,,616970,2,0,154 8,1,15,,616976,2,0,154 8,1,55,,616957,2,0,154 8,1,15,,616968,2,0,154 8,1,15,,616978,2,0,154 8,1,15,,616944,2,0,154 8,1,55,,616933,2,0,154 8,1,15,,616989,2,0,154 8,1,15,,616973,2,0,154 8,1,15,,432721,2,0,154 8,1,55,,616953,2,0,154 8,1,15,,616985,2,0,154 8,1,15,,616937,2,0,154 8,1,15,,616941,2,0,154 8,1,55,,616960,2,0,154 8,1,15,,513509,2,0,154 8,1,15,,616975,2,0,154 8,1,15,,616972,2,0,154 8,1,55,,616967,2,0,154 8,1
3202,'5',635,,576312,2,0,154 8,1,15,,617061,2,0,154 8,1,55,,617035,2,0,154 8,1,15,,617030,2,0,154 8,1,15,,617019,2,0,154 8,1,14,,617043,2,0,154 8,1,53,,617032,2,0,154 8,1,15,,616998,2,0,154 8,1,15,,617020,2,0,154 8,1,15,,617016,2,0,154 8,1,55,,617054,2,0,154 8,1,15,,616997,2,0,154 8,1,15,,617003,2,0,154 8,1,15,,617034,2,0,154 8,1,55,,617039,2,0,154 8,1,15,,617008,2,0,154 8,1,15,,617047,2,0,154 8,1,15,,617063,2,0,154 8,1,55,,617011,2,0,154 8,1,15,,617042,2,0,154 8,1,15,,598558,2,0,154 8,1,15,,617066,2,0,154 8,1,55,,535421,2,0,154 8,1,10,,617033,2,0,154 8,1,10,,617036,2,0,154 8,1,10,,617046,2,0,154 8,1,10,,616994,2,0,154 8,1,10,,617029,2,0,154 8,1,50,,617060,2,0,154 8,1,10,,617025,2,0,154 8,1,10,,616992,2,0,154 8,1,10,,617062,2,0,154 8,1,10,,617040,2,0,154 8,1,10,,617058,2,0,154 8,1,50,,617000,2,0,154 8,1,10,,617065,2,0,154 8,1,10,,594031,2,0,154 8,1,10,,617055,2,0,154 8,1,10,,617044,2,0,154 8,1,10,,617050,2,0,154 8,1,50,,617031,2,0,154 8,1,10,,617048,2,0,154 8,1,10,,617017,2,0,154 8,1,10,,617026,2,0,154 8,1,10,,616993,2,0,154 8,1,10,,616996,2,0,154 8,1,50,,617053,2,0,154 8,1,10,,519626,2,0,154 8,1,10,,617018,2,0,154 8,1,10,,617028,2,0,154 8,1,10,,617057,2,0,154 8,1,10,,577832,2,0,154 8,1,50,,617064,2,0,154 8,1,10,,617056,2,0,154 8,1,10,,617002,2,0,154 8,1,10,,582796,2,0,154 8,1,10,,538063,2,0,154 8,1,10,,616990,2,0,154 8,1,50,,616999,2,0,154 8,1,10,,617041,2,0,154 8,1,10,,617009,2,0,154 8,1,10,,617012,2,0,154 8,1,10,,617059,2,0,154 8,1,10,,617023,2,0,154 8,1,55,,617013,2,0,154 8,1,15,,617051,2,0,154 8,1,15,,617015,2,0,154 8,1,15,,617052,2,0,154 8,1,55,,617014,2,0,154 8,1,15,,560676,2,0,154 8,1,15,,617005,2,0,154 8,1,15,,523860,2,0,154 8,1,55,,617027,2,0,154 8,1,15,,617037,2,0,154 8,1,15,,617021,2,0,154 8,1,15,,617049,2,0,154 8,1,55,,617004,2,0,154 8,1,15,,616995,2,0,154 8,1,15,,552606,2,0,154 8,1,15,,617006,2,0,154 8,1,55,,617001,2,0,154 8,1,15,,546361,2,0,154 8,1,15,,617022,2,0,154 8,1,15,,617045,2,0,154 8,1,55,,617010,2,0,154 8,1,15,,617007,2,0,154 8,1,15,,617038,2,0,154 8,1,15,,617024,2,0,154 8,1,55,,616991,2,0,154 8,1
3503,'1',510,,617817,2,0,34 47 48 15,1,14,,617743,2,0,34 47 48 15,1,6,,617848,2,0,5 47 48 15,1,6,,617794,2,0,34 47 48 15,1,6,,617768,2,0,5 47 48 15,1,6,,617752,2,0,34 47 48 15,1,6,,617838,2,0,5 47 48 15,1,46,,617740,2,0,34 47 48 15,1,6,,617829,2,0,5 47 48 15,1,6,,526594,2,0,34 47 48 15,1,6,,617827,2,0,5 47 48 15,1,6,,617759,2,0,34 47 48 15,1,6,,617745,2,0,5 47 48 15,1,6,,617796,2,0,34 47 48 15,1,6,,617801,2,0,5 47 48 15,1,6,,617864,2,0,34 47 48 15,1,3,,617807,2,0,5 47 48 15,1,5,,527533,2,0,34 47 48 15,1,46,,617822,2,0,5 47 48 15,1,7,,617870,2,0,34 47 48 15,1,7,,527623,2,0,5 47 48 15,1,8,,617748,2,0,34 47 48 15,1,7,,617750,2,0,5 47 48 15,1,8,,617736,2,0,34 47 48 15,1,7,,617805,2,0,5 47 48 15,1,8,,617749,2,0,34 47 48 15,1,47,,617818,2,0,5 47 48 15,1,8,,617746,2,0,34 47 48 15,1,7,,617811,2,0,5 47 48 15,1,8,,617769,2,0,34 47 48 15,1,7,,556056,2,0,5 47 48 15,1,7,,579325,2,0,34 47 48 15,1,9,,617782,2,0,5 47 48 15,1,9,,384271,2,0,34 47 48 15,1,47,,617820,2,0,5 47 48 15,1,7,,617831,2,0,34 47 48 15,1,9,,617761,2,0,5 47 48 15,1,8,,617860,2,0,34 47 48 15,1,9,,617754,2,0,5 47 48 15,1,8,,617872,2,0,34 47 48 15,1,9,,617812,2,0,5 47 48 15,1,48,,515193,2,0,34 47 48 15,1,9,,568497,2,0,5 47 48 15,1,8,,617797,2,0,34 47 48 15,1,9,,617755,2,0,5 47 48 15,1,8,,545181,2,0,34 47 48 15,1,9,,617857,2,0,5 47 48 15,1,8,,617766,2,0,34 47 48 15,1,49,,573460,2,0,5 47 48 15,1,8,,552635,2,0,34 47 48 15,1,9,,617767,2,0,5 47 48 15,1,9,,617835,2,0,34 47 48 15,1,8,,617855,2,0,5 47 48 15,1,9,,617779,2,0,34 47 48 15,1,6,,617866,2,0,5 47 48 15,1,8,,617816,2,0,34 47 48 15,1,49,,511344,2,0,5 47 48 15,1,8,,617813,2,0,34 47 48 15,1,9,,617814,2,0,5 47 48 15,1,8,,617774,2,0,34 47 48 15,1,9,,617763,2,0,5 47 48 15,1,8,,617738,2,0,34 47 48 15,1,9,,617849,2,0,5 47 48 15,1,48,,617739,2,0,34 47 48 15,1,9,,617856,2,0,5 47 48 15,1,8,,617784,2,0,34 47 48 15,1,9,,617845,2,0,5 47 48 15,1,8,,617834,2,0,34 47 48 15,1,8,,577144,2,0,5 47 48 15,1,8,,617850,2,0,34 47 48 15,1,47,,482405,2,0,5 47 48 15,1,8,,617859,2,0,34 47 48 15,1,6,,617851,2,0,5 47 48 15,1,7,,617785,2,0,34 47 48 15,1,8,,617778,2,0,5 47 48 15,1,7,,617809,2,0,34 47 48 15,1,7,,617772,2,0,5 47 48 15,1,8,,505959,2,0,34 47 48 15,1,47,,617821,2,0,5 47 48 15,1,8,,617800,2,0,34 47 48 15,1,7,,617844,2,0,5 47 48 15,1,8,,617773,2,0,34 47 48 15,1,7,,458549,2,0,5 47 48 15,1,8,,617789,2,0,34 47 48 15,1,7,,617770,2,0,5 47 48 15,1,8,,617795,2,0,34 47 48 15,1,47,,617775,2,0,5 47 48 15,1,8,,567984,2,0,34 47 48 15,1,7,,617823,2,0,5 47 48 15,1,8,,416560,2,0,34 47 48 15,1,7,,617792,2,0,5 47 48 15,1,8,,431415,2,0,34 47 48 15,1,7,,617808,2,0,5 47 48 15,1,8,,617869,2,0,34 47 48 15,1,47,,617786,2,0,5 47 48 15,1,8,,617799,2,0,34 47 48 15,1,7,,617781,2,0,5 47 48 15,1,8,,617737,2,0,34 47 48 15,1,7,,617867,2,0,5 47 48 15,1,4,,617791,2,0,5 47 48 15,1,4,,617840,2,0,34 47 48 15,1,3,,617744,2,0,5 47 48 15,1,4,,617847,2,0,5 47 48 15,1,8,,617764,2,0,34 47 48 15,1,47,,617771,2,0,5 47 48 15,1,8,,617862,2,0,34 47 48 15,1,3,,617853,2,0,5 47 48 15,1,4,,617765,2,0,5 47 48 15,1,8,,617841,2,0,34 47 48 15,1,7,,602962,2,0,5 47 48 15,1,8,,617837,2,0,34 47 48 15,1,7,,617803,2,0,5 47 48 15,1,8,,617776,2,0,34 47 48 15,1,47,,537278,2,0,5 47 48 15,1,3,,550756,2,0,5 47 48 15,1,4,,617826,2,0,34 47 48 15,1,9,,534986,2,0,5 47 48 15,1,4,,470234,2,0,5 47 48 15,1,4,,617858,2,0,34 47 48 15,1,4,,617839,2,0,5 47 48 15,1,5,,527178,2,0,5 47 48 15,1,3,,617806,2,0,5 47 48 15,1,5,,617802,2,0,34 47 48 15,1,9,,617833,2,0,5 47 48 15,1,8,,617788,2,0,34 47 48 15,1,44,,617868,2,0,5 47 48 15,1,5,,617861,2,0,5 47 48 15,1,8,,599840,2,0,34 47 48 15,1,9,,617836,2,0,5 47 48 15,1,8,,617777,2,0,34 47 48 15,1,4,,617762,2,0,5 47 48 15,1,5,,519321,2,0,5 47 48 15,1,8,,617815,2,0,34 47 48 15,1,3,,617825,2,0,5 47 48 15,1,6,,617871,2,0,5 47 48 15,1,44,,513781,2,0,5 47 48 15,1,4,,617804,2,0,34 47 48 15,1,4,,617758,2,0,5 47 48 15,1,5,,617780,2,0,5 47 48 15,1,8,,617793,2,0,34 47 48 15,1,9,,617842,2,0,5 47 48 15,1,8,,617783,2,0,34 47 48 15,1,4,,457089,2,0,5 47 48 15,1,5,,617753,2,0,5 47 48 15,1,8,,617830,2,0,34 47 48 15,1,49,,617742,2,0,5 47 48 15,1,10,,520261,2,0,34 47 48 15,1,10,,617865,2,0,5 47 48 15,1,10,,467131,2,0,34 47 48 15,1,5,,617787,2,0,5 47 48 15,1,5,,543688,2,0,5 47 48 15,1,5,,597414,2,0,5 47 48 15,1,5,,617828,2,0,34 47 48 15,1,45,,617846,2,0,5 47 48 15,1,5,,617756,2,0,5 47 48 15,1,5,,617854,2,0,5 47 48 15,1,5,,617760,2,0,34 47 48 15,1,10,,617810,2,0,5 47 48 15,1,10,,585554,2,0,34 47 48 15,1,5,,568460,2,0,5 47 48 15,1,5,,617824,2,0,5 47 48 15,1,10,,617798,2,0,34 47 48 15,1,50,,617747,2,0,5 47 48 15,1,10,,617852,2,0,34 47 48 15,1,10,,617757,2,0,5 47 48 15,1,10,,373991,2,0,34 47 48 15,1,5,,540847,2,0,5 47 48 15,1,5,,617741,2,0,5 47 48 15,1,5,,617843,2,0,5 47 48 15,1,5,,617832,2,0,34 47 48 15,1,50,,617751,2,0,5 47 48 15,1,15,,521939,2,0,5 47 48 15,1,14,,617819,2,0,5 47 48 15,1,15,,617790,2,0,5 47 48 15,1,55,,487343,2,0,5 9,1,15,,617863,2,0,5 9,1
3503,'2',603,,567613,2,0,34 47 48 15,1,10,,617880,2,0,5 47 48 15,1,10,,617919,2,0,34 47 48 15,1,10,,617942,2,0,5 47 48 15,1,10,,617875,2,0,34 47 48 15,1,10,,538498,2,0,5 47 48 15,1,50,,617916,2,0,34 47 48 15,1,10,,588272,2,0,5 47 48 15,1,10,,617964,2,0,34 47 48 15,1,10,,617937,2,0,5 47 48 15,1,10,,617901,2,0,34 47 48 15,1,10,,617890,2,0,5 47 48 15,1,50,,617946,2,0,34 47 48 15,1,10,,526660,2,0,5 47 48 15,1,10,,617911,2,0,34 47 48 15,1,10,,617959,2,0,5 47 48 15,1,10,,617928,2,0,34 47 48 15,1,10,,603059,2,0,5 47 48 15,1,50,,617974,2,0,34 47 48 15,1,10,,617897,2,0,5 47 48 15,1,10,,617882,2,0,34 47 48 15,1,10,,519408,2,0,5 47 48 15,1,10,,617987,2,0,34 47 48 15,1,10,,617948,2,0,5 47 48 15,1,50,,617970,2,0,34 47 48 15,1,10,,617893,2,0,5 47 48 15,1,10,,617962,2,0,34 47 48 15,1,10,,617936,2,0,5 47 48 15,1,10,,617909,2,0,34 47 48 15,1,10,,617983,2,0,5 47 48 15,1,50,,568093,2,0,34 47 48 15,1,10,,617982,2,0,5 47 48 15,1,10,,617965,2,0,34 47 48 15,1,5,,477580,2,0,5 47 48 15,1,5,,617941,2,0,5 47 48 15,1,10,,617969,2,0,34 47 48 15,1,4,,617923,2,0,5 47 48 15,1,4,,617926,2,0,5 47 48 15,1,49,,617914,2,0,34 47 48 15,1,7,,617940,2,0,5 47 48 15,1,8,,617903,2,0,34 47 48 15,1,3,,617939,2,0,5 47 48 15,1,4,,564467,2,0,5 47 48 15,1,8,,617945,2,0,34 47 48 15,1,7,,535600,2,0,5 47 48 15,1,8,,617874,2,0,34 47 48 15,1,7,,617931,2,0,5 47 48 15,1,48,,617918,2,0,34 47 48 15,1,7,,576629,2,0,5 47 48 15,1,8,,521098,2,0,34 47 48 15,1,5,,617929,2,0,5 47 48 15,1,2,,617921,2,0,5 47 48 15,1,8,,617910,2,0,34 47 48 15,1,4,,415244,2,0,5 47 48 15,1,3,,463699,2,0,5 47 48 15,1,8,,617968,2,0,34 47 48 15,1,7,,617935,2,0,5 47 48 15,1,48,,566563,2,0,34 47 48 15,1,7,,617978,2,0,5 47 48 15,1,4,,501188,2,0,5 47 48 15,1,4,,526078,2,0,34 47 48 15,1,7,,617952,2,0,5 47 48 15,1,8,,617898,2,0,34 47 48 15,1,7,,589120,2,0,5 47 48 15,1,8,,617932,2,0,34 47 48 15,1,7,,549952,2,0,5 47 48 15,1,48,,617895,2,0,34 47 48 15,1,7,,617912,2,0,5 47 48 15,1,8,,617955,2,0,34 47 48 15,1,7,,617881,2,0,5 47 48 15,1,8,,617988,2,0,34 47 48 15,1,7,,617889,2,0,5 47 48 15,1,8,,476636,2,0,34 47 48 15,1,7,,617908,2,0,5 47 48 15,1,48,,586300,2,0,34 47 48 15,1,7,,617953,2,0,5 47 48 15,1,8,,617877,2,0,34 47 48 15,1,7,,617885,2,0,5 47 48 15,1,8,,617966,2,0,34 47 48 15,1,7,,602242,2,0,5 47 48 15,1,8,,617879,2,0,34 47 48 15,1,7,,617961,2,0,5 47 48 15,1,48,,617894,2,0,34 47 48 15,1,9,,617972,2,0,5 47 48 15,1,8,,617900,2,0,34 47 48 15,1,9,,565462,2,0,5 47 48 15,1,4,,617886,2,0,5 47 48 15,1,4,,617873,2,0,34 47 48 15,1,4,,617907,2,0,5 47 48 15,1,5,,617981,2,0,5 47 48 15,1,8,,617960,2,0,34 47 48 15,1,49,,591237,2,0,5 47 48 15,1,8,,617963,2,0,34 47 48 15,1,4,,617930,2,0,5 47 48 15,1,5,,617896,2,0,5 47 48 15,1,8,,539736,2,0,34 47 48 15,1,9,,617950,2,0,5 47 48 15,1,8,,617913,2,0,34 47 48 15,1,9,,527766,2,0,5 47 48 15,1,4,,617878,2,0,5 47 48 15,1,3,,617947,2,0,34 47 48 15,1,44,,617884,2,0,5 47 48 15,1,5,,517221,2,0,5 47 48 15,1,5,,541163,2,0,5 47 48 15,1,5,,617944,2,0,34 47 48 15,1,5,,617973,2,0,5 47 48 15,1,5,,568606,2,0,5 47 48 15,1,10,,414204,2,0,34 47 48 15,1,10,,531884,2,0,5 47 48 15,1,10,,617920,2,0,34 47 48 15,1,45,,617899,2,0,5 47 48 15,1,5,,617906,2,0,5 47 48 15,1,10,,458717,2,0,34 47 48 15,1,10,,617971,2,0,5 47 48 15,1,5,,617975,2,0,5 47 48 15,1,5,,587661,2,0,34 47 48 15,1,5,,617976,2,0,5 47 48 15,1,5,,617915,2,0,5 47 48 15,1,5,,572937,2,0,5 47 48 15,1,5,,587436,2,0,34 47 48 15,1,45,,617888,2,0,5 47 48 15,1,5,,466441,2,0,5 47 48 15,1,10,,617883,2,0,34 47 48 15,1,10,,617891,2,0,5 47 48 15,1,10,,617927,2,0,34 47 48 15,1,5,,617938,2,0,5 47 48 15,1,5,,464831,2,0,5 47 48 15,1,10,,547023,2,0,34 47 48 15,1,50,,617892,2,0,5 47 48 15,1,10,,579008,2,0,34 47 48 15,1,10,,617905,2,0,5 47 48 15,1,10,,617956,2,0,34 47 48 15,1,5,,617876,2,0,5 47 48 15,1,5,,590125,2,0,5 47 48 15,1,5,,617984,2,0,5 47 48 15,1,5,,617943,2,0,34 47 48 15,1,45,,617958,2,0,5 47 48 15,1,5,,617967,2,0,5 47 48 15,1,5,,617980,2,0,5 47 48 15,1,5,,548178,2,0,34 47 48 15,1,10,,561820,2,0,5 47 48 15,1,10,,617887,2,0,34 47 48 15,1,5,,617957,2,0,5 47 48 15,1,5,,617949,2,0,5 47 48 15,1,10,,617925,2,0,34 47 48 15,1,50,,526614,2,0,5 47 48 15,1,10,,617986,2,0,34 47 48 15,1,10,,617951,2,0,5 47 48 15,1,10,,582910,2,0,34 47 48 15,1,5,,617979,2,0,5 47 48 15,1,5,,617924,2,0,5 47 48 15,1,5,,617934,2,0,5 47 48 15,1,5,,617904,2,0,34 47 48 15,1,50,,617902,2,0,5 47 48 15,1,15,,617933,2,0,5 47 48 15,1,14,,566990,2,0,5 47 48 15,1,15,,617954,2,0,5 47 48 15,1,55,,470849,2,0,5 9,1,15,,460333,2,0,5 9,1
3503,'3',711,,618026,2,0,34 47 48 15,1,11,,618001,2,0,5 47 48 15,1,11,,618105,2,0,34 47 48 15,1,10,,618106,2,0,5 47 48 15,1,10,,515330,2,0,34 47 48 15,1,50,,618015,2,0,5 47 48 15,1,10,,617996,2,0,34 47 48 15,1,10,,618054,2,0,5 47 48 15,1,10,,618102,2,0,34 47 48 15,1,10,,618082,2,0,5 47 48 15,1,10,,618052,2,0,34 47 48 15,1,50,,618071,2,0,5 47 48 15,1,10,,618084,2,0,34 47 48 15,1,10,,618000,2,0,5 47 48 15,1,10,,618083,2,0,34 47 48 15,1,10,,618050,2,0,5 47 48 15,1,10,,618074,2,0,34 47 48 15,1,50,,617993,2,0,5 47 48 15,1,10,,618037,2,0,34 47 48 15,1,10,,496176,2,0,5 47 48 15,1,10,,618012,2,0,34 47 48 15,1,10,,618091,2,0,5 47 48 15,1,10,,618099,2,0,34 47 48 15,1,50,,603115,2,0,5 47 48 15,1,10,,618019,2,0,34 47 48 15,1,10,,617994,2,0,5 47 48 15,1,5,,618078,2,0,5 47 48 15,1,5,,618086,2,0,34 47 48 15,1,10,,618089,2,0,5 47 48 15,1,4,,618053,2,0,5 47 48 15,1,5,,618068,2,0,34 47 48 15,1,49,,618043,2,0,5 47 48 15,1,9,,618069,2,0,34 47 48 15,1,4,,618038,2,0,5 47 48 15,1,5,,517019,2,0,5 47 48 15,1,9,,618077,2,0,34 47 48 15,1,9,,618094,2,0,5 47 48 15,1,9,,618025,2,0,34 47 48 15,1,9,,584859,2,0,5 47 48 15,1,49,,618100,2,0,34 47 48 15,1,4,,618064,2,0,5 47 48 15,1,5,,618027,2,0,5 47 48 15,1,9,,618075,2,0,34 47 48 15,1,4,,618092,2,0,5 47 48 15,1,5,,618044,2,0,5 47 48 15,1,9,,618062,2,0,34 47 48 15,1,9,,522986,2,0,5 47 48 15,1,9,,618058,2,0,34 47 48 15,1,44,,618040,2,0,5 47 48 15,1,5,,618081,2,0,5 47 48 15,1,9,,618051,2,0,34 47 48 15,1,9,,618035,2,0,5 47 48 15,1,9,,618002,2,0,34 47 48 15,1,9,,618024,2,0,5 47 48 15,1,9,,520455,2,0,34 47 48 15,1,49,,617999,2,0,5 47 48 15,1,9,,575080,2,0,34 47 48 15,1,9,,618004,2,0,5 47 48 15,1,9,,618104,2,0,34 47 48 15,1,9,,618103,2,0,5 47 48 15,1,9,,618007,2,0,34 47 48 15,1,9,,618039,2,0,5 47 48 15,1,49,,618030,2,0,34 47 48 15,1,9,,618073,2,0,5 47 48 15,1,9,,618061,2,0,34 47 48 15,1,9,,618031,2,0,5 47 48 15,1,9,,618056,2,0,34 47 48 15,1,9,,618076,2,0,5 47 48 15,1,9,,618023,2,0,34 47 48 15,1,49,,618079,2,0,5 47 48 15,1,10,,618016,2,0,34 47 48 15,1,10,,547500,2,0,5 47 48 15,1,2,,618090,2,0,5 47 48 15,1,8,,618072,2,0,5 47 48 15,1,10,,618029,2,0,5 47 48 15,1,10,,618108,2,0,34 47 48 15,1,50,,618066,2,0,5 47 48 15,1,10,,617998,2,0,34 47 48 15,1,5,,618041,2,0,5 47 48 15,1,5,,391250,2,0,5 47 48 15,1,10,,618034,2,0,34 47 48 15,1,10,,617992,2,0,5 47 48 15,1,7,,490487,2,0,5 47 48 15,1,3,,559609,2,0,34 47 48 15,1,45,,618009,2,0,5 47 48 15,1,5,,618088,2,0,5 47 48 15,1,5,,618096,2,0,5 47 48 15,1,5,,618093,2,0,34 47 48 15,1,5,,618109,2,0,5 47 48 15,1,5,,570984,2,0,5 47 48 15,1,10,,618048,2,0,34 47 48 15,1,10,,618095,2,0,5 47 48 15,1,10,,559527,2,0,34 47 48 15,1,50,,618101,2,0,5 47 48 15,1,5,,618021,2,0,5 47 48 15,1,5,,617997,2,0,34 47 48 15,1,10,,618020,2,0,5 47 48 15,1,5,,618045,2,0,5 47 48 15,1,5,,468620,2,0,34 47 48 15,1,5,,618011,2,0,5 47 48 15,1,5,,618005,2,0,5 47 48 15,1,5,,618080,2,0,5 47 48 15,1,5,,618097,2,0,34 47 48 15,1,45,,618055,2,0,5 47 48 15,1,5,,618111,2,0,5 47 48 15,1,10,,618022,2,0,34 47 48 15,1,10,,617990,2,0,5 47 48 15,1,10,,590603,2,0,34 47 48 15,1,10,,618112,2,0,5 47 48 15,1,5,,618006,2,0,5 47 48 15,1,5,,618032,2,0,34 47 48 15,1,50,,618059,2,0,5 47 48 15,1,10,,618110,2,0,34 47 48 15,1,10,,618010,2,0,5 47 48 15,1,10,,587104,2,0,34 47 48 15,1,5,,593864,2,0,5 47 48 15,1,5,,618049,2,0,5 47 48 15,1,5,,618036,2,0,5 47 48 15,1,5,,617991,2,0,34 47 48 15,1,45,,618107,2,0,5 47 48 15,1,5,,618003,2,0,5 47 48 15,1,5,,617995,2,0,5 47 48 15,1,5,,618042,2,0,34 47 48 15,1,10,,618033,2,0,5 47 48 15,1,10,,618017,2,0,34 47 48 15,1,10,,618065,2,0,5 47 48 15,1,5,,618070,2,0,5 47 48 15,1,5,,618013,2,0,34 47 48 15,1,50,,618018,2,0,5 47 48 15,1,10,,618087,2,0,34 47 48 15,1,10,,618067,2,0,5 47 48 15,1,10,,618085,2,0,34 47 48 15,1,5,,618063,2,0,5 47 48 15,1,5,,617989,2,0,5 47 48 15,1,5,,618046,2,0,5 47 48 15,1,5,,618008,2,0,34 47 48 15,1,50,,618098,2,0,5 47 48 15,1,15,,618057,2,0,5 47 48 15,1,14,,618060,2,0,5 47 48 15,1,15,,618047,2,0,5 47 48 15,1,55,,618014,2,0,5 9,1,15,,618028,2,0,5 9,1
3503,'5',603,,618123,2,0,5 47 48 15,1,10,,618203,2,0,34 47 48 15,1,10,,618178,2,0,5 47 48 15,1,10,,618202,2,0,34 47 48 15,1,10,,618209,2,0,5 47 48 15,1,10,,555538,2,0,34 47 48 15,1,50,,618141,2,0,5 47 48 15,1,10,,618145,2,0,34 47 48 15,1,10,,600014,2,0,5 47 48 15,1,10,,618228,2,0,34 47 48 15,1,10,,526133,2,0,5 47 48 15,1,10,,618159,2,0,34 47 48 15,1,50,,618131,2,0,5 47 48 15,1,10,,618147,2,0,34 47 48 15,1,10,,618121,2,0,5 47 48 15,1,10,,618152,2,0,34 47 48 15,1,10,,529167,2,0,5 47 48 15,1,10,,566390,2,0,34 47 48 15,1,50,,618187,2,0,5 47 48 15,1,10,,618195,2,0,34 47 48 15,1,10,,618215,2,0,5 47 48 15,1,10,,618130,2,0,34 47 48 15,1,10,,618204,2,0,5 47 48 15,1,10,,618117,2,0,34 47 48 15,1,50,,618198,2,0,5 47 48 15,1,10,,618201,2,0,34 47 48 15,1,10,,618113,2,0,5 47 48 15,1,10,,520485,2,0,34 47 48 15,1,10,,618234,2,0,5 47 48 15,1,10,,618216,2,0,34 47 48 15,1,50,,618192,2,0,5 47 48 15,1,10,,618133,2,0,34 47 48 15,1,10,,558094,2,0,5 47 48 15,1,5,,618115,2,0,5 47 48 15,1,5,,557005,2,0,34 47 48 15,1,10,,618167,2,0,5 47 48 15,1,4,,618210,2,0,5 47 48 15,1,5,,544061,2,0,34 47 48 15,1,49,,618129,2,0,5 47 48 15,1,9,,618206,2,0,34 47 48 15,1,4,,618194,2,0,5 47 48 15,1,5,,618182,2,0,5 47 48 15,1,9,,618124,2,0,34 47 48 15,1,9,,618183,2,0,5 47 48 15,1,9,,618177,2,0,34 47 48 15,1,9,,618181,2,0,5 47 48 15,1,49,,525892,2,0,34 47 48 15,1,4,,618193,2,0,5 47 48 15,1,5,,618137,2,0,5 47 48 15,1,9,,618162,2,0,34 47 48 15,1,4,,618186,2,0,5 47 48 15,1,5,,618119,2,0,5 47 48 15,1,9,,618175,2,0,34 47 48 15,1,9,,590244,2,0,5 47 48 15,1,9,,618127,2,0,34 47 48 15,1,44,,589315,2,0,5 47 48 15,1,5,,618225,2,0,5 47 48 15,1,9,,618128,2,0,34 47 48 15,1,9,,618136,2,0,5 47 48 15,1,9,,568321,2,0,34 47 48 15,1,9,,568314,2,0,5 47 48 15,1,9,,618153,2,0,34 47 48 15,1,49,,539499,2,0,5 47 48 15,1,9,,618226,2,0,34 47 48 15,1,9,,618122,2,0,5 47 48 15,1,9,,618166,2,0,34 47 48 15,1,9,,618185,2,0,5 47 48 15,1,9,,618238,2,0,34 47 48 15,1,9,,618213,2,0,5 47 48 15,1,49,,618224,2,0,34 47 48 15,1,9,,618154,2,0,5 47 48 15,1,9,,586580,2,0,34 47 48 15,1,9,,618151,2,0,5 47 48 15,1,9,,618184,2,0,34 47 48 15,1,9,,618169,2,0,5 47 48 15,1,9,,618158,2,0,34 47 48 15,1,49,,618235,2,0,5 47 48 15,1,10,,582630,2,0,34 47 48 15,1,10,,560095,2,0,5 47 48 15,1,2,,618143,2,0,5 47 48 15,1,8,,618230,2,0,5 47 48 15,1,10,,618208,2,0,5 47 48 15,1,10,,618211,2,0,34 47 48 15,1,50,,618132,2,0,5 47 48 15,1,10,,618176,2,0,34 47 48 15,1,5,,618199,2,0,5 47 48 15,1,5,,618205,2,0,5 47 48 15,1,10,,593634,2,0,34 47 48 15,1,10,,618161,2,0,5 47 48 15,1,7,,618172,2,0,5 47 48 15,1,3,,618155,2,0,34 47 48 15,1,45,,618126,2,0,5 47 48 15,1,5,,532141,2,0,5 47 48 15,1,5,,571891,2,0,5 47 48 15,1,5,,618220,2,0,34 47 48 15,1,5,,597809,2,0,5 47 48 15,1,5,,618214,2,0,5 47 48 15,1,10,,618223,2,0,34 47 48 15,1,10,,618140,2,0,5 47 48 15,1,10,,618222,2,0,34 47 48 15,1,50,,618149,2,0,5 47 48 15,1,5,,618233,2,0,5 47 48 15,1,5,,618144,2,0,34 47 48 15,1,10,,618221,2,0,5 47 48 15,1,5,,618157,2,0,5 47 48 15,1,5,,618142,2,0,34 47 48 15,1,5,,618138,2,0,5 47 48 15,1,5,,542642,2,0,5 47 48 15,1,5,,618227,2,0,5 47 48 15,1,5,,618118,2,0,34 47 48 15,1,45,,618173,2,0,5 47 48 15,1,5,,618231,2,0,5 47 48 15,1,10,,618197,2,0,34 47 48 15,1,10,,545099,2,0,5 47 48 15,1,10,,618148,2,0,34 47 48 15,1,10,,618164,2,0,5 47 48 15,1,5,,618196,2,0,5 47 48 15,1,5,,618232,2,0,34 47 48 15,1,50,,618139,2,0,5 47 48 15,1,10,,578864,2,0,34 47 48 15,1,10,,618189,2,0,5 47 48 15,1,10,,618237,2,0,34 47 48 15,1,5,,618212,2,0,5 47 48 15,1,5,,618179,2,0,5 47 48 15,1,5,,618125,2,0,5 47 48 15,1,5,,618135,2,0,34 47 48 15,1,45,,618114,2,0,5 47 48 15,1,5,,618163,2,0,5 47 48 15,1,5,,618207,2,0,5 47 48 15,1,5,,618160,2,0,34 47 48 15,1,10,,618236,2,0,5 47 48 15,1,10,,618171,2,0,34 47 48 15,1,10,,618170,2,0,5 47 48 15,1,5,,540391,2,0,5 47 48 15,1,5,,618146,2,0,34 47 48 15,1,50,,618188,2,0,5 47 48 15,1,10,,618191,2,0,34 47 48 15,1,10,,618217,2,0,5 47 48 15,1,10,,618229,2,0,34 47 48 15,1,5,,618156,2,0,5 47 48 15,1,5,,618200,2,0,5 47 48 15,1,5,,601761,2,0,5 47 48 15,1,5,,618174,2,0,34 47 48 15,1,50,,618120,2,0,5 47 48 15,1,15,,618219,2,0,5 47 48 15,1,14,,618218,2,0,5 47 48 15,1,15,,618168,2,0,5 47 48 15,1,55,,618150,2,0,5 9,1,15,,618165,2,0,5 9,1
7103,'1',542,,641710,27,0,190 6,1,60,,641653,27,0,190 6,1,17,,641668,27,0,190 6,1,12,,641698,27,0,190 6,1,12,,641704,27,0,190 6,1,12,,641705,27,0,190 6,1,52,,641699,27,0,190 6,1,12,,641708,27,0,190 6,1,12,,641682,27,0,190 6,1,15,,641701,27,0,190 6,1,13,,641689,27,0,190 6,1,52,,582669,27,0,190 6,1,12,,641711,27,0,190 6,1,11,,641690,27,0,190 6,1,13,,641696,27,0,190 6,1,12,,641671,27,0,190 6,1,54,,641669,27,0,190 6,1,11,,411518,27,0,190 6,1,10,,537156,27,0,190 6,1,8,,641652,27,0,190 6,1,10,,641663,27,0,190 6,1,55,,641691,27,0,190 6,1,15,,641665,27,0,190 6,1,15,,641687,27,0,190 6,1,15,,641677,27,0,190 6,1,55,,641651,27,0,190 6,1,15,,641676,27,0,190 6,1,15,,641685,27,0,190 6,1,15,,641692,27,0,190 6,1,55,,641684,27,0,190 6,1,15,,532937,27,0,190 6,1,15,,641661,27,0,190 6,1,15,,598011,27,0,190 6,1,55,,641656,27,0,190 6,1,15,,641703,27,0,190 6,1,15,,525397,27,0,190 6,1,15,,641688,27,0,190 6,1,55,,641673,27,0,190 6,1,15,,641649,27,0,190 6,1,15,,641666,27,0,190 6,1,15,,641678,27,0,190 6,1,56,,641667,27,0,190 6,1,20,,538323,27,0,190 6,1,12,,641707,27,0,190 6,1,12,,583893,27,0,190 6,1,52,,641660,27,0,190 6,1,12,,641686,27,0,190 6,1,12,,641655,27,0,190 6,1,12,,641694,27,0,190 6,1,12,,641648,27,0,190 6,1,52,,641683,27,0,190 6,1,12,,641681,27,0,190 6,1,12,,641695,27,0,190 6,1,12,,641713,27,0,190 6,1,12,,641706,27,0,190 6,1,52,,487872,27,0,190 6,1,12,,641662,27,0,190 6,1,12,,641679,27,0,190 6,1,11,,641675,27,0,190 6,1,7,,641693,27,0,190 6,1,7,,641659,27,0,190 6,1,50,,641657,27,0,190 6,1,9,,558740,27,0,190 6,1,9,,547010,27,0,190 6,1,11,,585725,27,0,190 6,1,15,,533750,27,0,190 6,1,55,,641672,27,0,190 6,1,15,,641654,27,0,190 6,1,15,,641702,27,0,190 6,1,15,,641650,27,0,190 6,1,55,,641714,27,0,190 6,1,15,,641709,27,0,190 6,1,15,,641680,27,0,190 6,1,15,,519347,27,0,190 6,1,55,,641712,27,0,190 6,1,12,,641715,27,0,190 6,1,13,,641658,27,0,190 6,1,14,,641674,27,0,190 6,1,18,,641670,27,0,190 6,1,60,,588408,27,0,190 6,1,20,,641700,27,0,190 6,1,20,,641664,27,0,190 6,1,60,,641647,27,0,190 6,1,20,,641697,27,0,190 6,1,20,,430095,27,0,190 6,1,60,,498124,27,0,190 6,1
7103,'2',557,,641734,27,0,190 6,1,60,,641758,27,0,190 6,1,20,,641741,27,0,190 6,1,20,,596589,27,0,190 6,1,60,,641754,27,0,190 6,1,20,,641755,27,0,190 6,1,20,,585369,27,0,190 6,1,62,,641724,27,0,190 6,1,24,,641735,27,0,190 6,1,60,,641718,27,0,190 6,1,20,,641759,27,0,190 6,1,20,,641722,27,0,190 6,1,60,,641747,27,0,190 6,1,20,,641744,27,0,190 6,1,20,,641760,27,0,190 6,1,60,,527784,27,0,190 6,1,20,,641762,27,0,190 6,1,20,,641731,27,0,190 6,1,60,,641743,27,0,190 6,1,22,,641748,27,0,190 6,1,21,,536081,27,0,190 6,1,60,,641742,27,0,190 6,1,20,,641719,27,0,190 6,1,20,,641725,27,0,190 6,1,60,,527776,27,0,190 6,1,20,,641746,27,0,190 6,1,20,,641753,27,0,190 6,1,60,,479468,27,0,190 6,1,20,,641761,27,0,190 6,1,20,,527181,27,0,190 6,1,60,,641730,27,0,190 6,1,20,,641717,27,0,190 6,1,20,,641733,27,0,190 6,1,60,,641729,27,0,190 6,1,20,,641723,27,0,190 6,1,20,,641745,27,0,190 6,1,60,,579199,27,0,190 6,1,20,,641728,27,0,190 6,1,20,,641737,27,0,190 6,1,60,,641752,27,0,190 6,1,15,,559883,27,0,190 6,1,15,,641727,27,0,190 6,1,18,,641751,27,0,190 6,1,60,,641720,27,0,190 6,1,20,,641732,27,0,190 6,1,20,,641721,27,0,190 6,1,60,,641756,27,0,190 6,1,20,,641736,27,0,190 6,1,20,,641740,27,0,190 6,1,61,,641726,27,0,190 6,1,18,,641738,27,0,190 6,1,18,,641757,27,0,190 6,1,68,,641749,27,0,190 6,1,30,,641750,27,0,190 6,1,70,,641716,27,0,190 6,1,28,,641739,27,0,190 6,1,72,,576640,27,0,190 6,1
7103,'3',734,,579236,27,0,190 6,1,66,,641792,27,0,190 6,1,20,,641799,27,0,190 6,1,20,,641772,27,0,190 6,1,62,,641794,27,0,190 6,1,22,,641774,27,0,190 6,1,22,,575235,27,0,190 6,1,62,,524034,27,0,190 6,1,22,,641765,27,0,190 6,1,22,,641770,27,0,190 6,1,62,,641791,27,0,190 6,1,22,,641771,27,0,190 6,1,22,,641795,27,0,190 6,1,66,,527833,27,0,190 6,1,21,,641781,27,0,190 6,1,60,,641789,27,0,190 6,1,20,,641775,27,0,190 6,1,20,,641797,27,0,190 6,1,60,,641764,27,0,190 6,1,20,,641793,27,0,190 6,1,20,,641773,27,0,190 6,1,60,,535285,27,0,190 6,1,20,,641786,27,0,190 6,1,20,,641766,27,0,190 6,1,60,,641788,27,0,190 6,1,20,,552270,27,0,190 6,1,20,,641783,27,0,190 6,1,60,,500712,27,0,190 6,1,20,,641784,27,0,190 6,1,20,,641779,27,0,190 6,1,60,,641763,27,0,190 6,1,20,,593711,27,0,190 6,1,20,,641776,27,0,190 6,1,60,,641777,27,0,190 6,1,20,,641778,27,0,190 6,1,22,,596266,27,0,190 6,1,62,,641796,27,0,190 6,1,22,,641769,27,0,190 6,1,22,,496042,27,0,190 6,1,62,,641798,27,0,190 6,1,21,,551849,27,0,190 6,1,23,,641768,27,0,190 6,1,58,,641787,27,0,190 6,1,30,,641790,27,0,190 6,1,70,,572666,27,0,190 6,1,30,,641780,27,0,190 6,1,70,,641767,27,0,190 6,1,28,,641785,27,0,190 6,1,72,,641782,27,0,190 6,1
7103,'5',557,,641812,27,0,190 6,1,60,,641828,27,0,190 6,1,20,,641814,27,0,190 6,1,20,,641804,27,0,190 6,1,60,,641830,27,0,190 6,1,20,,641806,27,0,190 6,1,20,,641840,27,0,190 6,1,60,,641825,27,0,190 6,1,23,,641802,27,0,190 6,1,62,,641847,27,0,190 6,1,22,,641811,27,0,190 6,1,22,,641829,27,0,190 6,1,62,,641834,27,0,190 6,1,22,,546752,27,0,190 6,1,22,,537905,27,0,190 6,1,62,,641846,27,0,190 6,1,22,,641807,27,0,190 6,1,22,,641809,27,0,190 6,1,66,,641839,27,0,190 6,1,21,,641808,27,0,190 6,1,60,,641821,27,0,190 6,1,20,,641820,27,0,190 6,1,20,,641815,27,0,190 6,1,60,,641822,27,0,190 6,1,20,,574027,27,0,190 6,1,20,,641818,27,0,190 6,1,60,,641843,27,0,190 6,1,20,,641824,27,0,190 6,1,20,,641842,27,0,190 6,1,60,,641816,27,0,190 6,1,20,,641823,27,0,190 6,1,20,,641803,27,0,190 6,1,60,,641831,27,0,190 6,1,20,,641841,27,0,190 6,1,20,,641817,27,0,190 6,1,60,,641845,27,0,190 6,1,20,,641827,27,0,190 6,1,20,,641810,27,0,190 6,1,60,,641801,27,0,190 6,1,20,,641844,27,0,190 6,1,22,,577638,27,0,190 6,1,62,,641836,27,0,190 6,1,22,,641819,27,0,190 6,1,22,,641838,27,0,190 6,1,62,,641835,27,0,190 6,1,21,,641805,27,0,190 6,1,23,,641813,27,0,190 6,1,58,,641833,27,0,190 6,1,30,,589801,27,0,190 6,1,70,,641837,27,0,190 6,1,30,,641832,27,0,190 6,1,70,,597204,27,0,190 6,1,28,,641800,27,0,190 6,1,72,,641826,27,0,190 6,1
7104,'1',524,,641910,9,0,116 8,1,15,,503727,9,0,116 8,1,8,,641865,9,0,116 8,1,12,,641885,2,0,116 8,1,52,,641900,9,0,116 8,1,12,,641861,2,0,116 8,1,12,,641863,9,0,116 8,1,12,,641906,9,0,116 8,1,53,,641856,9,0,116 8,1,11,,588949,9,0,116 8,1,12,,641868,9,0,116 8,1,12,,527571,9,0,116 8,1,11,,641877,9,0,116 8,1,9,,641887,9,0,116 8,1,52,,641870,9,0,116 8,1,12,,495343,9,0,116 8,1,12,,641875,9,0,116 8,1,12,,523532,9,0,116 8,1,12,,641869,9,0,116 8,1,51,,641855,9,0,116 8,1,11,,641894,9,0,116 8,1,15,,641881,9,0,116 8,1,16,,641882,9,0,116 8,1,56,,641909,9,0,116 8,1,15,,641912,9,0,116 8,1,15,,641866,9,0,116 8,1,15,,641852,9,0,116 8,1,55,,641916,9,0,116 8,1,15,,483267,9,0,116 8,1,15,,641907,9,0,116 8,1,15,,641889,9,0,116 8,1,55,,520944,9,0,116 8,1,15,,641871,9,0,116 8,1,15,,641901,9,0,116 8,1,15,,595019,9,0,116 8,1,55,,641849,9,0,116 8,1,15,,641904,9,0,116 8,1,15,,580279,9,0,116 8,1,15,,641899,9,0,116 8,1,55,,401740,9,0,116 8,1,15,,641893,9,0,116 8,1,15,,641891,9,0,116 8,1,12,,641848,9,0,116 8,1,11,,538326,9,0,116 8,1,51,,641903,9,0,116 8,1,12,,641908,9,0,116 8,1,12,,523124,9,0,116 8,1,12,,641872,9,0,116 8,1,12,,641897,9,0,116 8,1,52,,519798,9,0,116 8,1,12,,641874,9,0,116 8,1,12,,641888,9,0,116 8,1,12,,641853,9,0,116 8,1,12,,641914,9,0,116 8,1,52,,641859,9,0,116 8,1,12,,641858,9,0,116 8,1,12,,641892,9,0,116 8,1,12,,641902,9,0,116 8,1,12,,441268,9,0,116 8,1,52,,641873,9,0,116 8,1,12,,641867,9,0,116 8,1,12,,641884,9,0,116 8,1,10,,641890,9,0,116 8,1,11,,641851,9,0,116 8,1,52,,641915,9,0,116 8,1,14,,641857,9,0,116 8,1,15,,557985,9,0,116 8,1,15,,641878,9,0,116 8,1,55,,553077,9,0,116 8,1,15,,641854,9,0,116 8,1,15,,641905,9,0,116 8,1,15,,641862,9,0,116 8,1,55,,641898,9,0,116 8,1,15,,574101,9,0,116 8,1,15,,641911,9,0,116 8,1,15,,641850,9,0,116 8,1,54,,641876,9,0,116 8,1,18,,641896,9,0,116 8,1,20,,641883,9,0,116 8,1,60,,641880,9,0,116 8,1,20,,641895,9,0,116 8,1,20,,641879,9,0,116 8,1,60,,641864,9,0,116 8,1,20,,641886,9,0,116 8,1,20,,641913,9,0,116 8,1,60,,641860,9,0,116 8,1
7104,'2',530,,641945,7,0,116 8,1,27,,641960,9,0,116 8,1,60,,641934,9,0,116 8,1,20,,641941,9,0,116 8,1,20,,641936,9,0,116 8,1,60,,641933,9,0,116 8,1,20,,557865,9,0,116 8,1,20,,641950,9,0,116 8,1,59,,641921,9,0,116 8,1,20,,530830,9,0,116 8,1,20,,454846,9,0,116 8,1,60,,641952,9,0,116 8,1,20,,582908,9,0,116 8,1,20,,641927,9,0,116 8,1,60,,641940,9,0,116 8,1,20,,641926,9,0,116 8,1,20,,641928,9,0,116 8,1,60,,641947,9,0,116 8,1,20,,641929,9,0,116 8,1,20,,641918,9,0,116 8,1,60,,641955,9,0,116 8,1,20,,641917,9,0,116 8,1,20,,641959,9,0,116 8,1,60,,641922,9,0,116 8,1,20,,641938,9,0,116 8,1,20,,641953,9,0,116 8,1,60,,408241,9,0,116 8,1,20,,554472,9,0,116 8,1,20,,641943,9,0,116 8,1,60,,641925,9,0,116 8,1,20,,557872,9,0,116 8,1,20,,524461,9,0,116 8,1,60,,641919,9,0,116 8,1,20,,641930,9,0,116 8,1,20,,641939,9,0,116 8,1,60,,641949,9,0,116 8,1,20,,641954,9,0,116 8,1,20,,641946,9,0,116 8,1,60,,641920,9,0,116 8,1,20,,641924,9,0,116 8,1,20,,587061,9,0,116 8,1,59,,416326,9,0,116 8,1,20,,597562,9,0,116 8,1,20,,641958,9,0,116 8,1,60,,641942,9,0,116 8,1,20,,536478,9,0,116 8,1,20,,641932,9,0,116 8,1,60,,641931,9,0,116 8,1,20,,641944,9,0,116 8,1,20,,641937,9,0,116 8,1,59,,554502,9,0,116 8,1,27,,641951,9,0,116 8,1,70,,641956,9,0,116 8,1,30,,641935,9,0,116 8,1,70,,641948,9,0,116 8,1,30,,574789,9,0,116 8,1,60,,641923,9,0,116 8,1
7104,'3',743,,641985,9,0,116 8,1,59,,544549,9,0,116 8,1,20,,641967,9,0,116 8,1,22,,641978,9,0,116 8,1,62,,567764,9,0,116 8,1,22,,641982,9,0,116 8,1,21,,545089,9,0,116 8,1,63,,641981,9,0,116 8,1,22,,562627,9,0,116 8,1,22,,641991,9,0,116 8,1,62,,641988,9,0,116 8,1,22,,641977,9,0,116 8,1,60,,641961,9,0,116 8,1,18,,641990,9,0,116 8,1,18,,641989,9,0,116 8,1,20,,641966,9,0,116 8,1,60,,537024,9,0,116 8,1,20,,641963,9,0,116 8,1,20,,641975,9,0,116 8,1,60,,528946,9,0,116 8,1,20,,641996,9,0,116 8,1,20,,550015,9,0,116 8,1,60,,641998,9,0,116 8,1,20,,514221,9,0,116 8,1,20,,641983,9,0,116 8,1,60,,641973,9,0,116 8,1,20,,641976,9,0,116 8,1,20,,641964,9,0,116 8,1,60,,641969,9,0,116 8,1,20,,641995,9,0,116 8,1,20,,641970,9,0,116 8,1,60,,641972,9,0,116 8,1,20,,641968,9,0,116 8,1,65,,540326,9,0,116 8,1,25,,641984,9,0,116 8,1,23,,535723,9,0,116 8,1,62,,641980,9,0,116 8,1,22,,641971,9,0,116 8,1,22,,641992,9,0,116 8,1,62,,641965,9,0,116 8,1,26,,641987,9,0,116 8,1,70,,641986,9,0,116 8,1,28,,641974,9,0,116 8,1,70,,641997,9,0,116 8,1,30,,641993,9,0,116 8,1,70,,484998,9,0,116 8,1,30,,641994,9,0,116 8,1,60,,641962,9,0,116 8,1
7104,'5',530,,564043,7,0,116 8,1,27,,641999,9,0,116 8,1,60,,568878,9,0,116 8,1,20,,642027,9,0,116 8,1,20,,537927,9,0,116 8,1,60,,642041,9,0,116 8,1,20,,642001,9,0,116 8,1,63,,546714,9,0,116 8,1,22,,642000,9,0,116 8,1,22,,642011,9,0,116 8,1,62,,642003,9,0,116 8,1,22,,557339,9,0,116 8,1,21,,642038,9,0,116 8,1,63,,642021,9,0,116 8,1,22,,642007,9,0,116 8,1,22,,536288,9,0,116 8,1,62,,642031,9,0,116 8,1,22,,595716,9,0,116 8,1,60,,642035,9,0,116 8,1,18,,642014,9,0,116 8,1,18,,642024,9,0,116 8,1,20,,642029,9,0,116 8,1,60,,642002,9,0,116 8,1,20,,642043,9,0,116 8,1,20,,522224,9,0,116 8,1,60,,642036,9,0,116 8,1,20,,642030,9,0,116 8,1,20,,642015,9,0,116 8,1,60,,581333,9,0,116 8,1,20,,642037,9,0,116 8,1,20,,642032,9,0,116 8,1,60,,642028,9,0,116 8,1,20,,642012,9,0,116 8,1,20,,642042,9,0,116 8,1,60,,642026,9,0,116 8,1,20,,642009,9,0,116 8,1,20,,642033,9,0,116 8,1,60,,642005,9,0,116 8,1,20,,642039,9,0,116 8,1,65,,642010,9,0,116 8,1,25,,642019,9,0,116 8,1,23,,642017,9,0,116 8,1,62,,642013,9,0,116 8,1,22,,642008,9,0,116 8,1,22,,642020,9,0,116 8,1,62,,642022,9,0,116 8,1,26,,642025,9,0,116 8,1,70,,642034,9,0,116 8,1,28,,642016,9,0,116 8,1,70,,642023,9,0,116 8,1,30,,642006,9,0,116 8,1,70,,642018,9,0,116 8,1,30,,566418,9,0,116 8,1,60,,642004,9,0,116 8,1
7304,'1',551,,599449,2,0,13 14 8,1,62,,643293,2,0,13 14 8,1,22,,643269,2,0,13 14 8,1,22,,643346,2,0,13 14 8,1,61,,515457,2,0,13 14 8,1,24,,643266,2,0,13 14 8,1,64,,643265,2,0,13 14 8,1,24,,643331,2,0,13 14 8,1,24,,643297,2,0,13 14 8,1,64,,643302,2,0,13 14 8,1,20,,643306,2,0,13 14 8,1,21,,643334,2,0,13 14 8,1,64,,643309,2,0,13 14 8,1,24,,643295,2,0,13 14 8,1,64,,418405,2,0,13 14 8,1,24,,643322,2,0,13 14 8,1,24,,643287,2,0,13 14 8,1,64,,643259,2,0,13 14 8,1,24,,601144,2,0,13 14 8,1,64,,643282,2,0,13 14 8,1,24,,518952,2,0,13 14 8,1,22,,643340,2,0,13 14 8,1,64,,590542,2,0,13 14 8,1,21,,539378,2,0,13 14 8,1,63,,643342,2,0,13 14 8,1,24,,643271,2,0,13 14 8,1,24,,643264,2,0,13 14 8,1,64,,643262,2,0,13 14 8,1,24,,514805,2,0,13 14 8,1,64,,643324,2,0,13 14 8,1,24,,643318,2,0,13 14 8,1,24,,643296,2,0,13 14 8,1,64,,643289,2,0,13 14 8,1,24,,643303,2,0,13 14 8,1,66,,643321,2,0,13 14 8,1,24,,643268,2,0,13 14 8,1,24,,643326,2,0,13 14 8,1,64,,643280,2,0,13 14 8,1,24,,643276,2,0,13 14 8,1,64,,643298,2,0,13 14 8,1,24,,555362,2,0,13 14 8,1,24,,643300,2,0,13 14 8,1,62,,643338,2,0,13 14 8,1,22,,407121,2,0,13 14 8,1,64,,643330,2,0,13 14 8,1,24,,493905,2,0,13 14 8,1,24,,426353,2,0,13 14 8,1,64,,643270,2,0,13 14 8,1,24,,643333,2,0,13 14 8,1,63,,643308,2,0,13 14 8,1
7304,'2',604,,643415,2,0,13 14 8,1,21,,643421,2,0,13 14 8,1,24,,643418,2,0,13 14 8,1,64,,518808,2,0,13 14 8,1,24,,643384,2,0,13 14 8,1,64,,643355,2,0,13 14 8,1,25,,643378,2,0,13 14 8,1,22,,643369,2,0,13 14 8,1,64,,643412,2,0,13 14 8,1,24,,531869,2,0,13 14 8,1,64,,643393,2,0,13 14 8,1,19,,643363,2,0,13 14 8,1,21,,531918,2,0,13 14 8,1,62,,643427,2,0,13 14 8,1,22,,643438,2,0,13 14 8,1,22,,590369,2,0,13 14 8,1,62,,643362,2,0,13 14 8,1,22,,643374,2,0,13 14 8,1,22,,643381,2,0,13 14 8,1,62,,643423,2,0,13 14 8,1,22,,643364,2,0,13 14 8,1,22,,643392,2,0,13 14 8,1,62,,552010,2,0,13 14 8,1,22,,570864,2,0,13 14 8,1,62,,523606,2,0,13 14 8,1,22,,643439,2,0,13 14 8,1,22,,643356,2,0,13 14 8,1,62,,643358,2,0,13 14 8,1,22,,643380,2,0,13 14 8,1,22,,554471,2,0,13 14 8,1,62,,643419,2,0,13 14 8,1,22,,643354,2,0,13 14 8,1,62,,643367,2,0,13 14 8,1,22,,643441,2,0,13 14 8,1,22,,643406,2,0,13 14 8,1,62,,643383,2,0,13 14 8,1,26,,643389,2,0,13 14 8,1,24,,643420,2,0,13 14 8,1,64,,528219,2,0,13 14 8,1,24,,643435,2,0,13 14 8,1,64,,643417,2,0,13 14 8,1,24,,556304,2,0,13 14 8,1,24,,643361,2,0,13 14 8,1,62,,643368,2,0,13 14 8,1,22,,643402,2,0,13 14 8,1,64,,643437,2,0,13 14 8,1,24,,643365,2,0,13 14 8,1,24,,643366,2,0,13 14 8,1,64,,549266,2,0,13 14 8,1,24,,643424,2,0,13 14 8,1,63,,643379,2,0,13 14 8,1
7304,'3',748,,643481,2,0,13 14 8,1,60,,643517,2,0,13 14 8,1,22,,643518,2,0,13 14 8,1,22,,643502,2,0,13 14 8,1,62,,643467,2,0,13 14 8,1,22,,643485,2,0,13 14 8,1,22,,643500,2,0,13 14 8,1,62,,643493,2,0,13 14 8,1,21,,643470,2,0,13 14 8,1,64,,643490,2,0,13 14 8,1,24,,520765,2,0,13 14 8,1,24,,643465,2,0,13 14 8,1,64,,643460,2,0,13 14 8,1,24,,643480,2,0,13 14 8,1,64,,643494,2,0,13 14 8,1,24,,643468,2,0,13 14 8,1,24,,643464,2,0,13 14 8,1,64,,566283,2,0,13 14 8,1,24,,643453,2,0,13 14 8,1,64,,643492,2,0,13 14 8,1,24,,643463,2,0,13 14 8,1,24,,643466,2,0,13 14 8,1,64,,643469,2,0,13 14 8,1,24,,643478,2,0,13 14 8,1,64,,643499,2,0,13 14 8,1,24,,643447,2,0,13 14 8,1,24,,643461,2,0,13 14 8,1,64,,643457,2,0,13 14 8,1,24,,599937,2,0,13 14 8,1,66,,643482,2,0,13 14 8,1,24,,643475,2,0,13 14 8,1,24,,643455,2,0,13 14 8,1,64,,643450,2,0,13 14 8,1,24,,643476,2,0,13 14 8,1,64,,643489,2,0,13 14 8,1,24,,643498,2,0,13 14 8,1,24,,643503,2,0,13 14 8,1,62,,643495,2,0,13 14 8,1,23,,643454,2,0,13 14 8,1,64,,643473,2,0,13 14 8,1,24,,643516,2,0,13 14 8,1,24,,643508,2,0,13 14 8,1,64,,643471,2,0,13 14 8,1,24,,531555,2,0,13 14 8,1,62,,643491,2,0,13 14 8,1
7304,'5',634,,535822,2,0,13 14 8,1,24,,643525,2,0,13 14 8,1,64,,643548,2,0,13 14 8,1,24,,600621,2,0,13 14 8,1,60,,643567,2,0,13 14 8,1,24,,643578,2,0,13 14 8,1,22,,643523,2,0,13 14 8,1,62,,643568,2,0,13 14 8,1,22,,643519,2,0,13 14 8,1,22,,643565,2,0,13 14 8,1,62,,643533,2,0,13 14 8,1,21,,643598,2,0,13 14 8,1,64,,643566,2,0,13 14 8,1,24,,567774,2,0,13 14 8,1,24,,643583,2,0,13 14 8,1,64,,643589,2,0,13 14 8,1,24,,643537,2,0,13 14 8,1,64,,643555,2,0,13 14 8,1,24,,643575,2,0,13 14 8,1,24,,643543,2,0,13 14 8,1,64,,643520,2,0,13 14 8,1,24,,556467,2,0,13 14 8,1,64,,643585,2,0,13 14 8,1,24,,643588,2,0,13 14 8,1,24,,541543,2,0,13 14 8,1,64,,643586,2,0,13 14 8,1,24,,643573,2,0,13 14 8,1,64,,643593,2,0,13 14 8,1,24,,643539,2,0,13 14 8,1,24,,643577,2,0,13 14 8,1,64,,546355,2,0,13 14 8,1,24,,643564,2,0,13 14 8,1,66,,643592,2,0,13 14 8,1,24,,643554,2,0,13 14 8,1,24,,643590,2,0,13 14 8,1,64,,643549,2,0,13 14 8,1,24,,643528,2,0,13 14 8,1,64,,643557,2,0,13 14 8,1,24,,643596,2,0,13 14 8,1,24,,643534,2,0,13 14 8,1,62,,643574,2,0,13 14 8,1,23,,643559,2,0,13 14 8,1,64,,643544,2,0,13 14 8,1,24,,643579,2,0,13 14 8,1,24,,643561,2,0,13 14 8,1,64,,643582,2,0,13 14 8,1,24,,643551,2,0,13 14 8,1,62,,643595,2,0,13 14 8,1
8903,'1',459,,651538,23,0,95 63,1,64,,651565,23,0,95 63,1,20,,603312,23,0,95 63,1,15,,651554,22,0,95 63,1,50,,651559,22,0,95 63,1,10,,651536,22,0,95 63,1,10,,651503,22,0,95 63,1,10,,651520,22,0,95 63,1,10,,651535,22,0,95 63,1,10,,651537,22,0,95 63,1,50,,651511,22,0,95 63,1,10,,651514,22,0,95 63,1,10,,651533,22,0,95 63,1,13,,542266,22,0,95 63,1,12,,651509,22,0,95 63,1,50,,651519,22,0,95 63,1,10,,651557,22,0,95 63,1,10,,651486,22,0,95 63,1,10,,651541,22,0,95 63,1,10,,651490,22,0,95 63,1,10,,416585,22,0,95 63,1,50,,651501,22,0,95 63,1,10,,651470,22,0,95 63,1,10,,651497,22,0,95 63,1,10,,651479,22,0,95 63,1,11,,544838,22,0,95 63,1,10,,651527,22,0,95 63,1,50,,651566,22,0,95 63,1,10,,651492,22,0,95 63,1,10,,651516,22,0,95 63,1,10,,521902,22,0,95 63,1,10,,651546,22,0,95 63,1,10,,651545,22,0,95 63,1,50,,597308,22,0,95 63,1,10,,651560,22,0,95 63,1,10,,651532,22,0,95 63,1,10,,651517,22,0,95 63,1,10,,651568,22,0,95 63,1,10,,651507,22,0,95 63,1,50,,651548,22,0,95 63,1,10,,599457,22,0,95 63,1,10,,532886,22,0,95 63,1,10,,651505,22,0,95 63,1,10,,651491,22,0,95 63,1,10,,651512,22,0,95 63,1,50,,651495,22,0,95 63,1,10,,651477,22,0,95 63,1,10,,488393,22,0,95 63,1,10,,651488,22,0,95 63,1,10,,651524,22,0,95 63,1,10,,651510,22,0,95 63,1,51,,651474,22,0,95 63,1,12,,651539,22,0,95 63,1,14,,651518,22,0,95 63,1,10,,394757,22,0,95 63,1,10,,651528,22,0,95 63,1,50,,491991,22,0,95 63,1,10,,651468,22,0,95 63,1,10,,651549,22,0,95 63,1,10,,651471,22,0,95 63,1,10,,570305,22,0,95 63,1,10,,651515,22,0,95 63,1,50,,651476,22,0,95 63,1,10,,651563,22,0,95 63,1,10,,585342,22,0,95 63,1,10,,651531,22,0,95 63,1,10,,651480,22,0,95 63,1,10,,549216,22,0,95 63,1,50,,651466,22,0,95 63,1,10,,651544,22,0,95 63,1,10,,651485,22,0,95 63,1,10,,509028,22,0,95 63,1,10,,483676,22,0,95 63,1,10,,651498,22,0,95 63,1,50,,651564,22,0,95 63,1,10,,576598,22,0,95 63,1,10,,651558,22,0,95 63,1,10,,651493,22,0,95 63,1,10,,651494,22,0,95 63,1,10,,651529,22,0,95 63,1,50,,651543,22,0,95 63,1,8,,651496,22,0,95 63,1,5,,651552,22,0,95 63,1,6,,651489,22,0,95 63,1,10,,651467,22,0,95 63,1,10,,651499,22,0,95 63,1,10,,651542,22,0,95 63,1,50,,651472,22,0,95 63,1,10,,651540,22,0,95 63,1,10,,539075,22,0,95 63,1,10,,651521,22,0,95 63,1,10,,421163,22,0,95 63,1,10,,651482,22,0,95 63,1,50,,651506,22,0,95 63,1,10,,651567,22,0,95 63,1,10,,651534,22,0,95 63,1,10,,651484,22,0,95 63,1,10,,651508,22,0,95 63,1,10,,651504,22,0,95 63,1,50,,651522,22,0,95 63,1,9,,543183,22,0,95 63,1,6,,651473,22,0,95 63,1,10,,651481,22,0,95 63,1,10,,595051,22,0,95 63,1,10,,651551,22,0,95 63,1,10,,651561,22,0,95 63,1,50,,651555,22,0,95 63,1,10,,651523,22,0,95 63,1,10,,651500,22,0,95 63,1,10,,651478,22,0,95 63,1,10,,651553,22,0,95 63,1,10,,651469,22,0,95 63,1,50,,651502,22,0,95 63,1,10,,651562,22,0,95 63,1,10,,651487,22,0,95 63,1,10,,651556,22,0,95 63,1,10,,651483,22,0,95 63,1,10,,572053,22,0,95 63,1,50,,651475,22,0,95 63,1,10,,651550,22,0,95 63,1,10,,651530,22,0,95 63,1,13,,651547,22,0,95 63,1,15,,651525,22,0,95 63,1,55,,651526,22,0,95 63,1,15,,651513,22,0,95 63,1
8903,'2',557,,651612,23,0,95 63,1,50,,651618,22,0,95 63,1,11,,651583,22,0,95 63,1,10,,651654,22,0,95 63,1,10,,651667,22,0,95 63,1,10,,651588,22,0,95 63,1,10,,651610,22,0,95 63,1,50,,651635,22,0,95 63,1,10,,564466,22,0,95 63,1,10,,567564,22,0,95 63,1,10,,651616,22,0,95 63,1,11,,651577,22,0,95 63,1,10,,651587,22,0,95 63,1,55,,651666,22,0,95 63,1,10,,651639,22,0,95 63,1,9,,552941,22,0,95 63,1,10,,651662,22,0,95 63,1,10,,651656,22,0,95 63,1,50,,651607,22,0,95 63,1,10,,651579,22,0,95 63,1,10,,651620,22,0,95 63,1,10,,651576,22,0,95 63,1,10,,651615,22,0,95 63,1,10,,651585,22,0,95 63,1,50,,651674,22,0,95 63,1,10,,502430,22,0,95 63,1,10,,651614,22,0,95 63,1,10,,651637,22,0,95 63,1,10,,651644,22,0,95 63,1,11,,541099,22,0,95 63,1,50,,651591,22,0,95 63,1,12,,651625,22,0,95 63,1,13,,651671,22,0,95 63,1,10,,651627,22,0,95 63,1,10,,651669,22,0,95 63,1,10,,651573,22,0,95 63,1,50,,583404,22,0,95 63,1,10,,651643,22,0,95 63,1,10,,651621,22,0,95 63,1,10,,651611,22,0,95 63,1,10,,651657,22,0,95 63,1,10,,651673,22,0,95 63,1,50,,651603,22,0,95 63,1,10,,651636,22,0,95 63,1,10,,651600,22,0,95 63,1,10,,651653,22,0,95 63,1,10,,651652,22,0,95 63,1,10,,651670,22,0,95 63,1,50,,651604,22,0,95 63,1,10,,651634,22,0,95 63,1,10,,553736,22,0,95 63,1,10,,651601,22,0,95 63,1,10,,651622,22,0,95 63,1,10,,651641,22,0,95 63,1,50,,490371,22,0,95 63,1,10,,651572,22,0,95 63,1,10,,651672,22,0,95 63,1,10,,651574,22,0,95 63,1,10,,651619,22,0,95 63,1,10,,651602,22,0,95 63,1,50,,651640,22,0,95 63,1,10,,651580,22,0,95 63,1,10,,651584,22,0,95 63,1,10,,651596,22,0,95 63,1,10,,651597,22,0,95 63,1,10,,651593,22,0,95 63,1,50,,651605,22,0,95 63,1,10,,651598,22,0,95 63,1,10,,589108,22,0,95 63,1,10,,551286,22,0,95 63,1,10,,651650,22,0,95 63,1,10,,651569,22,0,95 63,1,50,,651658,22,0,95 63,1,10,,651624,22,0,95 63,1,10,,651626,22,0,95 63,1,9,,651623,22,0,95 63,1,10,,651595,22,0,95 63,1,7,,651661,22,0,95 63,1,48,,651642,22,0,95 63,1,10,,651663,22,0,95 63,1,7,,651659,22,0,95 63,1,10,,651630,22,0,95 63,1,10,,651629,22,0,95 63,1,10,,651592,22,0,95 63,1,50,,651664,22,0,95 63,1,10,,651668,22,0,95 63,1,10,,651648,22,0,95 63,1,10,,651631,22,0,95 63,1,10,,651586,22,0,95 63,1,10,,651575,22,0,95 63,1,50,,651570,22,0,95 63,1,10,,483138,22,0,95 63,1,10,,651589,22,0,95 63,1,10,,651647,22,0,95 63,1,10,,651594,22,0,95 63,1,10,,651649,22,0,95 63,1,8,,535158,22,0,95 63,1,49,,651582,22,0,95 63,1,8,,651646,22,0,95 63,1,10,,651660,22,0,95 63,1,10,,651578,22,0,95 63,1,10,,651590,22,0,95 63,1,10,,651571,22,0,95 63,1,50,,651613,22,0,95 63,1,10,,419262,22,0,95 63,1,10,,602312,22,0,95 63,1,10,,651632,22,0,95 63,1,10,,651617,22,0,95 63,1,10,,516735,22,0,95 63,1,50,,651655,22,0,95 63,1,10,,651581,22,0,95 63,1,10,,651651,22,0,95 63,1,10,,651638,22,0,95 63,1,10,,651606,22,0,95 63,1,10,,651665,22,0,95 63,1,50,,651599,22,0,95 63,1,10,,651645,22,0,95 63,1,9,,651633,22,0,95 63,1,14,,651628,22,0,95 63,1,15,,594557,22,0,95 63,1,55,,651609,22,0,95 63,1,15,,651608,22,0,95 63,1
8903,'3',558,,547390,23,0,95 63,1,55,,651701,23,0,95 63,1,15,,651686,23,0,95 63,1,15,,651696,23,0,95 63,1,15,,651740,23,0,95 63,1,55,,651739,23,0,95 63,1,15,,651762,23,0,95 63,1,15,,547433,23,0,95 63,1,12,,651703,23,0,95 63,1,53,,651689,23,0,95 63,1,14,,651718,22,0,95 63,1,10,,651702,22,0,95 63,1,10,,472619,22,0,95 63,1,10,,651768,22,0,95 63,1,50,,651706,22,0,95 63,1,10,,651704,22,0,95 63,1,10,,651721,22,0,95 63,1,10,,651771,22,0,95 63,1,10,,523293,22,0,95 63,1,10,,565884,22,0,95 63,1,50,,651694,22,0,95 63,1,10,,651716,22,0,95 63,1,10,,651755,22,0,95 63,1,10,,596117,22,0,95 63,1,10,,651747,22,0,95 63,1,10,,651710,22,0,95 63,1,50,,651770,22,0,95 63,1,10,,651751,22,0,95 63,1,10,,651754,22,0,95 63,1,10,,651765,22,0,95 63,1,10,,651764,22,0,95 63,1,10,,651760,22,0,95 63,1,51,,651752,22,0,95 63,1,11,,574570,22,0,95 63,1,13,,651763,22,0,95 63,1,10,,651677,22,0,95 63,1,10,,651685,22,0,95 63,1,10,,651746,22,0,95 63,1,50,,651767,22,0,95 63,1,10,,651743,22,0,95 63,1,10,,651714,22,0,95 63,1,10,,595910,22,0,95 63,1,10,,651705,22,0,95 63,1,10,,651766,22,0,95 63,1,50,,651731,22,0,95 63,1,10,,581506,22,0,95 63,1,10,,651759,22,0,95 63,1,10,,593857,22,0,95 63,1,10,,651735,22,0,95 63,1,10,,443957,22,0,95 63,1,50,,651698,22,0,95 63,1,10,,651720,22,0,95 63,1,10,,651708,22,0,95 63,1,10,,651758,22,0,95 63,1,10,,651711,22,0,95 63,1,10,,651728,22,0,95 63,1,50,,562325,22,0,95 63,1,10,,651737,22,0,95 63,1,10,,651688,22,0,95 63,1,10,,651675,22,0,95 63,1,10,,651727,22,0,95 63,1,10,,551072,22,0,95 63,1,50,,651725,22,0,95 63,1,10,,651691,22,0,95 63,1,10,,651742,22,0,95 63,1,10,,651744,22,0,95 63,1,10,,651717,22,0,95 63,1,10,,651722,22,0,95 63,1,50,,651693,22,0,95 63,1,10,,651713,22,0,95 63,1,10,,651699,22,0,95 63,1,10,,651773,22,0,95 63,1,10,,651726,22,0,95 63,1,10,,651681,22,0,95 63,1,49,,651730,22,0,95 63,1,8,,651774,22,0,95 63,1,7,,651678,22,0,95 63,1,10,,651732,22,0,95 63,1,10,,651680,22,0,95 63,1,10,,651729,22,0,95 63,1,50,,651734,22,0,95 63,1,10,,651679,22,0,95 63,1,10,,651676,22,0,95 63,1,10,,651757,22,0,95 63,1,10,,651753,22,0,95 63,1,10,,651736,22,0,95 63,1,50,,589665,22,0,95 63,1,10,,651756,22,0,95 63,1,10,,651738,22,0,95 63,1,10,,651719,22,0,95 63,1,10,,651697,22,0,95 63,1,10,,651682,22,0,95 63,1,50,,651683,22,0,95 63,1,7,,651687,22,0,95 63,1,6,,559031,22,0,95 63,1,10,,651715,22,0,95 63,1,10,,651741,22,0,95 63,1,10,,651761,22,0,95 63,1,10,,651700,22,0,95 63,1,50,,651684,22,0,95 63,1,10,,651772,22,0,95 63,1,10,,651745,22,0,95 63,1,10,,574513,22,0,95 63,1,10,,516333,22,0,95 63,1,10,,580507,22,0,95 63,1,50,,651748,22,0,95 63,1,10,,651724,22,0,95 63,1,10,,651750,22,0,95 63,1,10,,651712,22,0,95 63,1,10,,651692,22,0,95 63,1,10,,651749,22,0,95 63,1,50,,651709,22,0,95 63,1,10,,597647,22,0,95 63,1,10,,651733,22,0,95 63,1,14,,651707,22,0,95 63,1,15,,651695,22,0,95 63,1,55,,651690,22,0,95 63,1,15,,651769,22,0,95 63,1
8903,'5',557,,651864,23,0,95 63,1,49,,651791,22,0,95 63,1,10,,651795,22,0,95 63,1,10,,651799,22,0,95 63,1,10,,580072,22,0,95 63,1,10,,651789,22,0,95 63,1,10,,651852,22,0,95 63,1,50,,651779,22,0,95 63,1,10,,651823,22,0,95 63,1,10,,651872,22,0,95 63,1,10,,601744,22,0,95 63,1,10,,651862,22,0,95 63,1,10,,651786,22,0,95 63,1,50,,651822,22,0,95 63,1,16,,651870,22,0,95 63,1,10,,651839,22,0,95 63,1,10,,569192,22,0,95 63,1,10,,651803,22,0,95 63,1,50,,651841,22,0,95 63,1,10,,576114,22,0,95 63,1,10,,529093,22,0,95 63,1,10,,651828,22,0,95 63,1,10,,651838,22,0,95 63,1,10,,651818,22,0,95 63,1,50,,651787,22,0,95 63,1,10,,651814,22,0,95 63,1,10,,651848,22,0,95 63,1,10,,651827,22,0,95 63,1,10,,651796,22,0,95 63,1,10,,651785,22,0,95 63,1,50,,651853,22,0,95 63,1,10,,651804,22,0,95 63,1,10,,547775,22,0,95 63,1,10,,651834,22,0,95 63,1,10,,651790,22,0,95 63,1,10,,651842,22,0,95 63,1,51,,587578,22,0,95 63,1,11,,651860,22,0,95 63,1,13,,651815,22,0,95 63,1,10,,651783,22,0,95 63,1,10,,651856,22,0,95 63,1,10,,651797,22,0,95 63,1,50,,567354,22,0,95 63,1,10,,651807,22,0,95 63,1,10,,651776,22,0,95 63,1,10,,651845,22,0,95 63,1,10,,527996,22,0,95 63,1,10,,651830,22,0,95 63,1,50,,651782,22,0,95 63,1,10,,651812,22,0,95 63,1,10,,651806,22,0,95 63,1,10,,651781,22,0,95 63,1,10,,651866,22,0,95 63,1,10,,651824,22,0,95 63,1,50,,651780,22,0,95 63,1,10,,587143,22,0,95 63,1,10,,601096,22,0,95 63,1,10,,651851,22,0,95 63,1,10,,651840,22,0,95 63,1,10,,593741,22,0,95 63,1,50,,591323,22,0,95 63,1,10,,651847,22,0,95 63,1,10,,651800,22,0,95 63,1,10,,651871,22,0,95 63,1,10,,651793,22,0,95 63,1,10,,651825,22,0,95 63,1,50,,651854,22,0,95 63,1,10,,651865,22,0,95 63,1,10,,651826,22,0,95 63,1,10,,651849,22,0,95 63,1,10,,651855,22,0,95 63,1,10,,562468,22,0,95 63,1,50,,651835,22,0,95 63,1,10,,559190,22,0,95 63,1,10,,651808,22,0,95 63,1,10,,651820,22,0,95 63,1,10,,651867,22,0,95 63,1,10,,651836,22,0,95 63,1,49,,651846,22,0,95 63,1,8,,651792,22,0,95 63,1,7,,562680,22,0,95 63,1,10,,651798,22,0,95 63,1,10,,651832,22,0,95 63,1,10,,651801,22,0,95 63,1,50,,651858,22,0,95 63,1,10,,651829,22,0,95 63,1,10,,651778,22,0,95 63,1,10,,651869,22,0,95 63,1,10,,651843,22,0,95 63,1,10,,651873,22,0,95 63,1,50,,651809,22,0,95 63,1,10,,651831,22,0,95 63,1,10,,651775,22,0,95 63,1,10,,530295,22,0,95 63,1,10,,651810,22,0,95 63,1,10,,651868,22,0,95 63,1,50,,525382,22,0,95 63,1,7,,651833,22,0,95 63,1,6,,651794,22,0,95 63,1,10,,543942,22,0,95 63,1,10,,553951,22,0,95 63,1,10,,651819,22,0,95 63,1,10,,651821,22,0,95 63,1,50,,651816,22,0,95 63,1,10,,651837,22,0,95 63,1,10,,651811,22,0,95 63,1,10,,651813,22,0,95 63,1,10,,651861,22,0,95 63,1,10,,530934,22,0,95 63,1,50,,532822,22,0,95 63,1,10,,651784,22,0,95 63,1,10,,651777,22,0,95 63,1,10,,524078,22,0,95 63,1,10,,651857,22,0,95 63,1,10,,651850,22,0,95 63,1,50,,651844,22,0,95 63,1,10,,651859,22,0,95 63,1,10,,651802,22,0,95 63,1,14,,651805,22,0,95 63,1,15,,651788,22,0,95 63,1,55,,517389,22,0,95 63,1,15,,651863,22,0,95 63,1
8904,'1',458,,514799,24,0,51,1,64,,651921,24,0,68 8,1,21,,651949,24,0,68 8,1,12,,651903,24,0,68 8,1,50,,504006,24,0,68 8,1,10,,651957,24,0,68 8,1,10,,651882,24,0,68 8,1,10,,651900,24,0,68 8,1,10,,651877,24,0,68 8,1,10,,651886,24,0,68 8,1,50,,651878,24,0,68 8,1,10,,651894,24,0,68 8,1,9,,568478,24,0,68 8,1,8,,651942,24,0,68 8,1,9,,651958,24,0,68 8,1,10,,651955,24,0,68 8,1,50,,651913,24,0,68 8,1,10,,651891,24,0,68 8,1,10,,603458,24,0,68 8,1,10,,651930,24,0,68 8,1,10,,558506,24,0,68 8,1,10,,651884,24,0,68 8,1,50,,562113,24,0,68 8,1,10,,651947,24,0,68 8,1,10,,651959,24,0,68 8,1,10,,651920,24,0,68 8,1,10,,577448,24,0,68 8,1,10,,537243,24,0,68 8,1,50,,651951,24,0,68 8,1,10,,529340,24,0,68 8,1,10,,651881,24,0,68 8,1,10,,651948,24,0,68 8,1,10,,566917,24,0,68 8,1,10,,651938,24,0,68 8,1,50,,651883,24,0,68 8,1,10,,651876,24,0,68 8,1,10,,651895,24,0,68 8,1,10,,651964,24,0,68 8,1,10,,651874,24,0,68 8,1,10,,651961,24,0,68 8,1,50,,651943,24,0,68 8,1,10,,651910,24,0,68 8,1,10,,651944,24,0,68 8,1,10,,462385,24,0,68 8,1,10,,397079,24,0,68 8,1,10,,651897,24,0,68 8,1,50,,651896,24,0,68 8,1,10,,651926,24,0,68 8,1,10,,470414,24,0,68 8,1,10,,651905,24,0,68 8,1,10,,581804,24,0,68 8,1,9,,651932,24,0,68 8,1,9,,569238,24,0,68 8,1,48,,651901,24,0,68 8,1,10,,651931,24,0,68 8,1,10,,651939,24,0,68 8,1,10,,651962,24,0,68 8,1,10,,560256,24,0,68 8,1,10,,423592,24,0,68 8,1,50,,651906,24,0,68 8,1,10,,651936,24,0,68 8,1,10,,651925,24,0,68 8,1,10,,556095,24,0,68 8,1,10,,651904,24,0,68 8,1,10,,651885,24,0,68 8,1,50,,571246,24,0,68 8,1,10,,410520,24,0,68 8,1,10,,651893,24,0,68 8,1,10,,651907,24,0,68 8,1,10,,651919,24,0,68 8,1,10,,651889,24,0,68 8,1,50,,651912,24,0,68 8,1,10,,651965,24,0,68 8,1,10,,651888,24,0,68 8,1,10,,651875,24,0,68 8,1,10,,651908,24,0,68 8,1,10,,548003,24,0,68 8,1,50,,651879,24,0,68 8,1,10,,568450,24,0,68 8,1,10,,651937,24,0,68 8,1,10,,651966,24,0,68 8,1,10,,651914,24,0,68 8,1,10,,651945,24,0,68 8,1,49,,651909,24,0,68 8,1,8,,386588,24,0,68 8,1,10,,568476,24,0,68 8,1,10,,651892,24,0,68 8,1,10,,651918,24,0,68 8,1,10,,651946,24,0,68 8,1,50,,651890,24,0,68 8,1,10,,651923,24,0,68 8,1,10,,651899,24,0,68 8,1,10,,522764,24,0,68 8,1,10,,651928,24,0,68 8,1,10,,651898,24,0,68 8,1,50,,651953,24,0,68 8,1,10,,558764,24,0,68 8,1,10,,651915,24,0,68 8,1,10,,651952,24,0,68 8,1,10,,651902,24,0,68 8,1,10,,570357,24,0,68 8,1,49,,651924,24,0,68 8,1,8,,651960,24,0,68 8,1,7,,593524,24,0,68 8,1,10,,651880,24,0,68 8,1,10,,651933,24,0,68 8,1,10,,651922,24,0,68 8,1,10,,651956,24,0,68 8,1,50,,651929,24,0,68 8,1,10,,526260,24,0,68 8,1,10,,651940,24,0,68 8,1,10,,572046,24,0,68 8,1,10,,651963,24,0,68 8,1,10,,651935,24,0,68 8,1,50,,651934,24,0,68 8,1,10,,651887,24,0,68 8,1,10,,651941,24,0,68 8,1,10,,651927,24,0,68 8,1,10,,395733,24,0,68 8,1,10,,571138,24,0,68 8,1,50,,487104,24,0,68 8,1,10,,541640,24,0,68 8,1,10,,651954,24,0,68 8,1,9,,651950,24,0,68 8,1,15,,651917,24,0,68 8,1,54,,651916,24,0,51,1,15,,651911,24,0,51,1
8904,'2',558,,652025,24,0,68 8,1,54,,652063,24,0,68 8,1,16,,652029,24,0,68 8,1,10,,652049,24,0,68 8,1,10,,651979,24,0,68 8,1,10,,652067,24,0,68 8,1,50,,572196,24,0,68 8,1,10,,591739,24,0,68 8,1,10,,652008,24,0,68 8,1,10,,585106,24,0,68 8,1,10,,652014,24,0,68 8,1,11,,651972,24,0,68 8,1,50,,494376,24,0,68 8,1,10,,652052,24,0,68 8,1,11,,651983,24,0,68 8,1,10,,651967,24,0,68 8,1,10,,652059,24,0,68 8,1,50,,652030,24,0,68 8,1,10,,652006,24,0,68 8,1,10,,548977,24,0,68 8,1,10,,535176,24,0,68 8,1,10,,652065,24,0,68 8,1,10,,652036,24,0,68 8,1,50,,652053,24,0,68 8,1,10,,652000,24,0,68 8,1,10,,651994,24,0,68 8,1,10,,652019,24,0,68 8,1,10,,652001,24,0,68 8,1,11,,652068,24,0,68 8,1,51,,652018,24,0,68 8,1,10,,603531,24,0,68 8,1,4,,652048,24,0,68 8,1,13,,652023,24,0,68 8,1,10,,651992,24,0,68 8,1,10,,651997,24,0,68 8,1,10,,652045,24,0,68 8,1,50,,651968,24,0,68 8,1,10,,652033,24,0,68 8,1,10,,652069,24,0,68 8,1,10,,652044,24,0,68 8,1,10,,651993,24,0,68 8,1,10,,652047,24,0,68 8,1,50,,652012,24,0,68 8,1,10,,652051,24,0,68 8,1,10,,652032,24,0,68 8,1,10,,652038,24,0,68 8,1,10,,651999,24,0,68 8,1,10,,652002,24,0,68 8,1,50,,651978,24,0,68 8,1,10,,651995,24,0,68 8,1,10,,651974,24,0,68 8,1,10,,652011,24,0,68 8,1,10,,651998,24,0,68 8,1,10,,652035,24,0,68 8,1,50,,652016,24,0,68 8,1,10,,652057,24,0,68 8,1,10,,578694,24,0,68 8,1,10,,652028,24,0,68 8,1,10,,652021,24,0,68 8,1,10,,652003,24,0,68 8,1,50,,652020,24,0,68 8,1,10,,652037,24,0,68 8,1,10,,528783,24,0,68 8,1,10,,652050,24,0,68 8,1,10,,651971,24,0,68 8,1,10,,553695,24,0,68 8,1,50,,652054,24,0,68 8,1,10,,651976,24,0,68 8,1,10,,553183,24,0,68 8,1,10,,652024,24,0,68 8,1,10,,652039,24,0,68 8,1,10,,573120,24,0,68 8,1,50,,652064,24,0,68 8,1,10,,651989,24,0,68 8,1,10,,652070,24,0,68 8,1,9,,651981,24,0,68 8,1,10,,652015,24,0,68 8,1,6,,652034,24,0,68 8,1,50,,521985,24,0,68 8,1,10,,652055,24,0,68 8,1,7,,652046,24,0,68 8,1,11,,651970,24,0,68 8,1,10,,651991,24,0,68 8,1,10,,652041,24,0,68 8,1,50,,652056,24,0,68 8,1,10,,651977,24,0,68 8,1,10,,651990,24,0,68 8,1,10,,651985,24,0,68 8,1,10,,652066,24,0,68 8,1,10,,414507,24,0,68 8,1,50,,652058,24,0,68 8,1,10,,651987,24,0,68 8,1,10,,505411,24,0,68 8,1,10,,593198,24,0,68 8,1,9,,652017,24,0,68 8,1,10,,652004,24,0,68 8,1,49,,651984,24,0,68 8,1,10,,652071,24,0,68 8,1,6,,652061,24,0,68 8,1,10,,578663,24,0,68 8,1,10,,652062,24,0,68 8,1,10,,651982,24,0,68 8,1,10,,652040,24,0,68 8,1,50,,652026,24,0,68 8,1,10,,652060,24,0,68 8,1,10,,652013,24,0,68 8,1,10,,652031,24,0,68 8,1,10,,651975,24,0,68 8,1,10,,652043,24,0,68 8,1,50,,651996,24,0,68 8,1,10,,651980,24,0,68 8,1,10,,652027,24,0,68 8,1,10,,652042,24,0,68 8,1,10,,652005,24,0,68 8,1,10,,652022,24,0,68 8,1,50,,651973,24,0,68 8,1,10,,538405,24,0,68 8,1,10,,651988,24,0,68 8,1,12,,579207,24,0,68 8,1,14,,652010,24,0,68 8,1,54,,651986,24,0,51,1,15,,651969,24,0,51,1
8904,'3',557,,652127,24,0,51,1,55,,652165,24,0,51,1,15,,652091,24,0,51,1,15,,652100,24,0,51,1,15,,652116,24,0,51,1,55,,567133,24,0,51,1,15,,652154,24,0,51,1,15,,652150,24,0,68 8,1,13,,652131,24,0,68 8,1,53,,652152,24,0,68 8,1,13,,652101,24,0,68 8,1,12,,652153,24,0,68 8,1,10,,652147,24,0,68 8,1,10,,652099,24,0,68 8,1,50,,652126,24,0,68 8,1,10,,555220,24,0,68 8,1,10,,652079,24,0,68 8,1,10,,598979,24,0,68 8,1,10,,652073,24,0,68 8,1,10,,652097,24,0,68 8,1,50,,652125,24,0,68 8,1,10,,652123,24,0,68 8,1,10,,652134,24,0,68 8,1,10,,652114,24,0,68 8,1,10,,652142,24,0,68 8,1,10,,652106,24,0,68 8,1,50,,541403,24,0,68 8,1,10,,652132,24,0,68 8,1,10,,652096,24,0,68 8,1,10,,652140,24,0,68 8,1,10,,652136,24,0,68 8,1,9,,506025,24,0,68 8,1,49,,652129,24,0,68 8,1,10,,652155,24,0,68 8,1,10,,652144,24,0,68 8,1,10,,565016,24,0,68 8,1,10,,652148,24,0,68 8,1,10,,652072,24,0,68 8,1,50,,652117,24,0,68 8,1,10,,652107,24,0,68 8,1,10,,652094,24,0,68 8,1,10,,652112,24,0,68 8,1,10,,652146,24,0,68 8,1,10,,652164,24,0,68 8,1,50,,563574,24,0,68 8,1,10,,652158,24,0,68 8,1,10,,652081,24,0,68 8,1,10,,420097,24,0,68 8,1,10,,652124,24,0,68 8,1,10,,652133,24,0,68 8,1,50,,652104,24,0,68 8,1,10,,553334,24,0,68 8,1,10,,652085,24,0,68 8,1,10,,652163,24,0,68 8,1,10,,652102,24,0,68 8,1,10,,501112,24,0,68 8,1,50,,652105,24,0,68 8,1,10,,652111,24,0,68 8,1,10,,525862,24,0,68 8,1,10,,652093,24,0,68 8,1,10,,652167,24,0,68 8,1,10,,652149,24,0,68 8,1,50,,652080,24,0,68 8,1,10,,652077,24,0,68 8,1,10,,652095,24,0,68 8,1,10,,598739,24,0,68 8,1,10,,580522,24,0,68 8,1,10,,571316,24,0,68 8,1,50,,652089,24,0,68 8,1,10,,652138,24,0,68 8,1,10,,652151,24,0,68 8,1,10,,652083,24,0,68 8,1,10,,652092,24,0,68 8,1,10,,652139,24,0,68 8,1,50,,652074,24,0,68 8,1,8,,652137,24,0,68 8,1,9,,547470,24,0,68 8,1,8,,652128,24,0,68 8,1,10,,472669,24,0,68 8,1,10,,510574,24,0,68 8,1,10,,652156,24,0,68 8,1,50,,652098,24,0,68 8,1,10,,652113,24,0,68 8,1,10,,652087,24,0,68 8,1,10,,652108,24,0,68 8,1,10,,652119,24,0,68 8,1,10,,652109,24,0,68 8,1,50,,566660,24,0,68 8,1,10,,652122,24,0,68 8,1,10,,652088,24,0,68 8,1,10,,652118,24,0,68 8,1,10,,652135,24,0,68 8,1,10,,652157,24,0,68 8,1,50,,652143,24,0,68 8,1,6,,564264,24,0,68 8,1,7,,652086,24,0,68 8,1,10,,652130,24,0,68 8,1,10,,652082,24,0,68 8,1,10,,652160,24,0,68 8,1,10,,652145,24,0,68 8,1,50,,652078,24,0,68 8,1,10,,652075,24,0,68 8,1,10,,652115,24,0,68 8,1,10,,652121,24,0,68 8,1,10,,652076,24,0,68 8,1,10,,652161,24,0,68 8,1,50,,652090,24,0,68 8,1,10,,652084,24,0,68 8,1,10,,602393,24,0,68 8,1,10,,560537,24,0,68 8,1,10,,652162,24,0,68 8,1,10,,652166,24,0,68 8,1,50,,652141,24,0,68 8,1,10,,598522,24,0,68 8,1,10,,652120,24,0,68 8,1,10,,652110,24,0,68 8,1,13,,549383,24,0,68 8,1,54,,652159,24,0,51,1,15,,652168,24,0,51,1
8904,'5',558,,652243,24,0,68 8,1,55,,652241,24,0,68 8,1,14,,652274,24,0,68 8,1,10,,652195,24,0,68 8,1,10,,652249,24,0,68 8,1,10,,652209,24,0,68 8,1,50,,652200,24,0,68 8,1,10,,652271,24,0,68 8,1,10,,652266,24,0,68 8,1,10,,652221,24,0,68 8,1,10,,652220,24,0,68 8,1,7,,652227,24,0,68 8,1,48,,652214,24,0,68 8,1,11,,652253,24,0,68 8,1,11,,652172,24,0,68 8,1,9,,652232,24,0,68 8,1,10,,652175,24,0,68 8,1,10,,652260,24,0,68 8,1,50,,652244,24,0,68 8,1,10,,652186,24,0,68 8,1,10,,652255,24,0,68 8,1,10,,652201,24,0,68 8,1,10,,652196,24,0,68 8,1,10,,652237,24,0,68 8,1,50,,652181,24,0,68 8,1,10,,652180,24,0,68 8,1,10,,652177,24,0,68 8,1,10,,652261,24,0,68 8,1,10,,652250,24,0,68 8,1,10,,652248,24,0,68 8,1,50,,652245,24,0,68 8,1,10,,652192,24,0,68 8,1,10,,652210,24,0,68 8,1,10,,652173,24,0,68 8,1,10,,652189,24,0,68 8,1,9,,652206,24,0,68 8,1,49,,513622,24,0,68 8,1,10,,652270,24,0,68 8,1,10,,652239,24,0,68 8,1,10,,652257,24,0,68 8,1,10,,652215,24,0,68 8,1,10,,547567,24,0,68 8,1,50,,541409,24,0,68 8,1,10,,652198,24,0,68 8,1,10,,652234,24,0,68 8,1,10,,652187,24,0,68 8,1,10,,652264,24,0,68 8,1,10,,652228,24,0,68 8,1,50,,652171,24,0,68 8,1,10,,652236,24,0,68 8,1,10,,652207,24,0,68 8,1,10,,652202,24,0,68 8,1,10,,652217,24,0,68 8,1,10,,652208,24,0,68 8,1,50,,652226,24,0,68 8,1,10,,596304,24,0,68 8,1,10,,652176,24,0,68 8,1,10,,652258,24,0,68 8,1,10,,652223,24,0,68 8,1,10,,652170,24,0,68 8,1,50,,652254,24,0,68 8,1,10,,652188,24,0,68 8,1,10,,652219,24,0,68 8,1,10,,540761,24,0,68 8,1,10,,652263,24,0,68 8,1,10,,652191,24,0,68 8,1,50,,573822,24,0,68 8,1,10,,652224,24,0,68 8,1,10,,652212,24,0,68 8,1,10,,652199,24,0,68 8,1,10,,579599,24,0,68 8,1,10,,652235,24,0,68 8,1,50,,652211,24,0,68 8,1,10,,652216,24,0,68 8,1,10,,652231,24,0,68 8,1,10,,652222,24,0,68 8,1,10,,560552,24,0,68 8,1,10,,652197,24,0,68 8,1,50,,652246,24,0,68 8,1,8,,652178,24,0,68 8,1,9,,652272,24,0,68 8,1,8,,652247,24,0,68 8,1,10,,652251,24,0,68 8,1,10,,652204,24,0,68 8,1,10,,652238,24,0,68 8,1,50,,598580,24,0,68 8,1,10,,652268,24,0,68 8,1,10,,652225,24,0,68 8,1,10,,584456,24,0,68 8,1,10,,652229,24,0,68 8,1,10,,652179,24,0,68 8,1,50,,652174,24,0,68 8,1,10,,652194,24,0,68 8,1,10,,652205,24,0,68 8,1,10,,652184,24,0,68 8,1,10,,652273,24,0,68 8,1,10,,652267,24,0,68 8,1,50,,652193,24,0,68 8,1,6,,517961,24,0,68 8,1,7,,597169,24,0,68 8,1,10,,652259,24,0,68 8,1,10,,544796,24,0,68 8,1,10,,652252,24,0,68 8,1,10,,652256,24,0,68 8,1,50,,514442,24,0,68 8,1,10,,652182,24,0,68 8,1,10,,652242,24,0,68 8,1,10,,652262,24,0,68 8,1,10,,652230,24,0,68 8,1,10,,588344,24,0,68 8,1,50,,569164,24,0,68 8,1,10,,652233,24,0,68 8,1,10,,652169,24,0,68 8,1,10,,530328,24,0,68 8,1,10,,652240,24,0,68 8,1,10,,652183,24,0,68 8,1,50,,652203,24,0,68 8,1,10,,652269,24,0,68 8,1,10,,652218,24,0,68 8,1,10,,652190,24,0,68 8,1,13,,550688,24,0,68 8,1,54,,652265,24,0,51,1,15,,564541,24,0,51,1
16803,'1',2626,,587166,21,4,,1
16803,'2',2626,,677391,21,4,,1
16803,'3',2626,,677435,21,4,,1
16803,'5',2626,,677447,21,4,,1
17103,'1',401,,677965,2,0,190 6,1,20,,677971,2,0,190 6,1,20,,677970,2,0,190 6,1,62,,541687,2,0,190 6,1,20,,677964,2,0,190 6,1,19,,677966,17,0,5 190 6,1,17,,594320,17,0,5 190 6,1,60,,677976,17,0,5 190 6,1,20,,588934,17,0,5 190 6,1,20,,677967,17,0,5 190 6,1,67,,677984,17,0,5 190 6,1,25,,677942,17,0,5 190 6,1,65,,677948,17,0,5 190 6,1,25,,677952,17,0,5 190 6,1,65,,385455,17,0,5 190 6,1,24,,677953,17,0,5 190 6,1,25,,677944,17,0,5 190 6,1,65,,677962,17,0,5 190 6,1,25,,677968,17,0,5 190 6,1,65,,677979,17,0,5 190 6,1,25,,677975,17,0,5 190 6,1,65,,677973,17,0,5 190 6,1,25,,677978,17,0,5 190 6,1,25,,677946,17,0,5 190 6,1,65,,434321,17,0,5 190 6,1,25,,677957,17,0,5 190 6,1,65,,677956,17,0,5 190 6,1,29,,677955,17,0,5 190 6,1,70,,677977,17,0,5 190 6,1,30,,677949,17,0,5 190 6,1,70,,677941,17,0,5 190 6,1,30,,677951,17,0,5 190 6,1,70,,677963,17,0,5 190 6,1,30,,677945,17,0,5 190 6,1,70,,677980,17,0,5 190 6,1,30,,677961,17,0,5 190 6,1,69,,590064,17,0,5 190 6,1,23,,677969,17,0,5 190 6,1,19,,677950,17,0,5 190 6,1,60,,677974,17,0,5 190 6,1,20,,677954,17,0,5 190 6,1,20,,677958,17,0,5 190 6,1,60,,573074,17,0,5 190 6,1,20,,518587,17,0,5 190 6,1,20,,389716,17,0,5 190 6,1,60,,677943,17,0,5 190 6,1,18,,677982,17,0,5 190 6,1,20,,677983,17,0,5 190 6,1,60,,677981,17,0,5 190 6,1,20,,677960,17,0,5 190 6,1,20,,677985,17,0,5 190 6,1,60,,677959,17,0,5 190 6,1,20,,677972,17,0,5 190 6,1,20,,544082,17,0,5 190 6,1,60,,542790,17,0,5 190 6,1,16,,677947,17,0,5 190 6,1
17103,'2',401,,678011,2,0,190 6,1,20,,677991,2,0,190 6,1,20,,678031,2,0,190 6,1,60,,678017,2,0,190 6,1,20,,678022,2,0,190 6,1,18,,603508,2,0,190 6,1,18,,570407,17,0,5 190 6,1,56,,603790,17,0,5 190 6,1,20,,582264,17,0,5 190 6,1,20,,405246,17,0,5 190 6,1,60,,678035,17,0,5 190 6,1,20,,431886,17,0,5 190 6,1,20,,601593,17,0,5 190 6,1,61,,678005,17,0,5 190 6,1,21,,678002,17,0,5 190 6,1,20,,678004,17,0,5 190 6,1,60,,519919,17,0,5 190 6,1,20,,677997,17,0,5 190 6,1,20,,678016,17,0,5 190 6,1,60,,678033,17,0,5 190 6,1,20,,677993,17,0,5 190 6,1,20,,678020,17,0,5 190 6,1,60,,678000,17,0,5 190 6,1,20,,678014,17,0,5 190 6,1,20,,677994,17,0,5 190 6,1,62,,677999,17,0,5 190 6,1,21,,677990,17,0,5 190 6,1,62,,448052,17,0,5 190 6,1,22,,678003,17,0,5 190 6,1,22,,678015,17,0,5 190 6,1,62,,677998,17,0,5 190 6,1,22,,677996,17,0,5 190 6,1,22,,677995,17,0,5 190 6,1,62,,485838,17,0,5 190 6,1,22,,469824,17,0,5 190 6,1,22,,678009,17,0,5 190 6,1,62,,677992,17,0,5 190 6,1,22,,678024,17,0,5 190 6,1,62,,677987,17,0,5 190 6,1,22,,678028,17,0,5 190 6,1,22,,678025,17,0,5 190 6,1,62,,678034,17,0,5 190 6,1,22,,678019,17,0,5 190 6,1,22,,678012,17,0,5 190 6,1,60,,678010,17,0,5 190 6,1,13,,678026,17,0,5 190 6,1,19,,678027,17,0,5 190 6,1,60,,678032,17,0,5 190 6,1,20,,677988,17,0,5 190 6,1,20,,678006,17,0,5 190 6,1,60,,678013,17,0,5 190 6,1,20,,678008,17,0,5 190 6,1,20,,677989,17,0,5 190 6,1,60,,678021,17,0,5 190 6,1,19,,678036,17,0,5 190 6,1,20,,678029,17,0,5 190 6,1,60,,678001,17,0,5 190 6,1,20,,678030,17,0,5 190 6,1,20,,602744,17,0,5 190 6,1,60,,678018,17,0,5 190 6,1,20,,678023,17,0,5 190 6,1,20,,677986,17,0,5 190 6,1,60,,500705,17,0,5 190 6,1,16,,678007,17,0,5 190 6,1
17103,'3',401,,536578,2,0,190 6,1,20,,678069,2,0,190 6,1,20,,678055,2,0,190 6,1,60,,678040,2,0,190 6,1,20,,678049,2,0,190 6,1,18,,678093,2,0,190 6,1,18,,678074,17,0,5 190 6,1,56,,678065,17,0,5 190 6,1,20,,678072,17,0,5 190 6,1,20,,678092,17,0,5 190 6,1,60,,678048,17,0,5 190 6,1,21,,678041,17,0,5 190 6,1,21,,561541,17,0,5 190 6,1,60,,678088,17,0,5 190 6,1,20,,678084,17,0,5 190 6,1,20,,678083,17,0,5 190 6,1,60,,678043,17,0,5 190 6,1,20,,678075,17,0,5 190 6,1,20,,678052,17,0,5 190 6,1,60,,678062,17,0,5 190 6,1,20,,678042,17,0,5 190 6,1,20,,678039,17,0,5 190 6,1,60,,678081,17,0,5 190 6,1,20,,678091,17,0,5 190 6,1,20,,678051,17,0,5 190 6,1,60,,678089,17,0,5 190 6,1,21,,543849,17,0,5 190 6,1,20,,678047,17,0,5 190 6,1,60,,678045,17,0,5 190 6,1,20,,678073,17,0,5 190 6,1,20,,678054,17,0,5 190 6,1,60,,678061,17,0,5 190 6,1,20,,678068,17,0,5 190 6,1,20,,678066,17,0,5 190 6,1,60,,678078,17,0,5 190 6,1,20,,678079,17,0,5 190 6,1,20,,678038,17,0,5 190 6,1,60,,678077,17,0,5 190 6,1,20,,678067,17,0,5 190 6,1,20,,678046,17,0,5 190 6,1,60,,678090,17,0,5 190 6,1,20,,678085,17,0,5 190 6,1,20,,678071,17,0,5 190 6,1,60,,678044,17,0,5 190 6,1,20,,678057,17,0,5 190 6,1,20,,590600,17,0,5 190 6,1,59,,678056,17,0,5 190 6,1,15,,678086,17,0,5 190 6,1,16,,678082,17,0,5 190 6,1,58,,467465,17,0,5 190 6,1,20,,678058,17,0,5 190 6,1,20,,678070,17,0,5 190 6,1,60,,678080,17,0,5 190 6,1,20,,493369,17,0,5 190 6,1,20,,678064,17,0,5 190 6,1,60,,678063,17,0,5 190 6,1,18,,568716,17,0,5 190 6,1,20,,570505,17,0,5 190 6,1,60,,678087,17,0,5 190 6,1,20,,678076,17,0,5 190 6,1,20,,678060,17,0,5 190 6,1,60,,678037,17,0,5 190 6,1,20,,567145,17,0,5 190 6,1,20,,678053,17,0,5 190 6,1,60,,678059,17,0,5 190 6,1,16,,678050,17,0,5 190 6,1
17103,'5',401,,678098,2,0,190 6,1,20,,678110,2,0,190 6,1,20,,678130,2,0,190 6,1,60,,678119,2,0,190 6,1,20,,678129,2,0,190 6,1,18,,678111,2,0,190 6,1,18,,678106,17,0,5 190 6,1,56,,678108,17,0,5 190 6,1,20,,678114,17,0,5 190 6,1,20,,551673,17,0,5 190 6,1,60,,678107,17,0,5 190 6,1,14,,678113,17,0,5 190 6,1,16,,584479,17,0,5 190 6,1,59,,678116,17,0,5 190 6,1,17,,678133,17,0,5 190 6,1,16,,678094,17,0,5 190 6,1,20,,678124,17,0,5 190 6,1,60,,533889,17,0,5 190 6,1,20,,678118,17,0,5 190 6,1,20,,678148,17,0,5 190 6,1,60,,678099,17,0,5 190 6,1,20,,580896,17,0,5 190 6,1,20,,555958,17,0,5 190 6,1,60,,678138,17,0,5 190 6,1,20,,520508,17,0,5 190 6,1,20,,570199,17,0,5 190 6,1,60,,678109,17,0,5 190 6,1,21,,678095,17,0,5 190 6,1,20,,678115,17,0,5 190 6,1,60,,678147,17,0,5 190 6,1,20,,678122,17,0,5 190 6,1,20,,678101,17,0,5 190 6,1,60,,678126,17,0,5 190 6,1,20,,678136,17,0,5 190 6,1,20,,678097,17,0,5 190 6,1,60,,678139,17,0,5 190 6,1,20,,678102,17,0,5 190 6,1,20,,678135,17,0,5 190 6,1,60,,678125,17,0,5 190 6,1,20,,678123,17,0,5 190 6,1,20,,678132,17,0,5 190 6,1,60,,678137,17,0,5 190 6,1,20,,539883,17,0,5 190 6,1,20,,678096,17,0,5 190 6,1,60,,678134,17,0,5 190 6,1,20,,678142,17,0,5 190 6,1,20,,678100,17,0,5 190 6,1,59,,678140,17,0,5 190 6,1,15,,678112,17,0,5 190 6,1,16,,602486,17,0,5 190 6,1,58,,678131,17,0,5 190 6,1,20,,678127,17,0,5 190 6,1,20,,678145,17,0,5 190 6,1,60,,678144,17,0,5 190 6,1,20,,556555,17,0,5 190 6,1,20,,678121,17,0,5 190 6,1,60,,678146,17,0,5 190 6,1,18,,678117,17,0,5 190 6,1,20,,678128,17,0,5 190 6,1,60,,678120,17,0,5 190 6,1,20,,678141,17,0,5 190 6,1,20,,678104,17,0,5 190 6,1,60,,678143,17,0,5 190 6,1,20,,514022,17,0,5 190 6,1,20,,678105,17,0,5 190 6,1,60,,678103,17,0,5 190 6,1,16,,550090,17,0,5 190 6,1
17104,'1',400,,555605,7,4,,1,20,,678181,7,4,,1,20,,678149,7,4,,1
17104,'2',359,,576220,7,4,,1,60,,543305,7,4,,1,20,,524404,7,4,,1,20,,678210,7,4,,1,60,,678211,7,4,,1,18,,493243,7,4,,1
17104,'3',359,,678262,7,4,,1,60,,507058,7,4,,1,20,,504544,7,4,,1,20,,678240,7,4,,1,60,,568676,7,4,,1,18,,678254,7,4,,1
17104,'5',359,,678309,7,4,,1,60,,678343,7,4,,1,20,,602874,7,4,,1,20,,678321,7,4,,1,60,,526195,7,4,,1,18,,678335,7,4,,1
33402,'1',503,,681935,114,0,17 154 8,1,15,,681945,58,0,17 154 8,1,15,,566142,114,0,17 154 8,1,15,,681931,58,0,17 154 8,1,11,,681929,58,0,17 154 8,1,48,,681940,30,0,17 154 8,1,8,,681949,115,0,17 154 8,1,8,,681930,30,0,17 154 8,1,8,,681933,59,0,17 154 8,1,8,,681941,59,0,17 154 8,1,1883,,681938,2,0,5 132 133,1,30,,681947,2,0,5 132 133,1,70,,681932,59,0,5 132 133,1,23,,540862,56,0,5 132 133,1,70,,541776,56,0,5 132 133,1,30,,681934,56,0,5 132 133,1,70,,681943,56,0,5 132 133,1,30,,548942,56,0,5 132 133,1
33402,'2',515,,681971,56,0,5 132 133,1,15,,681969,112,0,17 154 8,1,18,,681970,56,0,5 132 133,1,55,,681968,114,0,17 154 8,1,15,,681967,59,0,17 154 8,1,12,,681972,59,0,17 154 8,1,1892,,681973,2,0,5 132 133,1,30,,681951,2,0,5 132 133,1,70,,681953,59,0,5 132 133,1,23,,681959,56,0,5 132 133,1,70,,681962,56,0,5 132 133,1,30,,681958,56,0,5 132 133,1,70,,681961,56,0,5 132 133,1,30,,681955,56,0,5 132 133,1
33402,'3',515,,681975,56,0,5 132 133,1,30,,681981,56,0,5 132 133,1,70,,681979,58,0,17 154 8,1,25,,575756,58,0,17 154 8,1,60,,591966,58,0,17 154 8,1,20,,681997,58,0,17 154 8,1,20,,681986,58,0,17 154 8,1,60,,682002,58,0,17 154 8,1,11,,529728,114,0,17 154 8,1,14,,681989,59,0,17 154 8,1,1697,,681974,2,0,5 132 133,1,30,,682003,2,0,5 132 133,1,70,,681976,59,0,5 132 133,1,23,,681993,56,0,5 132 133,1,70,,681994,56,0,5 132 133,1,30,,682004,56,0,5 132 133,1,70,,682001,56,0,5 132 133,1,30,,682005,56,0,5 132 133,1
33402,'5',515,,528479,56,0,5 132 133,1,15,,682028,112,0,17 154 8,1,15,,682031,56,0,5 132 133,1,58,,682021,114,0,17 154 8,1,11,,682023,59,0,17 154 8,1,10,,571960,59,0,17 154 8,1,1898,,682012,2,0,5 132 133,1,30,,682029,2,0,5 132 133,1,70,,588713,59,0,5 132 133,1,23,,682019,56,0,5 132 133,1,70,,682024,56,0,5 132 133,1,30,,682032,56,0,5 132 133,1,70,,682016,56,0,5 132 133,1,30,,682022,56,0,5 132 133,1
