3503,'1',534,,704770,33,0,34 47 48 15,1,18,,606410,33,0,34 47 48 15,1,7,,704796,33,0,5 47 48 15,1,46,,704757,33,0,34 47 48 15,1,6,,650376,33,0,5 47 48 15,1,6,,704760,33,0,34 47 48 15,1,6,,704803,33,0,5 47 48 15,1,6,,704819,33,0,34 47 48 15,1,6,,704849,33,0,5 47 48 15,1,6,,704823,33,0,34 47 48 15,1,6,,704758,33,0,5 47 48 15,1,6,,704772,33,0,34 47 48 15,1,6,,704800,33,0,5 47 48 15,1,46,,704821,33,0,34 47 48 15,1,6,,704870,33,0,5 47 48 15,1,6,,704811,33,0,34 47 48 15,1,6,,704774,33,0,5 47 48 15,1,7,,704832,33,0,34 47 48 15,1,7,,675876,33,0,5 47 48 15,1,7,,704833,33,0,34 47 48 15,1,7,,704799,33,0,5 47 48 15,1,8,,704872,33,0,34 47 48 15,1,47,,704794,33,0,5 47 48 15,1,8,,704865,33,0,34 47 48 15,1,7,,704822,33,0,5 47 48 15,1,8,,704827,33,0,34 47 48 15,1,7,,704768,33,0,5 47 48 15,1,8,,593539,33,0,34 47 48 15,1,7,,704867,33,0,5 47 48 15,1,8,,646983,33,0,34 47 48 15,1,47,,704795,33,0,5 47 48 15,1,8,,704864,33,0,34 47 48 15,1,7,,704798,33,0,5 47 48 15,1,9,,704776,33,0,34 47 48 15,1,8,,704777,33,0,5 47 48 15,1,7,,704750,33,0,34 47 48 15,1,9,,704782,33,0,5 47 48 15,1,48,,704817,33,0,34 47 48 15,1,9,,704826,33,0,5 47 48 15,1,8,,704825,33,0,34 47 48 15,1,9,,634981,33,0,5 47 48 15,1,8,,704851,33,0,34 47 48 15,1,9,,638688,33,0,5 47 48 15,1,8,,704845,33,0,34 47 48 15,1,49,,704820,33,0,5 47 48 15,1,8,,704862,33,0,34 47 48 15,1,9,,704801,33,0,5 47 48 15,1,8,,704809,33,0,34 47 48 15,1,9,,704841,33,0,5 47 48 15,1,8,,704793,33,0,34 47 48 15,1,9,,704835,33,0,5 47 48 15,1,49,,704854,33,0,34 47 48 15,1,8,,704868,33,0,5 47 48 15,1,9,,704839,33,0,34 47 48 15,1,8,,704783,33,0,5 47 48 15,1,9,,704858,33,0,34 47 48 15,1,9,,704843,33,0,5 47 48 15,1,8,,704779,33,0,34 47 48 15,1,49,,649853,33,0,5 47 48 15,1,8,,704834,33,0,34 47 48 15,1,9,,704861,33,0,5 47 48 15,1,8,,704860,33,0,34 47 48 15,1,9,,643964,33,0,5 47 48 15,1,8,,679638,33,0,34 47 48 15,1,9,,704840,33,0,5 47 48 15,1,48,,704829,33,0,34 47 48 15,1,9,,704785,33,0,5 47 48 15,1,8,,704812,33,0,34 47 48 15,1,8,,704759,33,0,5 47 48 15,1,8,,704830,33,0,34 47 48 15,1,8,,704853,33,0,5 47 48 15,1,9,,704773,33,0,34 47 48 15,1,8,,704808,33,0,5 47 48 15,1,49,,704838,33,0,34 47 48 15,1,8,,704767,33,0,5 47 48 15,1,8,,631377,33,0,34 47 48 15,1,7,,704763,33,0,5 47 48 15,1,8,,704850,33,0,34 47 48 15,1,7,,704749,33,0,5 47 48 15,1,8,,704848,33,0,34 47 48 15,1,47,,704771,33,0,5 47 48 15,1,8,,704762,33,0,34 47 48 15,1,7,,532869,33,0,5 47 48 15,1,8,,622914,33,0,34 47 48 15,1,7,,704818,33,0,5 47 48 15,1,8,,704815,33,0,34 47 48 15,1,7,,704775,33,0,5 47 48 15,1,8,,647210,33,0,34 47 48 15,1,47,,704824,33,0,5 47 48 15,1,7,,645955,33,0,34 47 48 15,1,6,,464258,33,0,5 47 48 15,1,8,,704804,33,0,34 47 48 15,1,5,,704846,33,0,5 47 48 15,1,7,,677854,33,0,34 47 48 15,1,7,,609897,33,0,5 47 48 15,1,7,,704781,33,0,34 47 48 15,1,7,,636109,33,0,5 47 48 15,1,48,,704836,33,0,34 47 48 15,1,7,,704814,33,0,5 47 48 15,1,8,,704797,33,0,34 47 48 15,1,7,,484116,33,0,5 47 48 15,1,8,,704755,33,0,34 47 48 15,1,7,,704754,33,0,5 47 48 15,1,8,,704813,33,0,34 47 48 15,1,7,,661212,33,0,5 47 48 15,1,48,,704837,33,0,34 47 48 15,1,7,,635728,33,0,5 47 48 15,1,7,,704792,33,0,34 47 48 15,1,4,,704780,33,0,5 47 48 15,1,4,,704765,33,0,34 47 48 15,1,7,,635574,33,0,5 47 48 15,1,6,,704807,33,0,34 47 48 15,1,9,,704828,33,0,5 47 48 15,1,8,,704752,33,0,34 47 48 15,1,49,,640260,33,0,5 47 48 15,1,8,,704761,33,0,34 47 48 15,1,9,,704810,33,0,5 47 48 15,1,8,,704778,33,0,34 47 48 15,1,9,,704859,33,0,5 47 48 15,1,8,,583276,33,0,34 47 48 15,1,9,,704789,33,0,5 47 48 15,1,48,,704816,33,0,34 47 48 15,1,9,,689511,33,0,5 47 48 15,1,8,,704790,33,0,34 47 48 15,1,9,,704784,33,0,5 47 48 15,1,8,,704856,33,0,34 47 48 15,1,9,,636142,33,0,5 47 48 15,1,8,,704766,33,0,34 47 48 15,1,49,,704857,33,0,5 47 48 15,1,6,,704791,33,0,34 47 48 15,1,7,,655282,33,0,5 47 48 15,1,8,,704786,33,0,34 47 48 15,1,8,,704753,33,0,5 47 48 15,1,10,,704805,33,0,34 47 48 15,1,10,,704769,33,0,5 47 48 15,1,50,,704847,33,0,34 47 48 15,1,10,,704855,33,0,5 47 48 15,1,10,,704787,33,0,34 47 48 15,1,10,,704751,33,0,5 47 48 15,1,10,,704806,33,0,34 47 48 15,1,10,,704756,33,0,5 47 48 15,1,50,,704869,33,0,34 47 48 15,1,10,,704831,33,0,5 47 48 15,1,10,,704764,33,0,34 47 48 15,1,10,,535534,33,0,5 47 48 15,1,10,,704852,33,0,34 47 48 15,1,10,,704802,33,0,5 47 48 15,1,50,,704788,33,0,34 47 48 15,1,10,,704863,33,0,5 47 48 15,1,10,,704871,33,0,34 47 48 15,1,10,,704842,33,0,5 47 48 15,1,15,,486078,33,0,5 47 48 15,1,53,,610512,33,0,5 47 48 15,1,15,,704866,33,0,5 47 48 15,1,15,,585024,33,0,5 9,1,15,,704844,33,0,5 9,1
3503,'2',538,,610539,30,0,34 47 48 15,1,17,,704975,30,0,34 47 48 15,1,50,,664284,30,0,5 47 48 15,1,7,,704970,30,0,34 47 48 15,1,8,,704946,30,0,5 47 48 15,1,10,,665974,33,0,34 47 48 15,1,10,,704934,33,0,5 47 48 15,1,10,,704928,33,0,34 47 48 15,1,50,,635102,33,0,5 47 48 15,1,10,,704901,33,0,34 47 48 15,1,10,,704909,33,0,5 47 48 15,1,10,,704947,33,0,34 47 48 15,1,10,,704929,33,0,5 47 48 15,1,10,,704911,33,0,34 47 48 15,1,50,,704936,33,0,5 47 48 15,1,11,,704883,33,0,34 47 48 15,1,13,,704937,33,0,5 47 48 15,1,14,,591389,33,0,34 47 48 15,1,10,,704967,33,0,5 47 48 15,1,10,,704920,33,0,34 47 48 15,1,50,,704925,33,0,5 47 48 15,1,10,,704979,33,0,34 47 48 15,1,10,,704881,33,0,5 47 48 15,1,10,,704905,33,0,34 47 48 15,1,10,,704896,33,0,5 47 48 15,1,10,,501910,33,0,34 47 48 15,1,50,,623557,33,0,5 47 48 15,1,10,,704954,33,0,34 47 48 15,1,10,,704921,33,0,5 47 48 15,1,10,,704910,33,0,34 47 48 15,1,10,,704948,33,0,5 47 48 15,1,10,,704961,33,0,34 47 48 15,1,50,,704882,33,0,5 47 48 15,1,10,,704919,33,0,34 47 48 15,1,10,,704933,33,0,5 47 48 15,1,10,,704976,33,0,34 47 48 15,1,10,,704965,33,0,5 47 48 15,1,10,,704894,33,0,34 47 48 15,1,51,,631434,33,0,5 47 48 15,1,11,,704978,33,0,34 47 48 15,1,9,,704938,33,0,5 47 48 15,1,11,,704939,33,0,34 47 48 15,1,7,,704917,33,0,5 47 48 15,1,8,,704889,33,0,34 47 48 15,1,47,,704898,33,0,5 47 48 15,1,8,,704968,33,0,34 47 48 15,1,7,,704904,33,0,5 47 48 15,1,8,,651648,33,0,34 47 48 15,1,7,,704942,33,0,5 47 48 15,1,8,,649522,33,0,34 47 48 15,1,7,,704959,33,0,5 47 48 15,1,8,,704974,33,0,34 47 48 15,1,47,,616098,33,0,5 47 48 15,1,8,,704891,33,0,34 47 48 15,1,7,,704873,33,0,5 47 48 15,1,8,,704877,33,0,34 47 48 15,1,7,,704887,33,0,5 47 48 15,1,8,,704906,33,0,34 47 48 15,1,7,,704876,33,0,5 47 48 15,1,8,,704971,33,0,34 47 48 15,1,47,,704888,33,0,5 47 48 15,1,8,,704899,33,0,34 47 48 15,1,7,,688231,33,0,5 47 48 15,1,8,,670843,33,0,34 47 48 15,1,7,,704923,33,0,5 47 48 15,1,8,,704922,33,0,34 47 48 15,1,7,,704962,33,0,5 47 48 15,1,8,,704963,33,0,34 47 48 15,1,47,,662441,33,0,5 47 48 15,1,8,,641727,33,0,34 47 48 15,1,7,,661912,33,0,5 47 48 15,1,8,,704951,33,0,34 47 48 15,1,7,,704893,33,0,5 47 48 15,1,8,,704907,33,0,34 47 48 15,1,7,,623238,33,0,5 47 48 15,1,8,,704875,33,0,34 47 48 15,1,47,,704952,33,0,5 47 48 15,1,8,,704927,33,0,34 47 48 15,1,6,,704930,33,0,5 47 48 15,1,7,,704890,33,0,34 47 48 15,1,6,,704916,33,0,5 47 48 15,1,8,,704918,33,0,34 47 48 15,1,9,,704945,33,0,5 47 48 15,1,8,,704908,33,0,34 47 48 15,1,49,,704924,33,0,5 47 48 15,1,8,,627384,33,0,34 47 48 15,1,9,,605934,33,0,5 47 48 15,1,8,,624577,33,0,34 47 48 15,1,9,,704940,33,0,5 47 48 15,1,8,,704902,33,0,34 47 48 15,1,9,,605691,33,0,5 47 48 15,1,48,,608146,33,0,34 47 48 15,1,8,,704900,33,0,5 47 48 15,1,7,,559407,33,0,34 47 48 15,1,9,,704912,33,0,5 47 48 15,1,6,,654596,33,0,34 47 48 15,1,9,,704969,33,0,5 47 48 15,1,10,,704885,33,0,34 47 48 15,1,50,,704972,33,0,5 47 48 15,1,10,,704926,33,0,34 47 48 15,1,10,,704941,33,0,5 47 48 15,1,10,,704960,33,0,34 47 48 15,1,10,,622360,33,0,5 47 48 15,1,10,,704932,33,0,34 47 48 15,1,50,,681071,33,0,5 47 48 15,1,10,,704977,33,0,34 47 48 15,1,10,,704914,33,0,5 47 48 15,1,10,,704931,33,0,34 47 48 15,1,10,,704886,33,0,5 47 48 15,1,10,,704913,33,0,34 47 48 15,1,50,,704964,33,0,5 47 48 15,1,9,,621950,33,0,34 47 48 15,1,7,,621145,33,0,5 47 48 15,1,8,,704953,33,0,34 47 48 15,1,9,,704897,33,0,5 47 48 15,1,10,,704955,33,0,34 47 48 15,1,10,,704956,33,0,5 47 48 15,1,50,,704949,33,0,34 47 48 15,1,10,,704895,33,0,5 47 48 15,1,10,,670069,33,0,34 47 48 15,1,10,,704935,33,0,5 47 48 15,1,10,,704884,33,0,34 47 48 15,1,10,,704943,33,0,5 47 48 15,1,50,,704966,33,0,34 47 48 15,1,10,,704903,33,0,5 47 48 15,1,10,,704915,33,0,34 47 48 15,1,10,,704944,33,0,5 47 48 15,1,10,,704957,33,0,34 47 48 15,1,10,,704973,33,0,5 47 48 15,1,50,,704892,33,0,34 47 48 15,1,10,,704879,33,0,5 47 48 15,1,10,,704950,33,0,34 47 48 15,1,10,,704880,33,0,5 47 48 15,1,14,,704878,33,0,5 47 48 15,1,52,,704958,33,0,5 47 48 15,1,15,,704874,33,0,5 47 48 15,1,15,,560378,33,0,5 9,1,15,,653368,33,0,5 9,1
3503,'3',738,,705040,33,0,34 47 48 15,1,11,,705060,33,0,5 47 48 15,1,51,,704981,33,0,34 47 48 15,1,11,,655528,33,0,5 47 48 15,1,12,,705029,33,0,34 47 48 15,1,14,,705039,33,0,5 47 48 15,1,10,,553758,33,0,34 47 48 15,1,10,,440118,33,0,5 47 48 15,1,50,,705059,33,0,34 47 48 15,1,10,,704990,33,0,5 47 48 15,1,10,,705031,33,0,34 47 48 15,1,10,,705068,33,0,5 47 48 15,1,10,,705009,33,0,34 47 48 15,1,10,,704994,33,0,5 47 48 15,1,50,,705053,33,0,34 47 48 15,1,10,,705067,33,0,5 47 48 15,1,10,,626046,33,0,34 47 48 15,1,10,,705020,33,0,5 47 48 15,1,10,,705057,33,0,34 47 48 15,1,10,,705032,33,0,5 47 48 15,1,50,,705007,33,0,34 47 48 15,1,10,,686984,33,0,5 47 48 15,1,10,,705034,33,0,34 47 48 15,1,10,,567705,33,0,5 47 48 15,1,10,,673917,33,0,34 47 48 15,1,10,,705044,33,0,5 47 48 15,1,50,,705042,33,0,34 47 48 15,1,10,,638536,33,0,5 47 48 15,1,10,,705030,33,0,34 47 48 15,1,9,,669071,33,0,5 47 48 15,1,9,,681123,33,0,34 47 48 15,1,9,,705006,33,0,5 47 48 15,1,49,,704999,33,0,34 47 48 15,1,9,,659059,33,0,5 47 48 15,1,9,,600504,33,0,34 47 48 15,1,9,,704983,33,0,5 47 48 15,1,9,,705021,33,0,34 47 48 15,1,9,,705037,33,0,5 47 48 15,1,9,,705013,33,0,34 47 48 15,1,49,,705014,33,0,5 47 48 15,1,9,,705036,33,0,34 47 48 15,1,9,,705018,33,0,5 47 48 15,1,9,,705046,33,0,34 47 48 15,1,9,,705058,33,0,5 47 48 15,1,9,,705000,33,0,34 47 48 15,1,49,,705056,33,0,5 47 48 15,1,9,,618551,33,0,34 47 48 15,1,9,,704991,33,0,5 47 48 15,1,9,,705001,33,0,34 47 48 15,1,9,,617291,33,0,5 47 48 15,1,9,,705055,33,0,34 47 48 15,1,9,,705065,33,0,5 47 48 15,1,49,,705045,33,0,34 47 48 15,1,9,,705054,33,0,5 47 48 15,1,9,,705019,33,0,34 47 48 15,1,9,,704980,33,0,5 47 48 15,1,9,,705015,33,0,34 47 48 15,1,9,,705027,33,0,5 47 48 15,1,9,,688327,33,0,34 47 48 15,1,49,,705063,33,0,5 47 48 15,1,9,,681536,33,0,34 47 48 15,1,9,,705050,33,0,5 47 48 15,1,9,,705048,33,0,34 47 48 15,1,9,,652159,33,0,5 47 48 15,1,10,,685224,33,0,34 47 48 15,1,50,,705002,33,0,5 47 48 15,1,10,,704986,33,0,34 47 48 15,1,10,,704985,33,0,5 47 48 15,1,10,,705028,33,0,34 47 48 15,1,10,,705047,33,0,5 47 48 15,1,10,,629983,33,0,34 47 48 15,1,50,,705024,33,0,5 47 48 15,1,9,,705041,33,0,34 47 48 15,1,7,,705033,33,0,5 47 48 15,1,8,,705003,33,0,34 47 48 15,1,9,,705017,33,0,5 47 48 15,1,10,,624202,33,0,34 47 48 15,1,10,,705005,33,0,5 47 48 15,1,50,,705064,33,0,34 47 48 15,1,10,,705004,33,0,5 47 48 15,1,10,,705011,33,0,34 47 48 15,1,10,,601601,33,0,5 47 48 15,1,10,,705035,33,0,34 47 48 15,1,10,,705043,33,0,5 47 48 15,1,50,,704982,33,0,34 47 48 15,1,10,,704993,33,0,5 47 48 15,1,10,,705026,33,0,34 47 48 15,1,10,,704989,33,0,5 47 48 15,1,10,,705008,33,0,34 47 48 15,1,10,,705025,33,0,5 47 48 15,1,50,,704998,33,0,34 47 48 15,1,9,,704997,33,0,5 47 48 15,1,8,,645724,33,0,34 47 48 15,1,9,,704987,33,0,5 47 48 15,1,10,,678934,33,0,34 47 48 15,1,10,,705049,33,0,5 47 48 15,1,50,,704996,33,0,34 47 48 15,1,10,,705023,33,0,5 47 48 15,1,10,,705010,33,0,34 47 48 15,1,10,,705012,33,0,5 47 48 15,1,10,,660408,33,0,34 47 48 15,1,10,,705062,33,0,5 47 48 15,1,50,,621687,33,0,34 47 48 15,1,10,,705066,33,0,5 47 48 15,1,10,,704984,33,0,34 47 48 15,1,10,,705022,33,0,5 47 48 15,1,10,,705051,33,0,34 47 48 15,1,10,,705052,33,0,5 47 48 15,1,50,,552045,33,0,34 47 48 15,1,10,,704988,33,0,5 47 48 15,1,10,,639455,33,0,34 47 48 15,1,10,,704995,33,0,5 47 48 15,1,15,,651185,33,0,5 47 48 15,1,54,,705038,33,0,5 47 48 15,1,15,,705061,33,0,5 47 48 15,1,15,,704992,33,0,5 9,1,15,,705016,33,0,5 9,1
3503,'5',538,,660748,30,0,34 47 48 15,1,62,,677108,30,0,34 47 48 15,1,10,,705155,30,0,5 47 48 15,1,10,,705172,30,0,34 47 48 15,1,10,,705168,33,0,5 47 48 15,1,10,,705104,33,0,34 47 48 15,1,10,,705146,33,0,5 47 48 15,1,50,,705074,33,0,34 47 48 15,1,10,,705115,33,0,5 47 48 15,1,10,,705154,33,0,34 47 48 15,1,10,,629743,33,0,5 47 48 15,1,10,,705157,33,0,34 47 48 15,1,10,,705083,33,0,5 47 48 15,1,50,,705118,33,0,34 47 48 15,1,11,,705087,33,0,5 47 48 15,1,12,,705132,33,0,34 47 48 15,1,14,,705167,33,0,5 47 48 15,1,10,,705175,33,0,34 47 48 15,1,10,,705124,33,0,5 47 48 15,1,50,,515657,33,0,34 47 48 15,1,10,,705125,33,0,5 47 48 15,1,10,,705141,33,0,34 47 48 15,1,10,,705140,33,0,5 47 48 15,1,10,,705103,33,0,34 47 48 15,1,10,,705096,33,0,5 47 48 15,1,50,,705082,33,0,34 47 48 15,1,10,,705108,33,0,5 47 48 15,1,10,,620427,33,0,34 47 48 15,1,10,,705161,33,0,5 47 48 15,1,10,,705174,33,0,34 47 48 15,1,10,,571859,33,0,5 47 48 15,1,50,,624258,33,0,34 47 48 15,1,10,,606590,33,0,5 47 48 15,1,10,,705142,33,0,34 47 48 15,1,10,,705162,33,0,5 47 48 15,1,10,,705085,33,0,34 47 48 15,1,10,,705121,33,0,5 47 48 15,1,50,,705120,33,0,34 47 48 15,1,10,,705166,33,0,5 47 48 15,1,10,,705123,33,0,34 47 48 15,1,9,,705170,33,0,5 47 48 15,1,9,,705105,33,0,34 47 48 15,1,9,,705093,33,0,5 47 48 15,1,49,,705169,33,0,34 47 48 15,1,9,,640201,33,0,5 47 48 15,1,9,,626112,33,0,34 47 48 15,1,9,,705090,33,0,5 47 48 15,1,9,,705164,33,0,34 47 48 15,1,9,,705138,33,0,5 47 48 15,1,9,,705092,33,0,34 47 48 15,1,49,,705129,33,0,5 47 48 15,1,9,,705173,33,0,34 47 48 15,1,9,,659939,33,0,5 47 48 15,1,9,,705088,33,0,34 47 48 15,1,9,,705119,33,0,5 47 48 15,1,9,,705098,33,0,34 47 48 15,1,49,,705107,33,0,5 47 48 15,1,9,,705069,33,0,34 47 48 15,1,9,,705116,33,0,5 47 48 15,1,9,,705156,33,0,34 47 48 15,1,9,,705143,33,0,5 47 48 15,1,9,,705130,33,0,34 47 48 15,1,9,,705095,33,0,5 47 48 15,1,49,,705079,33,0,34 47 48 15,1,9,,705100,33,0,5 47 48 15,1,9,,705081,33,0,34 47 48 15,1,9,,705122,33,0,5 47 48 15,1,9,,705073,33,0,34 47 48 15,1,9,,705072,33,0,5 47 48 15,1,9,,604653,33,0,34 47 48 15,1,49,,705112,33,0,5 47 48 15,1,9,,563710,33,0,34 47 48 15,1,9,,705153,33,0,5 47 48 15,1,9,,705109,33,0,34 47 48 15,1,9,,705137,33,0,5 47 48 15,1,10,,705127,33,0,34 47 48 15,1,50,,681571,33,0,5 47 48 15,1,10,,673978,33,0,34 47 48 15,1,10,,705160,33,0,5 47 48 15,1,10,,705177,33,0,34 47 48 15,1,10,,705176,33,0,5 47 48 15,1,10,,705128,33,0,34 47 48 15,1,50,,705071,33,0,5 47 48 15,1,9,,705149,33,0,34 47 48 15,1,7,,705159,33,0,5 47 48 15,1,8,,705089,33,0,34 47 48 15,1,9,,705084,33,0,5 47 48 15,1,10,,705126,33,0,34 47 48 15,1,10,,705136,33,0,5 47 48 15,1,50,,705150,33,0,34 47 48 15,1,10,,705113,33,0,5 47 48 15,1,10,,705070,33,0,34 47 48 15,1,10,,705086,33,0,5 47 48 15,1,10,,705111,33,0,34 47 48 15,1,10,,705075,33,0,5 47 48 15,1,50,,705114,33,0,34 47 48 15,1,10,,705145,33,0,5 47 48 15,1,10,,705094,33,0,34 47 48 15,1,10,,705134,33,0,5 47 48 15,1,10,,705110,33,0,34 47 48 15,1,10,,705076,33,0,5 47 48 15,1,50,,622844,33,0,34 47 48 15,1,9,,622512,33,0,5 47 48 15,1,8,,705165,33,0,34 47 48 15,1,9,,705101,33,0,5 47 48 15,1,10,,705148,33,0,34 47 48 15,1,10,,705077,33,0,5 47 48 15,1,50,,705171,33,0,34 47 48 15,1,10,,705106,33,0,5 47 48 15,1,10,,705139,33,0,34 47 48 15,1,10,,705135,33,0,5 47 48 15,1,10,,705133,33,0,34 47 48 15,1,10,,705151,33,0,5 47 48 15,1,50,,705147,33,0,34 47 48 15,1,10,,705152,33,0,5 47 48 15,1,10,,705099,33,0,34 47 48 15,1,10,,705102,33,0,5 47 48 15,1,10,,705097,33,0,34 47 48 15,1,10,,705078,33,0,5 47 48 15,1,50,,705158,33,0,34 47 48 15,1,10,,631074,33,0,5 47 48 15,1,10,,705080,33,0,34 47 48 15,1,10,,705163,33,0,5 47 48 15,1,15,,705091,33,0,5 47 48 15,1,54,,705144,33,0,5 47 48 15,1,15,,611399,33,0,5 47 48 15,1,15,,705131,33,0,5 9,1,15,,705117,33,0,5 9,1
33503,'1',422,,770023,44,0,11 12 14 78,1,20,,770028,44,0,11 12 14 78,1,60,,621335,44,0,11 12 14 78,1,20,,770022,44,0,11 12 14 78,1,23,,770027,44,0,17 47 48 8,1,2157,,644982,44,0,11 12 14 78,1,20,,770026,44,0,11 12 14 78,1,20,,770024,44,0,11 12 14 78,1,60,,770030,44,0,11 12 14 78,1
33503,'2',422,,770035,44,0,11 12 14 78,1,20,,770031,44,0,11 12 14 78,1,60,,669047,44,0,11 12 14 78,1,20,,770034,44,0,11 12 14 78,1,21,,770033,44,0,17 47 48 8,1,2159,,770038,44,0,11 12 14 78,1,20,,770032,44,0,11 12 14 78,1,20,,664072,44,0,11 12 14 78,1,60,,651580,44,0,11 12 14 78,1
33503,'3',422,,770042,44,0,11 12 14 78,1,20,,770048,44,0,11 12 14 78,1,60,,770045,44,0,11 12 14 78,1,20,,770047,44,0,11 12 14 78,1,19,,770049,44,0,11 12 14 78,1,60,,770041,44,0,11 12 14 78,1,20,,770050,44,0,11 12 14 78,1,20,,612627,44,0,11 12 14 78,1,60,,682565,44,0,11 12 14 78,1,20,,614581,44,0,11 12 14 78,1,20,,770039,44,0,17 47 48 8,1,1961,,770044,44,0,11 12 14 78,1,20,,770043,44,0,11 12 14 78,1,20,,770040,44,0,11 12 14 78,1,60,,770046,44,0,11 12 14 78,1
33503,'5',422,,770054,44,0,11 12 14 78,1,20,,770058,44,0,11 12 14 78,1,60,,770053,44,0,11 12 14 78,1,20,,770057,44,0,11 12 14 78,1,21,,638063,44,0,17 47 48 8,1,2159,,770056,44,0,11 12 14 78,1,20,,770055,44,0,11 12 14 78,1,20,,770060,44,0,11 12 14 78,1,60,,520137,44,0,11 12 14 78,1
93503,'1',542,,515122,16,0,47 48 8,1,13,,776610,16,0,47 48 8,1,53,,776635,16,0,47 48 8,1,12,,776621,15,0,47 48 8,1,14,,656217,15,0,47 48 8,1,10,,776650,15,0,47 48 8,1,10,,776595,15,0,47 48 8,1,50,,776633,15,0,47 48 8,1,13,,638131,15,0,47 48 8,1,11,,776593,15,0,47 48 8,1,10,,776599,15,0,47 48 8,1,10,,776616,15,0,47 48 8,1,10,,776645,15,0,47 48 8,1,43,,624969,15,0,47 48 8,1,10,,776634,15,0,47 48 8,1,10,,776653,15,0,47 48 8,1,10,,776597,15,0,47 48 8,1,10,,776612,15,0,47 48 8,1,10,,776609,15,0,47 48 8,1,50,,776614,15,0,47 48 8,1,9,,776588,15,0,47 48 8,1,10,,776611,15,0,47 48 8,1,10,,653743,15,0,47 48 8,1,9,,646837,15,0,47 48 8,1,13,,776603,15,0,47 48 8,1,52,,776642,15,0,47 48 8,1,12,,618773,15,0,47 48 8,1,12,,776641,15,0,47 48 8,1,12,,776590,15,0,47 48 8,1,12,,408571,15,0,47 48 8,1,52,,689625,15,0,47 48 8,1,12,,642490,15,0,47 48 8,1,12,,776647,15,0,47 48 8,1,12,,776618,15,0,47 48 8,1,12,,776655,15,0,47 48 8,1,52,,660051,15,0,47 48 8,1,14,,776656,15,0,47 48 8,1,12,,776596,15,0,47 48 8,1,11,,776617,15,0,47 48 8,1,10,,663996,15,0,47 48 8,1,50,,776592,15,0,47 48 8,1,10,,776586,15,0,47 48 8,1,10,,776619,15,0,47 48 8,1,10,,776651,15,0,47 48 8,1,10,,776628,15,0,47 48 8,1,10,,690459,15,0,47 48 8,1,50,,776643,15,0,47 48 8,1,10,,776607,15,0,47 48 8,1,10,,776627,15,0,47 48 8,1,10,,776608,15,0,47 48 8,1,11,,776638,15,0,47 48 8,1,14,,776625,15,0,47 48 8,1,50,,776631,15,0,47 48 8,1,14,,647407,15,0,47 48 8,1,10,,776584,15,0,47 48 8,1,10,,776589,15,0,47 48 8,1,10,,776613,15,0,47 48 8,1,50,,776602,15,0,47 48 8,1,10,,776649,15,0,47 48 8,1,10,,776629,15,0,47 48 8,1,10,,776582,15,0,47 48 8,1,10,,776604,15,0,47 48 8,1,10,,776637,15,0,47 48 8,1,50,,776585,15,0,47 48 8,1,9,,776583,15,0,47 48 8,1,9,,776626,15,0,47 48 8,1,7,,776646,15,0,47 48 8,1,9,,776594,15,0,47 48 8,1,6,,776639,15,0,47 48 8,1,10,,776648,15,0,47 48 8,1,50,,679646,15,0,47 48 8,1,10,,659357,15,0,47 48 8,1,10,,776644,15,0,47 48 8,1,10,,776600,15,0,47 48 8,1,10,,776605,15,0,47 48 8,1,10,,776622,15,0,47 48 8,1,50,,776640,15,0,47 48 8,1,9,,776654,15,0,47 48 8,1,7,,776623,15,0,47 48 8,1,7,,687818,15,0,47 48 8,1,9,,776620,15,0,47 48 8,1,10,,776587,15,0,47 48 8,1,12,,607462,15,0,47 48 8,1,52,,776652,15,0,47 48 8,1,12,,776615,15,0,47 48 8,1,12,,776632,15,0,47 48 8,1,12,,623207,15,0,47 48 8,1,12,,776630,15,0,47 48 8,1,52,,776601,15,0,47 48 8,1,12,,776606,15,0,47 48 8,1,12,,639594,15,0,47 48 8,1,12,,776636,15,0,47 48 8,1,12,,776624,15,0,47 48 8,1,51,,776591,15,0,47 48 8,1,11,,776598,15,0,47 48 8,1,8,,623940,15,0,47 48 8,1
93503,'2',835,,776683,15,0,47 48 8,1,12,,776681,15,0,47 48 8,1,8,,776698,15,0,47 48 8,1,48,,776710,15,0,47 48 8,1,8,,776692,15,0,47 48 8,1,8,,776699,15,0,47 48 8,1,8,,776704,15,0,47 48 8,1,8,,776708,15,0,47 48 8,1,8,,776657,15,0,47 48 8,1,8,,776722,15,0,47 48 8,1,8,,776721,15,0,47 48 8,1,48,,503581,15,0,47 48 8,1,8,,606212,15,0,47 48 8,1,8,,776730,15,0,47 48 8,1,8,,776719,15,0,47 48 8,1,8,,606694,15,0,47 48 8,1,8,,776662,15,0,47 48 8,1,8,,628218,15,0,47 48 8,1,48,,776658,15,0,47 48 8,1,8,,655330,15,0,47 48 8,1,8,,655820,15,0,47 48 8,1,8,,523975,15,0,47 48 8,1,8,,685171,15,0,47 48 8,1,8,,776691,15,0,47 48 8,1,8,,636568,15,0,47 48 8,1,8,,776686,15,0,47 48 8,1,49,,776663,15,0,47 48 8,1,8,,776682,15,0,47 48 8,1,9,,776694,15,0,47 48 8,1,8,,776720,15,0,47 48 8,1,7,,663859,15,0,47 48 8,1,6,,776734,15,0,47 48 8,1,6,,640369,15,0,47 48 8,1,6,,776717,15,0,47 48 8,1,46,,776693,15,0,47 48 8,1,6,,776709,15,0,47 48 8,1,6,,776670,15,0,47 48 8,1,6,,776718,15,0,47 48 8,1,6,,776723,15,0,47 48 8,1,6,,776706,15,0,47 48 8,1,6,,664666,15,0,47 48 8,1,6,,776665,15,0,47 48 8,1,6,,776690,15,0,47 48 8,1,6,,776732,15,0,47 48 8,1,46,,776705,15,0,47 48 8,1,6,,776728,15,0,47 48 8,1,6,,776715,15,0,47 48 8,1,6,,776667,15,0,47 48 8,1,6,,776685,15,0,47 48 8,1,6,,642191,15,0,47 48 8,1,6,,644576,15,0,47 48 8,1,6,,776713,15,0,47 48 8,1,6,,776729,15,0,47 48 8,1,6,,776684,15,0,47 48 8,1,46,,776678,15,0,47 48 8,1,6,,776675,15,0,47 48 8,1,6,,776700,15,0,47 48 8,1,6,,776664,15,0,47 48 8,1,6,,776712,15,0,47 48 8,1,6,,776668,15,0,47 48 8,1,6,,776725,15,0,47 48 8,1,6,,776688,15,0,47 48 8,1,6,,776701,15,0,47 48 8,1,6,,776660,15,0,47 48 8,1,46,,776666,15,0,47 48 8,1,6,,776673,15,0,47 48 8,1,6,,776702,15,0,47 48 8,1,6,,776676,15,0,47 48 8,1,6,,776672,15,0,47 48 8,1,6,,776689,15,0,47 48 8,1,6,,776687,15,0,47 48 8,1,6,,515261,15,0,47 48 8,1,6,,545324,15,0,47 48 8,1,6,,671318,15,0,47 48 8,1,46,,776680,15,0,47 48 8,1,6,,776679,15,0,47 48 8,1,6,,776695,15,0,47 48 8,1,4,,776671,15,0,47 48 8,1,6,,674400,15,0,47 48 8,1,5,,776707,15,0,47 48 8,1,6,,652371,15,0,47 48 8,1,6,,776714,15,0,47 48 8,1,6,,776733,15,0,47 48 8,1,6,,776659,15,0,47 48 8,1,46,,776731,15,0,47 48 8,1,6,,776674,15,0,47 48 8,1,6,,776727,15,0,47 48 8,1,6,,776669,15,0,47 48 8,1,6,,776703,15,0,47 48 8,1,6,,776697,15,0,47 48 8,1,6,,776726,15,0,47 48 8,1,6,,776711,15,0,47 48 8,1,6,,683485,15,0,47 48 8,1,6,,776724,15,0,47 48 8,1,46,,776661,15,0,47 48 8,1,6,,624582,15,0,47 48 8,1,6,,776716,15,0,47 48 8,1,6,,776677,15,0,47 48 8,1,6,,629921,15,0,47 48 8,1,10,,776696,15,0,47 48 8,1
93503,'3',850,,776773,15,0,47 48 8,1,52,,776801,15,0,47 48 8,1,9,,776758,15,0,47 48 8,1,9,,610640,15,0,47 48 8,1,9,,776738,15,0,47 48 8,1,9,,776756,15,0,47 48 8,1,9,,776742,15,0,47 48 8,1,9,,776786,15,0,47 48 8,1,49,,567658,15,0,47 48 8,1,10,,776740,15,0,47 48 8,1,9,,776747,15,0,47 48 8,1,9,,776802,15,0,47 48 8,1,7,,685473,15,0,47 48 8,1,9,,776793,15,0,47 48 8,1,9,,776741,15,0,47 48 8,1,49,,670127,15,0,47 48 8,1,9,,776798,15,0,47 48 8,1,9,,609827,15,0,47 48 8,1,9,,776766,15,0,47 48 8,1,9,,776736,15,0,47 48 8,1,9,,776797,15,0,47 48 8,1,49,,776782,15,0,47 48 8,1,10,,542543,15,0,47 48 8,1,10,,776795,15,0,47 48 8,1,9,,776784,15,0,47 48 8,1,9,,776754,15,0,47 48 8,1,7,,776768,15,0,47 48 8,1,7,,670602,15,0,47 48 8,1,47,,776777,15,0,47 48 8,1,7,,776744,15,0,47 48 8,1,7,,776751,15,0,47 48 8,1,7,,776799,15,0,47 48 8,1,7,,776763,15,0,47 48 8,1,7,,776745,15,0,47 48 8,1,7,,776759,15,0,47 48 8,1,7,,776762,15,0,47 48 8,1,7,,776796,15,0,47 48 8,1,47,,776783,15,0,47 48 8,1,7,,776780,15,0,47 48 8,1,7,,776769,15,0,47 48 8,1,7,,776770,15,0,47 48 8,1,7,,776778,15,0,47 48 8,1,7,,776790,15,0,47 48 8,1,7,,637850,15,0,47 48 8,1,7,,776749,15,0,47 48 8,1,7,,776743,15,0,47 48 8,1,47,,776760,15,0,47 48 8,1,7,,776775,15,0,47 48 8,1,7,,776791,15,0,47 48 8,1,7,,776750,15,0,47 48 8,1,7,,641986,15,0,47 48 8,1,7,,638257,15,0,47 48 8,1,7,,776748,15,0,47 48 8,1,7,,776792,15,0,47 48 8,1,47,,776800,15,0,47 48 8,1,7,,776735,15,0,47 48 8,1,7,,666077,15,0,47 48 8,1,7,,524587,15,0,47 48 8,1,7,,776757,15,0,47 48 8,1,7,,776772,15,0,47 48 8,1,7,,776753,15,0,47 48 8,1,7,,776787,15,0,47 48 8,1,7,,776779,15,0,47 48 8,1,47,,776746,15,0,47 48 8,1,5,,776765,15,0,47 48 8,1,7,,776761,15,0,47 48 8,1,6,,776739,15,0,47 48 8,1,6,,776788,15,0,47 48 8,1,9,,776755,15,0,47 48 8,1,7,,776767,15,0,47 48 8,1,7,,776781,15,0,47 48 8,1,7,,776737,15,0,47 48 8,1,47,,776785,15,0,47 48 8,1,7,,776774,15,0,47 48 8,1,7,,776789,15,0,47 48 8,1,7,,776752,15,0,47 48 8,1,7,,776764,15,0,47 48 8,1,7,,675836,15,0,47 48 8,1,7,,656962,15,0,47 48 8,1,7,,619918,15,0,47 48 8,1,47,,776776,15,0,47 48 8,1,7,,591976,15,0,47 48 8,1,7,,776771,15,0,47 48 8,1,11,,776794,15,0,47 48 8,1
93503,'5',840,,776868,15,0,47 48 8,1,10,,776827,15,0,47 48 8,1,52,,776862,15,0,47 48 8,1,9,,776869,15,0,47 48 8,1,9,,776805,15,0,47 48 8,1,9,,776842,15,0,47 48 8,1,9,,619998,15,0,47 48 8,1,9,,776856,15,0,47 48 8,1,9,,776864,15,0,47 48 8,1,49,,776858,15,0,47 48 8,1,10,,776839,15,0,47 48 8,1,9,,655114,15,0,47 48 8,1,9,,776865,15,0,47 48 8,1,7,,776849,15,0,47 48 8,1,9,,776843,15,0,47 48 8,1,9,,776875,15,0,47 48 8,1,49,,776870,15,0,47 48 8,1,9,,776813,15,0,47 48 8,1,9,,776841,15,0,47 48 8,1,9,,776852,15,0,47 48 8,1,9,,776848,15,0,47 48 8,1,9,,776831,15,0,47 48 8,1,49,,776838,15,0,47 48 8,1,10,,776829,15,0,47 48 8,1,10,,776808,15,0,47 48 8,1,9,,776837,15,0,47 48 8,1,9,,776820,15,0,47 48 8,1,7,,635286,15,0,47 48 8,1,7,,776828,15,0,47 48 8,1,47,,776874,15,0,47 48 8,1,7,,776863,15,0,47 48 8,1,7,,776836,15,0,47 48 8,1,7,,776812,15,0,47 48 8,1,7,,776873,15,0,47 48 8,1,7,,776826,15,0,47 48 8,1,7,,776855,15,0,47 48 8,1,7,,776803,15,0,47 48 8,1,7,,776847,15,0,47 48 8,1,47,,776814,15,0,47 48 8,1,7,,776846,15,0,47 48 8,1,7,,776853,15,0,47 48 8,1,7,,776861,15,0,47 48 8,1,7,,652231,15,0,47 48 8,1,7,,776866,15,0,47 48 8,1,7,,776850,15,0,47 48 8,1,7,,656171,15,0,47 48 8,1,7,,776819,15,0,47 48 8,1,47,,776810,15,0,47 48 8,1,7,,776867,15,0,47 48 8,1,7,,776854,15,0,47 48 8,1,7,,776824,15,0,47 48 8,1,7,,776834,15,0,47 48 8,1,7,,667866,15,0,47 48 8,1,7,,776817,15,0,47 48 8,1,7,,776859,15,0,47 48 8,1,47,,776821,15,0,47 48 8,1,7,,776823,15,0,47 48 8,1,7,,673959,15,0,47 48 8,1,7,,672768,15,0,47 48 8,1,7,,776876,15,0,47 48 8,1,7,,776845,15,0,47 48 8,1,7,,776816,15,0,47 48 8,1,7,,679989,15,0,47 48 8,1,7,,776822,15,0,47 48 8,1,47,,776830,15,0,47 48 8,1,5,,776804,15,0,47 48 8,1,7,,776851,15,0,47 48 8,1,6,,776835,15,0,47 48 8,1,6,,776872,15,0,47 48 8,1,9,,776871,15,0,47 48 8,1,7,,776815,15,0,47 48 8,1,7,,776825,15,0,47 48 8,1,7,,776840,15,0,47 48 8,1,47,,776832,15,0,47 48 8,1,7,,776833,15,0,47 48 8,1,7,,776806,15,0,47 48 8,1,7,,776809,15,0,47 48 8,1,7,,618207,15,0,47 48 8,1,7,,776860,15,0,47 48 8,1,7,,776857,15,0,47 48 8,1,7,,776844,15,0,47 48 8,1,47,,529244,15,0,47 48 8,1,7,,776818,15,0,47 48 8,1,7,,776807,15,0,47 48 8,1,11,,776811,15,0,47 48 8,1
