3504,'1',530,,618373,41,0,34 52 53 8,1,5,,618240,35,0,5 52 53 8,1,8,,584616,41,0,34 52 53 8,1,5,,568948,35,0,5 52 53 8,1,6,,618254,41,0,34 52 53 8,1,46,,618297,35,0,5 52 53 8,1,5,,618340,41,0,34 52 53 8,1,6,,618324,35,0,5 52 53 8,1,6,,618368,41,0,34 52 53 8,1,6,,544657,36,0,5 52 53 8,1,6,,580658,42,0,34 52 53 8,1,6,,561192,36,0,5 52 53 8,1,6,,618290,42,0,34 52 53 8,1,6,,618345,36,0,5 52 53 8,1,6,,618251,42,0,34 52 53 8,1,6,,618360,36,0,5 52 53 8,1,48,,618252,42,0,34 52 53 8,1,10,,618267,36,0,5 52 53 8,1,8,,618247,42,0,34 52 53 8,1,6,,618362,36,0,5 52 53 8,1,8,,618275,42,0,34 52 53 8,1,7,,618261,36,0,5 52 53 8,1,8,,618332,42,0,34 52 53 8,1,47,,618354,36,0,5 52 53 8,1,8,,490908,42,0,34 52 53 8,1,7,,618298,36,0,5 52 53 8,1,8,,618299,42,0,34 52 53 8,1,7,,618273,36,0,5 52 53 8,1,8,,618264,42,0,34 52 53 8,1,7,,618268,36,0,5 52 53 8,1,8,,618338,42,0,34 52 53 8,1,47,,618330,36,0,5 52 53 8,1,6,,618342,42,0,34 52 53 8,1,6,,618361,36,0,5 52 53 8,1,8,,618313,42,0,34 52 53 8,1,7,,618276,36,0,5 52 53 8,1,5,,618367,42,0,34 52 53 8,1,6,,618256,36,0,5 52 53 8,1,9,,618365,42,0,34 52 53 8,1,8,,538269,36,0,5 52 53 8,1,49,,618343,42,0,34 52 53 8,1,8,,618274,36,0,5 52 53 8,1,9,,618286,42,0,34 52 53 8,1,8,,618243,36,0,5 52 53 8,1,9,,618303,42,0,34 52 53 8,1,8,,618309,36,0,5 52 53 8,1,9,,618280,42,0,34 52 53 8,1,48,,601476,36,0,5 52 53 8,1,9,,467264,42,0,34 52 53 8,1,8,,618374,36,0,5 52 53 8,1,9,,618246,42,0,34 52 53 8,1,8,,618371,36,0,5 52 53 8,1,9,,545190,42,0,34 52 53 8,1,8,,618259,36,0,5 52 53 8,1,50,,618272,42,0,34 52 53 8,1,10,,618305,36,0,5 52 53 8,1,10,,568974,42,0,34 52 53 8,1,8,,564129,36,0,5 52 53 8,1,9,,618339,42,0,34 52 53 8,1,8,,618379,36,0,5 52 53 8,1,9,,618239,42,0,34 52 53 8,1,48,,618352,36,0,5 52 53 8,1,9,,618302,42,0,34 52 53 8,1,8,,618260,36,0,5 52 53 8,1,8,,618249,42,0,34 52 53 8,1,9,,618346,36,0,5 52 53 8,1,8,,537152,42,0,34 52 53 8,1,9,,618291,36,0,5 52 53 8,1,48,,618357,42,0,34 52 53 8,1,9,,550114,36,0,5 52 53 8,1,8,,618335,42,0,34 52 53 8,1,6,,618292,36,0,5 52 53 8,1,8,,618350,42,0,34 52 53 8,1,9,,573247,36,0,5 52 53 8,1,8,,618300,42,0,34 52 53 8,1,49,,618245,36,0,5 52 53 8,1,7,,618308,42,0,34 52 53 8,1,9,,618321,36,0,5 52 53 8,1,7,,618316,42,0,34 52 53 8,1,8,,618348,36,0,5 52 53 8,1,7,,601500,42,0,34 52 53 8,1,8,,556064,36,0,5 52 53 8,1,7,,618334,42,0,34 52 53 8,1,48,,618349,36,0,5 52 53 8,1,7,,618320,42,0,34 52 53 8,1,8,,618279,36,0,5 52 53 8,1,7,,618323,42,0,34 52 53 8,1,8,,618306,36,0,5 52 53 8,1,7,,505078,42,0,34 52 53 8,1,8,,618294,36,0,5 52 53 8,1,7,,618325,42,0,34 52 53 8,1,48,,618250,36,0,5 52 53 8,1,7,,618329,42,0,34 52 53 8,1,4,,618336,36,0,5 52 53 8,1,7,,618269,42,0,34 52 53 8,1,7,,618353,36,0,5 52 53 8,1,7,,618328,42,0,34 52 53 8,1,7,,618262,36,0,5 52 53 8,1,3,,618284,36,0,5 52 53 8,1,4,,618372,42,0,34 52 53 8,1,8,,618366,36,0,5 52 53 8,1,47,,618310,42,0,34 52 53 8,1,8,,618351,36,0,5 52 53 8,1,7,,618376,42,0,34 52 53 8,1,8,,618317,36,0,5 52 53 8,1,7,,618370,42,0,34 52 53 8,1,4,,599622,36,0,5 52 53 8,1,4,,618311,36,0,5 52 53 8,1,7,,561775,42,0,34 52 53 8,1,8,,618289,36,0,5 52 53 8,1,46,,618304,42,0,34 52 53 8,1,3,,597364,36,0,5 52 53 8,1,1,,575292,36,0,5 52 53 8,1,1,,618278,36,0,5 52 53 8,1,4,,618293,42,0,34 52 53 8,1,2,,618285,36,0,5 52 53 8,1,4,,514835,36,0,5 52 53 8,1,7,,618347,42,0,34 52 53 8,1,6,,618359,36,0,5 52 53 8,1,9,,618327,42,0,34 52 53 8,1,4,,618358,36,0,5 52 53 8,1,4,,618296,36,0,5 52 53 8,1,9,,618333,42,0,34 52 53 8,1,48,,618375,36,0,5 52 53 8,1,9,,618318,42,0,34 52 53 8,1,4,,585525,36,0,5 52 53 8,1,4,,618344,36,0,5 52 53 8,1,9,,618283,42,0,34 52 53 8,1,4,,618295,36,0,5 52 53 8,1,4,,618287,36,0,5 52 53 8,1,4,,618312,36,0,5 52 53 8,1,5,,618248,42,0,34 52 53 8,1,4,,618258,36,0,5 52 53 8,1,4,,618282,36,0,5 52 53 8,1,49,,533985,42,0,34 52 53 8,1,8,,618326,36,0,5 52 53 8,1,9,,618378,42,0,34 52 53 8,1,4,,618301,36,0,5 52 53 8,1,4,,544256,36,0,5 52 53 8,1,9,,618271,42,0,34 52 53 8,1,7,,618315,36,0,5 52 53 8,1,5,,618369,36,0,5 52 53 8,1,5,,618277,42,0,34 52 53 8,1,46,,618331,36,0,5 52 53 8,1,2,,618319,36,0,5 52 53 8,1,4,,618241,42,0,34 52 53 8,1,4,,514828,36,0,5 52 53 8,1,6,,618364,36,0,5 52 53 8,1,4,,618257,36,0,5 52 53 8,1,5,,618337,42,0,34 52 53 8,1,10,,546968,36,0,5 52 53 8,1,10,,490566,42,0,34 52 53 8,1,5,,618266,36,0,5 52 53 8,1,5,,491999,36,0,5 52 53 8,1,50,,618270,42,0,34 52 53 8,1,10,,618356,36,0,5 52 53 8,1,10,,618341,42,0,34 52 53 8,1,10,,618281,36,0,5 52 53 8,1,10,,618380,42,0,34 52 53 8,1,5,,602169,36,0,5 52 53 8,1,5,,618307,36,0,5 52 53 8,1,45,,618377,36,0,5 52 53 8,1,5,,618244,42,0,34 52 53 8,1,5,,618314,36,0,5 52 53 8,1,5,,618322,36,0,5 52 53 8,1,5,,618263,36,0,5 52 53 8,1,5,,540150,42,0,34 52 53 8,1,10,,486811,36,0,5 52 53 8,1,10,,525586,42,0,34 52 53 8,1,4,,618253,36,0,5 52 53 8,1,5,,618355,36,0,5 52 53 8,1,51,,618288,42,0,34 52 53 8,1,10,,547990,36,0,5 52 53 8,1,10,,384014,42,0,34 52 53 8,1,10,,618265,36,0,5 52 53 8,1,14,,618363,36,0,5 52 53 8,1,54,,618242,36,0,5 52 53 8,1,15,,618255,36,0,17 74,1
3504,'2',543,,400996,41,0,34 52 53 8,1,9,,618468,35,0,5 52 53 8,1,51,,618489,41,0,34 52 53 8,1,9,,618428,35,0,5 52 53 8,1,10,,618463,42,0,34 52 53 8,1,10,,618381,36,0,5 52 53 8,1,10,,618393,42,0,34 52 53 8,1,10,,618506,36,0,5 52 53 8,1,50,,618476,42,0,34 52 53 8,1,10,,618493,36,0,5 52 53 8,1,10,,618442,42,0,34 52 53 8,1,12,,618505,36,0,5 52 53 8,1,10,,575050,42,0,34 52 53 8,1,9,,560392,36,0,5 52 53 8,1,50,,542423,42,0,34 52 53 8,1,10,,618501,36,0,5 52 53 8,1,10,,618427,42,0,34 52 53 8,1,10,,589090,36,0,5 52 53 8,1,10,,618509,42,0,34 52 53 8,1,10,,474640,36,0,5 52 53 8,1,50,,618413,42,0,34 52 53 8,1,10,,618444,36,0,5 52 53 8,1,10,,463203,42,0,34 52 53 8,1,10,,618420,36,0,5 52 53 8,1,10,,600790,42,0,34 52 53 8,1,10,,618490,36,0,5 52 53 8,1,50,,618409,42,0,34 52 53 8,1,10,,618416,36,0,5 52 53 8,1,10,,618473,42,0,34 52 53 8,1,10,,508162,36,0,5 52 53 8,1,10,,562811,42,0,34 52 53 8,1,10,,555437,36,0,5 52 53 8,1,50,,618459,42,0,34 52 53 8,1,10,,618500,36,0,5 52 53 8,1,10,,618418,42,0,34 52 53 8,1,10,,618503,36,0,5 52 53 8,1,10,,516754,42,0,34 52 53 8,1,10,,618485,36,0,5 52 53 8,1,4,,618439,36,0,5 52 53 8,1,46,,618437,42,0,34 52 53 8,1,10,,618391,36,0,5 52 53 8,1,10,,618496,42,0,34 52 53 8,1,10,,618487,36,0,5 52 53 8,1,11,,618440,42,0,34 52 53 8,1,6,,618408,36,0,5 52 53 8,1,6,,618443,42,0,34 52 53 8,1,3,,618511,36,0,5 52 53 8,1,44,,618447,36,0,5 52 53 8,1,8,,618392,42,0,34 52 53 8,1,3,,618450,36,0,5 52 53 8,1,4,,618452,36,0,5 52 53 8,1,8,,618457,42,0,34 52 53 8,1,7,,618488,36,0,5 52 53 8,1,8,,618421,42,0,34 52 53 8,1,7,,477261,36,0,5 52 53 8,1,4,,618429,36,0,5 52 53 8,1,4,,594078,42,0,34 52 53 8,1,47,,618402,36,0,5 52 53 8,1,8,,618433,42,0,34 52 53 8,1,7,,618510,36,0,5 52 53 8,1,8,,618382,42,0,34 52 53 8,1,7,,618448,36,0,5 52 53 8,1,8,,618482,42,0,34 52 53 8,1,7,,618483,36,0,5 52 53 8,1,8,,406432,42,0,34 52 53 8,1,47,,618460,36,0,5 52 53 8,1,8,,590051,42,0,34 52 53 8,1,7,,618445,36,0,5 52 53 8,1,8,,618508,42,0,34 52 53 8,1,7,,618386,36,0,5 52 53 8,1,8,,618432,42,0,34 52 53 8,1,7,,618422,36,0,5 52 53 8,1,8,,618479,42,0,34 52 53 8,1,47,,618423,36,0,5 52 53 8,1,8,,493154,42,0,34 52 53 8,1,7,,416846,36,0,5 52 53 8,1,8,,618394,42,0,34 52 53 8,1,7,,401011,36,0,5 52 53 8,1,8,,618385,42,0,34 52 53 8,1,7,,618497,36,0,5 52 53 8,1,8,,618405,42,0,34 52 53 8,1,47,,618389,36,0,5 52 53 8,1,8,,576995,42,0,34 52 53 8,1,7,,618507,36,0,5 52 53 8,1,9,,618431,42,0,34 52 53 8,1,9,,618465,36,0,5 52 53 8,1,4,,618397,36,0,5 52 53 8,1,5,,618472,42,0,34 52 53 8,1,9,,618461,36,0,5 52 53 8,1,48,,618434,42,0,34 52 53 8,1,9,,618504,36,0,5 52 53 8,1,8,,618424,42,0,34 52 53 8,1,9,,618449,36,0,5 52 53 8,1,3,,618466,36,0,5 52 53 8,1,5,,564446,42,0,34 52 53 8,1,9,,618491,36,0,5 52 53 8,1,3,,618430,36,0,5 52 53 8,1,5,,531902,42,0,34 52 53 8,1,4,,618462,36,0,5 52 53 8,1,44,,548224,36,0,5 52 53 8,1,2,,618407,36,0,5 52 53 8,1,5,,618455,42,0,34 52 53 8,1,9,,618396,36,0,5 52 53 8,1,7,,618514,42,0,34 52 53 8,1,8,,618417,36,0,5 52 53 8,1,7,,618471,42,0,34 52 53 8,1,4,,618410,36,0,5 52 53 8,1,4,,618474,36,0,5 52 53 8,1,7,,618399,42,0,34 52 53 8,1,48,,574475,36,0,5 52 53 8,1,10,,473736,42,0,34 52 53 8,1,4,,618475,36,0,5 52 53 8,1,6,,618406,36,0,5 52 53 8,1,4,,618411,36,0,5 52 53 8,1,6,,618456,42,0,34 52 53 8,1,4,,618383,36,0,5 52 53 8,1,6,,618512,36,0,5 52 53 8,1,4,,618404,36,0,5 52 53 8,1,6,,559375,42,0,34 52 53 8,1,50,,618492,36,0,5 52 53 8,1,10,,618451,42,0,34 52 53 8,1,10,,618454,36,0,5 52 53 8,1,4,,618400,36,0,5 52 53 8,1,6,,618477,42,0,34 52 53 8,1,10,,618469,36,0,5 52 53 8,1,10,,618441,42,0,34 52 53 8,1,4,,618484,36,0,5 52 53 8,1,45,,618395,36,0,5 52 53 8,1,1,,618458,36,0,5 52 53 8,1,8,,618453,42,0,34 52 53 8,1,1,,618384,36,0,5 52 53 8,1,6,,618438,36,0,5 52 53 8,1,3,,618502,36,0,5 52 53 8,1,7,,618513,42,0,34 52 53 8,1,10,,618425,36,0,5 52 53 8,1,10,,618403,42,0,34 52 53 8,1,4,,516756,36,0,5 52 53 8,1,6,,618481,36,0,5 52 53 8,1,50,,618388,42,0,34 52 53 8,1,10,,618390,36,0,5 52 53 8,1,10,,618470,42,0,34 52 53 8,1,10,,618426,36,0,5 52 53 8,1,10,,618446,42,0,34 52 53 8,1,4,,618495,36,0,5 52 53 8,1,6,,618464,36,0,5 52 53 8,1,44,,618419,36,0,5 52 53 8,1,6,,618498,42,0,34 52 53 8,1,4,,618387,36,0,5 52 53 8,1,6,,618494,36,0,5 52 53 8,1,4,,618414,36,0,5 52 53 8,1,6,,430149,42,0,34 52 53 8,1,10,,618401,36,0,5 52 53 8,1,10,,618436,42,0,34 52 53 8,1,4,,618415,36,0,5 52 53 8,1,6,,618467,36,0,5 52 53 8,1,50,,618435,42,0,34 52 53 8,1,10,,618499,36,0,5 52 53 8,1,10,,618398,42,0,34 52 53 8,1,11,,618412,36,0,5 52 53 8,1,13,,618486,36,0,5 52 53 8,1,55,,618478,36,0,5 52 53 8,1,15,,618480,36,0,17 74,1
3504,'3',722,,618558,35,0,5 52 53 8,1,10,,618575,41,0,34 52 53 8,1,10,,618515,35,0,5 52 53 8,1,10,,618617,41,0,34 52 53 8,1,51,,618546,35,0,5 52 53 8,1,11,,618520,41,0,34 52 53 8,1,11,,618613,36,0,5 52 53 8,1,10,,618555,42,0,34 52 53 8,1,10,,618586,36,0,5 52 53 8,1,10,,424803,42,0,34 52 53 8,1,50,,532380,36,0,5 52 53 8,1,10,,618545,42,0,34 52 53 8,1,10,,559067,36,0,5 52 53 8,1,10,,618547,42,0,34 52 53 8,1,10,,544155,36,0,5 52 53 8,1,10,,618578,42,0,34 52 53 8,1,50,,527851,36,0,5 52 53 8,1,10,,618557,42,0,34 52 53 8,1,10,,618596,36,0,5 52 53 8,1,10,,518846,42,0,34 52 53 8,1,10,,618594,36,0,5 52 53 8,1,10,,618570,42,0,34 52 53 8,1,50,,618583,36,0,5 52 53 8,1,10,,618577,42,0,34 52 53 8,1,10,,376780,36,0,5 52 53 8,1,10,,576482,42,0,34 52 53 8,1,10,,618551,36,0,5 52 53 8,1,9,,618517,42,0,34 52 53 8,1,1,,493713,36,0,5 52 53 8,1,48,,618606,36,0,5 52 53 8,1,10,,618519,42,0,34 52 53 8,1,8,,618614,36,0,5 52 53 8,1,9,,618554,42,0,34 52 53 8,1,8,,618573,36,0,5 52 53 8,1,9,,618530,42,0,34 52 53 8,1,3,,618620,36,0,5 52 53 8,1,6,,618604,36,0,5 52 53 8,1,49,,434204,42,0,34 52 53 8,1,3,,618592,36,0,5 52 53 8,1,6,,618568,36,0,5 52 53 8,1,9,,618603,42,0,34 52 53 8,1,9,,618591,36,0,5 52 53 8,1,9,,490475,42,0,34 52 53 8,1,3,,618597,36,0,5 52 53 8,1,6,,525648,36,0,5 52 53 8,1,9,,618552,42,0,34 52 53 8,1,49,,618576,36,0,5 52 53 8,1,9,,618528,42,0,34 52 53 8,1,9,,618616,36,0,5 52 53 8,1,9,,618562,42,0,34 52 53 8,1,9,,618534,36,0,5 52 53 8,1,9,,558410,42,0,34 52 53 8,1,49,,552281,36,0,5 52 53 8,1,9,,618609,42,0,34 52 53 8,1,9,,618533,36,0,5 52 53 8,1,9,,618599,42,0,34 52 53 8,1,9,,618626,36,0,5 52 53 8,1,9,,513510,42,0,34 52 53 8,1,9,,618561,36,0,5 52 53 8,1,49,,618524,42,0,34 52 53 8,1,9,,618518,36,0,5 52 53 8,1,9,,618593,42,0,34 52 53 8,1,9,,618605,36,0,5 52 53 8,1,9,,618621,42,0,34 52 53 8,1,9,,618574,36,0,5 52 53 8,1,9,,618553,42,0,34 52 53 8,1,48,,618580,36,0,5 52 53 8,1,8,,618627,42,0,34 52 53 8,1,8,,618619,36,0,5 52 53 8,1,9,,561024,42,0,34 52 53 8,1,9,,575762,36,0,5 52 53 8,1,10,,581267,42,0,34 52 53 8,1,4,,618549,36,0,5 52 53 8,1,46,,618602,36,0,5 52 53 8,1,10,,618523,42,0,34 52 53 8,1,10,,552762,36,0,5 52 53 8,1,6,,618536,36,0,5 52 53 8,1,4,,618618,42,0,34 52 53 8,1,10,,618556,36,0,5 52 53 8,1,3,,618542,36,0,5 52 53 8,1,7,,618548,42,0,34 52 53 8,1,2,,618566,36,0,5 52 53 8,1,48,,618601,36,0,5 52 53 8,1,10,,618565,42,0,34 52 53 8,1,10,,618579,36,0,5 52 53 8,1,10,,540668,42,0,34 52 53 8,1,10,,618564,36,0,5 52 53 8,1,4,,529677,36,0,5 52 53 8,1,6,,415440,42,0,34 52 53 8,1,50,,618623,36,0,5 52 53 8,1,10,,618625,42,0,34 52 53 8,1,3,,618539,36,0,5 52 53 8,1,7,,618538,36,0,5 52 53 8,1,3,,618529,36,0,5 52 53 8,1,7,,537698,42,0,34 52 53 8,1,3,,618589,36,0,5 52 53 8,1,7,,618584,36,0,5 52 53 8,1,3,,618537,36,0,5 52 53 8,1,7,,618615,42,0,34 52 53 8,1,50,,618610,36,0,5 52 53 8,1,10,,618569,42,0,34 52 53 8,1,10,,618550,36,0,5 52 53 8,1,10,,618540,42,0,34 52 53 8,1,3,,618612,36,0,5 52 53 8,1,7,,618590,36,0,5 52 53 8,1,10,,618582,42,0,34 52 53 8,1,3,,618567,36,0,5 52 53 8,1,46,,618560,36,0,5 52 53 8,1,1,,618587,36,0,5 52 53 8,1,9,,532061,36,0,5 52 53 8,1,7,,529053,36,0,5 52 53 8,1,2,,618588,36,0,5 52 53 8,1,8,,618572,42,0,34 52 53 8,1,10,,618608,36,0,5 52 53 8,1,10,,618563,42,0,34 52 53 8,1,10,,618544,36,0,5 52 53 8,1,45,,618516,36,0,5 52 53 8,1,5,,618571,42,0,34 52 53 8,1,10,,618622,36,0,5 52 53 8,1,10,,618525,42,0,34 52 53 8,1,10,,618581,36,0,5 52 53 8,1,10,,618531,42,0,34 52 53 8,1,5,,618611,36,0,5 52 53 8,1,5,,618559,36,0,5 52 53 8,1,45,,618522,36,0,5 52 53 8,1,5,,618585,42,0,34 52 53 8,1,5,,618535,36,0,5 52 53 8,1,5,,618600,36,0,5 52 53 8,1,5,,618526,36,0,5 52 53 8,1,5,,547294,42,0,34 52 53 8,1,10,,618624,36,0,5 52 53 8,1,10,,618521,42,0,34 52 53 8,1,5,,618532,36,0,5 52 53 8,1,5,,533019,36,0,5 52 53 8,1,50,,587068,42,0,34 52 53 8,1,10,,618598,36,0,5 52 53 8,1,10,,618607,42,0,34 52 53 8,1,10,,618541,36,0,5 52 53 8,1,14,,618595,36,0,5 52 53 8,1,55,,595245,36,0,5 52 53 8,1,15,,618543,36,0,17 74,1
3504,'5',545,,618722,41,0,34 52 53 8,1,55,,618670,35,0,5 52 53 8,1,15,,586566,41,0,34 52 53 8,1,9,,618631,36,0,5 52 53 8,1,10,,618700,42,0,34 52 53 8,1,10,,618744,36,0,5 52 53 8,1,10,,618643,42,0,34 52 53 8,1,50,,618749,36,0,5 52 53 8,1,10,,618637,42,0,34 52 53 8,1,10,,618632,36,0,5 52 53 8,1,10,,618649,42,0,34 52 53 8,1,10,,618635,36,0,5 52 53 8,1,10,,618747,42,0,34 52 53 8,1,51,,618638,36,0,5 52 53 8,1,10,,618661,42,0,34 52 53 8,1,10,,618646,36,0,5 52 53 8,1,10,,618716,42,0,34 52 53 8,1,10,,618734,36,0,5 52 53 8,1,10,,618688,42,0,34 52 53 8,1,50,,618671,36,0,5 52 53 8,1,10,,618658,42,0,34 52 53 8,1,10,,618720,36,0,5 52 53 8,1,10,,618707,42,0,34 52 53 8,1,10,,618691,36,0,5 52 53 8,1,10,,618660,42,0,34 52 53 8,1,50,,618729,36,0,5 52 53 8,1,10,,584050,42,0,34 52 53 8,1,10,,618751,36,0,5 52 53 8,1,10,,618714,42,0,34 52 53 8,1,10,,618730,36,0,5 52 53 8,1,10,,618736,42,0,34 52 53 8,1,50,,618630,36,0,5 52 53 8,1,10,,618699,42,0,34 52 53 8,1,10,,618647,36,0,5 52 53 8,1,10,,618652,42,0,34 52 53 8,1,10,,618692,36,0,5 52 53 8,1,9,,618682,42,0,34 52 53 8,1,1,,618733,36,0,5 52 53 8,1,48,,618706,36,0,5 52 53 8,1,10,,521302,42,0,34 52 53 8,1,8,,618758,36,0,5 52 53 8,1,9,,618676,42,0,34 52 53 8,1,8,,618663,36,0,5 52 53 8,1,9,,618650,42,0,34 52 53 8,1,3,,539008,36,0,5 52 53 8,1,6,,618681,36,0,5 52 53 8,1,49,,618701,42,0,34 52 53 8,1,3,,561157,36,0,5 52 53 8,1,6,,618715,36,0,5 52 53 8,1,9,,618697,42,0,34 52 53 8,1,9,,618673,36,0,5 52 53 8,1,9,,618639,42,0,34 52 53 8,1,3,,618748,36,0,5 52 53 8,1,6,,618705,36,0,5 52 53 8,1,9,,618644,42,0,34 52 53 8,1,49,,618711,36,0,5 52 53 8,1,9,,618718,42,0,34 52 53 8,1,9,,618717,36,0,5 52 53 8,1,9,,618719,42,0,34 52 53 8,1,9,,618703,36,0,5 52 53 8,1,9,,618731,42,0,34 52 53 8,1,49,,618662,36,0,5 52 53 8,1,9,,618654,42,0,34 52 53 8,1,9,,549759,36,0,5 52 53 8,1,9,,618732,42,0,34 52 53 8,1,9,,618680,36,0,5 52 53 8,1,9,,583521,42,0,34 52 53 8,1,9,,618746,36,0,5 52 53 8,1,49,,618687,42,0,34 52 53 8,1,9,,618737,36,0,5 52 53 8,1,9,,618743,42,0,34 52 53 8,1,9,,618672,36,0,5 52 53 8,1,9,,618642,42,0,34 52 53 8,1,9,,591993,36,0,5 52 53 8,1,9,,618713,42,0,34 52 53 8,1,48,,618738,36,0,5 52 53 8,1,8,,618675,42,0,34 52 53 8,1,8,,549153,36,0,5 52 53 8,1,9,,618665,42,0,34 52 53 8,1,9,,618633,36,0,5 52 53 8,1,10,,618725,42,0,34 52 53 8,1,4,,618689,36,0,5 52 53 8,1,46,,618666,36,0,5 52 53 8,1,10,,575267,42,0,34 52 53 8,1,10,,618756,36,0,5 52 53 8,1,6,,563710,36,0,5 52 53 8,1,4,,618679,42,0,34 52 53 8,1,10,,618655,36,0,5 52 53 8,1,3,,618656,36,0,5 52 53 8,1,7,,618641,42,0,34 52 53 8,1,2,,572442,36,0,5 52 53 8,1,48,,618629,36,0,5 52 53 8,1,10,,618742,42,0,34 52 53 8,1,10,,618667,36,0,5 52 53 8,1,10,,597225,42,0,34 52 53 8,1,10,,618678,36,0,5 52 53 8,1,4,,618636,36,0,5 52 53 8,1,6,,618664,42,0,34 52 53 8,1,50,,618704,36,0,5 52 53 8,1,10,,618739,42,0,34 52 53 8,1,3,,618648,36,0,5 52 53 8,1,7,,618727,36,0,5 52 53 8,1,3,,618710,36,0,5 52 53 8,1,7,,618653,42,0,34 52 53 8,1,3,,618709,36,0,5 52 53 8,1,7,,545492,36,0,5 52 53 8,1,3,,618753,36,0,5 52 53 8,1,7,,618634,42,0,34 52 53 8,1,50,,554249,36,0,5 52 53 8,1,10,,618724,42,0,34 52 53 8,1,10,,618686,36,0,5 52 53 8,1,10,,561711,42,0,34 52 53 8,1,3,,618695,36,0,5 52 53 8,1,7,,618712,36,0,5 52 53 8,1,10,,618669,42,0,34 52 53 8,1,3,,618755,36,0,5 52 53 8,1,46,,618702,36,0,5 52 53 8,1,1,,618651,36,0,5 52 53 8,1,9,,618693,36,0,5 52 53 8,1,7,,618726,36,0,5 52 53 8,1,2,,618684,36,0,5 52 53 8,1,8,,618677,42,0,34 52 53 8,1,10,,618685,36,0,5 52 53 8,1,10,,618754,42,0,34 52 53 8,1,10,,593317,36,0,5 52 53 8,1,45,,618741,36,0,5 52 53 8,1,5,,618683,42,0,34 52 53 8,1,10,,618728,36,0,5 52 53 8,1,10,,618640,42,0,34 52 53 8,1,10,,618698,36,0,5 52 53 8,1,10,,515371,42,0,34 52 53 8,1,5,,618645,36,0,5 52 53 8,1,5,,618659,36,0,5 52 53 8,1,45,,571939,36,0,5 52 53 8,1,5,,618750,42,0,34 52 53 8,1,5,,618757,36,0,5 52 53 8,1,5,,618723,36,0,5 52 53 8,1,5,,618690,36,0,5 52 53 8,1,5,,618657,42,0,34 52 53 8,1,10,,618674,36,0,5 52 53 8,1,10,,582336,42,0,34 52 53 8,1,5,,618752,36,0,5 52 53 8,1,5,,618694,36,0,5 52 53 8,1,50,,618740,42,0,34 52 53 8,1,10,,618721,36,0,5 52 53 8,1,10,,618696,42,0,34 52 53 8,1,10,,618628,36,0,5 52 53 8,1,14,,618708,36,0,5 52 53 8,1,55,,572463,36,0,5 52 53 8,1,15,,618745,36,0,17 74,1
33504,'1',514,,570342,39,0,11 12 75 15,1,2122,,682074,36,0,11 12 75 15,1,18,,682072,36,0,11 12 75 15,1,60,,682073,39,0,11 12 75 15,1,20,,411767,39,0,11 12 75 15,1,20,,589446,39,0,11 12 75 15,1,60,,682069,39,0,11 12 75 15,1,20,,682075,39,0,11 12 75 15,1,20,,682068,39,0,11 12 75 15,1
33504,'2',514,,682080,39,0,11 12 75 15,1,16,,682077,39,0,11 12 75 15,1,2106,,548962,36,0,11 12 75 15,1,18,,559477,36,0,11 12 75 15,1,60,,682076,39,0,11 12 75 15,1,20,,682078,39,0,11 12 75 15,1,20,,682079,39,0,11 12 75 15,1,60,,682084,39,0,11 12 75 15,1,20,,682082,39,0,11 12 75 15,1,20,,577228,39,0,11 12 75 15,1
33504,'3',514,,682100,39,0,11 12 75 15,1,20,,682095,39,0,11 12 75 15,1,66,,532373,39,0,11 12 75 15,1,21,,682089,39,0,11 12 75 15,1,20,,682091,39,0,11 12 75 15,1,60,,682096,39,0,11 12 75 15,1,1935,,682099,36,0,11 12 75 15,1,18,,682086,36,0,11 12 75 15,1,60,,682088,39,0,11 12 75 15,1,20,,682097,39,0,11 12 75 15,1,20,,682094,39,0,11 12 75 15,1,60,,682087,39,0,11 12 75 15,1,20,,682098,39,0,11 12 75 15,1,20,,682092,39,0,11 12 75 15,1
33504,'5',514,,682104,39,0,11 12 75 15,1,16,,564520,39,0,11 12 75 15,1,2106,,682103,36,0,11 12 75 15,1,18,,682102,36,0,11 12 75 15,1,60,,682106,39,0,11 12 75 15,1,20,,577823,39,0,11 12 75 15,1,20,,682108,39,0,11 12 75 15,1,60,,682107,39,0,11 12 75 15,1,20,,682109,39,0,11 12 75 15,1,20,,548845,39,0,11 12 75 15,1
93504,'1',526,,688451,13,0,75 8,1,13,,531296,13,0,75 8,1,14,,688456,13,0,75 8,1,52,,688447,13,0,75 8,1,12,,688457,13,0,75 8,1,12,,688459,13,0,75 8,1,12,,688510,13,0,75 8,1,12,,541634,13,0,75 8,1,52,,688455,13,0,75 8,1,7,,688533,13,0,75 8,1,7,,597397,13,0,75 8,1,12,,688450,13,0,75 8,1,6,,688479,13,0,75 8,1,6,,400789,13,0,75 8,1,12,,688496,13,0,75 8,1,46,,688458,13,0,75 8,1,6,,688466,13,0,75 8,1,12,,688520,13,0,75 8,1,6,,688483,13,0,75 8,1,6,,688475,13,0,75 8,1,6,,554340,13,0,75 8,1,6,,688503,13,0,75 8,1,12,,589965,13,0,75 8,1,46,,688477,13,0,75 8,1,6,,688454,13,0,75 8,1,11,,688497,13,0,75 8,1,6,,688467,13,0,75 8,1,7,,688448,13,0,75 8,1,15,,688489,13,0,75 8,1,7,,688452,13,0,75 8,1,48,,688512,13,0,75 8,1,7,,688493,13,0,75 8,1,8,,688480,13,0,75 8,1,7,,688528,13,0,75 8,1,8,,688474,13,0,75 8,1,15,,688473,13,0,75 8,1,55,,688495,13,0,75 8,1,7,,540913,13,0,75 8,1,8,,688492,13,0,75 8,1,7,,688469,13,0,75 8,1,8,,688515,13,0,75 8,1,15,,688476,13,0,75 8,1,7,,564763,13,0,75 8,1,48,,688460,13,0,75 8,1,8,,688502,13,0,75 8,1,8,,688465,13,0,75 8,1,7,,688445,13,0,75 8,1,8,,444230,13,0,75 8,1,15,,688488,13,0,75 8,1,7,,688514,13,0,75 8,1,48,,688524,13,0,75 8,1,7,,688516,13,0,75 8,1,8,,531753,13,0,75 8,1,15,,512022,13,0,75 8,1,7,,688501,13,0,75 8,1,8,,688532,13,0,75 8,1,7,,688509,13,0,75 8,1,48,,688494,13,0,75 8,1,7,,688531,13,0,75 8,1,8,,688486,13,0,75 8,1,7,,688463,13,0,75 8,1,8,,688470,13,0,75 8,1,13,,688529,13,0,75 8,1,8,,688506,13,0,75 8,1,51,,688498,13,0,75 8,1,8,,688484,13,0,75 8,1,6,,688491,13,0,75 8,1,6,,688525,13,0,75 8,1,12,,688518,13,0,75 8,1,12,,688453,13,0,75 8,1,6,,688505,13,0,75 8,1,46,,522322,13,0,75 8,1,12,,688490,13,0,75 8,1,12,,688522,13,0,75 8,1,12,,688511,13,0,75 8,1,6,,688485,13,0,75 8,1,6,,688499,13,0,75 8,1,52,,688523,13,0,75 8,1,6,,688530,13,0,75 8,1,6,,688471,13,0,75 8,1,9,,688519,13,0,75 8,1,6,,536936,13,0,75 8,1,6,,688468,13,0,75 8,1,4,,549528,13,0,75 8,1,6,,575599,13,0,75 8,1,12,,688500,13,0,75 8,1,52,,688517,13,0,75 8,1,7,,688526,13,0,75 8,1,5,,544112,13,0,75 8,1,12,,515962,13,0,75 8,1,6,,688508,13,0,75 8,1,6,,547868,13,0,75 8,1,12,,688478,13,0,75 8,1,46,,569643,13,0,75 8,1,6,,688487,13,0,75 8,1,6,,688482,13,0,75 8,1,4,,567482,13,0,75 8,1,6,,469797,13,0,75 8,1,5,,688504,13,0,75 8,1,8,,688472,13,0,75 8,1,15,,688449,13,0,75 8,1,7,,688507,13,0,75 8,1,48,,688521,13,0,75 8,1,7,,688446,13,0,75 8,1,8,,688513,13,0,75 8,1,7,,530382,13,0,75 8,1,8,,583939,13,0,75 8,1,7,,379508,13,0,75 8,1,8,,547866,13,0,75 8,1,7,,688462,13,0,75 8,1,48,,688461,13,0,75 8,1,15,,382470,13,0,75 8,1,7,,525731,13,0,75 8,1,8,,688464,13,0,75 8,1,15,,528632,13,0,75 8,1,55,,688527,13,0,75 8,1,14,,688481,13,0,75 8,1
93504,'2',828,,688575,13,0,75 8,1,5,,688589,13,0,75 8,1,5,,688564,13,0,75 8,1,10,,688568,13,0,75 8,1,5,,688546,13,0,75 8,1,5,,525807,13,0,75 8,1,45,,688603,13,0,75 8,1,5,,688611,13,0,75 8,1,10,,688571,13,0,75 8,1,5,,688606,13,0,75 8,1,5,,688574,13,0,75 8,1,10,,688556,13,0,75 8,1,5,,688622,13,0,75 8,1,5,,688550,13,0,75 8,1,10,,688590,13,0,75 8,1,50,,688552,13,0,75 8,1,5,,688583,13,0,75 8,1,5,,688578,13,0,75 8,1,10,,582935,13,0,75 8,1,5,,688605,13,0,75 8,1,5,,688570,13,0,75 8,1,5,,603778,13,0,75 8,1,5,,688551,13,0,75 8,1,10,,688565,13,0,75 8,1,45,,688579,13,0,75 8,1,5,,688563,13,0,75 8,1,10,,688548,13,0,75 8,1,5,,688618,13,0,75 8,1,5,,688588,13,0,75 8,1,10,,486229,13,0,75 8,1,10,,688543,13,0,75 8,1,10,,688594,13,0,75 8,1,50,,582044,13,0,75 8,1,8,,688602,13,0,75 8,1,5,,688623,13,0,75 8,1,9,,688613,13,0,75 8,1,6,,688537,13,0,75 8,1,3,,688544,13,0,75 8,1,3,,530487,13,0,75 8,1,3,,688592,13,0,75 8,1,4,,688566,13,0,75 8,1,7,,437585,13,0,75 8,1,47,,509597,13,0,75 8,1,3,,688586,13,0,75 8,1,4,,688577,13,0,75 8,1,7,,688595,13,0,75 8,1,7,,688580,13,0,75 8,1,3,,688608,13,0,75 8,1,4,,572141,13,0,75 8,1,7,,688591,13,0,75 8,1,7,,507050,13,0,75 8,1,7,,688562,13,0,75 8,1,7,,688610,13,0,75 8,1,47,,548281,13,0,75 8,1,7,,570384,13,0,75 8,1,7,,688621,13,0,75 8,1,7,,688541,13,0,75 8,1,3,,543329,13,0,75 8,1,4,,593561,13,0,75 8,1,3,,688569,13,0,75 8,1,4,,598437,13,0,75 8,1,7,,688545,13,0,75 8,1,7,,688554,13,0,75 8,1,3,,688620,13,0,75 8,1,44,,688538,13,0,75 8,1,7,,596107,13,0,75 8,1,3,,688536,13,0,75 8,1,4,,516954,13,0,75 8,1,3,,688584,13,0,75 8,1,4,,688534,13,0,75 8,1,3,,688615,13,0,75 8,1,4,,688612,13,0,75 8,1,7,,514159,13,0,75 8,1,7,,688609,13,0,75 8,1,7,,688582,13,0,75 8,1,7,,688572,13,0,75 8,1,43,,688542,13,0,75 8,1,4,,688561,13,0,75 8,1,7,,495431,13,0,75 8,1,7,,586855,13,0,75 8,1,7,,688596,13,0,75 8,1,7,,688560,13,0,75 8,1,3,,688616,13,0,75 8,1,4,,688601,13,0,75 8,1,7,,688617,13,0,75 8,1,3,,688553,13,0,75 8,1,4,,688557,13,0,75 8,1,47,,688573,13,0,75 8,1,3,,688599,13,0,75 8,1,4,,688558,13,0,75 8,1,5,,688585,13,0,75 8,1,2,,688540,13,0,75 8,1,4,,688549,13,0,75 8,1,6,,537603,13,0,75 8,1,6,,688614,13,0,75 8,1,7,,688539,13,0,75 8,1,7,,688587,13,0,75 8,1,3,,688576,13,0,75 8,1,4,,688593,13,0,75 8,1,7,,688581,13,0,75 8,1,47,,688598,13,0,75 8,1,7,,688597,13,0,75 8,1,7,,688604,13,0,75 8,1,3,,688559,13,0,75 8,1,4,,572195,13,0,75 8,1,3,,688625,13,0,75 8,1,4,,514347,13,0,75 8,1,7,,576008,13,0,75 8,1,3,,688600,13,0,75 8,1,4,,688555,13,0,75 8,1,7,,560427,13,0,75 8,1,3,,688547,13,0,75 8,1,44,,688624,13,0,75 8,1,5,,688535,13,0,75 8,1,5,,688619,13,0,75 8,1,7,,688607,13,0,75 8,1
93504,'3',821,,688629,13,0,75 8,1,10,,688695,13,0,75 8,1,5,,688708,13,0,75 8,1,5,,688634,13,0,75 8,1,10,,688712,13,0,75 8,1,5,,688681,13,0,75 8,1,45,,688675,13,0,75 8,1,5,,688682,13,0,75 8,1,5,,388753,13,0,75 8,1,10,,580501,13,0,75 8,1,5,,688639,13,0,75 8,1,5,,688686,13,0,75 8,1,5,,688644,13,0,75 8,1,5,,688654,13,0,75 8,1,10,,525170,13,0,75 8,1,50,,688665,13,0,75 8,1,5,,688688,13,0,75 8,1,5,,484641,13,0,75 8,1,10,,688653,13,0,75 8,1,5,,688666,13,0,75 8,1,5,,688706,13,0,75 8,1,5,,688678,13,0,75 8,1,5,,688650,13,0,75 8,1,10,,688655,13,0,75 8,1,5,,688646,13,0,75 8,1,45,,505169,13,0,75 8,1,5,,527241,13,0,75 8,1,5,,688626,13,0,75 8,1,10,,688693,13,0,75 8,1,10,,688662,13,0,75 8,1,10,,688669,13,0,75 8,1,5,,688714,13,0,75 8,1,5,,688671,13,0,75 8,1,50,,528368,13,0,75 8,1,5,,521638,13,0,75 8,1,5,,688700,13,0,75 8,1,10,,688633,13,0,75 8,1,11,,688709,13,0,75 8,1,1,,688664,13,0,75 8,1,9,,688636,13,0,75 8,1,8,,688647,13,0,75 8,1,4,,688680,13,0,75 8,1,4,,688661,13,0,75 8,1,44,,523257,13,0,75 8,1,4,,688672,13,0,75 8,1,8,,688689,13,0,75 8,1,8,,688699,13,0,75 8,1,8,,688627,13,0,75 8,1,8,,688704,13,0,75 8,1,8,,555466,13,0,75 8,1,3,,688648,13,0,75 8,1,5,,568217,13,0,75 8,1,48,,688679,13,0,75 8,1,8,,688701,13,0,75 8,1,2,,593829,13,0,75 8,1,2,,688673,13,0,75 8,1,4,,688685,13,0,75 8,1,8,,688683,13,0,75 8,1,8,,688659,13,0,75 8,1,4,,566686,13,0,75 8,1,4,,688705,13,0,75 8,1,2,,688707,13,0,75 8,1,3,,593853,13,0,75 8,1,3,,688711,13,0,75 8,1,8,,688657,13,0,75 8,1,44,,688628,13,0,75 8,1,4,,688690,13,0,75 8,1,8,,567669,13,0,75 8,1,8,,688656,13,0,75 8,1,8,,688710,13,0,75 8,1,8,,688668,13,0,75 8,1,4,,688631,13,0,75 8,1,4,,688645,13,0,75 8,1,8,,688713,13,0,75 8,1,48,,688660,13,0,75 8,1,8,,688698,13,0,75 8,1,8,,688643,13,0,75 8,1,8,,688632,13,0,75 8,1,4,,688637,13,0,75 8,1,4,,688697,13,0,75 8,1,4,,514745,13,0,75 8,1,4,,688638,13,0,75 8,1,4,,688684,13,0,75 8,1,4,,688658,13,0,75 8,1,4,,688667,13,0,75 8,1,4,,688702,13,0,75 8,1,48,,688670,13,0,75 8,1,8,,688696,13,0,75 8,1,8,,688694,13,0,75 8,1,3,,688674,13,0,75 8,1,4,,688635,13,0,75 8,1,8,,688677,13,0,75 8,1,8,,688640,13,0,75 8,1,8,,688630,13,0,75 8,1,48,,688651,13,0,75 8,1,5,,688641,13,0,75 8,1,3,,688687,13,0,75 8,1,5,,522073,13,0,75 8,1,3,,688676,13,0,75 8,1,4,,688691,13,0,75 8,1,4,,468202,13,0,75 8,1,7,,688703,13,0,75 8,1,1,,400228,13,0,75 8,1,8,,688642,13,0,75 8,1,8,,688652,13,0,75 8,1,8,,552496,13,0,75 8,1,48,,688692,13,0,75 8,1,8,,688663,13,0,75 8,1,8,,688649,13,0,75 8,1
93504,'5',831,,578412,13,0,75 8,1,5,,688722,13,0,75 8,1,5,,688794,13,0,75 8,1,10,,688792,13,0,75 8,1,5,,688747,13,0,75 8,1,45,,688798,13,0,75 8,1,5,,688753,13,0,75 8,1,5,,688771,13,0,75 8,1,10,,529975,13,0,75 8,1,5,,688742,13,0,75 8,1,5,,688772,13,0,75 8,1,5,,688749,13,0,75 8,1,5,,688759,13,0,75 8,1,10,,688756,13,0,75 8,1,50,,521262,13,0,75 8,1,5,,688721,13,0,75 8,1,5,,524652,13,0,75 8,1,10,,688730,13,0,75 8,1,5,,688780,13,0,75 8,1,5,,688790,13,0,75 8,1,5,,688802,13,0,75 8,1,5,,688734,13,0,75 8,1,10,,535868,13,0,75 8,1,5,,688762,13,0,75 8,1,45,,688738,13,0,75 8,1,5,,688758,13,0,75 8,1,5,,688770,13,0,75 8,1,10,,688786,13,0,75 8,1,10,,688746,13,0,75 8,1,10,,519697,13,0,75 8,1,5,,578457,13,0,75 8,1,5,,688781,13,0,75 8,1,50,,688736,13,0,75 8,1,5,,688717,13,0,75 8,1,5,,688724,13,0,75 8,1,10,,688797,13,0,75 8,1,11,,688793,13,0,75 8,1,1,,688787,13,0,75 8,1,9,,688799,13,0,75 8,1,8,,688763,13,0,75 8,1,4,,688804,13,0,75 8,1,4,,566777,13,0,75 8,1,44,,688795,13,0,75 8,1,4,,688801,13,0,75 8,1,8,,688775,13,0,75 8,1,8,,688748,13,0,75 8,1,8,,688768,13,0,75 8,1,8,,688776,13,0,75 8,1,8,,688800,13,0,75 8,1,3,,688773,13,0,75 8,1,5,,688723,13,0,75 8,1,48,,688783,13,0,75 8,1,8,,688789,13,0,75 8,1,2,,688716,13,0,75 8,1,2,,688760,13,0,75 8,1,4,,542703,13,0,75 8,1,8,,688765,13,0,75 8,1,8,,688778,13,0,75 8,1,4,,556442,13,0,75 8,1,4,,688774,13,0,75 8,1,2,,688757,13,0,75 8,1,3,,602895,13,0,75 8,1,3,,688785,13,0,75 8,1,8,,688766,13,0,75 8,1,44,,688751,13,0,75 8,1,4,,688796,13,0,75 8,1,8,,688741,13,0,75 8,1,8,,688782,13,0,75 8,1,8,,688743,13,0,75 8,1,8,,688752,13,0,75 8,1,4,,601001,13,0,75 8,1,4,,688803,13,0,75 8,1,8,,688720,13,0,75 8,1,48,,553477,13,0,75 8,1,8,,688727,13,0,75 8,1,8,,688740,13,0,75 8,1,8,,688732,13,0,75 8,1,4,,688725,13,0,75 8,1,4,,688739,13,0,75 8,1,4,,533909,13,0,75 8,1,4,,688731,13,0,75 8,1,4,,688779,13,0,75 8,1,4,,688737,13,0,75 8,1,4,,688764,13,0,75 8,1,4,,556050,13,0,75 8,1,48,,688769,13,0,75 8,1,8,,688767,13,0,75 8,1,8,,688719,13,0,75 8,1,3,,688754,13,0,75 8,1,4,,688715,13,0,75 8,1,8,,688729,13,0,75 8,1,8,,586557,13,0,75 8,1,8,,688784,13,0,75 8,1,48,,688788,13,0,75 8,1,5,,688718,13,0,75 8,1,3,,594569,13,0,75 8,1,5,,688726,13,0,75 8,1,3,,688745,13,0,75 8,1,4,,688805,13,0,75 8,1,4,,688761,13,0,75 8,1,4,,688755,13,0,75 8,1,4,,688744,13,0,75 8,1,8,,688750,13,0,75 8,1,8,,688777,13,0,75 8,1,8,,688791,13,0,75 8,1,48,,688733,13,0,75 8,1,8,,688728,13,0,75 8,1,8,,688735,13,0,75 8,1
