6002,'1',517,,583311,14,0,31 252,1,13,,635020,14,0,31 252,1,8,,634973,14,0,5,1,7,,635003,14,0,5,1,7,,521919,14,0,5,1,7,,478810,14,0,5,1,47,,635036,14,0,5,1,7,,634971,14,0,5,1,7,,634992,14,0,5,1,7,,635015,14,0,5,1,8,,634981,14,0,5,1,10,,559801,14,0,5,1,8,,457695,14,0,5,1,48,,634959,14,0,5,1,10,,535896,14,0,5,1,10,,635049,14,0,5,1,10,,635051,14,0,5,1,10,,403861,14,0,5,1,10,,602960,14,0,5,1,50,,635021,14,0,5,1,10,,635035,14,0,5,1,10,,634969,14,0,5,1,10,,634977,14,0,5,1,10,,635027,14,0,5,1,10,,556711,14,0,5,1,50,,634986,14,0,5,1,10,,634991,14,0,5,1,10,,634982,14,0,5,1,10,,634964,14,0,5,1,10,,464646,14,0,5,1,10,,635045,14,0,5,1,50,,634993,14,0,5,1,10,,635014,14,0,5,1,12,,590311,14,0,5,1,10,,635022,14,0,5,1,10,,634987,14,0,5,1,10,,634965,14,0,5,1,50,,432521,14,0,5,1,10,,634960,14,0,5,1,10,,635047,14,0,5,1,10,,635042,14,0,5,1,10,,634978,14,0,5,1,10,,634963,14,0,5,1,50,,543168,14,0,5,1,10,,634980,14,0,5,1,10,,634952,14,0,5,1,10,,435754,14,0,5,1,10,,634962,14,0,5,1,10,,634956,14,0,5,1,50,,635004,14,0,5,1,10,,635039,14,0,5,1,10,,635028,14,0,5,1,10,,634961,14,0,5,1,10,,635000,14,0,5,1,10,,600702,14,0,5,1,51,,635048,14,0,5,1,10,,635023,14,0,5,1,6,,634957,14,0,5,1,10,,634974,14,0,5,1,10,,634979,14,0,5,1,10,,635007,14,0,5,1,50,,634954,14,0,5,1,10,,635033,14,0,5,1,10,,635026,14,0,5,1,11,,634990,14,0,5,1,10,,635041,14,0,5,1,10,,634995,14,0,5,1,50,,574251,14,0,5,1,10,,635013,14,0,5,1,10,,635002,14,0,5,1,10,,634970,14,0,5,1,10,,567491,14,0,5,1,10,,635029,14,0,5,1,50,,635044,14,0,5,1,10,,635011,14,0,5,1,10,,635018,14,0,5,1,10,,635038,14,0,5,1,10,,634958,14,0,5,1,10,,635017,14,0,5,1,50,,634998,14,0,5,1,10,,634985,14,0,5,1,10,,547827,14,0,5,1,10,,583762,14,0,5,1,9,,635006,14,0,5,1,10,,635016,14,0,5,1,50,,635034,14,0,5,1,10,,634989,14,0,5,1,11,,635040,14,0,5,1,10,,586627,14,0,5,1,10,,634976,14,0,5,1,10,,634996,14,0,5,1,50,,634988,14,0,5,1,10,,634975,14,0,5,1,10,,635008,14,0,5,1,10,,635037,14,0,5,1,10,,635031,14,0,5,1,10,,634997,14,0,5,1,50,,578954,14,0,5,1,10,,635032,14,0,5,1,10,,592226,14,0,5,1,10,,635030,14,0,5,1,10,,635012,14,0,5,1,9,,634966,14,0,5,1,50,,635009,14,0,5,1,10,,634968,14,0,5,1,7,,556172,14,0,5,1,12,,635005,14,0,34 86 87,1,12,,634983,14,0,5,1,12,,634951,14,0,34 86 87,1,52,,635019,14,0,5,1,12,,634955,14,0,34 86 87,1,12,,634984,14,0,5,1,12,,573259,14,0,34 86 87,1,12,,635046,14,0,5,1,52,,377649,14,0,34 86 87,1,12,,634953,14,0,5,1,12,,503147,14,0,34 86 87,1,12,,635024,14,0,5,1,12,,544459,14,0,34 86 87,1,51,,635025,14,0,5,1,12,,634994,14,0,34 86 87,1,12,,635050,14,0,5,1,15,,634967,14,0,34 86 87,1,66,,635001,14,0,5,1,21,,634972,14,0,34 86 87,1
6002,'2',500,,635097,14,0,31 252,1,20,,568568,14,0,31 252,1,20,,635125,14,0,31 252,1,63,,490421,14,0,5,1,10,,586491,14,0,5,1,10,,635135,14,0,31 252,1,10,,635121,14,0,5,1,10,,520714,14,0,31 252,1,10,,635142,14,0,5,1,50,,635083,14,0,31 252,1,10,,586327,14,0,5,1,10,,635060,14,0,31 252,1,10,,539118,14,0,5,1,10,,635076,14,0,31 252,1,10,,635111,14,0,5,1,50,,635136,14,0,5,1,14,,635137,14,0,5,1,11,,635080,14,0,5,1,11,,635130,14,0,5,1,10,,635077,14,0,5,1,10,,635131,14,0,5,1,50,,537446,14,0,5,1,10,,635064,14,0,5,1,10,,514540,14,0,5,1,10,,635072,14,0,5,1,10,,635086,14,0,5,1,10,,635085,14,0,5,1,50,,635056,14,0,5,1,10,,500158,14,0,5,1,10,,603532,14,0,5,1,10,,635100,14,0,5,1,10,,635066,14,0,5,1,10,,635093,14,0,5,1,50,,635101,14,0,5,1,12,,545304,14,0,5,1,10,,635132,14,0,5,1,10,,635115,14,0,5,1,10,,635092,14,0,5,1,50,,635063,14,0,5,1,10,,635061,14,0,5,1,10,,635074,14,0,5,1,10,,635109,14,0,5,1,10,,635081,14,0,5,1,10,,503564,14,0,5,1,50,,524476,14,0,5,1,10,,519418,14,0,5,1,10,,635091,14,0,5,1,10,,635065,14,0,5,1,10,,533813,14,0,5,1,10,,635079,14,0,5,1,50,,635103,14,0,5,1,10,,635139,14,0,5,1,10,,635133,14,0,5,1,10,,635071,14,0,5,1,10,,583978,14,0,5,1,10,,635090,14,0,5,1,50,,635122,14,0,5,1,10,,635078,14,0,5,1,10,,529558,14,0,5,1,10,,635096,14,0,5,1,10,,635070,14,0,5,1,10,,635089,14,0,5,1,50,,635138,14,0,5,1,10,,635128,14,0,5,1,10,,635082,14,0,5,1,10,,635088,14,0,5,1,10,,534158,14,0,5,1,10,,635118,14,0,5,1,50,,635099,14,0,5,1,10,,515796,14,0,5,1,10,,572792,14,0,5,1,10,,635106,14,0,5,1,10,,635059,14,0,5,1,10,,635127,14,0,5,1,50,,635054,14,0,5,1,10,,635113,14,0,5,1,10,,491503,14,0,5,1,10,,635104,14,0,5,1,10,,571570,14,0,5,1,10,,449753,14,0,5,1,50,,557681,14,0,5,1,10,,543755,14,0,5,1,7,,635087,14,0,34 86 87,1,10,,635075,14,0,5,1,10,,635107,14,0,34 86 87,1,10,,635067,14,0,5,1,10,,635141,14,0,34 86 87,1,50,,635123,14,0,5,1,10,,582699,14,0,34 86 87,1,10,,557668,14,0,5,1,10,,635114,14,0,34 86 87,1,10,,635140,14,0,5,1,10,,635095,14,0,34 86 87,1,50,,461757,14,0,5,1,10,,541946,14,0,34 86 87,1,10,,635110,14,0,5,1,10,,635094,14,0,34 86 87,1,10,,635055,14,0,5,1,10,,635058,14,0,34 86 87,1,47,,635053,14,0,5,1,8,,635098,14,0,34 86 87,1,8,,635112,14,0,5,1,8,,635124,14,0,34 86 87,1,10,,539114,14,0,5,1,10,,635126,14,0,34 86 87,1,10,,635052,14,0,5,1,50,,635084,14,0,34 86 87,1,10,,635119,14,0,5,1,10,,635069,14,0,34 86 87,1,10,,635057,14,0,5,1,10,,545704,14,0,34 86 87,1,10,,635120,14,0,5,1,50,,635062,14,0,34 86 87,1,10,,635129,14,0,5,1,10,,635117,14,0,34 86 87,1,10,,635102,14,0,5,1,10,,492088,14,0,34 86 87,1,10,,559468,14,0,5,1,50,,547022,14,0,34 86 87,1,10,,635116,14,0,5,1,10,,635068,14,0,34 86 87,1,10,,562236,14,0,5,1,10,,635073,14,0,34 86 87,1,51,,635134,14,0,5,1,10,,635105,14,0,34 86 87,1,21,,635108,14,0,34 86 87,1
6002,'3',710,,635181,14,0,5,1,18,,635221,14,0,5,1,16,,635154,14,0,5,1,58,,635162,14,0,5,1,10,,635178,14,0,5,1,10,,635220,14,0,5,1,10,,635156,14,0,5,1,10,,549712,14,0,5,1,10,,635175,14,0,5,1,50,,635159,14,0,5,1,10,,635201,14,0,5,1,10,,635150,14,0,5,1,10,,635219,14,0,5,1,10,,635157,14,0,5,1,10,,635190,14,0,5,1,50,,635168,14,0,5,1,10,,635145,14,0,5,1,10,,635211,14,0,5,1,10,,635205,14,0,5,1,10,,635158,14,0,5,1,10,,468205,14,0,5,1,50,,635222,14,0,5,1,7,,635204,14,0,5,1,9,,635231,14,0,5,1,10,,635216,14,0,5,1,10,,506752,14,0,5,1,10,,635164,14,0,5,1,10,,635207,14,0,5,1,50,,635144,14,0,5,1,10,,635212,14,0,5,1,10,,635153,14,0,5,1,10,,635215,14,0,5,1,10,,635147,14,0,5,1,10,,407385,14,0,5,1,50,,559014,14,0,5,1,10,,635228,14,0,5,1,10,,591262,14,0,5,1,10,,635191,14,0,5,1,10,,601675,14,0,5,1,10,,635199,14,0,5,1,50,,635184,14,0,5,1,10,,635185,14,0,5,1,10,,601616,14,0,5,1,10,,588127,14,0,5,1,10,,635180,14,0,5,1,10,,635171,14,0,5,1,50,,635202,14,0,5,1,10,,635172,14,0,5,1,10,,635189,14,0,5,1,10,,635166,14,0,5,1,10,,573154,14,0,5,1,10,,635160,14,0,5,1,50,,635196,14,0,5,1,10,,635148,14,0,5,1,10,,554784,14,0,5,1,10,,491114,14,0,5,1,10,,570460,14,0,5,1,10,,511700,14,0,5,1,50,,554531,14,0,5,1,10,,575783,14,0,5,1,10,,635149,14,0,5,1,10,,635223,14,0,5,1,10,,635208,14,0,5,1,10,,635179,14,0,5,1,50,,478227,14,0,5,1,10,,529724,14,0,5,1,10,,635193,14,0,5,1,10,,635169,14,0,5,1,10,,635194,14,0,5,1,10,,635210,14,0,5,1,50,,635218,14,0,5,1,7,,635177,14,0,5,1,10,,635173,14,0,34 86 87,1,10,,635170,14,0,5,1,10,,635209,14,0,34 86 87,1,10,,635151,14,0,5,1,50,,635232,14,0,34 86 87,1,10,,635188,14,0,5,1,10,,635182,14,0,34 86 87,1,10,,635163,14,0,5,1,10,,635155,14,0,34 86 87,1,10,,525835,14,0,5,1,50,,635206,14,0,34 86 87,1,10,,635161,14,0,5,1,10,,593237,14,0,34 86 87,1,10,,635174,14,0,5,1,10,,635214,14,0,34 86 87,1,11,,635230,14,0,5,1,52,,635152,14,0,34 86 87,1,12,,635200,14,0,5,1,10,,635213,14,0,34 86 87,1,10,,552022,14,0,5,1,10,,635183,14,0,34 86 87,1,50,,635167,14,0,5,1,10,,635217,14,0,34 86 87,1,10,,635195,14,0,5,1,10,,635203,14,0,34 86 87,1,10,,635187,14,0,5,1,10,,635227,14,0,34 86 87,1,50,,635198,14,0,5,1,10,,635224,14,0,34 86 87,1,10,,635229,14,0,5,1,10,,635146,14,0,34 86 87,1,10,,635176,14,0,5,1,10,,635192,14,0,34 86 87,1,50,,635165,14,0,5,1,10,,635197,14,0,34 86 87,1,10,,635226,14,0,5,1,10,,486954,14,0,34 86 87,1,20,,635225,14,0,34 86 87,1,60,,635186,14,0,5,1,21,,635143,14,0,34 86 87,1
6002,'5',540,,635291,14,0,34 86 87,1,9,,635281,14,0,5,1,6,,598807,14,0,34 86 87,1,49,,635234,14,0,5,1,6,,635269,14,0,34 86 87,1,9,,635244,14,0,5,1,6,,546155,14,0,34 86 87,1,9,,635238,14,0,5,1,6,,565167,14,0,34 86 87,1,9,,635311,14,0,5,1,6,,576702,14,0,34 86 87,1,49,,635326,14,0,5,1,6,,599432,14,0,34 86 87,1,9,,635300,14,0,5,1,6,,635308,14,0,34 86 87,1,9,,635294,14,0,5,1,6,,635332,14,0,34 86 87,1,9,,635309,14,0,5,1,6,,535824,14,0,34 86 87,1,48,,635250,14,0,5,1,9,,635318,14,0,5,1,10,,598338,14,0,5,1,10,,635313,14,0,5,1,10,,635304,14,0,5,1,10,,635270,14,0,5,1,50,,635299,14,0,5,1,10,,635297,14,0,5,1,10,,635249,14,0,5,1,10,,635330,14,0,5,1,10,,635240,14,0,5,1,10,,635245,14,0,5,1,50,,635258,14,0,5,1,10,,635278,14,0,5,1,10,,635314,14,0,5,1,10,,635252,14,0,5,1,10,,541515,14,0,5,1,10,,635263,14,0,5,1,50,,531715,14,0,5,1,7,,635305,14,0,5,1,9,,635277,14,0,5,1,10,,524740,14,0,5,1,10,,635333,14,0,5,1,10,,576710,14,0,5,1,10,,635288,14,0,5,1,50,,635289,14,0,5,1,10,,635312,14,0,5,1,10,,578901,14,0,5,1,10,,635262,14,0,5,1,10,,635267,14,0,5,1,10,,635239,14,0,5,1,50,,635259,14,0,5,1,10,,635257,14,0,5,1,10,,635302,14,0,5,1,10,,635273,14,0,5,1,10,,635307,14,0,5,1,10,,635268,14,0,5,1,50,,635316,14,0,5,1,10,,635324,14,0,5,1,10,,516527,14,0,5,1,10,,635303,14,0,5,1,10,,635325,14,0,5,1,10,,635320,14,0,5,1,50,,635276,14,0,5,1,10,,576514,14,0,5,1,10,,635261,14,0,5,1,10,,635284,14,0,5,1,10,,635323,14,0,5,1,10,,589857,14,0,5,1,50,,635260,14,0,5,1,10,,635327,14,0,5,1,10,,635322,14,0,5,1,10,,635237,14,0,5,1,10,,635315,14,0,5,1,10,,635235,14,0,5,1,50,,635321,14,0,5,1,10,,635286,14,0,5,1,10,,635256,14,0,5,1,10,,635251,14,0,5,1,10,,635246,14,0,5,1,10,,635272,14,0,5,1,50,,635255,14,0,5,1,10,,635319,14,0,5,1,10,,564717,14,0,5,1,10,,589350,14,0,5,1,10,,635236,14,0,5,1,10,,635306,14,0,5,1,50,,635293,14,0,5,1,7,,635241,14,0,5,1,10,,635233,14,0,34 86 87,1,10,,556460,14,0,5,1,10,,635287,14,0,34 86 87,1,10,,635264,14,0,5,1,50,,587553,14,0,34 86 87,1,10,,635243,14,0,5,1,10,,635279,14,0,34 86 87,1,10,,635283,14,0,5,1,10,,573376,14,0,34 86 87,1,10,,635285,14,0,5,1,50,,594032,14,0,34 86 87,1,10,,635266,14,0,5,1,10,,521645,14,0,34 86 87,1,10,,635317,14,0,5,1,10,,635301,14,0,34 86 87,1,11,,635298,14,0,5,1,52,,635274,14,0,34 86 87,1,12,,635254,14,0,5,1,10,,635329,14,0,34 86 87,1,10,,565701,14,0,5,1,10,,635310,14,0,34 86 87,1,50,,635292,14,0,5,1,10,,635242,14,0,34 86 87,1,10,,635265,14,0,5,1,10,,635275,14,0,34 86 87,1,10,,565182,14,0,5,1,10,,635253,14,0,34 86 87,1,50,,536665,14,0,5,1,10,,635248,14,0,34 86 87,1,10,,635247,14,0,5,1,10,,635282,14,0,34 86 87,1,10,,635331,14,0,5,1,10,,635328,14,0,34 86 87,1,50,,635296,14,0,5,1,10,,635280,14,0,34 86 87,1,10,,635334,14,0,5,1,10,,635290,14,0,34 86 87,1,20,,635295,14,0,34 86 87,1,60,,556687,14,0,5,1,21,,635271,14,0,34 86 87,1
35302,'1',437,,682724,67,0,11 12 14 78,1,70,,682726,67,0,11 12 14 78,1,30,,591883,67,0,11 12 14 78,1,2100,,382791,67,0,11 12 14 78,1,70,,581991,67,0,11 12 14 78,1,30,,518575,67,0,11 12 14 78,1,70,,682728,67,0,11 12 14 78,1
35302,'2',437,,682735,67,0,11 12 14 78,1,70,,682739,67,0,11 12 14 78,1,11,,682744,67,0,11 12 14 78,1,19,,682743,67,0,11 12 14 78,1,17,,682734,67,0,11 12 14 78,1,64,,682738,67,0,11 12 14 78,1,2019,,682736,67,0,11 12 14 78,1,70,,682740,67,0,11 12 14 78,1,30,,682733,67,0,11 12 14 78,1,70,,682737,67,0,11 12 14 78,1
35302,'3',437,,682750,67,0,11 12 14 78,1,70,,682761,67,0,11 12 14 78,1,30,,682746,67,0,11 12 14 78,1,70,,682749,67,0,11 12 14 78,1,30,,682756,67,0,11 12 14 78,1,70,,517010,67,0,11 12 14 78,1,1930,,682747,67,0,11 12 14 78,1,70,,682760,67,0,11 12 14 78,1,30,,682748,67,0,11 12 14 78,1,70,,682759,67,0,11 12 14 78,1
35302,'5',437,,682773,67,0,11 12 14 78,1,70,,682768,67,0,11 12 14 78,1,13,,682774,67,0,11 12 14 78,1,17,,591318,67,0,11 12 14 78,1,13,,682762,67,0,11 12 14 78,1,2087,,682763,67,0,11 12 14 78,1,70,,682764,67,0,11 12 14 78,1,30,,682767,67,0,11 12 14 78,1,70,,682769,67,0,11 12 14 78,1
96002,'1',537,,689971,4,0,31 252,1,6,,690001,4,0,31 252,1,7,,689988,4,0,31 252,1,7,,689974,4,0,31 252,1,47,,690002,4,0,31 252,1,7,,539236,4,0,31 252,1,7,,689987,4,0,31 252,1,7,,689991,4,0,31 252,1,7,,689981,4,0,31 252,1,7,,690005,4,0,31 252,1,7,,689929,4,0,31 252,1,8,,689931,4,0,31 252,1,48,,689985,4,0,31 252,1,7,,575948,4,0,31 252,1,10,,690003,4,0,31 252,1,8,,689928,4,0,31 252,1,8,,587019,4,0,31 252,1,8,,471988,4,0,31 252,1,8,,594057,4,0,31 252,1,8,,555382,4,0,31 252,1,48,,513354,4,0,31 252,1,8,,689937,4,0,31 252,1,8,,583886,4,0,31 252,1,8,,689973,4,0,31 252,1,8,,601490,4,0,31 252,1,8,,689935,4,0,31 252,1,8,,689926,4,0,31 252,1,48,,689972,4,0,31 252,1,8,,573230,4,0,31 252,1,8,,689943,4,0,31 252,1,8,,689946,4,0,31 252,1,8,,689939,4,0,31 252,1,9,,689993,4,0,31 252,1,10,,689989,4,0,31 252,1,50,,689965,4,0,31 252,1,10,,689980,4,0,31 252,1,10,,689948,4,0,31 252,1,10,,689970,4,0,31 252,1,10,,689940,4,0,31 252,1,10,,499752,4,0,31 252,1,50,,534526,4,0,31 252,1,10,,689963,4,0,31 252,1,10,,689930,4,0,31 252,1,10,,689968,4,0,31 252,1,10,,689950,4,0,31 252,1,10,,483809,4,0,31 252,1,50,,564757,4,0,31 252,1,10,,689944,4,0,31 252,1,10,,689958,4,0,31 252,1,10,,689999,4,0,31 252,1,10,,599326,4,0,31 252,1,10,,689961,4,0,31 252,1,50,,689977,4,0,31 252,1,10,,689934,4,0,31 252,1,10,,689986,4,0,31 252,1,8,,690004,4,0,31 252,1,8,,689990,4,0,31 252,1,9,,555585,4,0,31 252,1,9,,689992,4,0,31 252,1,52,,689951,4,0,31 252,1,8,,689922,4,0,31 252,1,8,,689957,4,0,31 252,1,8,,689947,4,0,31 252,1,8,,689962,4,0,31 252,1,8,,689953,4,0,31 252,1,8,,689938,4,0,31 252,1,48,,522383,4,0,31 252,1,8,,514487,4,0,31 252,1,5,,587387,4,0,31 252,1,8,,689954,4,0,31 252,1,8,,689923,4,0,31 252,1,8,,690000,4,0,31 252,1,8,,553105,4,0,31 252,1,8,,689997,4,0,31 252,1,48,,690006,4,0,31 252,1,8,,689984,4,0,31 252,1,8,,689996,4,0,31 252,1,8,,522295,4,0,31 252,1,8,,689932,4,0,31 252,1,8,,689994,4,0,31 252,1,8,,603948,4,0,31 252,1,48,,566937,4,0,31 252,1,8,,689941,4,0,31 252,1,8,,689969,4,0,31 252,1,8,,689967,4,0,31 252,1,8,,689925,4,0,31 252,1,8,,689942,4,0,31 252,1,8,,535028,4,0,31 252,1,8,,545602,4,0,31 252,1,48,,689959,4,0,34 86 87,1,8,,689966,4,0,34 86 87,1,8,,487438,4,0,34 86 87,1,8,,689936,4,0,34 86 87,1,8,,689955,4,0,34 86 87,1,8,,401954,4,0,34 86 87,1,8,,488593,4,0,34 86 87,1,48,,603711,4,0,34 86 87,1,4,,689952,4,0,34 86 87,1,9,,689975,4,0,34 86 87,1,10,,689978,4,0,34 86 87,1,10,,689976,4,0,34 86 87,1,10,,689982,4,0,34 86 87,1,10,,689949,4,0,34 86 87,1,50,,689979,4,0,34 86 87,1,10,,577462,4,0,34 86 87,1,10,,689995,4,0,34 86 87,1,10,,689927,4,0,34 86 87,1,10,,689983,4,0,34 86 87,1,10,,689998,4,0,34 86 87,1,50,,560790,4,0,34 86 87,1,10,,689924,4,0,34 86 87,1,10,,689933,4,0,34 86 87,1,10,,689945,4,0,34 86 87,1,10,,689964,4,0,34 86 87,1,10,,689960,4,0,34 86 87,1,50,,689956,4,0,34 86 87,1
96002,'2',814,,601918,4,0,31 252,1,10,,538411,4,0,31 252,1,10,,690008,4,0,31 252,1,10,,690035,4,0,31 252,1,10,,690045,4,0,31 252,1,50,,690009,4,0,31 252,1,10,,690042,4,0,31 252,1,10,,690056,4,0,31 252,1,10,,541197,4,0,31 252,1,10,,690057,4,0,31 252,1,10,,690019,4,0,31 252,1,50,,690007,4,0,31 252,1,10,,521462,4,0,31 252,1,10,,690018,4,0,31 252,1,10,,690053,4,0,31 252,1,10,,690031,4,0,31 252,1,10,,690017,4,0,31 252,1,50,,690029,4,0,31 252,1,10,,690033,4,0,31 252,1,10,,690028,4,0,31 252,1,9,,574138,4,0,31 252,1,8,,690034,4,0,31 252,1,10,,690025,4,0,31 252,1,52,,481434,4,0,31 252,1,10,,690049,4,0,31 252,1,10,,690044,4,0,31 252,1,10,,690010,4,0,31 252,1,10,,690041,4,0,31 252,1,10,,690039,4,0,31 252,1,50,,690052,4,0,31 252,1,10,,690036,4,0,31 252,1,10,,690027,4,0,31 252,1,10,,690021,4,0,31 252,1,10,,690050,4,0,31 252,1,10,,690014,4,0,31 252,1,50,,690047,4,0,31 252,1,10,,690051,4,0,31 252,1,10,,690016,4,0,31 252,1,10,,690011,4,0,31 252,1,10,,690038,4,0,31 252,1,10,,690022,4,0,31 252,1,50,,690023,4,0,31 252,1,10,,690054,4,0,31 252,1,10,,690013,4,0,31 252,1,10,,690020,4,0,31 252,1,10,,376512,4,0,31 252,1,10,,483405,4,0,31 252,1,50,,690046,4,0,31 252,1,10,,556297,4,0,31 252,1,10,,521993,4,0,31 252,1,10,,690030,4,0,31 252,1,10,,690040,4,0,31 252,1,10,,578166,4,0,31 252,1,50,,690032,4,0,31 252,1,10,,690048,4,0,31 252,1,10,,472558,4,0,31 252,1,10,,690055,4,0,31 252,1,10,,690026,4,0,31 252,1,10,,690043,4,0,31 252,1,50,,416261,4,0,31 252,1,10,,690015,4,0,31 252,1,10,,409111,4,0,34 86 87,1,10,,690037,4,0,34 86 87,1,10,,690024,4,0,34 86 87,1,10,,592263,4,0,34 86 87,1,50,,557866,4,0,34 86 87,1,2,,690012,4,0,34 86 87,1
96002,'3',749,,690082,4,0,34 86 87,1,58,,690112,4,0,34 86 87,1,10,,507118,4,0,34 86 87,1,10,,690105,4,0,34 86 87,1,10,,466027,4,0,34 86 87,1,10,,690099,4,0,34 86 87,1,10,,690098,4,0,34 86 87,1,50,,690087,4,0,34 86 87,1,10,,690077,4,0,34 86 87,1,10,,506767,4,0,34 86 87,1,10,,690101,4,0,34 86 87,1,10,,690085,4,0,34 86 87,1,10,,690090,4,0,34 86 87,1,50,,561542,4,0,34 86 87,1,10,,690088,4,0,34 86 87,1,10,,690072,4,0,34 86 87,1,10,,587489,4,0,34 86 87,1,10,,595704,4,0,34 86 87,1,10,,690091,4,0,34 86 87,1,50,,690075,4,0,34 86 87,1,10,,690063,4,0,34 86 87,1,12,,690097,4,0,34 86 87,1,12,,487010,4,0,34 86 87,1,10,,533822,4,0,34 86 87,1,51,,690111,4,0,34 86 87,1,10,,690092,4,0,34 86 87,1,10,,690078,4,0,34 86 87,1,10,,690076,4,0,34 86 87,1,10,,690059,4,0,34 86 87,1,10,,690086,4,0,34 86 87,1,50,,690069,4,0,34 86 87,1,10,,690110,4,0,34 86 87,1,10,,690109,4,0,34 86 87,1,10,,415983,4,0,34 86 87,1,10,,690089,4,0,34 86 87,1,10,,690064,4,0,34 86 87,1,50,,690067,4,0,34 86 87,1,10,,690104,4,0,34 86 87,1,10,,690093,4,0,34 86 87,1,10,,495902,4,0,34 86 87,1,10,,690079,4,0,34 86 87,1,10,,690083,4,0,34 86 87,1,50,,459921,4,0,34 86 87,1,10,,690065,4,0,34 86 87,1,10,,690106,4,0,34 86 87,1,10,,690103,4,0,34 86 87,1,10,,690073,4,0,34 86 87,1,10,,690071,4,0,34 86 87,1,50,,690102,4,0,34 86 87,1,10,,690070,4,0,34 86 87,1,10,,690096,4,0,34 86 87,1,10,,690108,4,0,34 86 87,1,10,,690074,4,0,34 86 87,1,10,,583415,4,0,34 86 87,1,50,,690113,4,0,34 86 87,1,10,,690058,4,0,34 86 87,1,10,,690094,4,0,34 86 87,1,10,,690095,4,0,34 86 87,1,10,,690068,4,0,34 86 87,1,10,,690081,4,0,34 86 87,1,50,,690060,4,0,34 86 87,1,10,,690062,4,0,34 86 87,1,10,,690061,4,0,34 86 87,1,10,,690084,4,0,34 86 87,1,10,,690066,4,0,34 86 87,1,10,,690107,4,0,34 86 87,1,50,,690080,4,0,34 86 87,1,10,,690100,4,0,34 86 87,1
96002,'5',747,,690132,4,0,34 86 87,1,60,,542102,4,0,34 86 87,1,10,,690156,4,0,34 86 87,1,10,,570198,4,0,34 86 87,1,10,,690127,4,0,34 86 87,1,10,,690121,4,0,34 86 87,1,10,,599441,4,0,34 86 87,1,50,,690154,4,0,34 86 87,1,10,,690151,4,0,34 86 87,1,10,,690164,4,0,34 86 87,1,10,,690158,4,0,34 86 87,1,10,,556975,4,0,34 86 87,1,10,,690143,4,0,34 86 87,1,50,,690161,4,0,34 86 87,1,10,,690136,4,0,34 86 87,1,10,,690150,4,0,34 86 87,1,10,,690115,4,0,34 86 87,1,10,,690124,4,0,34 86 87,1,10,,555964,4,0,34 86 87,1,50,,690152,4,0,34 86 87,1,10,,690126,4,0,34 86 87,1,12,,528523,4,0,34 86 87,1,12,,690122,4,0,34 86 87,1,10,,690128,4,0,34 86 87,1,51,,690148,4,0,34 86 87,1,10,,598797,4,0,34 86 87,1,10,,690155,4,0,34 86 87,1,10,,690162,4,0,34 86 87,1,10,,577932,4,0,34 86 87,1,10,,690157,4,0,34 86 87,1,50,,690153,4,0,34 86 87,1,10,,690149,4,0,34 86 87,1,10,,690129,4,0,34 86 87,1,10,,690147,4,0,34 86 87,1,10,,690138,4,0,34 86 87,1,10,,690131,4,0,34 86 87,1,50,,690163,4,0,34 86 87,1,10,,690116,4,0,34 86 87,1,10,,690119,4,0,34 86 87,1,10,,690142,4,0,34 86 87,1,10,,690141,4,0,34 86 87,1,10,,690123,4,0,34 86 87,1,50,,690120,4,0,34 86 87,1,10,,690166,4,0,34 86 87,1,10,,690165,4,0,34 86 87,1,10,,574058,4,0,34 86 87,1,10,,690130,4,0,34 86 87,1,10,,555018,4,0,34 86 87,1,50,,690139,4,0,34 86 87,1,10,,690114,4,0,34 86 87,1,10,,690137,4,0,34 86 87,1,10,,527980,4,0,34 86 87,1,10,,532759,4,0,34 86 87,1,10,,575815,4,0,34 86 87,1,50,,690118,4,0,34 86 87,1,10,,690133,4,0,34 86 87,1,10,,521658,4,0,34 86 87,1,10,,690140,4,0,34 86 87,1,10,,690159,4,0,34 86 87,1,10,,690144,4,0,34 86 87,1,50,,539497,4,0,34 86 87,1,10,,690146,4,0,34 86 87,1,10,,690134,4,0,34 86 87,1,10,,690117,4,0,34 86 87,1,10,,690160,4,0,34 86 87,1,10,,690135,4,0,34 86 87,1,50,,690125,4,0,34 86 87,1,10,,690145,4,0,34 86 87,1
