11203,'1',546,,751769,30,4,,1,58,,751777,30,4,,1,18,,751795,67,4,,1,21,,751782,66,4,,1,62,,751807,66,4,,1,22,,623895,66,4,,1,22,,751786,66,4,,1,62,,751805,66,4,,1,22,,751801,66,4,,1,22,,751793,66,4,,1,62,,651466,66,4,,1,22,,751785,66,4,,1,61,,751768,66,4,,1,18,,660061,66,4,,1,18,,751776,66,4,,1,23,,751756,66,4,,1,63,,609387,66,4,,1,23,,751783,66,4,,1,63,,751784,66,4,,1
11203,'2',600,,751846,30,4,,1,21,,751833,30,4,,1,20,,751837,66,4,,1,62,,618433,66,4,,1,21,,751858,66,4,,1,21,,751816,66,4,,1,61,,751844,66,4,,1,21,,568076,66,4,,1,21,,751839,66,4,,1,61,,666759,66,4,,1,19,,659008,66,4,,1,19,,751819,66,4,,1,59,,751842,66,4,,1,19,,751820,66,4,,1,19,,495986,66,4,,1,59,,511476,66,4,,1,19,,629449,66,4,,1,19,,655412,66,4,,1,59,,751860,66,4,,1,19,,655921,66,4,,1,19,,751828,66,4,,1
11203,'3',811,,751897,30,4,,1,22,,638530,30,4,,1,13,,609110,66,4,,1,68,,751882,66,4,,1,22,,751888,66,4,,1,22,,674443,66,4,,1,62,,751871,66,4,,1,22,,751884,66,4,,1,62,,751898,66,4,,1,22,,751887,66,4,,1,22,,613085,66,4,,1,62,,663097,66,4,,1,22,,751890,66,4,,1
11203,'5',615,,751922,30,4,,1,28,,751917,66,4,,1,59,,751929,66,4,,1,22,,751905,66,4,,1,22,,666608,66,4,,1,62,,751938,66,4,,1,22,,542190,66,4,,1,22,,514442,66,4,,1,62,,751942,66,4,,1,22,,751932,66,4,,1,22,,751913,66,4,,1,62,,751919,66,4,,1,22,,751928,66,4,,1,62,,751937,66,4,,1,22,,585887,66,4,,1,22,,751927,66,4,,1,62,,751936,66,4,,1,22,,751947,66,4,,1
11204,'1',546,,752012,1,0,73 15,1,62,,631305,1,0,73 15,1,22,,751950,1,0,73 15,1,22,,751990,1,0,73 15,1,62,,751991,1,0,73 15,1,22,,751997,1,0,73 15,1,22,,752014,1,0,73 15,1,62,,613941,1,0,73 15,1,22,,654840,1,0,73 15,1,62,,751969,1,0,73 15,1,23,,751984,1,0,73 15,1,23,,752016,1,0,73 15,1,63,,751977,1,0,73 15,1,5,,751986,1,0,17 154,1,18,,751996,1,0,73 15,1,23,,751952,1,0,73 15,1,63,,751980,1,0,73 15,1,23,,752018,1,0,73 15,1,63,,751988,1,0,73 15,1,45,,510410,27,0,73 15,1,64,,751992,27,0,73 15,1,24,,752019,27,0,73 15,1,64,,751958,27,0,73 15,1,24,,751978,27,0,73 15,1,24,,752008,27,0,73 15,1,64,,752009,27,0,73 15,1,24,,752021,27,0,73 15,1,64,,622630,27,0,73 15,1,24,,751961,27,0,73 15,1,24,,751974,27,0,73 15,1,64,,751970,27,0,73 15,1,24,,752003,27,0,73 15,1,64,,751998,27,0,73 15,1,22,,751959,27,0,73 15,1,21,,751983,27,0,73 15,1,57,,751962,27,0,73 15,1,17,,752007,27,0,73 15,1,17,,751995,27,0,73 15,1,17,,751985,27,0,73 15,1,57,,374545,27,0,73 15,1,17,,570322,27,0,73 15,1,17,,666887,27,0,73 15,1,57,,752011,27,0,73 15,1,17,,648532,27,0,73 15,1,17,,752000,27,0,73 15,1,14,,751956,27,0,73 15,1,57,,751989,27,0,73 15,1,18,,751963,27,0,73 15,1,13,,465311,27,0,73 15,1,16,,751967,27,0,73 15,1,59,,631284,27,0,73 15,1,22,,752006,27,0,73 15,1,22,,667302,27,0,73 15,1,62,,550950,27,0,73 15,1,22,,752013,27,0,73 15,1,62,,752005,27,0,73 15,1,22,,751954,27,0,73 15,1,22,,751975,27,0,73 15,1,60,,751968,27,0,73 15,1
11204,'2',600,,620300,1,0,73 15,1,21,,752054,1,0,73 15,1,21,,682295,1,0,73 15,1,61,,752058,1,0,73 15,1,21,,752043,1,0,73 15,1,24,,582707,1,0,73 15,1,64,,752073,1,0,73 15,1,21,,640150,1,0,73 15,1,19,,752065,1,0,73 15,1,59,,752026,1,0,73 15,1,19,,752053,1,0,73 15,1,19,,752055,1,0,73 15,1,59,,752045,1,0,73 15,1,19,,752059,1,0,73 15,1,19,,752024,1,0,73 15,1,59,,752067,1,0,73 15,1,19,,752062,1,0,73 15,1,19,,752061,1,0,73 15,1,59,,752028,1,0,73 15,1,19,,752029,1,0,73 15,1,19,,752052,1,0,73 15,1,19,,752069,27,0,73 15,1,55,,752034,27,0,73 15,1,14,,752038,27,0,73 15,1,14,,752060,27,0,73 15,1,14,,752064,27,0,73 15,1,54,,752025,27,0,73 15,1,14,,752044,27,0,73 15,1,14,,682043,27,0,73 15,1,14,,752063,27,0,73 15,1,54,,752066,27,0,73 15,1,14,,634669,27,0,73 15,1,14,,752057,27,0,73 15,1,14,,752032,27,0,73 15,1,54,,752046,27,0,73 15,1,14,,683482,27,0,73 15,1,14,,752041,27,0,73 15,1,14,,752071,27,0,73 15,1,14,,637528,27,0,73 15,1,54,,752030,27,0,73 15,1,14,,752051,27,0,73 15,1,14,,676078,27,0,73 15,1,14,,752039,27,0,73 15,1,54,,752022,27,0,73 15,1,14,,669374,27,0,73 15,1,13,,752075,27,0,73 15,1,14,,752042,27,0,73 15,1,55,,752072,27,0,73 15,1,18,,752074,27,0,73 15,1,18,,752031,27,0,73 15,1,18,,752023,27,0,73 15,1,58,,752027,27,0,73 15,1,18,,752040,27,0,73 15,1,18,,752048,27,0,73 15,1,58,,752056,27,0,73 15,1,18,,752035,27,0,73 15,1,18,,752068,27,0,73 15,1,58,,659757,27,0,73 15,1,18,,752037,27,0,73 15,1,18,,752036,27,0,73 15,1,17,,752050,27,0,73 15,1,61,,624580,27,0,73 15,1
11204,'3',811,,752106,1,0,73 15,1,22,,752105,1,0,73 15,1,22,,618067,1,0,73 15,1,62,,752113,1,0,73 15,1,22,,752093,1,0,73 15,1,62,,394218,1,0,73 15,1,22,,752091,1,0,73 15,1,22,,752099,1,0,73 15,1,62,,752116,1,0,73 15,1,22,,684176,1,0,73 15,1,22,,752097,1,0,73 15,1,62,,752102,1,0,73 15,1,22,,752077,1,0,73 15,1,21,,752089,27,0,73 15,1,58,,752108,27,0,73 15,1,18,,752084,27,0,73 15,1,18,,752101,27,0,73 15,1,58,,752098,27,0,73 15,1,18,,752076,27,0,73 15,1,18,,752078,27,0,73 15,1,58,,752092,27,0,73 15,1,18,,752094,27,0,73 15,1,18,,752080,27,0,73 15,1,18,,614200,27,0,73 15,1,58,,752083,27,0,73 15,1,18,,752114,27,0,73 15,1,18,,752110,27,0,73 15,1,58,,752112,27,0,73 15,1,18,,752111,27,0,73 15,1,18,,752088,27,0,73 15,1,58,,566262,27,0,73 15,1,18,,752086,27,0,73 15,1,19,,752107,27,0,73 15,1,18,,752081,27,0,73 15,1,58,,752090,27,0,73 15,1,18,,689416,27,0,73 15,1,18,,752095,27,0,73 15,1,58,,752115,27,0,73 15,1,18,,670983,27,0,73 15,1,18,,752109,27,0,73 15,1,58,,752079,27,0,73 15,1,18,,752100,27,0,73 15,1,18,,752117,27,0,73 15,1,18,,554160,27,0,73 15,1,58,,752103,27,0,73 15,1,19,,752087,27,0,73 15,1,23,,752104,27,0,73 15,1,55,,560979,27,0,17 154,1
11204,'5',615,,752127,1,0,73 15,1,28,,752130,1,0,73 15,1,62,,752142,1,0,73 15,1,22,,752160,1,0,73 15,1,22,,752155,1,0,73 15,1,62,,684297,1,0,73 15,1,22,,752138,1,0,73 15,1,22,,752119,1,0,73 15,1,62,,752122,1,0,73 15,1,22,,752121,1,0,73 15,1,62,,752118,1,0,73 15,1,22,,752141,1,0,73 15,1,22,,752147,1,0,73 15,1,62,,752154,1,0,73 15,1,22,,752123,1,0,73 15,1,22,,752145,1,0,73 15,1,62,,678135,1,0,73 15,1,22,,656170,1,0,73 15,1,21,,752140,27,0,73 15,1,58,,633066,27,0,73 15,1,18,,752134,27,0,73 15,1,18,,752136,27,0,73 15,1,58,,657397,27,0,73 15,1,18,,550366,27,0,73 15,1,18,,752152,27,0,73 15,1,58,,752150,27,0,73 15,1,18,,752149,27,0,73 15,1,18,,752163,27,0,73 15,1,18,,752156,27,0,73 15,1,58,,752139,27,0,73 15,1,18,,752125,27,0,73 15,1,18,,554249,27,0,73 15,1,58,,752159,27,0,73 15,1,18,,611854,27,0,73 15,1,18,,752131,27,0,73 15,1,58,,752137,27,0,73 15,1,18,,752161,27,0,73 15,1,19,,673457,27,0,73 15,1,18,,752129,27,0,73 15,1,58,,752158,27,0,73 15,1,18,,752144,27,0,73 15,1,18,,752126,27,0,73 15,1,58,,752153,27,0,73 15,1,18,,752146,27,0,73 15,1,18,,638325,27,0,73 15,1,58,,752151,27,0,73 15,1,18,,752164,27,0,73 15,1,18,,752148,27,0,73 15,1,18,,752135,27,0,73 15,1,58,,752157,27,0,73 15,1,19,,752128,27,0,73 15,1,23,,752133,27,0,73 15,1,55,,752165,27,0,17 154,1
33401,'1',416,,769839,8,0,5 55 8,1,30,,639255,8,0,5 55 8,1,70,,613529,8,0,17 52 53 8,1,2025,,769848,8,0,5 55 8,1,75,,769847,8,0,5 55 8,1,30,,611467,8,0,5 55 8,1,70,,769854,8,0,5 55 8,1,30,,769852,8,0,5 55 8,1
33401,'2',416,,643356,8,0,5 55 8,1,30,,769873,8,0,5 55 8,1,70,,769877,8,0,17 74 8,1,29,,549902,8,0,17 52 53 8,1,70,,769856,8,0,17 52 53 8,1,1926,,769863,8,0,5 55 8,1,75,,769875,8,0,5 55 8,1,30,,769865,8,0,5 55 8,1,70,,769862,8,0,5 55 8,1,30,,769874,8,0,5 55 8,1
33401,'3',416,,679568,8,0,5 55 8,1,30,,769903,8,0,5 55 8,1,69,,769890,8,0,5 55 8,1,20,,769894,8,0,5 55 8,1,20,,769898,8,0,5 55 8,1,60,,769886,8,0,5 55 8,1,1926,,687441,8,0,5 55 8,1,75,,769899,8,0,5 55 8,1,30,,769892,8,0,5 55 8,1,70,,769884,8,0,5 55 8,1,30,,769905,8,0,5 55 8,1
33401,'5',416,,769926,8,0,5 55 8,1,30,,769927,8,0,5 55 8,1,70,,769913,8,0,17 74 8,1,30,,600566,8,0,17 52 53 8,1,70,,546572,8,0,17 52 53 8,1,1925,,769924,8,0,5 55 8,1,75,,769920,8,0,5 55 8,1,30,,769918,8,0,5 55 8,1,70,,769915,8,0,5 55 8,1,30,,769917,8,0,5 55 8,1
