7203,'1',545,,818455,6,0,26 27 8,1,6,,818438,6,0,26 27 8,1,7,,818419,28,0,26 27 8,1,48,,711826,28,0,26 27 8,1,7,,706666,28,0,26 27 8,1,8,,818436,28,0,26 27 8,1,7,,818450,28,0,26 27 8,1,8,,718183,28,0,26 27 8,1,7,,818415,28,0,26 27 8,1,8,,818364,28,0,26 27 8,1,7,,818398,28,0,26 27 8,1,48,,818404,28,0,26 27 8,1,7,,818464,28,0,26 27 8,1,8,,818375,28,0,26 27 8,1,7,,818380,28,0,26 27 8,1,10,,718263,28,0,26 27 8,1,7,,818373,28,0,26 27 8,1,8,,818448,28,0,26 27 8,1,47,,753939,28,0,26 27 8,1,8,,691047,28,0,26 27 8,1,7,,766972,28,0,26 27 8,1,8,,818462,28,0,26 27 8,1,7,,818397,28,0,26 27 8,1,8,,818400,28,0,26 27 8,1,7,,818459,28,0,26 27 8,1,8,,818442,28,0,26 27 8,1,47,,818434,28,0,26 27 8,1,8,,818439,28,0,26 27 8,1,7,,818374,28,0,26 27 8,1,8,,818392,28,0,26 27 8,1,7,,818454,28,0,26 27 8,1,8,,775698,28,0,26 27 8,1,7,,773833,28,0,26 27 8,1,8,,818431,28,0,26 27 8,1,47,,818412,28,0,26 27 8,1,10,,818365,28,0,26 27 8,1,8,,818428,28,0,26 27 8,1,9,,818457,28,0,26 27 8,1,9,,774203,28,0,26 27 8,1,9,,753269,28,0,26 27 8,1,9,,818444,28,0,26 27 8,1,49,,818379,28,0,26 27 8,1,9,,818376,28,0,26 27 8,1,9,,818405,28,0,26 27 8,1,9,,818399,28,0,26 27 8,1,9,,818367,28,0,26 27 8,1,9,,818385,28,0,26 27 8,1,9,,818389,28,0,26 27 8,1,49,,818387,28,0,26 27 8,1,9,,818377,28,0,26 27 8,1,9,,818417,28,0,26 27 8,1,9,,818441,28,0,26 27 8,1,9,,818414,28,0,26 27 8,1,9,,818378,28,0,26 27 8,1,49,,818422,28,0,26 27 8,1,9,,818435,28,0,26 27 8,1,9,,818437,28,0,26 27 8,1,9,,818430,28,0,26 27 8,1,9,,765415,28,0,26 27 8,1,9,,731408,28,0,26 27 8,1,9,,818456,28,0,26 27 8,1,49,,818403,28,0,26 27 8,1,9,,775713,28,0,26 27 8,1,9,,753951,28,0,26 27 8,1,9,,688814,28,0,26 27 8,1,8,,743518,28,0,26 27 8,1,7,,818362,28,0,26 27 8,1,8,,818465,28,0,26 27 8,1,47,,818401,28,0,26 27 8,1,8,,731954,28,0,26 27 8,1,7,,778818,28,0,26 27 8,1,8,,818393,28,0,26 27 8,1,7,,818458,28,0,26 27 8,1,8,,818409,28,0,26 27 8,1,7,,818432,28,0,26 27 8,1,8,,818446,28,0,26 27 8,1,47,,818390,28,0,26 27 8,1,8,,729371,28,0,26 27 8,1,7,,818371,28,0,26 27 8,1,8,,818394,28,0,26 27 8,1,7,,818407,28,0,26 27 8,1,8,,818424,28,0,26 27 8,1,7,,818408,28,0,26 27 8,1,8,,818425,28,0,26 27 8,1,47,,818445,28,0,26 27 8,1,8,,751570,28,0,26 27 8,1,7,,818429,28,0,26 27 8,1,8,,818449,28,0,26 27 8,1,7,,818426,28,0,26 27 8,1,8,,818370,28,0,26 27 8,1,7,,818381,28,0,26 27 8,1,8,,818463,28,0,26 27 8,1,47,,818363,28,0,26 27 8,1,8,,818383,28,0,26 27 8,1,7,,716230,28,0,26 27 8,1,8,,724589,28,0,26 27 8,1,7,,818453,28,0,26 27 8,1,8,,818460,28,0,26 27 8,1,7,,755710,28,0,26 27 8,1,8,,705215,28,0,26 27 8,1,47,,818406,28,0,26 27 8,1,7,,818410,28,0,26 27 8,1,3,,533982,28,0,26 27 8,1,7,,818416,28,0,26 27 8,1,9,,818402,28,0,26 27 8,1,9,,743061,28,0,26 27 8,1,9,,818427,28,0,26 27 8,1,9,,818433,28,0,26 27 8,1,49,,727701,28,0,26 27 8,1,9,,818461,28,0,26 27 8,1,9,,818391,28,0,26 27 8,1,9,,818372,28,0,26 27 8,1,9,,761457,28,0,26 27 8,1,9,,818396,28,0,26 27 8,1,9,,704085,28,0,26 27 8,1,49,,818411,28,0,26 27 8,1,9,,604731,28,0,26 27 8,1,9,,709950,28,0,26 27 8,1,9,,727489,28,0,26 27 8,1,9,,818413,28,0,26 27 8,1,9,,818366,28,0,26 27 8,1,9,,818469,28,0,26 27 8,1,49,,818368,28,0,26 27 8,1,9,,770577,28,0,26 27 8,1,7,,818421,28,0,26 27 8,1,4,,818466,28,0,26 27 8,1,10,,818395,28,0,26 27 8,1,10,,818360,28,0,26 27 8,1,10,,818443,28,0,26 27 8,1,50,,818468,28,0,26 27 8,1,10,,818467,28,0,26 27 8,1,10,,818447,28,0,26 27 8,1,10,,818382,28,0,26 27 8,1,10,,818452,28,0,26 27 8,1,10,,818384,28,0,26 27 8,1,50,,761519,28,0,26 27 8,1,10,,818388,28,0,26 27 8,1,10,,818361,28,0,26 27 8,1,10,,818451,28,0,26 27 8,1,10,,818420,28,0,26 27 8,1,10,,818369,28,0,26 27 8,1,50,,818423,28,0,26 27 8,1,10,,818386,28,0,26 27 8,1,14,,750125,28,0,26 27 8,1,12,,631890,28,0,26 27 8,1,14,,818418,28,0,17 74,1,55,,818440,28,0,17 74,1
7203,'2',545,,610167,6,0,26 27 8,1,9,,818528,6,0,26 27 8,1,48,,818500,28,0,26 27 8,1,9,,818480,28,0,26 27 8,1,10,,818559,28,0,26 27 8,1,10,,818514,28,0,26 27 8,1,10,,818494,28,0,26 27 8,1,10,,777730,28,0,26 27 8,1,50,,818566,28,0,26 27 8,1,10,,818523,28,0,26 27 8,1,10,,818518,28,0,26 27 8,1,10,,777780,28,0,26 27 8,1,10,,818548,28,0,26 27 8,1,10,,694277,28,0,26 27 8,1,50,,818511,28,0,26 27 8,1,10,,818578,28,0,26 27 8,1,10,,818510,28,0,26 27 8,1,13,,818501,28,0,26 27 8,1,8,,818486,28,0,26 27 8,1,8,,818554,28,0,26 27 8,1,8,,818591,28,0,26 27 8,1,48,,818575,28,0,26 27 8,1,8,,701415,28,0,26 27 8,1,8,,744859,28,0,26 27 8,1,8,,818513,28,0,26 27 8,1,8,,818472,28,0,26 27 8,1,8,,818546,28,0,26 27 8,1,8,,818531,28,0,26 27 8,1,48,,818525,28,0,26 27 8,1,8,,818509,28,0,26 27 8,1,8,,818516,28,0,26 27 8,1,8,,818576,28,0,26 27 8,1,8,,818515,28,0,26 27 8,1,8,,818561,28,0,26 27 8,1,8,,563514,28,0,26 27 8,1,8,,818577,28,0,26 27 8,1,48,,818545,28,0,26 27 8,1,8,,818543,28,0,26 27 8,1,8,,818594,28,0,26 27 8,1,8,,818474,28,0,26 27 8,1,8,,818542,28,0,26 27 8,1,8,,755297,28,0,26 27 8,1,8,,818574,28,0,26 27 8,1,48,,818512,28,0,26 27 8,1,8,,818491,28,0,26 27 8,1,8,,818565,28,0,26 27 8,1,8,,818590,28,0,26 27 8,1,6,,818507,28,0,26 27 8,1,9,,818579,28,0,26 27 8,1,6,,818529,28,0,26 27 8,1,6,,818549,28,0,26 27 8,1,6,,818540,28,0,26 27 8,1,46,,721144,28,0,26 27 8,1,6,,741846,28,0,26 27 8,1,6,,818589,28,0,26 27 8,1,6,,818527,28,0,26 27 8,1,6,,723705,28,0,26 27 8,1,6,,818504,28,0,26 27 8,1,6,,723695,28,0,26 27 8,1,6,,818572,28,0,26 27 8,1,6,,818586,28,0,26 27 8,1,6,,818560,28,0,26 27 8,1,46,,818562,28,0,26 27 8,1,6,,818569,28,0,26 27 8,1,6,,818492,28,0,26 27 8,1,6,,696087,28,0,26 27 8,1,6,,818593,28,0,26 27 8,1,6,,818563,28,0,26 27 8,1,6,,818520,28,0,26 27 8,1,6,,818493,28,0,26 27 8,1,6,,818471,28,0,26 27 8,1,6,,711438,28,0,26 27 8,1,46,,818583,28,0,26 27 8,1,6,,772243,28,0,26 27 8,1,6,,818532,28,0,26 27 8,1,6,,818487,28,0,26 27 8,1,6,,818470,28,0,26 27 8,1,6,,753541,28,0,26 27 8,1,6,,818584,28,0,26 27 8,1,6,,818505,28,0,26 27 8,1,6,,818552,28,0,26 27 8,1,6,,718841,28,0,26 27 8,1,46,,818503,28,0,26 27 8,1,6,,818580,28,0,26 27 8,1,6,,818497,28,0,26 27 8,1,6,,818568,28,0,26 27 8,1,6,,818484,28,0,26 27 8,1,6,,818519,28,0,26 27 8,1,6,,656352,28,0,26 27 8,1,6,,745345,28,0,26 27 8,1,6,,818522,28,0,26 27 8,1,6,,818564,28,0,26 27 8,1,46,,818475,28,0,26 27 8,1,6,,818488,28,0,26 27 8,1,6,,818536,28,0,26 27 8,1,6,,818585,28,0,26 27 8,1,6,,818538,28,0,26 27 8,1,6,,739691,28,0,26 27 8,1,6,,818539,28,0,26 27 8,1,6,,818567,28,0,26 27 8,1,6,,818517,28,0,26 27 8,1,6,,818502,28,0,26 27 8,1,46,,670072,28,0,26 27 8,1,6,,818534,28,0,26 27 8,1,6,,818524,28,0,26 27 8,1,6,,818490,28,0,26 27 8,1,6,,818556,28,0,26 27 8,1,6,,552190,28,0,26 27 8,1,6,,527737,28,0,26 27 8,1,6,,818478,28,0,26 27 8,1,6,,818592,28,0,26 27 8,1,6,,818557,28,0,26 27 8,1,46,,818526,28,0,26 27 8,1,6,,818587,28,0,26 27 8,1,6,,818571,28,0,26 27 8,1,6,,818551,28,0,26 27 8,1,6,,818499,28,0,26 27 8,1,7,,818535,28,0,26 27 8,1,10,,818496,28,0,26 27 8,1,10,,818506,28,0,26 27 8,1,50,,818553,28,0,26 27 8,1,10,,818476,28,0,26 27 8,1,10,,818547,28,0,26 27 8,1,10,,818481,28,0,26 27 8,1,10,,818482,28,0,26 27 8,1,10,,818495,28,0,26 27 8,1,50,,818477,28,0,26 27 8,1,10,,818489,28,0,26 27 8,1,10,,818479,28,0,26 27 8,1,10,,818473,28,0,26 27 8,1,10,,818555,28,0,26 27 8,1,10,,818588,28,0,26 27 8,1,50,,818581,28,0,26 27 8,1,10,,818483,28,0,26 27 8,1,10,,818533,28,0,26 27 8,1,5,,627394,28,0,26 27 8,1,8,,649960,28,0,26 27 8,1,10,,818582,28,0,26 27 8,1,10,,818544,28,0,26 27 8,1,50,,702929,28,0,26 27 8,1,10,,818573,28,0,26 27 8,1,10,,732075,28,0,26 27 8,1,10,,818550,28,0,26 27 8,1,10,,818570,28,0,26 27 8,1,10,,691407,28,0,26 27 8,1,50,,818537,28,0,26 27 8,1,10,,818541,28,0,26 27 8,1,10,,818558,28,0,26 27 8,1,10,,818530,28,0,26 27 8,1,10,,767667,28,0,26 27 8,1,10,,818521,28,0,26 27 8,1,50,,726486,28,0,26 27 8,1,10,,649067,28,0,26 27 8,1,13,,716490,28,0,26 27 8,1,12,,818498,28,0,26 27 8,1,14,,818485,28,0,17 74,1,55,,818508,28,0,17 74,1
7203,'3',606,,818615,28,0,17 74,1,30,,818689,28,0,17 74,1,70,,818673,28,0,17 74,1,30,,818638,28,0,26 27 8,1,10,,720309,6,0,26 27 8,1,10,,818679,6,0,26 27 8,1,50,,818672,28,0,26 27 8,1,8,,818609,28,0,26 27 8,1,9,,818629,28,0,26 27 8,1,13,,818605,28,0,26 27 8,1,9,,818686,28,0,26 27 8,1,8,,818632,28,0,26 27 8,1,49,,818606,28,0,26 27 8,1,8,,818667,28,0,26 27 8,1,9,,818597,28,0,26 27 8,1,8,,818600,28,0,26 27 8,1,9,,818678,28,0,26 27 8,1,8,,818596,28,0,26 27 8,1,9,,818626,28,0,26 27 8,1,48,,818622,28,0,26 27 8,1,9,,818655,28,0,26 27 8,1,8,,761368,28,0,26 27 8,1,9,,747818,28,0,26 27 8,1,8,,818695,28,0,26 27 8,1,9,,818681,28,0,26 27 8,1,8,,818650,28,0,26 27 8,1,49,,818648,28,0,26 27 8,1,8,,818624,28,0,26 27 8,1,9,,818617,28,0,26 27 8,1,8,,818595,28,0,26 27 8,1,9,,818645,28,0,26 27 8,1,8,,818636,28,0,26 27 8,1,9,,818682,28,0,26 27 8,1,48,,818644,28,0,26 27 8,1,9,,818687,28,0,26 27 8,1,8,,818652,28,0,26 27 8,1,8,,728997,28,0,26 27 8,1,8,,818685,28,0,26 27 8,1,6,,818634,28,0,26 27 8,1,9,,818610,28,0,26 27 8,1,9,,777844,28,0,26 27 8,1,49,,818602,28,0,26 27 8,1,9,,818630,28,0,26 27 8,1,9,,773466,28,0,26 27 8,1,9,,818669,28,0,26 27 8,1,9,,818670,28,0,26 27 8,1,9,,697186,28,0,26 27 8,1,49,,818623,28,0,26 27 8,1,9,,818654,28,0,26 27 8,1,9,,818656,28,0,26 27 8,1,9,,818666,28,0,26 27 8,1,9,,818691,28,0,26 27 8,1,9,,818614,28,0,26 27 8,1,9,,818628,28,0,26 27 8,1,49,,818618,28,0,26 27 8,1,9,,768997,28,0,26 27 8,1,9,,818643,28,0,26 27 8,1,9,,818642,28,0,26 27 8,1,9,,818631,28,0,26 27 8,1,9,,818653,28,0,26 27 8,1,9,,818675,28,0,26 27 8,1,49,,818701,28,0,26 27 8,1,9,,818601,28,0,26 27 8,1,9,,818616,28,0,26 27 8,1,9,,818665,28,0,26 27 8,1,9,,818697,28,0,26 27 8,1,9,,818699,28,0,26 27 8,1,49,,818620,28,0,26 27 8,1,9,,818657,28,0,26 27 8,1,9,,818659,28,0,26 27 8,1,9,,818680,28,0,26 27 8,1,9,,818599,28,0,26 27 8,1,9,,818612,28,0,26 27 8,1,9,,818637,28,0,26 27 8,1,49,,818692,28,0,26 27 8,1,9,,818700,28,0,26 27 8,1,9,,713500,28,0,26 27 8,1,9,,818613,28,0,26 27 8,1,9,,818639,28,0,26 27 8,1,9,,818658,28,0,26 27 8,1,9,,818647,28,0,26 27 8,1,49,,818633,28,0,26 27 8,1,9,,818649,28,0,26 27 8,1,9,,678448,28,0,26 27 8,1,5,,694059,28,0,26 27 8,1,10,,818607,28,0,26 27 8,1,10,,818693,28,0,26 27 8,1,10,,818683,28,0,26 27 8,1,50,,713675,28,0,26 27 8,1,10,,818641,28,0,26 27 8,1,10,,818698,28,0,26 27 8,1,10,,818663,28,0,26 27 8,1,10,,818651,28,0,26 27 8,1,10,,818627,28,0,26 27 8,1,50,,818676,28,0,26 27 8,1,10,,689104,28,0,26 27 8,1,10,,818646,28,0,26 27 8,1,10,,818608,28,0,26 27 8,1,10,,719890,28,0,26 27 8,1,10,,818661,28,0,26 27 8,1,50,,818660,28,0,26 27 8,1,10,,679714,28,0,26 27 8,1,6,,818640,28,0,26 27 8,1,10,,818684,28,0,26 27 8,1,10,,818621,28,0,26 27 8,1,10,,818671,28,0,26 27 8,1,50,,818688,28,0,26 27 8,1,10,,818694,28,0,26 27 8,1,10,,818619,28,0,26 27 8,1,10,,818635,28,0,26 27 8,1,10,,818690,28,0,26 27 8,1,10,,818677,28,0,26 27 8,1,50,,818603,28,0,26 27 8,1,10,,818674,28,0,26 27 8,1,10,,818611,28,0,26 27 8,1,10,,818662,28,0,26 27 8,1,10,,818664,28,0,26 27 8,1,10,,818696,28,0,26 27 8,1,50,,818598,28,0,26 27 8,1,10,,818604,28,0,26 27 8,1,15,,818668,28,0,26 27 8,1,15,,818625,28,0,26 27 8,1,13,,818702,28,0,17 74,1,55,,705890,28,0,17 74,1
7203,'5',545,,818724,6,0,26 27 8,1,8,,605043,6,0,26 27 8,1,48,,818762,28,0,26 27 8,1,10,,818775,28,0,26 27 8,1,10,,818707,28,0,26 27 8,1,10,,818730,28,0,26 27 8,1,10,,818782,28,0,26 27 8,1,10,,818773,28,0,26 27 8,1,50,,771169,28,0,26 27 8,1,10,,818741,28,0,26 27 8,1,10,,818752,28,0,26 27 8,1,10,,818737,28,0,26 27 8,1,10,,745262,28,0,26 27 8,1,10,,818713,28,0,26 27 8,1,50,,818785,28,0,26 27 8,1,10,,818727,28,0,26 27 8,1,10,,818740,28,0,26 27 8,1,14,,818732,28,0,26 27 8,1,10,,818788,28,0,26 27 8,1,8,,818759,28,0,26 27 8,1,49,,818772,28,0,26 27 8,1,8,,818751,28,0,26 27 8,1,9,,818770,28,0,26 27 8,1,8,,818748,28,0,26 27 8,1,9,,818763,28,0,26 27 8,1,8,,818726,28,0,26 27 8,1,9,,818733,28,0,26 27 8,1,48,,692679,28,0,26 27 8,1,9,,818708,28,0,26 27 8,1,8,,777891,28,0,26 27 8,1,9,,818771,28,0,26 27 8,1,8,,776262,28,0,26 27 8,1,9,,818811,28,0,26 27 8,1,8,,818769,28,0,26 27 8,1,49,,818710,28,0,26 27 8,1,8,,818736,28,0,26 27 8,1,9,,741974,28,0,26 27 8,1,8,,818704,28,0,26 27 8,1,9,,708383,28,0,26 27 8,1,8,,818776,28,0,26 27 8,1,9,,818792,28,0,26 27 8,1,48,,773537,28,0,26 27 8,1,9,,818813,28,0,26 27 8,1,8,,731223,28,0,26 27 8,1,8,,576063,28,0,26 27 8,1,8,,690900,28,0,26 27 8,1,6,,818786,28,0,26 27 8,1,9,,818735,28,0,26 27 8,1,9,,818746,28,0,26 27 8,1,49,,818809,28,0,26 27 8,1,9,,818780,28,0,26 27 8,1,9,,818766,28,0,26 27 8,1,9,,818723,28,0,26 27 8,1,9,,818806,28,0,26 27 8,1,9,,818743,28,0,26 27 8,1,49,,818734,28,0,26 27 8,1,9,,818764,28,0,26 27 8,1,9,,818801,28,0,26 27 8,1,9,,818731,28,0,26 27 8,1,9,,818768,28,0,26 27 8,1,9,,818760,28,0,26 27 8,1,9,,818778,28,0,26 27 8,1,49,,818804,28,0,26 27 8,1,9,,818754,28,0,26 27 8,1,9,,818779,28,0,26 27 8,1,9,,731386,28,0,26 27 8,1,9,,818738,28,0,26 27 8,1,9,,818711,28,0,26 27 8,1,9,,818720,28,0,26 27 8,1,49,,818725,28,0,26 27 8,1,9,,818718,28,0,26 27 8,1,9,,818745,28,0,26 27 8,1,9,,818705,28,0,26 27 8,1,9,,691722,28,0,26 27 8,1,9,,818742,28,0,26 27 8,1,49,,715577,28,0,26 27 8,1,9,,818803,28,0,26 27 8,1,9,,818810,28,0,26 27 8,1,9,,818765,28,0,26 27 8,1,9,,738344,28,0,26 27 8,1,9,,818805,28,0,26 27 8,1,9,,818784,28,0,26 27 8,1,49,,818802,28,0,26 27 8,1,9,,818790,28,0,26 27 8,1,9,,818719,28,0,26 27 8,1,9,,818796,28,0,26 27 8,1,9,,818791,28,0,26 27 8,1,9,,818798,28,0,26 27 8,1,9,,818797,28,0,26 27 8,1,49,,818783,28,0,26 27 8,1,9,,818755,28,0,26 27 8,1,9,,818716,28,0,26 27 8,1,5,,818794,28,0,26 27 8,1,10,,818715,28,0,26 27 8,1,10,,818722,28,0,26 27 8,1,10,,818717,28,0,26 27 8,1,50,,818787,28,0,26 27 8,1,10,,818795,28,0,26 27 8,1,10,,818793,28,0,26 27 8,1,10,,718567,28,0,26 27 8,1,10,,818789,28,0,26 27 8,1,10,,818729,28,0,26 27 8,1,50,,818799,28,0,26 27 8,1,10,,818706,28,0,26 27 8,1,10,,818761,28,0,26 27 8,1,10,,709206,28,0,26 27 8,1,10,,818714,28,0,26 27 8,1,10,,818709,28,0,26 27 8,1,50,,818744,28,0,26 27 8,1,10,,659207,28,0,26 27 8,1,6,,818703,28,0,26 27 8,1,10,,818808,28,0,26 27 8,1,10,,818777,28,0,26 27 8,1,10,,649244,28,0,26 27 8,1,50,,818767,28,0,26 27 8,1,10,,818728,28,0,26 27 8,1,10,,818758,28,0,26 27 8,1,10,,818774,28,0,26 27 8,1,10,,818712,28,0,26 27 8,1,10,,818807,28,0,26 27 8,1,50,,818757,28,0,26 27 8,1,10,,818721,28,0,26 27 8,1,10,,818800,28,0,26 27 8,1,10,,818756,28,0,26 27 8,1,10,,818750,28,0,26 27 8,1,10,,818747,28,0,26 27 8,1,50,,818739,28,0,26 27 8,1,10,,818749,28,0,26 27 8,1,15,,818812,28,0,26 27 8,1,15,,818781,28,0,26 27 8,1,13,,818753,28,0,17 74,1,55,,766617,28,0,17 74,1
8801,'1',516,,827576,6,0,5 241 46,1,18,,827612,6,0,5 241 46,1,22,,827578,6,0,5 241 46,1,60,,827579,23,0,5 241 46,1,15,,705676,23,0,5 241 46,1,15,,750134,23,0,5 241 46,1,55,,827623,23,0,5 241 46,1,15,,827614,23,0,5 241 46,1,15,,779276,23,0,5 241 46,1,11,,827606,23,0,5 241 46,1,15,,827611,23,0,5 241 46,1,55,,827580,23,0,5 241 46,1,15,,827609,23,0,5 241 46,1,15,,827593,23,0,5 241 46,1,15,,753947,23,0,5 241 46,1,55,,827600,23,0,5 241 46,1,40,,755245,23,0,5 241 46,1,80,,827574,23,0,5 241 46,1,80,,713889,23,0,5 241 46,1,40,,827586,23,0,5 241 46,1,80,,677738,23,0,5 241 46,1,80,,693699,23,0,5 241 46,1,40,,827610,23,0,5 241 46,1,73,,751026,6,0,5 241 46,1,7,,730456,23,0,5 241 46,1,78,,827617,23,0,5 241 46,1,24,,827583,23,0,5 241 46,1,24,,731239,23,0,5 241 46,1,64,,827622,23,0,5 241 46,1,24,,827592,23,0,5 241 46,1,64,,827569,23,0,5 241 46,1,25,,827595,23,0,5 241 46,1,65,,827577,23,0,5 241 46,1,25,,827573,23,0,5 241 46,1,25,,827607,23,0,5 241 46,1,65,,827603,23,0,5 241 46,1,15,,729990,23,0,5 241 46,1,76,,827571,23,0,5 241 46,1,36,,827584,23,0,5 241 46,1,76,,700669,23,0,5 241 46,1,36,,827615,23,0,5 241 46,1,86,,738965,23,0,5 241 46,1,85,,827619,23,0,5 241 46,1,85,,827587,23,0,5 241 46,1,45,,747521,23,0,5 241 46,1,60,,827618,23,0,5 241 46,1
8801,'2',520,,827631,6,0,5 241 46,1,104,,827683,23,0,5 241 46,1,84,,827674,23,0,5 241 46,1,45,,827661,23,0,5 241 46,1,75,,827649,23,0,5 241 46,1,74,,827673,23,0,5 241 46,1,35,,827682,23,0,5 241 46,1,75,,651669,23,0,5 241 46,1,35,,775401,23,0,5 241 46,1,69,,827634,23,0,5 241 46,1,31,,827671,23,0,5 241 46,1,70,,827650,23,0,5 241 46,1,30,,827664,23,0,5 241 46,1,70,,827659,23,0,5 241 46,1,30,,827647,23,0,5 241 46,1,70,,827633,23,0,5 241 46,1,30,,708120,23,0,5 241 46,1,70,,723691,23,0,5 241 46,1,30,,827675,23,0,5 241 46,1,70,,827642,23,0,5 241 46,1,30,,827680,23,0,5 241 46,1,70,,827632,23,0,5 241 46,1,30,,767517,23,0,5 241 46,1,70,,827652,23,0,5 241 46,1,30,,827625,23,0,5 241 46,1,70,,776993,23,0,5 241 46,1,41,,827681,23,0,5 241 46,1,75,,827646,23,0,5 241 46,1,75,,827669,23,0,5 241 46,1,35,,827678,23,0,5 241 46,1,75,,827651,23,0,5 241 46,1,35,,827677,23,0,5 241 46,1,85,,827654,23,0,5 241 46,1,85,,827644,23,0,5 241 46,1,83,,827640,23,0,5 241 46,1
8801,'3',741,,827700,6,0,5 241 46,1,91,,827701,23,0,5 241 46,1,90,,827721,23,0,5 241 46,1,90,,827728,23,0,5 241 46,1,90,,827685,23,0,5 241 46,1,46,,778669,23,0,5 241 46,1,77,,827722,23,0,5 241 46,1,80,,729040,23,0,5 241 46,1,40,,827698,23,0,5 241 46,1,80,,827716,23,0,5 241 46,1,80,,748461,23,0,5 241 46,1,40,,827699,23,0,5 241 46,1,80,,827692,23,0,5 241 46,1,80,,827723,23,0,5 241 46,1,40,,827693,23,0,5 241 46,1,80,,643508,23,0,5 241 46,1,87,,827705,23,0,5 241 46,1,90,,827709,23,0,5 241 46,1,50,,701622,23,0,5 241 46,1,90,,827712,23,0,5 241 46,1,81,,827720,23,0,5 241 46,1,85,,827724,23,0,5 241 46,1,45,,827689,23,0,5 241 46,1,85,,827714,23,0,5 241 46,1,77,,827725,23,0,5 241 46,1
8801,'5',520,,827747,6,0,5 241 46,1,80,,827730,23,0,5 241 46,1,50,,706093,23,0,5 241 46,1,90,,827757,23,0,5 241 46,1,92,,827733,23,0,5 241 46,1,90,,827741,23,0,5 241 46,1,90,,712983,23,0,5 241 46,1,90,,827764,23,0,5 241 46,1,46,,827749,23,0,5 241 46,1,77,,827736,23,0,5 241 46,1,80,,736879,23,0,5 241 46,1,40,,827745,23,0,5 241 46,1,80,,827751,23,0,5 241 46,1,80,,827748,23,0,5 241 46,1,40,,749636,23,0,5 241 46,1,80,,827739,23,0,5 241 46,1,80,,827752,23,0,5 241 46,1,40,,827735,23,0,5 241 46,1,80,,827763,23,0,5 241 46,1,87,,769567,23,0,5 241 46,1,90,,827756,23,0,5 241 46,1,50,,747340,23,0,5 241 46,1,90,,756273,23,0,5 241 46,1,81,,827729,23,0,5 241 46,1,85,,640768,23,0,5 241 46,1,45,,827762,23,0,5 241 46,1,85,,827758,23,0,5 241 46,1,77,,827742,23,0,5 241 46,1
15604,'1',525,,851270,16,0,241 46,1,30,,851280,16,0,241 46,1,70,,742550,16,0,241 46,1,30,,747554,16,0,241 46,1,70,,851277,16,0,241 46,1,30,,851260,16,0,241 46,1,70,,754786,16,0,241 46,1,30,,851266,16,0,241 46,1,70,,851265,16,0,241 46,1,30,,642137,16,0,241 46,1,70,,851275,16,0,241 46,1,30,,851262,16,0,241 46,1,70,,851278,16,0,241 46,1,30,,851269,16,0,241 46,1,70,,851261,16,0,241 46,1,30,,851273,16,0,241 46,1,70,,851264,16,0,241 46,1,30,,851271,16,0,241 46,1,70,,779430,16,0,241 46,1,30,,851276,16,0,241 46,1,72,,851263,16,0,241 46,1,32,,851268,16,0,241 46,1,70,,647930,16,0,241 46,1,30,,851272,16,0,241 46,1,70,,851274,16,0,241 46,1,30,,851279,16,0,241 46,1,70,,761881,16,0,241 46,1,30,,851267,16,0,241 46,1,70,,515125,16,0,241 46,1
15604,'2',543,,851285,16,0,241 46,1,65,,851291,16,0,241 46,1,25,,851303,16,0,241 46,1,25,,851309,16,0,241 46,1,65,,851282,16,0,241 46,1,25,,851308,16,0,241 46,1,65,,851296,16,0,241 46,1,25,,851312,16,0,241 46,1,65,,851295,16,0,241 46,1,25,,851306,16,0,241 46,1,25,,851301,16,0,241 46,1,65,,851307,16,0,241 46,1,25,,851286,16,0,241 46,1,65,,851294,16,0,241 46,1,25,,851288,16,0,241 46,1,25,,851290,16,0,241 46,1,74,,851289,16,0,241 46,1,70,,851302,16,0,241 46,1,30,,851300,16,0,241 46,1,70,,851292,16,0,241 46,1,30,,851298,16,0,241 46,1,70,,851283,16,0,241 46,1,30,,851293,16,0,241 46,1,70,,851287,16,0,241 46,1,30,,851310,16,0,241 46,1,70,,851299,16,0,241 46,1,30,,851311,16,0,241 46,1,70,,851284,16,0,241 46,1,30,,851305,16,0,241 46,1,70,,851304,16,0,241 46,1,30,,851297,16,0,241 46,1
15604,'3',721,,851327,16,0,241 46,1,25,,851336,16,0,241 46,1,57,,678248,16,0,241 46,1,25,,851326,16,0,241 46,1,25,,851322,16,0,241 46,1,65,,851316,16,0,241 46,1,25,,851332,16,0,241 46,1,65,,851335,16,0,241 46,1,25,,851328,16,0,241 46,1,25,,851330,16,0,241 46,1,65,,851315,16,0,241 46,1,25,,761045,16,0,241 46,1,65,,851324,16,0,241 46,1,33,,851314,16,0,241 46,1,70,,851323,16,0,241 46,1,30,,851319,16,0,241 46,1,70,,851333,16,0,241 46,1,30,,851313,16,0,241 46,1,70,,851334,16,0,241 46,1,30,,851325,16,0,241 46,1,70,,851317,16,0,241 46,1,30,,851331,16,0,241 46,1,70,,736839,16,0,241 46,1,30,,736781,16,0,241 46,1,70,,851329,16,0,241 46,1,30,,851320,16,0,241 46,1,70,,851321,16,0,241 46,1
15604,'5',548,,851348,16,0,241 46,1,63,,851361,16,0,241 46,1,18,,851354,16,0,241 46,1,25,,851341,16,0,241 46,1,65,,851349,16,0,241 46,1,25,,851357,16,0,241 46,1,59,,851343,16,0,241 46,1,25,,851346,16,0,241 46,1,25,,851358,16,0,241 46,1,65,,851344,16,0,241 46,1,25,,851345,16,0,241 46,1,65,,851351,16,0,241 46,1,25,,851342,16,0,241 46,1,25,,851355,16,0,241 46,1,65,,851359,16,0,241 46,1,25,,772579,16,0,241 46,1,65,,851356,16,0,241 46,1,33,,851362,16,0,241 46,1,70,,736912,16,0,241 46,1,30,,851347,16,0,241 46,1,70,,767110,16,0,241 46,1,30,,851350,16,0,241 46,1,70,,851352,16,0,241 46,1,30,,851339,16,0,241 46,1,70,,851353,16,0,241 46,1,30,,765836,16,0,241 46,1,70,,851360,16,0,241 46,1,30,,851340,16,0,241 46,1,70,,851338,16,0,241 46,1,30,,699582,16,0,241 46,1,70,,775214,16,0,241 46,1
32503,'1',439,,858209,28,0,11 12 9,1,66,,858206,28,0,17 26 38 8,1,27,,858205,28,0,17 26 38 8,1,2107,,858207,28,0,11 12 9,1,70,,858208,28,0,11 12 9,1,30,,631957,28,0,11 12 9,1,70,,858204,28,0,11 12 9,1
32503,'2',439,,858213,28,0,11 12 9,1,66,,858212,28,0,11 12 9,1,15,,858211,28,0,17 26 38 8,1,21,,749162,28,0,17 26 38 8,1,2098,,858215,28,0,11 12 9,1,70,,858210,28,0,11 12 9,1,30,,752067,28,0,11 12 9,1,70,,858214,28,0,11 12 9,1
32503,'3',439,,858217,28,0,11 12 9,1,70,,858218,28,0,11 12 9,1,27,,736777,28,0,11 12 9,1,2103,,858220,28,0,11 12 9,1,70,,858219,28,0,11 12 9,1,30,,858221,28,0,11 12 9,1,70,,858216,28,0,11 12 9,1
32503,'5',439,,858225,28,0,11 12 9,1,66,,858226,28,0,11 12 9,1,14,,652866,28,0,17 26 38 8,1,22,,858228,28,0,17 26 38 8,1,2098,,858227,28,0,11 12 9,1,70,,858224,28,0,11 12 9,1,30,,858222,28,0,11 12 9,1,70,,696010,28,0,11 12 9,1
40303,'1',1049,,859934,3,0,26 38 211 10,1,155,,859935,3,0,26 38 211 10,1,145,,859936,3,0,26 38 211 10,1,155,,859937,3,0,26 38 211 10,1,115,,859938,3,0,26 38 211 10,1
