13201,'1',600,,713917,1,0,111 3 112,1,22,,848436,1,0,111 3 112,1,22,,848465,1,0,111 3 112,1,64,,848442,1,0,111 3 112,1,22,,848438,1,0,111 3 112,1,22,,848433,1,0,111 3 112,1,62,,848450,1,0,111 3 112,1,22,,848440,1,0,111 3 112,1,22,,848451,1,0,111 3 112,1,62,,848461,1,0,111 3 112,1,25,,751342,1,0,111 3 112,1,65,,756059,1,0,111 3 112,1,25,,848437,1,0,111 3 112,1,65,,848444,1,0,111 3 112,1,25,,751542,1,0,111 3 112,1,25,,848463,1,0,111 3 112,1,65,,778504,1,0,111 3 112,1,25,,848467,1,0,111 3 112,1,65,,848470,1,0,111 3 112,1,25,,848458,1,0,111 3 112,1,25,,848455,1,0,111 3 112,1,65,,696229,1,0,111 3 112,1,25,,848452,1,0,111 3 112,1,65,,848466,1,0,111 3 112,1,24,,848462,1,0,111 3 112,1,22,,848453,1,0,111 3 112,1,62,,848464,1,0,111 3 112,1,22,,848459,1,0,111 3 112,1,62,,848457,1,0,111 3 112,1,22,,848432,1,0,111 3 112,1,22,,848449,1,0,111 3 112,1,62,,848447,1,0,111 3 112,1,22,,779509,1,0,111 3 112,1,22,,848434,1,0,111 3 112,1,62,,848443,1,0,111 3 112,1,24,,848469,1,0,111 3 112,1,65,,848445,1,0,111 3 112,1,25,,848456,1,0,111 3 112,1,25,,848446,1,0,111 3 112,1,65,,848448,1,0,111 3 112,1,25,,848441,1,0,111 3 112,1,65,,848471,1,0,111 3 112,1,28,,667914,1,0,111 3 112,1,70,,848439,1,0,111 3 112,1,30,,848454,1,0,111 3 112,1,70,,848460,1,0,111 3 112,1,30,,848435,1,0,111 3 112,1,68,,848468,1,0,111 3 112,1
13201,'2',600,,848491,1,0,111 3 112,1,30,,764951,1,0,111 3 112,1,70,,758466,1,0,111 3 112,1,30,,848501,1,0,111 3 112,1,70,,848490,1,0,111 3 112,1,30,,848482,1,0,111 3 112,1,70,,848495,1,0,111 3 112,1,30,,848483,1,0,111 3 112,1,70,,848485,1,0,111 3 112,1,30,,760553,1,0,111 3 112,1,70,,848488,1,0,111 3 112,1,30,,848486,1,0,111 3 112,1,70,,848503,1,0,111 3 112,1,30,,848492,1,0,111 3 112,1,70,,848475,1,0,111 3 112,1,30,,755735,1,0,111 3 112,1,70,,848484,1,0,111 3 112,1,30,,848476,1,0,111 3 112,1,70,,848499,1,0,111 3 112,1,30,,848497,1,0,111 3 112,1,70,,848477,1,0,111 3 112,1,30,,700772,1,0,111 3 112,1,70,,848498,1,0,111 3 112,1,30,,521539,1,0,111 3 112,1,70,,848479,1,0,111 3 112,1,30,,748408,1,0,111 3 112,1,70,,848496,1,0,111 3 112,1,30,,848504,1,0,111 3 112,1,70,,848487,1,0,111 3 112,1,30,,848502,1,0,111 3 112,1,70,,718338,1,0,111 3 112,1,30,,848481,1,0,111 3 112,1,70,,848478,1,0,111 3 112,1,30,,848500,1,0,111 3 112,1,70,,848494,1,0,111 3 112,1,30,,848489,1,0,111 3 112,1,70,,848474,1,0,111 3 112,1,30,,848480,1,0,111 3 112,1,70,,848493,1,0,111 3 112,1
13201,'3',800,,848519,1,0,111 3 112,1,30,,848524,1,0,111 3 112,1,70,,848509,1,0,111 3 112,1,30,,848510,1,0,111 3 112,1,70,,692621,1,0,111 3 112,1,30,,848506,1,0,111 3 112,1,70,,848505,1,0,111 3 112,1,30,,644750,1,0,111 3 112,1,70,,848515,1,0,111 3 112,1,30,,848514,1,0,111 3 112,1,70,,848511,1,0,111 3 112,1,30,,718529,1,0,111 3 112,1,70,,614573,1,0,111 3 112,1,30,,848527,1,0,111 3 112,1,70,,848523,1,0,111 3 112,1,30,,848521,1,0,111 3 112,1,70,,848520,1,0,111 3 112,1,30,,848513,1,0,111 3 112,1,70,,848529,1,0,111 3 112,1,30,,848508,1,0,111 3 112,1,70,,848507,1,0,111 3 112,1,30,,730268,1,0,111 3 112,1,70,,676528,1,0,111 3 112,1,30,,848528,1,0,111 3 112,1,70,,721188,1,0,111 3 112,1,30,,628891,1,0,111 3 112,1,70,,848518,1,0,111 3 112,1,30,,848522,1,0,111 3 112,1,71,,848512,1,0,111 3 112,1,30,,777477,1,0,111 3 112,1,70,,848525,1,0,111 3 112,1,30,,777817,1,0,111 3 112,1,70,,848516,1,0,111 3 112,1,30,,848517,1,0,111 3 112,1,70,,848530,1,0,111 3 112,1
13201,'5',600,,848546,1,0,111 3 112,1,30,,848543,1,0,111 3 112,1,70,,643887,1,0,111 3 112,1,30,,848533,1,0,111 3 112,1,70,,691922,1,0,111 3 112,1,30,,848551,1,0,111 3 112,1,70,,848548,1,0,111 3 112,1,30,,848536,1,0,111 3 112,1,70,,848531,1,0,111 3 112,1,30,,702160,1,0,111 3 112,1,70,,703733,1,0,111 3 112,1,30,,848539,1,0,111 3 112,1,70,,848537,1,0,111 3 112,1,30,,848532,1,0,111 3 112,1,70,,639778,1,0,111 3 112,1,30,,848554,1,0,111 3 112,1,70,,848538,1,0,111 3 112,1,30,,726920,1,0,111 3 112,1,70,,848544,1,0,111 3 112,1,30,,848541,1,0,111 3 112,1,70,,848555,1,0,111 3 112,1,30,,848556,1,0,111 3 112,1,70,,694410,1,0,111 3 112,1,30,,848547,1,0,111 3 112,1,70,,725431,1,0,111 3 112,1,30,,848558,1,0,111 3 112,1,70,,848542,1,0,111 3 112,1,30,,722390,1,0,111 3 112,1,70,,848549,1,0,111 3 112,1,30,,738299,1,0,111 3 112,1,70,,848553,1,0,111 3 112,1,30,,848534,1,0,111 3 112,1,70,,644127,1,0,111 3 112,1,30,,848545,1,0,111 3 112,1,70,,848557,1,0,111 3 112,1,30,,848550,1,0,111 3 112,1,70,,705149,1,0,111 3 112,1,30,,848535,1,0,111 3 112,1,70,,848540,1,0,111 3 112,1
13202,'1',600,,848571,31,4,,1,29,,848594,31,4,,1,22,,848585,31,4,,1,62,,609727,31,4,,1,22,,754938,31,4,,1,22,,726675,31,4,,1,62,,848575,31,4,,1,22,,848579,31,4,,1,62,,848578,31,4,,1,22,,848573,31,4,,1,22,,758749,31,4,,1,61,,848582,31,4,,1,25,,590668,31,4,,1,25,,848584,31,4,,1,65,,848586,31,4,,1,25,,694809,31,4,,1,65,,848574,31,4,,1,25,,848572,31,4,,1,65,,848580,31,4,,1,25,,848570,31,4,,1,25,,848593,31,4,,1,65,,848565,31,4,,1,25,,662318,31,4,,1,65,,848559,31,4,,1,26,,848561,31,4,,1,25,,848583,31,4,,1,64,,848577,31,4,,1,22,,603746,31,4,,1,62,,706238,31,4,,1,22,,848588,31,4,,1,22,,848564,31,4,,1,62,,439526,31,4,,1,22,,848567,31,4,,1,22,,848592,31,4,,1,62,,848581,31,4,,1,23,,848587,31,4,,1,62,,848566,31,4,,1,24,,848560,31,4,,1,25,,848590,31,4,,1,65,,848591,31,4,,1,23,,638120,31,4,,1,65,,694504,31,4,,1,22,,761320,31,4,,1,25,,848589,31,4,,1,68,,848563,31,4,,1,30,,779418,31,4,,1,70,,848569,31,4,,1,30,,848568,31,4,,1,67,,848562,31,4,,1
13202,'2',615,,848603,31,4,,1,30,,689026,31,4,,1,70,,848597,31,4,,1,30,,848598,31,4,,1,70,,848621,31,4,,1,30,,848620,31,4,,1,70,,848623,31,4,,1,30,,848610,31,4,,1,70,,848619,31,4,,1,30,,848607,31,4,,1,70,,684031,31,4,,1,30,,848609,31,4,,1,70,,848601,31,4,,1,30,,848612,31,4,,1,70,,752048,31,4,,1,30,,848616,31,4,,1,70,,753192,31,4,,1,30,,848600,31,4,,1,70,,848599,31,4,,1,30,,848602,31,4,,1,70,,745908,31,4,,1,30,,848605,31,4,,1,70,,770867,31,4,,1,30,,771594,31,4,,1,70,,848617,31,4,,1,30,,848613,31,4,,1,70,,848604,31,4,,1,30,,848608,31,4,,1,70,,848622,31,4,,1,30,,848596,31,4,,1,70,,848606,31,4,,1,30,,731113,31,4,,1,70,,848595,31,4,,1,30,,848611,31,4,,1,70,,848624,31,4,,1,30,,848614,31,4,,1,70,,848618,31,4,,1,30,,848615,31,4,,1,70,,848625,31,4,,1
13202,'3',815,,848629,31,4,,1,30,,848638,31,4,,1,70,,848635,31,4,,1,30,,848634,31,4,,1,70,,848639,31,4,,1,30,,848631,31,4,,1,70,,848645,31,4,,1,30,,848649,31,4,,1,70,,848630,31,4,,1,30,,848633,31,4,,1,70,,848646,31,4,,1,30,,848654,31,4,,1,70,,848626,31,4,,1,30,,848627,31,4,,1,70,,848653,31,4,,1,30,,848642,31,4,,1,70,,848641,31,4,,1,30,,848651,31,4,,1,70,,663893,31,4,,1,30,,760639,31,4,,1,70,,848652,31,4,,1,30,,848647,31,4,,1,70,,848655,31,4,,1,30,,848637,31,4,,1,70,,848632,31,4,,1,30,,848648,31,4,,1,70,,848636,31,4,,1,30,,848644,31,4,,1,70,,848656,31,4,,1,31,,772971,31,4,,1,70,,848643,31,4,,1,30,,623781,31,4,,1,70,,848628,31,4,,1,30,,717197,31,4,,1,70,,848640,31,4,,1
13202,'5',615,,848687,31,4,,1,30,,848682,31,4,,1,70,,848685,31,4,,1,30,,848673,31,4,,1,70,,848678,31,4,,1,30,,848679,31,4,,1,70,,848681,31,4,,1,30,,848659,31,4,,1,70,,848686,31,4,,1,30,,719509,31,4,,1,70,,848666,31,4,,1,30,,848658,31,4,,1,70,,730278,31,4,,1,30,,848671,31,4,,1,70,,848675,31,4,,1,30,,848672,31,4,,1,70,,848660,31,4,,1,30,,848677,31,4,,1,70,,670719,31,4,,1,30,,848667,31,4,,1,70,,848676,31,4,,1,30,,848674,31,4,,1,70,,848665,31,4,,1,30,,677490,31,4,,1,70,,848680,31,4,,1,30,,745460,31,4,,1,70,,848663,31,4,,1,30,,848661,31,4,,1,70,,848670,31,4,,1,30,,768387,31,4,,1,70,,848684,31,4,,1,30,,848662,31,4,,1,70,,848669,31,4,,1,30,,848683,31,4,,1,70,,733870,31,4,,1,30,,729903,31,4,,1,70,,848657,31,4,,1,30,,538949,31,4,,1,70,,848668,31,4,,1
16901,'1',618,,854479,35,4,,1,30,,854491,35,4,,1,71,,734603,35,4,,1,32,,854481,35,4,,1,70,,854471,35,4,,1,30,,854470,35,4,,1,70,,644528,35,4,,1,32,,772835,45,4,,1,70,,854482,45,4,,1,30,,854490,45,4,,1,70,,771307,45,4,,1,30,,854485,45,4,,1,70,,771172,45,4,,1,30,,854473,45,4,,1,70,,731274,45,4,,1,30,,854478,45,4,,1,70,,854480,45,4,,1,32,,854488,35,4,,1,70,,854483,35,4,,1,30,,854477,35,4,,1,70,,771483,35,4,,1,30,,854472,35,4,,1,70,,690681,35,4,,1,30,,854498,35,4,,1,70,,854497,35,4,,1,30,,748674,35,4,,1,70,,854474,35,4,,1,29,,854492,45,4,,1,70,,854486,45,4,,1,30,,696579,45,4,,1,70,,854476,45,4,,1,30,,854487,45,4,,1,70,,854496,45,4,,1,28,,854484,45,4,,1,70,,495520,45,4,,1,30,,854495,45,4,,1,70,,854489,45,4,,1,30,,854493,45,4,,1,70,,854494,45,4,,1,30,,854475,45,4,,1
16901,'2',624,,854504,45,4,,1,30,,854518,45,4,,1,70,,854522,45,4,,1,30,,707498,45,4,,1,70,,854500,45,4,,1,30,,854499,45,4,,1,70,,854502,45,4,,1,30,,854515,45,4,,1,70,,775463,45,4,,1,30,,690764,45,4,,1,70,,854505,45,4,,1,30,,854509,45,4,,1,70,,854525,45,4,,1,31,,854511,45,4,,1,70,,854501,45,4,,1,30,,854512,45,4,,1,70,,854523,45,4,,1,30,,854517,45,4,,1,70,,854524,45,4,,1,30,,854510,45,4,,1,70,,854507,45,4,,1,30,,736168,45,4,,1,70,,854521,45,4,,1,30,,854513,45,4,,1,70,,854514,45,4,,1,30,,708597,45,4,,1,70,,854503,45,4,,1,27,,854520,45,4,,1,70,,697080,45,4,,1,30,,854506,45,4,,1,70,,854508,45,4,,1,30,,773360,45,4,,1,70,,854519,45,4,,1,30,,854516,45,4,,1
16901,'3',855,,854539,45,4,,1,70,,854534,45,4,,1,30,,854549,45,4,,1,70,,854533,45,4,,1,30,,854529,45,4,,1,70,,854544,45,4,,1,30,,701265,45,4,,1,70,,854535,45,4,,1,32,,713493,45,4,,1,70,,854543,45,4,,1,30,,854532,45,4,,1,70,,854527,45,4,,1,30,,854548,45,4,,1,70,,854526,45,4,,1,30,,854541,45,4,,1,70,,854545,45,4,,1,30,,854546,45,4,,1,70,,854528,45,4,,1,30,,854531,45,4,,1,70,,854540,45,4,,1,30,,757191,45,4,,1,70,,854542,45,4,,1,25,,854547,45,4,,1,70,,488006,45,4,,1,30,,854530,45,4,,1,70,,854538,45,4,,1,30,,854536,45,4,,1,70,,706843,45,4,,1,30,,854537,45,4,,1
16901,'5',655,,854554,45,4,,1,70,,854564,45,4,,1,30,,854557,45,4,,1,70,,854555,45,4,,1,30,,754258,45,4,,1,70,,854558,45,4,,1,30,,854574,45,4,,1,70,,854552,45,4,,1,30,,708381,45,4,,1,70,,854570,45,4,,1,30,,854566,45,4,,1,70,,854550,45,4,,1,32,,854556,45,4,,1,70,,713310,45,4,,1,30,,854562,45,4,,1,70,,854563,45,4,,1,30,,854567,45,4,,1,70,,854551,45,4,,1,30,,854565,45,4,,1,70,,854572,45,4,,1,30,,854571,45,4,,1,70,,854553,45,4,,1,30,,854561,45,4,,1,70,,854569,45,4,,1,30,,854559,45,4,,1,70,,854568,45,4,,1,25,,736898,45,4,,1,70,,730702,45,4,,1,30,,611829,45,4,,1,70,,751712,45,4,,1,30,,854575,45,4,,1,70,,854560,45,4,,1,30,,854573,45,4,,1
16902,'1',530,,854597,1,0,34 26 38 15,1,70,,731945,1,0,34 26 38 15,1,30,,732466,1,0,34 26 38 15,1,70,,705627,1,0,34 26 38 15,1,30,,854576,1,0,34 26 38 15,1,70,,854598,1,0,34 26 38 15,1,30,,854596,1,0,34 26 38 15,1,70,,854577,1,0,5 26 38 15,1,30,,854587,1,0,5 26 38 15,1,70,,779336,1,0,5 26 38 15,1,30,,735609,1,0,5 26 38 15,1,70,,854593,1,0,5 26 38 15,1,30,,854604,1,0,5 26 38 15,1,70,,854590,1,0,5 26 38 15,1,30,,638968,1,0,5 26 38 15,1,70,,854583,1,0,5 26 38 15,1,30,,854591,1,0,5 26 38 15,1,70,,686729,1,0,34 26 38 15,1,30,,854584,1,0,34 26 38 15,1,70,,538111,1,0,34 26 38 15,1,30,,854585,1,0,34 26 38 15,1,70,,854589,1,0,34 26 38 15,1,30,,854594,1,0,34 26 38 15,1,70,,854601,1,0,34 26 38 15,1,30,,767482,1,0,34 26 38 15,1,70,,854581,1,0,34 26 38 15,1,30,,710217,1,0,34 26 38 15,1,70,,854588,1,0,5 26 38 15,1,30,,854595,1,0,5 26 38 15,1,70,,854602,1,0,5 26 38 15,1,30,,854579,1,0,5 26 38 15,1,70,,854586,1,0,5 26 38 15,1,30,,854580,1,0,5 26 38 15,1,70,,854603,1,0,5 26 38 15,1,30,,854582,1,0,5 26 38 15,1,70,,854592,1,0,5 26 38 15,1,30,,854599,1,0,5 26 38 15,1,70,,854605,1,0,5 26 38 15,1,30,,854600,1,0,5 26 38 15,1,70,,729124,1,0,5 26 38 15,1
16902,'2',600,,752682,1,0,5 26 38 15,1,30,,854608,1,0,5 26 38 15,1,70,,854627,1,0,5 26 38 15,1,30,,777742,1,0,5 26 38 15,1,70,,854624,1,0,5 26 38 15,1,30,,854616,1,0,5 26 38 15,1,70,,854606,1,0,5 26 38 15,1,30,,714246,1,0,5 26 38 15,1,70,,854614,1,0,5 26 38 15,1,30,,854621,1,0,5 26 38 15,1,70,,854612,1,0,5 26 38 15,1,30,,854611,1,0,5 26 38 15,1,70,,854617,1,0,5 26 38 15,1,30,,854622,1,0,5 26 38 15,1,70,,769755,1,0,5 26 38 15,1,30,,854613,1,0,5 26 38 15,1,70,,752396,1,0,5 26 38 15,1,30,,854625,1,0,5 26 38 15,1,70,,854620,1,0,5 26 38 15,1,30,,854626,1,0,5 26 38 15,1,70,,582985,1,0,5 26 38 15,1,30,,854609,1,0,5 26 38 15,1,70,,854615,1,0,5 26 38 15,1,30,,854618,1,0,5 26 38 15,1,70,,720227,1,0,5 26 38 15,1,30,,854610,1,0,5 26 38 15,1,70,,854628,1,0,5 26 38 15,1,30,,717577,1,0,5 26 38 15,1,70,,854619,1,0,5 26 38 15,1,30,,854623,1,0,5 26 38 15,1,70,,777407,1,0,5 26 38 15,1,30,,854607,1,0,5 26 38 15,1,70,,735717,1,0,5 26 38 15,1
16902,'3',730,,854650,1,0,5 26 38 15,1,70,,758229,1,0,5 26 38 15,1,30,,854644,1,0,5 26 38 15,1,70,,854645,1,0,5 26 38 15,1,30,,854654,1,0,5 26 38 15,1,70,,854641,1,0,5 26 38 15,1,30,,854634,1,0,5 26 38 15,1,70,,854635,1,0,5 26 38 15,1,30,,854646,1,0,5 26 38 15,1,70,,854643,1,0,5 26 38 15,1,30,,645724,1,0,5 26 38 15,1,70,,753680,1,0,5 26 38 15,1,30,,854631,1,0,5 26 38 15,1,70,,854639,1,0,5 26 38 15,1,30,,854629,1,0,5 26 38 15,1,70,,854640,1,0,5 26 38 15,1,30,,854651,1,0,5 26 38 15,1,70,,759150,1,0,5 26 38 15,1,30,,854652,1,0,5 26 38 15,1,70,,854632,1,0,5 26 38 15,1,30,,854636,1,0,5 26 38 15,1,70,,854648,1,0,5 26 38 15,1,30,,854649,1,0,5 26 38 15,1,70,,854630,1,0,5 26 38 15,1,30,,854647,1,0,5 26 38 15,1,70,,854638,1,0,5 26 38 15,1,30,,854642,1,0,5 26 38 15,1,70,,854637,1,0,5 26 38 15,1,30,,854653,1,0,5 26 38 15,1,70,,854633,1,0,5 26 38 15,1
16902,'5',630,,854659,1,0,5 26 38 15,1,70,,854661,1,0,5 26 38 15,1,30,,771873,1,0,5 26 38 15,1,70,,854672,1,0,5 26 38 15,1,30,,854676,1,0,5 26 38 15,1,70,,854662,1,0,5 26 38 15,1,30,,854675,1,0,5 26 38 15,1,70,,854669,1,0,5 26 38 15,1,30,,854667,1,0,5 26 38 15,1,70,,854670,1,0,5 26 38 15,1,30,,854655,1,0,5 26 38 15,1,70,,854663,1,0,5 26 38 15,1,30,,854680,1,0,5 26 38 15,1,70,,854674,1,0,5 26 38 15,1,30,,854668,1,0,5 26 38 15,1,70,,854666,1,0,5 26 38 15,1,30,,760880,1,0,5 26 38 15,1,70,,854657,1,0,5 26 38 15,1,30,,854658,1,0,5 26 38 15,1,70,,854681,1,0,5 26 38 15,1,30,,769704,1,0,5 26 38 15,1,70,,697262,1,0,5 26 38 15,1,30,,854664,1,0,5 26 38 15,1,70,,854665,1,0,5 26 38 15,1,30,,854678,1,0,5 26 38 15,1,70,,854671,1,0,5 26 38 15,1,30,,854677,1,0,5 26 38 15,1,70,,854679,1,0,5 26 38 15,1,30,,854673,1,0,5 26 38 15,1,70,,854660,1,0,5 26 38 15,1,30,,730646,1,0,5 26 38 15,1,70,,854656,1,0,5 26 38 15,1
