903,'1',455,,605487,1,0,39 10 15,1,61,,605507,1,0,39 10 15,1,21,,605469,1,0,39 10 15,1,21,,605480,1,0,39 10 15,1,61,,572925,1,0,39 10 15,1,21,,605475,1,0,39 10 15,1,18,,605488,1,0,39 10 15,1,62,,605481,1,0,39 10 15,1,23,,605479,1,0,39 10 15,1,62,,605502,1,0,39 10 15,1,23,,605500,1,0,39 10 15,1,22,,599831,1,0,39 10 15,1,68,,605473,1,0,39 10 15,1,28,,605486,1,0,39 10 15,1,68,,605484,1,0,39 10 15,1,28,,605498,1,0,39 10 15,1,68,,574366,1,0,39 10 15,1,28,,605491,1,0,39 10 15,1,68,,605474,1,0,39 10 15,1,28,,605501,1,0,39 10 15,1,68,,605494,1,0,39 10 15,1,28,,605497,1,0,39 10 15,1,28,,605496,1,0,39 10 15,1,66,,489270,1,0,39 10 15,1,25,,583214,1,0,39 10 15,1,65,,605485,1,0,39 10 15,1,25,,605482,1,0,39 10 15,1,63,,605483,1,0,39 10 15,1,24,,605472,1,0,39 10 15,1,23,,556748,1,0,39 10 15,1,64,,518547,1,0,39 10 15,1,23,,605490,1,0,39 10 15,1,64,,604101,1,0,39 10 15,1,23,,605503,1,0,39 10 15,1,25,,605478,1,0,39 10 15,1,70,,605492,1,0,39 10 15,1,30,,605499,1,0,39 10 15,1,64,,605505,1,0,39 10 15,1,26,,605506,1,0,39 10 15,1,66,,605471,1,0,39 10 15,1,26,,605477,1,0,39 10 15,1,26,,605470,1,0,39 10 15,1,66,,605493,1,0,39 10 15,1,26,,605495,1,0,39 10 15,1,66,,543708,1,0,39 10 15,1,26,,605476,1,0,39 10 15,1,68,,602675,1,0,39 10 15,1,26,,605489,1,0,39 10 15,1,71,,605504,1,0,39 10 15,1
903,'2',635,,605547,1,0,39 10 15,1,65,,605535,1,0,39 10 15,1,25,,594605,1,0,39 10 15,1,25,,605531,1,0,39 10 15,1,60,,605549,1,0,39 10 15,1,18,,605541,1,0,39 10 15,1,20,,605518,1,0,39 10 15,1,60,,473321,1,0,39 10 15,1,20,,605551,1,0,39 10 15,1,20,,605529,1,0,39 10 15,1,60,,605515,1,0,39 10 15,1,20,,605516,1,0,39 10 15,1,20,,605544,1,0,39 10 15,1,60,,605514,1,0,39 10 15,1,20,,605530,1,0,39 10 15,1,18,,540618,1,0,39 10 15,1,55,,605524,1,0,39 10 15,1,18,,605540,1,0,39 10 15,1,18,,605511,1,0,39 10 15,1,18,,605520,1,0,39 10 15,1,58,,605539,1,0,39 10 15,1,18,,534637,1,0,39 10 15,1,18,,605521,1,0,39 10 15,1,58,,605517,1,0,39 10 15,1,18,,605528,1,0,39 10 15,1,18,,605513,1,0,39 10 15,1,58,,463765,1,0,39 10 15,1,18,,560423,1,0,39 10 15,1,18,,605534,1,0,39 10 15,1,18,,605550,1,0,39 10 15,1,58,,605538,1,0,39 10 15,1,18,,605545,1,0,39 10 15,1,18,,605536,1,0,39 10 15,1,58,,605532,1,0,39 10 15,1,18,,534162,1,0,39 10 15,1,18,,605526,1,0,39 10 15,1,58,,605522,1,0,39 10 15,1,18,,605546,1,0,39 10 15,1,18,,605542,1,0,39 10 15,1,18,,605519,1,0,39 10 15,1,58,,605553,1,0,39 10 15,1,18,,605543,1,0,39 10 15,1,18,,595490,1,0,39 10 15,1,58,,605548,1,0,39 10 15,1,18,,605525,1,0,39 10 15,1,18,,605509,1,0,39 10 15,1,58,,605512,1,0,39 10 15,1,18,,605510,1,0,39 10 15,1,18,,391579,1,0,39 10 15,1,65,,605523,1,0,39 10 15,1,30,,605533,1,0,39 10 15,1,70,,605508,1,0,39 10 15,1,30,,503110,1,0,39 10 15,1,70,,605527,1,0,39 10 15,1,30,,605537,1,0,39 10 15,1,71,,605552,1,0,39 10 15,1
903,'3',800,,605579,1,0,39 10 15,1,27,,405439,1,0,39 10 15,1,26,,605571,1,0,39 10 15,1,66,,593872,1,0,39 10 15,1,26,,605559,1,0,39 10 15,1,66,,605574,1,0,39 10 15,1,26,,605575,1,0,39 10 15,1,66,,605566,1,0,39 10 15,1,26,,605572,1,0,39 10 15,1,26,,605585,1,0,39 10 15,1,63,,605561,1,0,39 10 15,1,22,,475105,1,0,39 10 15,1,63,,605567,1,0,39 10 15,1,22,,605577,1,0,39 10 15,1,23,,605584,1,0,39 10 15,1,62,,605560,1,0,39 10 15,1,23,,605578,1,0,39 10 15,1,22,,605557,1,0,39 10 15,1,63,,552972,1,0,39 10 15,1,22,,605576,1,0,39 10 15,1,63,,605555,1,0,39 10 15,1,22,,605570,1,0,39 10 15,1,23,,605556,1,0,39 10 15,1,62,,605583,1,0,39 10 15,1,23,,605587,1,0,39 10 15,1,22,,605569,1,0,39 10 15,1,63,,586909,1,0,39 10 15,1,22,,605580,1,0,39 10 15,1,63,,605586,1,0,39 10 15,1,22,,532072,1,0,39 10 15,1,23,,605582,1,0,39 10 15,1,62,,605568,1,0,39 10 15,1,23,,605558,1,0,39 10 15,1,22,,605565,1,0,39 10 15,1,63,,605554,1,0,39 10 15,1,22,,605588,1,0,39 10 15,1,64,,605564,1,0,39 10 15,1,30,,605563,1,0,39 10 15,1,70,,605562,1,0,39 10 15,1,30,,605573,1,0,39 10 15,1,70,,605581,1,0,39 10 15,1,30,,521607,1,0,39 10 15,1,70,,543839,1,0,39 10 15,1
903,'5',635,,605623,1,0,39 10 15,1,70,,540810,1,0,39 10 15,1,30,,605594,1,0,39 10 15,1,67,,605624,1,0,39 10 15,1,25,,563673,1,0,39 10 15,1,26,,605605,1,0,39 10 15,1,66,,605597,1,0,39 10 15,1,26,,605604,1,0,39 10 15,1,66,,605613,1,0,39 10 15,1,26,,605592,1,0,39 10 15,1,66,,605593,1,0,39 10 15,1,26,,605621,1,0,39 10 15,1,26,,605612,1,0,39 10 15,1,63,,579102,1,0,39 10 15,1,22,,605596,1,0,39 10 15,1,63,,605607,1,0,39 10 15,1,22,,605599,1,0,39 10 15,1,23,,605611,1,0,39 10 15,1,62,,605625,1,0,39 10 15,1,23,,537880,1,0,39 10 15,1,22,,568327,1,0,39 10 15,1,63,,605616,1,0,39 10 15,1,22,,605610,1,0,39 10 15,1,63,,544023,1,0,39 10 15,1,22,,579115,1,0,39 10 15,1,23,,605589,1,0,39 10 15,1,62,,605609,1,0,39 10 15,1,23,,605591,1,0,39 10 15,1,22,,605608,1,0,39 10 15,1,63,,605622,1,0,39 10 15,1,22,,605615,1,0,39 10 15,1,63,,605614,1,0,39 10 15,1,22,,605600,1,0,39 10 15,1,23,,605598,1,0,39 10 15,1,62,,605619,1,0,39 10 15,1,23,,563739,1,0,39 10 15,1,22,,605602,1,0,39 10 15,1,63,,605617,1,0,39 10 15,1,22,,605595,1,0,39 10 15,1,64,,605620,1,0,39 10 15,1,30,,605606,1,0,39 10 15,1,70,,605603,1,0,39 10 15,1,30,,541519,1,0,39 10 15,1,70,,605590,1,0,39 10 15,1,30,,605601,1,0,39 10 15,1,70,,605618,1,0,39 10 15,1
904,'1',549,,605654,46,4,,1,64,,605642,46,4,,1,21,,605644,46,4,,1,21,,605637,46,4,,1,61,,578595,46,4,,1,21,,605657,46,4,,1,66,,605640,46,4,,1,23,,517456,46,4,,1,22,,605651,46,4,,1,63,,409005,46,4,,1,18,,603278,46,4,,1,22,,605631,46,4,,1,62,,605629,46,4,,1,26,,562771,46,4,,1,68,,464312,46,4,,1,28,,581633,46,4,,1,68,,605656,46,4,,1,28,,605653,46,4,,1,28,,605645,46,4,,1,68,,605633,46,4,,1,28,,596854,46,4,,1,68,,605643,46,4,,1,33,,605650,46,4,,1,68,,605648,46,4,,1,28,,605649,46,4,,1,67,,605647,46,4,,1,26,,605638,46,4,,1,65,,601462,46,4,,1,24,,605627,46,4,,1,23,,498506,46,4,,1,64,,604212,46,4,,1,23,,517831,46,4,,1,64,,511193,46,4,,1,17,,605646,46,4,,1,23,,605634,46,4,,1,63,,605630,46,4,,1,27,,605652,46,4,,1,66,,542309,46,4,,1,24,,605635,46,4,,1,26,,605626,46,4,,1,66,,605658,46,4,,1,26,,597378,46,4,,1,66,,605655,46,4,,1,26,,605632,46,4,,1,66,,605636,46,4,,1,26,,542362,46,4,,1,21,,605641,46,4,,1,66,,605628,46,4,,1,22,,605639,46,4,,1
904,'2',742,,399731,46,4,,1,68,,605700,46,4,,1,29,,598442,46,4,,1,65,,605681,46,4,,1,20,,594182,46,4,,1,20,,594788,46,4,,1,60,,605696,46,4,,1,20,,605670,46,4,,1,20,,605674,46,4,,1,60,,605661,46,4,,1,20,,605675,46,4,,1,20,,605690,46,4,,1,60,,605669,46,4,,1,24,,568143,46,4,,1,20,,605686,46,4,,1,58,,605672,46,4,,1,18,,605680,46,4,,1,18,,605679,46,4,,1,58,,605677,46,4,,1,18,,605684,46,4,,1,18,,605698,46,4,,1,18,,518076,46,4,,1,58,,605664,46,4,,1,18,,605693,46,4,,1,18,,605689,46,4,,1,58,,605688,46,4,,1,18,,605683,46,4,,1,18,,605691,46,4,,1,58,,552691,46,4,,1,18,,537394,46,4,,1,18,,605695,46,4,,1,18,,605694,46,4,,1,58,,605687,46,4,,1,18,,605699,46,4,,1,18,,539429,46,4,,1,58,,605692,46,4,,1,18,,605685,46,4,,1,16,,605659,46,4,,1,18,,605701,46,4,,1,58,,605662,46,4,,1,18,,569323,46,4,,1,18,,605663,46,4,,1,58,,605671,46,4,,1,18,,605697,46,4,,1,18,,605676,46,4,,1,58,,605665,46,4,,1,18,,605678,46,4,,1,18,,605666,46,4,,1,15,,605660,46,4,,1,68,,605673,46,4,,1,30,,605667,46,4,,1,70,,498566,46,4,,1,30,,564845,46,4,,1,70,,605682,46,4,,1,21,,605668,46,4,,1
904,'3',800,,545382,46,4,,1,24,,546311,46,4,,1,26,,605730,46,4,,1,66,,568241,46,4,,1,26,,605714,46,4,,1,66,,605715,46,4,,1,26,,550270,46,4,,1,66,,605735,46,4,,1,26,,605707,46,4,,1,26,,522991,46,4,,1,66,,605710,46,4,,1,15,,605712,46,4,,1,23,,605702,46,4,,1,62,,477838,46,4,,1,23,,605731,46,4,,1,62,,605718,46,4,,1,23,,605717,46,4,,1,22,,605711,46,4,,1,63,,605723,46,4,,1,22,,605716,46,4,,1,23,,605725,46,4,,1,62,,509248,46,4,,1,23,,605729,46,4,,1,62,,527839,46,4,,1,23,,605724,46,4,,1,22,,605720,46,4,,1,63,,605722,46,4,,1,22,,605733,46,4,,1,23,,605708,46,4,,1,62,,605704,46,4,,1,20,,605734,46,4,,1,21,,605703,46,4,,1,63,,605705,46,4,,1,22,,605726,46,4,,1,63,,605713,46,4,,1,22,,573143,46,4,,1,23,,605721,46,4,,1,62,,568164,46,4,,1,20,,605727,46,4,,1,20,,605709,46,4,,1,68,,605728,46,4,,1,30,,605719,46,4,,1,70,,539313,46,4,,1,30,,605732,46,4,,1,70,,605706,46,4,,1,20,,523271,46,4,,1
904,'5',747,,583741,46,4,,1,70,,605736,46,4,,1,30,,605749,46,4,,1,69,,605742,46,4,,1,26,,592773,46,4,,1,66,,605766,46,4,,1,26,,605763,46,4,,1,66,,605767,46,4,,1,26,,605768,46,4,,1,26,,605754,46,4,,1,66,,605758,46,4,,1,15,,605747,46,4,,1,23,,605762,46,4,,1,62,,605744,46,4,,1,23,,605737,46,4,,1,62,,557776,46,4,,1,23,,532815,46,4,,1,22,,536672,46,4,,1,63,,605770,46,4,,1,22,,605756,46,4,,1,23,,523487,46,4,,1,62,,522851,46,4,,1,23,,605740,46,4,,1,62,,605759,46,4,,1,23,,589332,46,4,,1,22,,605769,46,4,,1,63,,605741,46,4,,1,22,,605745,46,4,,1,23,,605764,46,4,,1,62,,605750,46,4,,1,20,,605757,46,4,,1,21,,605743,46,4,,1,63,,605761,46,4,,1,22,,605760,46,4,,1,63,,605739,46,4,,1,22,,605738,46,4,,1,23,,605748,46,4,,1,62,,605746,46,4,,1,20,,605753,46,4,,1,20,,605771,46,4,,1,68,,605755,46,4,,1,30,,605765,46,4,,1,70,,605773,46,4,,1,30,,605751,46,4,,1,70,,605772,46,4,,1,22,,605752,46,4,,1
1603,'1',513,,567415,1,0,39 10 15,1,15,,607805,1,0,39 10 15,1,14,,607733,1,0,39 10 15,1,15,,607738,1,0,39 10 15,1,54,,607806,1,0,39 10 15,1,15,,607799,1,0,39 10 15,1,14,,607746,1,0,39 10 15,1,15,,607734,1,0,39 10 15,1,52,,607771,1,0,39 10 15,1,11,,568447,1,0,39 10 15,1,12,,516105,1,0,39 10 15,1,11,,607775,1,0,39 10 15,1,12,,607809,1,0,39 10 15,1,51,,607782,1,0,39 10 15,1,12,,601157,1,0,39 10 15,1,11,,607742,1,0,39 10 15,1,12,,603267,1,0,39 10 15,1,11,,589930,1,0,39 10 15,1,52,,607739,1,0,39 10 15,1,11,,607807,1,0,39 10 15,1,12,,607749,1,0,39 10 15,1,11,,607754,1,0,39 10 15,1,12,,607740,1,0,39 10 15,1,11,,607786,1,0,39 10 15,1,52,,470945,1,0,39 10 15,1,11,,607745,1,0,39 10 15,1,12,,607793,1,0,39 10 15,1,11,,607750,1,0,39 10 15,1,12,,607797,1,0,39 10 15,1,51,,607785,1,0,39 10 15,1,12,,607731,1,0,39 10 15,1,11,,607743,1,0,39 10 15,1,12,,607763,1,0,39 10 15,1,11,,607730,1,0,39 10 15,1,52,,594581,1,0,39 10 15,1,11,,607792,1,0,39 10 15,1,12,,607752,1,0,39 10 15,1,11,,607770,1,0,39 10 15,1,12,,607780,1,0,39 10 15,1,51,,607735,1,0,39 10 15,1,12,,607759,1,0,39 10 15,1,11,,607764,1,0,39 10 15,1,12,,607788,1,0,39 10 15,1,11,,607804,1,0,39 10 15,1,52,,607778,1,0,39 10 15,1,11,,607760,1,0,39 10 15,1,12,,607779,1,0,39 10 15,1,11,,543233,1,0,39 10 15,1,12,,607774,1,0,39 10 15,1,11,,607777,1,0,39 10 15,1,51,,607808,1,0,39 10 15,1,11,,607769,1,0,39 10 15,1,10,,607753,1,0,39 10 15,1,10,,607789,1,0,39 10 15,1,10,,607757,1,0,39 10 15,1,50,,607744,1,0,39 10 15,1,10,,607762,1,0,39 10 15,1,10,,607794,1,0,39 10 15,1,10,,607795,1,0,39 10 15,1,10,,607761,1,0,39 10 15,1,10,,607729,1,0,39 10 15,1,50,,607766,1,0,39 10 15,1,10,,607768,1,0,39 10 15,1,10,,607784,1,0,39 10 15,1,10,,585926,1,0,39 10 15,1,10,,607737,1,0,39 10 15,1,10,,577153,1,0,39 10 15,1,50,,607796,1,0,39 10 15,1,10,,607732,1,0,39 10 15,1,10,,460145,1,0,39 10 15,1,10,,607803,1,0,39 10 15,1,10,,607756,1,0,39 10 15,1,10,,595304,1,0,39 10 15,1,50,,432870,1,0,39 10 15,1,10,,600660,1,0,39 10 15,1,10,,607776,1,0,39 10 15,1,10,,607747,1,0,39 10 15,1,10,,607765,1,0,39 10 15,1,10,,607802,1,0,39 10 15,1,50,,474960,1,0,39 10 15,1,10,,607751,1,0,39 10 15,1,10,,607781,1,0,39 10 15,1,10,,607800,1,0,39 10 15,1,10,,607755,1,0,39 10 15,1,10,,607767,1,0,39 10 15,1,50,,607736,1,0,39 10 15,1,10,,558277,1,0,39 10 15,1,10,,471395,1,0,39 10 15,1,10,,503478,1,0,39 10 15,1,10,,607801,1,0,39 10 15,1,10,,607773,1,0,39 10 15,1,50,,607758,1,0,39 10 15,1,20,,607748,1,0,39 10 15,1,20,,607810,1,0,39 10 15,1,60,,607772,1,0,39 10 15,1,20,,521334,1,0,39 10 15,1,20,,607790,1,0,39 10 15,1,60,,607787,1,0,39 10 15,1,20,,607791,1,0,39 10 15,1,20,,376179,1,0,39 10 15,1,61,,607798,1,0,39 10 15,1,20,,607741,1,0,39 10 15,1,30,,607783,1,0,39 10 15,1,70,,553099,1,0,39 10 15,1
1603,'2',523,,607826,1,0,39 10 15,1,17,,607842,1,0,39 10 15,1,15,,508121,1,0,39 10 15,1,55,,607812,1,0,39 10 15,1,15,,523239,1,0,39 10 15,1,15,,470486,1,0,39 10 15,1,15,,607855,1,0,39 10 15,1,55,,607832,1,0,39 10 15,1,15,,607836,1,0,39 10 15,1,15,,607853,1,0,39 10 15,1,15,,607829,1,0,39 10 15,1,47,,607822,1,0,39 10 15,1,14,,607816,1,0,39 10 15,1,15,,607831,1,0,39 10 15,1,14,,607828,1,0,39 10 15,1,55,,607877,1,0,39 10 15,1,14,,607873,1,0,39 10 15,1,15,,607813,1,0,39 10 15,1,14,,607854,1,0,39 10 15,1,15,,607878,1,0,39 10 15,1,54,,607821,1,0,39 10 15,1,15,,607843,1,0,39 10 15,1,14,,607868,1,0,39 10 15,1,15,,607867,1,0,39 10 15,1,54,,607844,1,0,39 10 15,1,15,,607823,1,0,39 10 15,1,14,,563089,1,0,39 10 15,1,14,,607861,1,0,39 10 15,1,47,,585102,1,0,39 10 15,1,12,,607881,1,0,39 10 15,1,12,,607820,1,0,39 10 15,1,12,,607817,1,0,39 10 15,1,12,,607847,1,0,39 10 15,1,52,,607837,1,0,39 10 15,1,12,,607872,1,0,39 10 15,1,12,,607870,1,0,39 10 15,1,12,,607882,1,0,39 10 15,1,12,,607827,1,0,39 10 15,1,52,,607811,1,0,39 10 15,1,12,,439829,1,0,39 10 15,1,12,,607834,1,0,39 10 15,1,12,,404321,1,0,39 10 15,1,12,,522505,1,0,39 10 15,1,52,,553714,1,0,39 10 15,1,12,,607852,1,0,39 10 15,1,12,,607835,1,0,39 10 15,1,12,,578195,1,0,39 10 15,1,12,,607862,1,0,39 10 15,1,52,,607825,1,0,39 10 15,1,12,,607833,1,0,39 10 15,1,12,,607860,1,0,39 10 15,1,12,,563892,1,0,39 10 15,1,12,,607871,1,0,39 10 15,1,52,,556198,1,0,39 10 15,1,12,,496875,1,0,39 10 15,1,12,,607875,1,0,39 10 15,1,12,,607846,1,0,39 10 15,1,12,,607845,1,0,39 10 15,1,52,,607866,1,0,39 10 15,1,12,,607819,1,0,39 10 15,1,12,,607838,1,0,39 10 15,1,12,,558955,1,0,39 10 15,1,12,,420491,1,0,39 10 15,1,52,,607841,1,0,39 10 15,1,12,,607818,1,0,39 10 15,1,12,,607814,1,0,39 10 15,1,12,,607863,1,0,39 10 15,1,12,,607849,1,0,39 10 15,1,52,,607869,1,0,39 10 15,1,12,,607865,1,0,39 10 15,1,12,,607848,1,0,39 10 15,1,12,,607839,1,0,39 10 15,1,12,,523252,1,0,39 10 15,1,52,,607864,1,0,39 10 15,1,12,,594917,1,0,39 10 15,1,12,,607850,1,0,39 10 15,1,12,,607830,1,0,39 10 15,1,12,,607824,1,0,39 10 15,1,52,,550249,1,0,39 10 15,1,15,,607851,1,0,39 10 15,1,15,,607876,1,0,39 10 15,1,15,,607880,1,0,39 10 15,1,55,,607856,1,0,39 10 15,1,15,,607857,1,0,39 10 15,1,15,,607815,1,0,39 10 15,1,15,,607858,1,0,39 10 15,1,55,,607859,1,0,39 10 15,1,15,,607840,1,0,39 10 15,1,15,,607874,1,0,39 10 15,1,15,,592720,1,0,39 10 15,1,55,,379075,1,0,39 10 15,1,21,,459310,1,0,39 10 15,1,30,,546635,1,0,39 10 15,1,70,,607879,1,0,39 10 15,1
1603,'3',732,,607887,1,0,39 10 15,1,16,,607884,1,0,39 10 15,1,55,,607916,1,0,39 10 15,1,15,,607937,1,0,39 10 15,1,15,,607950,1,0,39 10 15,1,15,,607924,1,0,39 10 15,1,55,,607944,1,0,39 10 15,1,15,,607947,1,0,39 10 15,1,15,,588462,1,0,39 10 15,1,15,,607948,1,0,39 10 15,1,55,,607940,1,0,39 10 15,1,15,,607930,1,0,39 10 15,1,15,,607914,1,0,39 10 15,1,15,,607905,1,0,39 10 15,1,55,,607919,1,0,39 10 15,1,15,,607928,1,0,39 10 15,1,15,,607933,1,0,39 10 15,1,15,,607926,1,0,39 10 15,1,52,,607908,1,0,39 10 15,1,12,,607918,1,0,39 10 15,1,12,,607898,1,0,39 10 15,1,12,,607885,1,0,39 10 15,1,12,,564248,1,0,39 10 15,1,52,,607906,1,0,39 10 15,1,12,,607902,1,0,39 10 15,1,12,,607942,1,0,39 10 15,1,12,,607897,1,0,39 10 15,1,12,,607943,1,0,39 10 15,1,52,,607910,1,0,39 10 15,1,12,,607949,1,0,39 10 15,1,12,,607945,1,0,39 10 15,1,12,,544321,1,0,39 10 15,1,12,,607893,1,0,39 10 15,1,52,,607901,1,0,39 10 15,1,12,,607883,1,0,39 10 15,1,12,,607889,1,0,39 10 15,1,12,,607888,1,0,39 10 15,1,12,,492046,1,0,39 10 15,1,52,,392077,1,0,39 10 15,1,12,,607922,1,0,39 10 15,1,12,,607911,1,0,39 10 15,1,12,,607895,1,0,39 10 15,1,12,,607921,1,0,39 10 15,1,52,,607917,1,0,39 10 15,1,12,,507066,1,0,39 10 15,1,12,,607903,1,0,39 10 15,1,12,,579869,1,0,39 10 15,1,12,,607909,1,0,39 10 15,1,52,,607886,1,0,39 10 15,1,12,,607896,1,0,39 10 15,1,12,,607913,1,0,39 10 15,1,12,,607929,1,0,39 10 15,1,12,,607904,1,0,39 10 15,1,54,,607907,1,0,39 10 15,1,14,,607932,1,0,39 10 15,1,15,,573545,1,0,39 10 15,1,14,,607935,1,0,39 10 15,1,55,,607941,1,0,39 10 15,1,14,,607934,1,0,39 10 15,1,15,,607927,1,0,39 10 15,1,14,,607912,1,0,39 10 15,1,15,,607891,1,0,39 10 15,1,54,,544758,1,0,39 10 15,1,15,,607890,1,0,39 10 15,1,14,,607892,1,0,39 10 15,1,15,,607939,1,0,39 10 15,1,60,,607894,1,0,39 10 15,1,20,,607899,1,0,39 10 15,1,20,,607931,1,0,39 10 15,1,60,,607925,1,0,39 10 15,1,20,,607900,1,0,39 10 15,1,20,,607915,1,0,39 10 15,1,60,,607938,1,0,39 10 15,1,20,,607923,1,0,39 10 15,1,20,,607946,1,0,39 10 15,1,65,,607936,1,0,39 10 15,1,30,,560965,1,0,39 10 15,1,70,,607920,1,0,39 10 15,1
1603,'5',523,,515353,1,0,39 10 15,1,25,,607979,1,0,39 10 15,1,55,,607987,1,0,39 10 15,1,15,,607954,1,0,39 10 15,1,15,,607982,1,0,39 10 15,1,15,,542246,1,0,39 10 15,1,55,,514282,1,0,39 10 15,1,15,,607961,1,0,39 10 15,1,15,,607983,1,0,39 10 15,1,15,,515629,1,0,39 10 15,1,55,,607967,1,0,39 10 15,1,15,,607991,1,0,39 10 15,1,15,,607957,1,0,39 10 15,1,15,,607999,1,0,39 10 15,1,55,,607970,1,0,39 10 15,1,15,,607996,1,0,39 10 15,1,15,,607972,1,0,39 10 15,1,15,,598857,1,0,39 10 15,1,55,,608000,1,0,39 10 15,1,15,,607966,1,0,39 10 15,1,15,,608008,1,0,39 10 15,1,15,,607997,1,0,39 10 15,1,55,,607990,1,0,39 10 15,1,15,,557542,1,0,39 10 15,1,15,,608015,1,0,39 10 15,1,15,,608005,1,0,39 10 15,1,52,,607968,1,0,39 10 15,1,12,,607993,1,0,39 10 15,1,12,,607980,1,0,39 10 15,1,12,,607978,1,0,39 10 15,1,12,,607975,1,0,39 10 15,1,52,,560635,1,0,39 10 15,1,12,,572518,1,0,39 10 15,1,12,,607981,1,0,39 10 15,1,12,,608010,1,0,39 10 15,1,12,,607974,1,0,39 10 15,1,52,,607998,1,0,39 10 15,1,12,,552829,1,0,39 10 15,1,12,,607984,1,0,39 10 15,1,12,,585227,1,0,39 10 15,1,12,,553953,1,0,39 10 15,1,52,,545495,1,0,39 10 15,1,12,,607971,1,0,39 10 15,1,12,,607988,1,0,39 10 15,1,12,,607973,1,0,39 10 15,1,12,,607958,1,0,39 10 15,1,52,,608011,1,0,39 10 15,1,12,,529954,1,0,39 10 15,1,12,,607953,1,0,39 10 15,1,12,,522712,1,0,39 10 15,1,12,,608014,1,0,39 10 15,1,52,,537984,1,0,39 10 15,1,12,,607959,1,0,39 10 15,1,12,,607994,1,0,39 10 15,1,12,,608016,1,0,39 10 15,1,12,,607951,1,0,39 10 15,1,52,,608009,1,0,39 10 15,1,12,,607969,1,0,39 10 15,1,12,,608004,1,0,39 10 15,1,12,,608006,1,0,39 10 15,1,12,,607952,1,0,39 10 15,1,54,,548797,1,0,39 10 15,1,14,,608007,1,0,39 10 15,1,15,,608002,1,0,39 10 15,1,14,,607956,1,0,39 10 15,1,55,,607985,1,0,39 10 15,1,14,,607976,1,0,39 10 15,1,15,,608003,1,0,39 10 15,1,14,,607965,1,0,39 10 15,1,15,,607992,1,0,39 10 15,1,54,,607977,1,0,39 10 15,1,15,,607995,1,0,39 10 15,1,14,,608001,1,0,39 10 15,1,15,,608012,1,0,39 10 15,1,60,,607955,1,0,39 10 15,1,20,,608013,1,0,39 10 15,1,20,,607964,1,0,39 10 15,1,60,,524073,1,0,39 10 15,1,20,,595364,1,0,39 10 15,1,20,,607962,1,0,39 10 15,1,60,,607963,1,0,39 10 15,1,20,,607989,1,0,39 10 15,1,20,,607986,1,0,39 10 15,1,65,,607960,1,0,39 10 15,1,30,,602519,1,0,39 10 15,1,70,,555241,1,0,39 10 15,1
1604,'1',539,,402660,35,4,,1,63,,608089,35,4,,1,19,,608092,35,4,,1,18,,608021,35,4,,1,15,,608054,35,4,,1,54,,608036,35,4,,1,15,,608049,35,4,,1,13,,608095,35,4,,1,11,,475618,35,4,,1,12,,608043,35,4,,1,51,,608030,35,4,,1,12,,608081,35,4,,1,11,,608066,35,4,,1,12,,608056,35,4,,1,11,,608053,35,4,,1,52,,608088,35,4,,1,11,,608048,35,4,,1,12,,608087,35,4,,1,13,,608078,35,4,,1,12,,608093,35,4,,1,51,,608018,35,4,,1,12,,608029,35,4,,1,11,,452958,35,4,,1,12,,542342,35,4,,1,11,,587634,35,4,,1,52,,608037,35,4,,1,11,,608076,35,4,,1,12,,536747,35,4,,1,11,,567489,35,4,,1,12,,567434,35,4,,1,51,,388627,35,4,,1,12,,608051,35,4,,1,11,,608090,35,4,,1,12,,608046,35,4,,1,11,,608069,35,4,,1,52,,608082,35,4,,1,11,,608091,35,4,,1,12,,608071,35,4,,1,11,,576957,35,4,,1,12,,608035,35,4,,1,11,,608059,35,4,,1,52,,608060,35,4,,1,11,,608039,35,4,,1,12,,608023,35,4,,1,11,,520278,35,4,,1,12,,608047,35,4,,1,51,,608055,35,4,,1,12,,608077,35,4,,1,12,,608017,35,4,,1,14,,602183,35,4,,1,12,,608072,35,4,,1,50,,608024,35,4,,1,10,,608073,35,4,,1,10,,459356,35,4,,1,10,,555091,35,4,,1,10,,608026,35,4,,1,10,,608075,35,4,,1,50,,608045,35,4,,1,10,,608067,35,4,,1,10,,551484,35,4,,1,10,,608041,35,4,,1,10,,608040,35,4,,1,10,,608052,35,4,,1,50,,608025,35,4,,1,10,,582822,35,4,,1,10,,426068,35,4,,1,10,,608070,35,4,,1,10,,608061,35,4,,1,10,,531310,35,4,,1,50,,608058,35,4,,1,10,,608028,35,4,,1,10,,608062,35,4,,1,10,,602650,35,4,,1,9,,608019,35,4,,1,10,,608044,35,4,,1,50,,608057,35,4,,1,10,,585545,35,4,,1,10,,608068,35,4,,1,10,,426655,35,4,,1,10,,608033,35,4,,1,10,,608094,35,4,,1,50,,608086,35,4,,1,10,,608027,35,4,,1,10,,579148,35,4,,1,10,,608032,35,4,,1,10,,608038,35,4,,1,10,,608084,35,4,,1,50,,608020,35,4,,1,10,,608065,35,4,,1,10,,608080,35,4,,1,9,,608034,35,4,,1,20,,608064,35,4,,1,60,,608085,35,4,,1,20,,608079,35,4,,1,20,,608063,35,4,,1,60,,608022,35,4,,1,20,,608083,35,4,,1,17,,608031,35,4,,1,66,,608042,35,4,,1,30,,608074,35,4,,1,70,,608050,35,4,,1
1604,'2',546,,608138,35,4,,1,70,,608110,35,4,,1,20,,548170,35,4,,1,15,,608130,35,4,,1,55,,542397,35,4,,1,15,,608100,35,4,,1,15,,608159,35,4,,1,15,,608142,35,4,,1,55,,608157,35,4,,1,15,,608096,35,4,,1,18,,608161,35,4,,1,15,,560825,35,4,,1,54,,608162,35,4,,1,15,,608132,35,4,,1,14,,608115,35,4,,1,15,,608101,35,4,,1,54,,608124,35,4,,1,15,,608150,35,4,,1,14,,608112,35,4,,1,15,,608160,35,4,,1,54,,608158,35,4,,1,15,,608135,35,4,,1,14,,608120,35,4,,1,15,,608103,35,4,,1,54,,608165,35,4,,1,15,,608143,35,4,,1,13,,608118,35,4,,1,14,,601571,35,4,,1,12,,608117,35,4,,1,52,,597575,35,4,,1,12,,608151,35,4,,1,12,,577232,35,4,,1,12,,608133,35,4,,1,12,,608107,35,4,,1,52,,608145,35,4,,1,12,,608106,35,4,,1,12,,608136,35,4,,1,12,,608166,35,4,,1,12,,608111,35,4,,1,52,,608149,35,4,,1,12,,588647,35,4,,1,12,,608164,35,4,,1,12,,549311,35,4,,1,12,,608163,35,4,,1,52,,608154,35,4,,1,12,,581654,35,4,,1,12,,608097,35,4,,1,12,,608152,35,4,,1,12,,608108,35,4,,1,52,,608134,35,4,,1,12,,516297,35,4,,1,12,,608128,35,4,,1,12,,608119,35,4,,1,12,,608109,35,4,,1,52,,608148,35,4,,1,12,,608153,35,4,,1,12,,608104,35,4,,1,12,,608126,35,4,,1,12,,608155,35,4,,1,52,,601554,35,4,,1,12,,608099,35,4,,1,12,,608102,35,4,,1,10,,608114,35,4,,1,12,,608141,35,4,,1,52,,608122,35,4,,1,12,,553720,35,4,,1,12,,556770,35,4,,1,12,,373004,35,4,,1,12,,608147,35,4,,1,52,,608146,35,4,,1,12,,608131,35,4,,1,12,,608105,35,4,,1,12,,608098,35,4,,1,12,,600859,35,4,,1,52,,608123,35,4,,1,12,,608144,35,4,,1,9,,608140,35,4,,1,15,,535178,35,4,,1,15,,608125,35,4,,1,55,,493536,35,4,,1,15,,608129,35,4,,1,15,,608113,35,4,,1,15,,608116,35,4,,1,55,,602317,35,4,,1,15,,608121,35,4,,1,15,,608156,35,4,,1,15,,608127,35,4,,1,60,,608137,35,4,,1,30,,608139,35,4,,1,70,,497970,35,4,,1
1604,'3',759,,608179,35,4,,1,55,,608170,35,4,,1,18,,608205,35,4,,1,15,,608212,35,4,,1,55,,475564,35,4,,1,15,,545348,35,4,,1,15,,556390,35,4,,1,15,,608207,35,4,,1,55,,608199,35,4,,1,15,,594651,35,4,,1,15,,608220,35,4,,1,15,,608221,35,4,,1,55,,608172,35,4,,1,15,,439730,35,4,,1,15,,608167,35,4,,1,15,,608216,35,4,,1,55,,608168,35,4,,1,15,,608209,35,4,,1,14,,608204,35,4,,1,12,,608186,35,4,,1,12,,608188,35,4,,1,52,,516334,35,4,,1,12,,608183,35,4,,1,12,,608180,35,4,,1,12,,552958,35,4,,1,12,,608191,35,4,,1,52,,608189,35,4,,1,12,,608222,35,4,,1,12,,526680,35,4,,1,12,,608184,35,4,,1,12,,608196,35,4,,1,52,,488782,35,4,,1,12,,608202,35,4,,1,12,,608190,35,4,,1,12,,608185,35,4,,1,12,,608218,35,4,,1,52,,517917,35,4,,1,12,,608200,35,4,,1,12,,608193,35,4,,1,12,,503638,35,4,,1,12,,608181,35,4,,1,52,,527262,35,4,,1,12,,608195,35,4,,1,12,,608206,35,4,,1,12,,608210,35,4,,1,12,,608197,35,4,,1,52,,608203,35,4,,1,12,,608182,35,4,,1,12,,608176,35,4,,1,12,,608217,35,4,,1,12,,608215,35,4,,1,52,,414388,35,4,,1,12,,608174,35,4,,1,11,,608198,35,4,,1,12,,578772,35,4,,1,12,,608208,35,4,,1,54,,608214,35,4,,1,15,,608192,35,4,,1,14,,561531,35,4,,1,15,,542562,35,4,,1,54,,522069,35,4,,1,15,,608194,35,4,,1,14,,608187,35,4,,1,15,,608213,35,4,,1,54,,608175,35,4,,1,15,,608219,35,4,,1,14,,608211,35,4,,1,20,,566298,35,4,,1,60,,563587,35,4,,1,20,,529683,35,4,,1,20,,545797,35,4,,1,60,,608171,35,4,,1,20,,608178,35,4,,1,20,,608169,35,4,,1,64,,608173,35,4,,1,30,,608177,35,4,,1,70,,608201,35,4,,1
1604,'5',545,,608253,35,4,,1,55,,608280,35,4,,1,15,,538932,35,4,,1,15,,608226,35,4,,1,15,,514253,35,4,,1,55,,608236,35,4,,1,15,,516537,35,4,,1,15,,586236,35,4,,1,15,,608243,35,4,,1,14,,556858,35,4,,1,55,,608264,35,4,,1,18,,567339,35,4,,1,15,,608238,35,4,,1,55,,608232,35,4,,1,15,,537982,35,4,,1,15,,608225,35,4,,1,15,,608274,35,4,,1,55,,608268,35,4,,1,15,,608227,35,4,,1,15,,531636,35,4,,1,15,,608245,35,4,,1,55,,608235,35,4,,1,15,,532210,35,4,,1,15,,608257,35,4,,1,15,,608247,35,4,,1,55,,608277,35,4,,1,15,,591869,35,4,,1,14,,608248,35,4,,1,12,,523854,35,4,,1,12,,608241,35,4,,1,52,,591635,35,4,,1,12,,608230,35,4,,1,12,,608229,35,4,,1,12,,540815,35,4,,1,12,,608269,35,4,,1,52,,547530,35,4,,1,12,,608246,35,4,,1,12,,608275,35,4,,1,12,,608266,35,4,,1,12,,517974,35,4,,1,52,,608239,35,4,,1,12,,608262,35,4,,1,12,,608233,35,4,,1,12,,608276,35,4,,1,12,,608228,35,4,,1,52,,608267,35,4,,1,12,,608272,35,4,,1,12,,608261,35,4,,1,12,,608281,35,4,,1,12,,608254,35,4,,1,52,,608259,35,4,,1,12,,608250,35,4,,1,12,,608244,35,4,,1,12,,608282,35,4,,1,12,,560651,35,4,,1,52,,608271,35,4,,1,12,,608256,35,4,,1,12,,563655,35,4,,1,12,,551398,35,4,,1,12,,608249,35,4,,1,52,,608231,35,4,,1,12,,608278,35,4,,1,11,,608234,35,4,,1,12,,597960,35,4,,1,12,,608273,35,4,,1,54,,593735,35,4,,1,15,,544983,35,4,,1,14,,584906,35,4,,1,15,,608258,35,4,,1,54,,608240,35,4,,1,15,,608263,35,4,,1,14,,558100,35,4,,1,15,,608255,35,4,,1,54,,608242,35,4,,1,15,,608251,35,4,,1,14,,608223,35,4,,1,20,,608224,35,4,,1,60,,608265,35,4,,1,20,,608260,35,4,,1,20,,549732,35,4,,1,60,,608252,35,4,,1,20,,608270,35,4,,1,20,,608279,35,4,,1,64,,572872,35,4,,1,30,,560624,35,4,,1,70,,608237,35,4,,1
