6001,'1',452,,810544,5,0,16 15,1,54,,810519,5,0,16 15,1,1709,,810554,5,0,16 15,1,12,,810555,5,0,16 15,1,12,,810567,5,0,16 15,1,12,,810569,5,0,16 15,1,64,,810523,5,0,16 15,1,24,,690673,5,0,16 15,1,64,,810492,5,0,16 15,1,24,,810497,5,0,16 15,1,24,,778121,5,0,16 15,1,62,,810551,5,0,16 15,1,25,,810563,5,0,16 15,1,65,,810541,5,0,16 15,1
6001,'2',531,,810586,9,0,16 15,1,21,,810603,9,0,16 15,1,55,,810630,9,0,16 15,1,15,,810620,9,0,16 15,1,15,,810647,9,0,16 15,1,15,,810591,9,0,16 15,1,55,,810627,9,0,16 15,1,15,,810692,9,0,16 15,1,15,,810644,9,0,16 15,1,15,,810587,9,0,16 15,1,1168,,810646,5,0,16 15,1,16,,750461,5,0,16 15,1,16,,810585,5,0,16 15,1,56,,810685,5,0,16 15,1,16,,810600,5,0,16 15,1,16,,810638,5,0,16 15,1,16,,810675,5,0,16 15,1,56,,694028,5,0,16 15,1,16,,810614,5,0,16 15,1,17,,810619,5,0,16 15,1,63,,810670,5,0,16 15,1,20,,810637,5,0,16 15,1,20,,691136,5,0,16 15,1,60,,629454,5,0,16 15,1,20,,655332,5,0,16 15,1,20,,810651,5,0,16 15,1,60,,810626,5,0,16 15,1,20,,810681,5,0,16 15,1,20,,696669,5,0,16 15,1,59,,703927,5,0,16 15,1,21,,810684,5,0,16 15,1,20,,653865,5,0,16 15,1,60,,810622,5,0,16 15,1
6001,'3',1911,,810758,5,0,16 15,1,10,,712077,5,0,16 15,1,10,,810722,5,0,16 15,1,10,,810721,5,0,16 15,1,10,,771351,5,0,16 15,1,57,,810719,5,0,16 15,1,20,,653506,5,0,16 15,1,20,,810708,5,0,16 15,1,60,,702010,5,0,16 15,1,20,,810714,5,0,16 15,1,23,,810724,5,0,16 15,1,63,,810746,5,0,16 15,1,20,,810739,5,0,16 15,1,20,,697193,5,0,16 15,1,60,,810755,5,0,16 15,1,20,,810786,5,0,16 15,1,20,,810774,5,0,16 15,1,60,,680311,5,0,16 15,1,20,,810744,5,0,16 15,1,20,,810777,5,0,16 15,1,60,,757177,5,0,16 15,1,20,,810778,5,0,16 15,1,20,,810775,5,0,16 15,1,53,,810716,5,0,16 15,1
6001,'5',607,,810876,5,0,16 15,1,15,,753853,5,0,16 15,1,15,,704538,5,0,16 15,1,15,,646821,5,0,16 15,1,55,,770231,5,0,16 15,1,15,,810851,5,0,16 15,1,15,,743900,5,0,16 15,1,15,,753253,5,0,16 15,1,1156,,810840,5,0,16 15,1,10,,810810,5,0,16 15,1,10,,759074,5,0,16 15,1,10,,810863,5,0,16 15,1,10,,810865,5,0,16 15,1,60,,810874,5,0,16 15,1,20,,810827,5,0,16 15,1,20,,810886,5,0,16 15,1,60,,713358,5,0,16 15,1,20,,810844,5,0,16 15,1,23,,725731,5,0,16 15,1,63,,810815,5,0,16 15,1,20,,810861,5,0,16 15,1,20,,810802,5,0,16 15,1,60,,810823,5,0,16 15,1,20,,810819,5,0,16 15,1,20,,810832,5,0,16 15,1,60,,810889,5,0,16 15,1,20,,810864,5,0,16 15,1,20,,810806,5,0,16 15,1,60,,810882,5,0,16 15,1,20,,810881,5,0,16 15,1,20,,678949,5,0,16 15,1,53,,810795,5,0,16 15,1
35301,'1',438,,859261,5,0,11 12 142,1,70,,859256,5,0,11 12 142,1,30,,859257,5,0,11 12 142,1,2089,,859259,5,0,11 12 142,1,30,,722648,5,0,11 12 142,1,70,,720864,5,0,11 12 142,1,30,,859263,5,0,11 12 142,1,70,,726432,5,0,11 12 142,1,25,,859264,5,0,11 12 142,1
35301,'2',651,,699955,5,0,11 12 142,1,1977,,859269,5,0,11 12 142,1,30,,859265,5,0,11 12 142,1,70,,700385,5,0,11 12 142,1,30,,859266,5,0,11 12 142,1,70,,859270,5,0,11 12 142,1,25,,859272,5,0,11 12 142,1
35301,'3',518,,859286,5,0,11 12 142,1,30,,859287,5,0,11 12 142,1,70,,770084,5,0,11 12 142,1,30,,859283,5,0,11 12 142,1,65,,859274,5,0,17 11 12 19 6,1,30,,859280,5,0,17 11 12 19 6,1,1885,,859285,5,0,11 12 142,1,30,,762300,5,0,11 12 142,1,70,,859275,5,0,11 12 142,1,30,,753657,5,0,11 12 142,1,70,,859279,5,0,11 12 142,1,30,,859277,5,0,11 12 142,1
35301,'5',651,,859298,5,0,11 12 142,1,1977,,859289,5,0,11 12 142,1,30,,859295,5,0,11 12 142,1,70,,859290,5,0,11 12 142,1,30,,692675,5,0,11 12 142,1,70,,859291,5,0,11 12 142,1,25,,859293,5,0,11 12 142,1
96001,'1',521,,867079,9,0,16 8,1,7,,867042,9,0,16 8,1,7,,710689,9,0,16 8,1,7,,867086,9,0,16 8,1,7,,867112,9,0,16 8,1,7,,867050,9,0,16 8,1,47,,750107,9,0,16 8,1,7,,867055,9,0,16 8,1,7,,635920,9,0,16 8,1,7,,867034,9,0,16 8,1,4,,867033,9,0,16 8,1,4,,778184,9,0,16 8,1,7,,867101,9,0,16 8,1,7,,867085,9,0,16 8,1,7,,867059,9,0,16 8,1,47,,867032,9,0,16 8,1,7,,867068,9,0,16 8,1,7,,867057,9,0,16 8,1,7,,867040,9,0,16 8,1,7,,867111,9,0,16 8,1,7,,867102,9,0,16 8,1,7,,867060,9,0,16 8,1,7,,721301,9,0,16 8,1,7,,867093,9,0,16 8,1,47,,588956,9,0,16 8,1,7,,867056,9,0,16 8,1,7,,867045,9,0,16 8,1,7,,867114,9,0,16 8,1,7,,867047,9,0,16 8,1,7,,771041,9,0,16 8,1,7,,614733,9,0,16 8,1,7,,555675,9,0,16 8,1,7,,867069,9,0,16 8,1,47,,867097,9,0,16 8,1,7,,867092,9,0,16 8,1,7,,867044,9,0,16 8,1,7,,867091,9,0,16 8,1,7,,867106,9,0,16 8,1,7,,867037,9,0,16 8,1,7,,867036,9,0,16 8,1,7,,730027,9,0,16 8,1,50,,698135,9,0,16 8,1,9,,867049,9,0,16 8,1,9,,867072,9,0,16 8,1,9,,700629,9,0,16 8,1,9,,867041,9,0,16 8,1,9,,867052,9,0,16 8,1,9,,745849,9,0,16 8,1,49,,715955,9,0,16 8,1,9,,867082,9,0,16 8,1,9,,867088,9,0,16 8,1,9,,867099,9,0,16 8,1,9,,867109,9,0,16 8,1,9,,716683,9,0,16 8,1,49,,867087,9,0,16 8,1,9,,755827,9,0,16 8,1,9,,732417,9,0,16 8,1,9,,867048,9,0,16 8,1,9,,692482,9,0,16 8,1,9,,867066,9,0,16 8,1,9,,867071,9,0,16 8,1,49,,867080,9,0,16 8,1,9,,867053,9,0,16 8,1,9,,867113,9,0,16 8,1,9,,867108,9,0,16 8,1,9,,700668,9,0,16 8,1,9,,867103,9,0,16 8,1,9,,867098,9,0,16 8,1,48,,713936,9,0,16 8,1,8,,751965,9,0,16 8,1,8,,867077,9,0,16 8,1,8,,598880,9,0,16 8,1,9,,867107,9,0,16 8,1,8,,622613,9,0,16 8,1,4,,867117,9,0,16 8,1,48,,867110,9,0,16 8,1,8,,771470,9,0,16 8,1,8,,867090,9,0,16 8,1,8,,867073,9,0,16 8,1,8,,867035,9,0,16 8,1,8,,867076,9,0,16 8,1,8,,867118,9,0,16 8,1,8,,867084,9,0,16 8,1,48,,676207,9,0,16 8,1,8,,867070,9,0,16 8,1,8,,867058,9,0,16 8,1,8,,867067,9,0,16 8,1,8,,867074,9,0,16 8,1,8,,867083,9,0,16 8,1,8,,867065,9,0,16 8,1,48,,867078,9,0,16 8,1,8,,867081,9,0,16 8,1,8,,720839,9,0,16 8,1,8,,867104,9,0,16 8,1,8,,867038,9,0,16 8,1,8,,708471,9,0,16 8,1,8,,646531,9,0,16 8,1,8,,867062,9,0,16 8,1,48,,635548,9,0,16 8,1,8,,867100,9,0,16 8,1,8,,867105,9,0,16 8,1,8,,867115,9,0,16 8,1,8,,775012,9,0,16 8,1,9,,867089,9,0,16 8,1,9,,867064,9,0,16 8,1,49,,683873,9,0,16 8,1,9,,766995,5,0,16 8,1,10,,867061,5,0,16 8,1,10,,867095,5,0,16 8,1,10,,766346,5,0,16 8,1,11,,867096,5,0,16 8,1,50,,867046,5,0,16 8,1,15,,867051,5,0,16 8,1,10,,706657,5,0,16 8,1,10,,718742,5,0,16 8,1,10,,867116,5,0,16 8,1,10,,867039,5,0,16 8,1,50,,867054,5,0,16 8,1,10,,867063,5,0,16 8,1,10,,867075,5,0,16 8,1,10,,867094,5,0,16 8,1,10,,689689,5,0,16 8,1,10,,867043,5,0,16 8,1,50,,549567,5,0,16 8,1
96001,'2',810,,867174,9,0,16 8,1,10,,867165,9,0,16 8,1,10,,867167,9,0,16 8,1,10,,867127,9,0,16 8,1,10,,867146,9,0,16 8,1,50,,867157,9,0,16 8,1,10,,867139,9,0,16 8,1,10,,867181,9,0,16 8,1,10,,867138,9,0,16 8,1,10,,697499,9,0,16 8,1,10,,867173,9,0,16 8,1,50,,867159,9,0,16 8,1,10,,867150,9,0,16 8,1,10,,705868,9,0,16 8,1,10,,722867,9,0,16 8,1,10,,867175,9,0,16 8,1,10,,867122,9,0,16 8,1,50,,867180,9,0,16 8,1,10,,867143,9,0,16 8,1,8,,867153,9,0,16 8,1,8,,867132,9,0,16 8,1,8,,867172,9,0,16 8,1,8,,867134,9,0,16 8,1,6,,707770,9,0,16 8,1,7,,718302,9,0,16 8,1,48,,867152,9,0,16 8,1,8,,867128,9,0,16 8,1,8,,867156,9,0,16 8,1,8,,755143,9,0,16 8,1,8,,741817,9,0,16 8,1,8,,867161,9,0,16 8,1,8,,867130,9,0,16 8,1,8,,867121,9,0,16 8,1,48,,711936,9,0,16 8,1,8,,867162,9,0,16 8,1,8,,867158,9,0,16 8,1,8,,738493,9,0,16 8,1,8,,867125,9,0,16 8,1,8,,867133,9,0,16 8,1,8,,867154,9,0,16 8,1,48,,867126,9,0,16 8,1,8,,867178,9,0,16 8,1,8,,867147,9,0,16 8,1,8,,867149,9,0,16 8,1,8,,867136,9,0,16 8,1,8,,867141,9,0,16 8,1,8,,867177,9,0,16 8,1,8,,867142,9,0,16 8,1,48,,867168,9,0,16 8,1,8,,867169,9,0,16 8,1,8,,752426,9,0,16 8,1,8,,867163,9,0,16 8,1,8,,752402,9,0,16 8,1,8,,867171,9,0,16 8,1,8,,867179,9,0,16 8,1,48,,867137,9,0,16 8,1,8,,867176,9,0,16 8,1,8,,867135,9,0,16 8,1,8,,867131,9,0,16 8,1,8,,867170,9,0,16 8,1,8,,867123,9,0,16 8,1,8,,692253,9,0,16 8,1,8,,867124,9,0,16 8,1,48,,867129,9,0,16 8,1,8,,766040,9,0,16 8,1,8,,867120,9,0,16 8,1,8,,867166,9,0,16 8,1,8,,867155,9,0,16 8,1,8,,867140,9,0,16 8,1,8,,867119,9,0,16 8,1,48,,867148,9,0,16 8,1,8,,867151,9,0,16 8,1,8,,702441,9,0,16 8,1,8,,634133,9,0,16 8,1,8,,867164,9,0,16 8,1,8,,867144,9,0,16 8,1,8,,735160,9,0,16 8,1,8,,867160,9,0,16 8,1,49,,867145,9,0,16 8,1
96001,'3',802,,867185,5,0,16 8,1,10,,867188,5,0,16 8,1,10,,867227,5,0,16 8,1,10,,737838,5,0,16 8,1,10,,867215,5,0,16 8,1,10,,867198,5,0,16 8,1,50,,867184,5,0,16 8,1,10,,867201,5,0,16 8,1,10,,867203,5,0,16 8,1,10,,741918,5,0,16 8,1,10,,867222,5,0,16 8,1,10,,867209,5,0,16 8,1,50,,691230,5,0,16 8,1,10,,867194,5,0,16 8,1,10,,867237,5,0,16 8,1,10,,749964,5,0,16 8,1,10,,867233,5,0,16 8,1,10,,620695,5,0,16 8,1,50,,605718,5,0,16 8,1,10,,867232,5,0,16 8,1,10,,867217,5,0,16 8,1,7,,867239,5,0,16 8,1,7,,867202,5,0,16 8,1,10,,867231,5,0,16 8,1,10,,867214,5,0,16 8,1,50,,867229,5,0,16 8,1,10,,867211,5,0,16 8,1,10,,867216,5,0,16 8,1,10,,867213,5,0,16 8,1,10,,867183,5,0,16 8,1,10,,867196,5,0,16 8,1,50,,867225,5,0,16 8,1,10,,867200,5,0,16 8,1,10,,867234,5,0,16 8,1,10,,867182,5,0,16 8,1,10,,672698,5,0,16 8,1,10,,867236,5,0,16 8,1,50,,867219,5,0,16 8,1,10,,623056,5,0,16 8,1,10,,867206,5,0,16 8,1,10,,867207,5,0,16 8,1,10,,867197,5,0,16 8,1,10,,867235,5,0,16 8,1,50,,867224,5,0,16 8,1,10,,867221,5,0,16 8,1,10,,867228,5,0,16 8,1,10,,867195,5,0,16 8,1,10,,867226,5,0,16 8,1,10,,867238,5,0,16 8,1,50,,867212,5,0,16 8,1,10,,867186,5,0,16 8,1,10,,867190,5,0,16 8,1,10,,867220,5,0,16 8,1,10,,867218,5,0,16 8,1,10,,867205,5,0,16 8,1,50,,867230,5,0,16 8,1,10,,867199,5,0,16 8,1,10,,867223,5,0,16 8,1,10,,867204,5,0,16 8,1,10,,867208,5,0,16 8,1,10,,703171,5,0,16 8,1,50,,867210,5,0,16 8,1,10,,867191,5,0,16 8,1,10,,867193,5,0,16 8,1,10,,867189,5,0,16 8,1,10,,867187,5,0,16 8,1,10,,709741,5,0,16 8,1,50,,867192,5,0,16 8,1
96001,'5',752,,867291,5,0,16 8,1,50,,752319,5,0,16 8,1,10,,743433,5,0,16 8,1,10,,753243,5,0,16 8,1,10,,703725,5,0,16 8,1,10,,867249,5,0,16 8,1,10,,736860,5,0,16 8,1,50,,867251,5,0,16 8,1,10,,867244,5,0,16 8,1,10,,867284,5,0,16 8,1,10,,867241,5,0,16 8,1,10,,867261,5,0,16 8,1,10,,867286,5,0,16 8,1,50,,867277,5,0,16 8,1,10,,867289,5,0,16 8,1,10,,867292,5,0,16 8,1,10,,867293,5,0,16 8,1,10,,867254,5,0,16 8,1,10,,867250,5,0,16 8,1,50,,658423,5,0,16 8,1,10,,867263,5,0,16 8,1,10,,867283,5,0,16 8,1,7,,867242,5,0,16 8,1,7,,734249,5,0,16 8,1,10,,867280,5,0,16 8,1,10,,867271,5,0,16 8,1,50,,867272,5,0,16 8,1,10,,867247,5,0,16 8,1,10,,867276,5,0,16 8,1,10,,867290,5,0,16 8,1,10,,754259,5,0,16 8,1,10,,867281,5,0,16 8,1,50,,867253,5,0,16 8,1,10,,867268,5,0,16 8,1,10,,867258,5,0,16 8,1,10,,867285,5,0,16 8,1,10,,867279,5,0,16 8,1,10,,768230,5,0,16 8,1,50,,867262,5,0,16 8,1,10,,761099,5,0,16 8,1,10,,867269,5,0,16 8,1,10,,867248,5,0,16 8,1,10,,607289,5,0,16 8,1,10,,867264,5,0,16 8,1,50,,867259,5,0,16 8,1,10,,867265,5,0,16 8,1,10,,867278,5,0,16 8,1,10,,867243,5,0,16 8,1,10,,867282,5,0,16 8,1,10,,867245,5,0,16 8,1,50,,867288,5,0,16 8,1,10,,867246,5,0,16 8,1,10,,867273,5,0,16 8,1,10,,713754,5,0,16 8,1,10,,867266,5,0,16 8,1,10,,867275,5,0,16 8,1,50,,867274,5,0,16 8,1,10,,867256,5,0,16 8,1,10,,768558,5,0,16 8,1,10,,715556,5,0,16 8,1,10,,867260,5,0,16 8,1,10,,867267,5,0,16 8,1,50,,753820,5,0,16 8,1,10,,867240,5,0,16 8,1,10,,867255,5,0,16 8,1,10,,867270,5,0,16 8,1,10,,867252,5,0,16 8,1,10,,867287,5,0,16 8,1,50,,867257,5,0,16 8,1
