1604,'1',541,,778410,36,0,40 15,1,12,,783544,36,0,40 15,1,52,,783512,36,0,40 15,1,12,,699840,36,0,40 15,1,12,,783493,36,0,40 15,1,12,,783478,36,0,40 15,1,10,,783469,36,0,40 15,1,50,,783538,36,0,40 15,1,10,,783539,36,0,40 15,1,10,,709965,36,0,40 15,1,10,,763370,36,0,40 15,1,10,,733701,36,0,40 15,1,10,,783503,36,0,40 15,1,50,,783476,36,0,40 15,1,10,,704863,36,0,40 15,1,10,,756397,36,0,40 15,1,10,,783543,36,0,40 15,1,10,,740314,36,0,40 15,1,10,,762799,36,0,40 15,1,50,,783482,36,0,40 15,1,10,,783514,36,0,40 15,1,10,,783500,36,0,40 15,1,10,,783479,36,0,40 15,1,12,,783525,36,0,40 15,1,10,,783473,36,0,40 15,1,50,,783533,36,0,40 15,1,10,,783515,36,0,40 15,1,10,,783486,36,0,40 15,1,10,,783528,36,0,40 15,1,10,,783509,36,0,40 15,1,10,,783527,36,0,40 15,1,50,,783517,36,0,40 15,1,10,,733486,36,0,40 15,1,10,,783507,36,0,40 15,1,10,,599459,36,0,40 15,1,10,,759576,36,0,40 15,1,10,,783498,36,0,40 15,1,50,,713819,36,0,40 15,1,10,,783534,36,0,40 15,1,10,,783542,36,0,40 15,1,10,,763952,36,0,40 15,1,10,,783530,36,0,40 15,1,10,,783502,36,0,40 15,1,50,,783545,36,0,40 15,1,10,,783506,36,0,40 15,1,10,,783497,36,0,40 15,1,10,,783516,36,0,40 15,1,10,,783483,36,0,40 15,1,10,,783474,36,0,40 15,1,50,,783531,36,0,40 15,1,10,,783465,36,0,40 15,1,10,,755249,36,0,40 15,1,10,,783524,36,0,40 15,1,10,,783487,36,0,40 15,1,12,,783518,36,0,40 15,1,50,,783510,36,0,40 15,1,10,,783537,36,0,40 15,1,10,,783471,36,0,40 15,1,11,,699827,36,0,40 15,1,10,,783484,36,0,40 15,1,10,,703557,36,0,40 15,1,50,,783520,36,0,40 15,1,10,,783489,36,0,40 15,1,10,,783532,36,0,40 15,1,10,,783492,36,0,40 15,1,10,,783467,36,0,40 15,1,10,,783519,36,0,40 15,1,50,,674174,36,0,40 15,1,10,,694859,36,0,40 15,1,10,,783464,36,0,40 15,1,10,,783547,36,0,40 15,1,10,,783491,36,0,40 15,1,10,,783490,36,0,40 15,1,50,,626230,36,0,40 15,1,10,,783505,36,0,40 15,1,10,,783521,36,0,40 15,1,10,,783485,36,0,40 15,1,10,,783481,36,0,40 15,1,10,,732012,36,0,40 15,1,50,,783470,36,0,40 15,1,10,,621336,36,0,40 15,1,10,,783511,36,0,40 15,1,3,,783504,36,0,40 15,1,10,,783529,36,0,40 15,1,10,,554357,36,0,40 15,1,10,,783508,36,0,40 15,1,50,,783536,36,0,40 15,1,10,,673690,36,0,40 15,1,10,,783477,36,0,40 15,1,10,,783496,36,0,40 15,1,10,,783540,36,0,40 15,1,10,,783522,36,0,40 15,1,50,,783513,36,0,40 15,1,10,,783546,36,0,40 15,1,10,,783495,36,0,40 15,1,10,,783523,36,0,40 15,1,10,,783480,36,0,40 15,1,10,,783526,36,0,40 15,1,48,,783466,36,0,40 15,1,17,,783499,36,0,40 15,1,17,,777222,36,0,40 15,1,17,,783541,36,0,40 15,1,57,,783488,36,0,40 15,1,17,,783472,36,0,40 15,1,17,,722085,36,0,40 15,1,57,,783475,36,0,40 15,1,17,,783535,36,0,40 15,1,17,,783501,36,0,40 15,1,17,,642109,36,0,40 15,1,62,,783468,36,0,40 15,1,25,,739196,36,0,40 15,1,70,,783494,36,0,40 15,1
1604,'2',545,,783559,36,0,40 15,1,12,,783615,36,0,40 15,1,52,,783589,36,0,40 15,1,12,,783557,36,0,40 15,1,12,,783553,36,0,40 15,1,12,,783555,36,0,40 15,1,12,,783619,36,0,40 15,1,52,,783629,36,0,40 15,1,12,,783550,36,0,40 15,1,12,,783568,36,0,40 15,1,12,,783561,36,0,40 15,1,12,,783551,36,0,40 15,1,52,,783602,36,0,40 15,1,12,,783594,36,0,40 15,1,11,,783579,36,0,40 15,1,12,,783570,36,0,40 15,1,12,,783556,36,0,40 15,1,52,,783593,36,0,40 15,1,12,,783591,36,0,40 15,1,12,,768137,36,0,40 15,1,12,,783598,36,0,40 15,1,12,,783616,36,0,40 15,1,52,,783630,36,0,40 15,1,12,,745567,36,0,40 15,1,12,,783588,36,0,40 15,1,12,,783623,36,0,40 15,1,12,,783565,36,0,40 15,1,52,,783626,36,0,40 15,1,12,,783563,36,0,40 15,1,12,,783599,36,0,40 15,1,12,,783603,36,0,40 15,1,12,,783580,36,0,40 15,1,54,,709330,36,0,40 15,1,12,,783548,36,0,40 15,1,10,,783613,36,0,40 15,1,10,,783571,36,0,40 15,1,10,,783590,36,0,40 15,1,50,,759664,36,0,40 15,1,10,,650399,36,0,40 15,1,10,,783574,36,0,40 15,1,10,,783552,36,0,40 15,1,10,,783587,36,0,40 15,1,10,,695911,36,0,40 15,1,50,,729708,36,0,40 15,1,10,,692301,36,0,40 15,1,10,,783575,36,0,40 15,1,10,,783582,36,0,40 15,1,10,,783628,36,0,40 15,1,10,,783631,36,0,40 15,1,50,,783586,36,0,40 15,1,10,,783609,36,0,40 15,1,10,,783617,36,0,40 15,1,10,,783560,36,0,40 15,1,10,,736237,36,0,40 15,1,10,,783585,36,0,40 15,1,50,,783620,36,0,40 15,1,10,,783597,36,0,40 15,1,10,,783600,36,0,40 15,1,10,,783578,36,0,40 15,1,10,,783562,36,0,40 15,1,10,,783595,36,0,40 15,1,50,,783606,36,0,40 15,1,10,,783581,36,0,40 15,1,10,,783627,36,0,40 15,1,10,,692016,36,0,40 15,1,10,,783625,36,0,40 15,1,10,,783572,36,0,40 15,1,50,,698644,36,0,40 15,1,10,,543744,36,0,40 15,1,10,,783604,36,0,40 15,1,10,,783618,36,0,40 15,1,10,,783564,36,0,40 15,1,10,,743697,36,0,40 15,1,50,,775830,36,0,40 15,1,10,,783612,36,0,40 15,1,10,,783614,36,0,40 15,1,12,,783610,36,0,40 15,1,10,,783592,36,0,40 15,1,10,,783584,36,0,40 15,1,50,,645058,36,0,40 15,1,10,,783596,36,0,40 15,1,10,,783558,36,0,40 15,1,10,,766377,36,0,40 15,1,10,,772268,36,0,40 15,1,10,,783569,36,0,40 15,1,50,,783567,36,0,40 15,1,10,,783577,36,0,40 15,1,10,,746346,36,0,40 15,1,10,,605534,36,0,40 15,1,10,,750433,36,0,40 15,1,10,,783607,36,0,40 15,1,54,,783566,36,0,40 15,1,8,,783608,36,0,40 15,1,7,,783573,36,0,40 15,1,14,,640614,36,0,40 15,1,14,,783549,36,0,40 15,1,54,,710282,36,0,40 15,1,14,,783605,36,0,40 15,1,14,,783621,36,0,40 15,1,14,,783601,36,0,40 15,1,54,,783611,36,0,40 15,1,14,,727070,36,0,40 15,1,14,,745383,36,0,40 15,1,14,,783576,36,0,40 15,1,14,,783624,36,0,40 15,1,54,,783622,36,0,40 15,1,7,,783583,36,0,40 15,1,30,,783554,36,0,40 15,1,66,,749157,36,0,40 15,1
1604,'3',759,,783660,36,0,40 15,1,58,,783679,36,0,40 15,1,12,,783632,36,0,40 15,1,10,,783680,36,0,40 15,1,12,,783659,36,0,40 15,1,52,,783652,36,0,40 15,1,12,,783656,36,0,40 15,1,12,,783655,36,0,40 15,1,12,,783671,36,0,40 15,1,12,,783640,36,0,40 15,1,52,,783664,36,0,40 15,1,12,,783650,36,0,40 15,1,12,,783696,36,0,40 15,1,12,,783710,36,0,40 15,1,12,,783676,36,0,40 15,1,52,,783670,36,0,40 15,1,12,,783702,36,0,40 15,1,12,,783688,36,0,40 15,1,12,,783674,36,0,40 15,1,12,,736268,36,0,40 15,1,50,,783690,36,0,40 15,1,10,,783683,36,0,40 15,1,10,,783707,36,0,40 15,1,10,,783667,36,0,40 15,1,10,,783657,36,0,40 15,1,10,,783689,36,0,40 15,1,50,,783641,36,0,40 15,1,10,,750932,36,0,40 15,1,10,,783708,36,0,40 15,1,10,,783694,36,0,40 15,1,10,,783678,36,0,40 15,1,10,,783682,36,0,40 15,1,50,,783704,36,0,40 15,1,10,,783643,36,0,40 15,1,10,,775143,36,0,40 15,1,10,,783705,36,0,40 15,1,10,,783638,36,0,40 15,1,10,,783681,36,0,40 15,1,50,,783693,36,0,40 15,1,10,,783687,36,0,40 15,1,10,,783686,36,0,40 15,1,10,,783701,36,0,40 15,1,10,,783644,36,0,40 15,1,10,,768885,36,0,40 15,1,50,,783647,36,0,40 15,1,10,,783691,36,0,40 15,1,10,,783634,36,0,40 15,1,10,,783709,36,0,40 15,1,10,,783649,36,0,40 15,1,10,,783684,36,0,40 15,1,50,,705460,36,0,40 15,1,10,,783672,36,0,40 15,1,10,,715884,36,0,40 15,1,10,,783692,36,0,40 15,1,10,,783699,36,0,40 15,1,10,,783665,36,0,40 15,1,50,,783635,36,0,40 15,1,10,,731166,36,0,40 15,1,10,,783669,36,0,40 15,1,10,,783663,36,0,40 15,1,10,,783685,36,0,40 15,1,10,,739818,36,0,40 15,1,50,,734198,36,0,40 15,1,10,,783697,36,0,40 15,1,10,,690864,36,0,40 15,1,10,,783666,36,0,40 15,1,11,,783711,36,0,40 15,1,11,,783706,36,0,40 15,1,51,,783637,36,0,40 15,1,11,,783661,36,0,40 15,1,11,,783636,36,0,40 15,1,11,,783662,36,0,40 15,1,11,,783654,36,0,40 15,1,11,,783642,36,0,40 15,1,51,,783698,36,0,40 15,1,11,,772309,36,0,40 15,1,11,,783645,36,0,40 15,1,11,,725169,36,0,40 15,1,11,,783668,36,0,40 15,1,51,,783653,36,0,40 15,1,11,,783703,36,0,40 15,1,12,,783695,36,0,40 15,1,17,,783648,36,0,40 15,1,57,,783675,36,0,40 15,1,17,,783651,36,0,40 15,1,17,,783639,36,0,40 15,1,17,,783633,36,0,40 15,1,57,,714373,36,0,40 15,1,17,,783700,36,0,40 15,1,17,,783646,36,0,40 15,1,57,,770537,36,0,40 15,1,17,,783673,36,0,40 15,1,30,,783677,36,0,40 15,1,66,,783658,36,0,40 15,1
1604,'5',545,,696534,36,0,40 15,1,56,,783726,36,0,40 15,1,14,,652567,36,0,40 15,1,14,,783789,36,0,40 15,1,14,,783717,36,0,40 15,1,14,,783743,36,0,40 15,1,54,,783770,36,0,40 15,1,14,,783792,36,0,40 15,1,14,,783718,36,0,40 15,1,14,,783753,36,0,40 15,1,54,,783732,36,0,40 15,1,14,,783783,36,0,40 15,1,16,,677806,36,0,40 15,1,14,,609528,36,0,40 15,1,52,,783730,36,0,40 15,1,12,,783781,36,0,40 15,1,12,,783713,36,0,40 15,1,12,,731392,36,0,40 15,1,12,,783746,36,0,40 15,1,52,,768222,36,0,40 15,1,12,,783790,36,0,40 15,1,12,,615042,36,0,40 15,1,12,,783719,36,0,40 15,1,12,,783735,36,0,40 15,1,52,,783780,36,0,40 15,1,12,,783773,36,0,40 15,1,12,,783756,36,0,40 15,1,12,,783772,36,0,40 15,1,12,,691516,36,0,40 15,1,50,,783715,36,0,40 15,1,10,,783749,36,0,40 15,1,10,,783787,36,0,40 15,1,10,,783768,36,0,40 15,1,10,,783774,36,0,40 15,1,10,,783791,36,0,40 15,1,50,,783778,36,0,40 15,1,10,,783766,36,0,40 15,1,10,,783734,36,0,40 15,1,10,,766461,36,0,40 15,1,10,,783748,36,0,40 15,1,10,,783776,36,0,40 15,1,50,,783736,36,0,40 15,1,10,,722395,36,0,40 15,1,10,,783727,36,0,40 15,1,10,,783769,36,0,40 15,1,10,,783724,36,0,40 15,1,10,,783755,36,0,40 15,1,50,,717276,36,0,40 15,1,10,,783761,36,0,40 15,1,10,,783779,36,0,40 15,1,10,,756318,36,0,40 15,1,10,,783775,36,0,40 15,1,10,,783785,36,0,40 15,1,50,,783714,36,0,40 15,1,10,,752140,36,0,40 15,1,10,,755961,36,0,40 15,1,10,,783737,36,0,40 15,1,10,,783758,36,0,40 15,1,10,,783733,36,0,40 15,1,50,,783754,36,0,40 15,1,10,,783765,36,0,40 15,1,10,,740508,36,0,40 15,1,10,,740209,36,0,40 15,1,10,,731187,36,0,40 15,1,10,,783731,36,0,40 15,1,50,,783782,36,0,40 15,1,10,,783741,36,0,40 15,1,10,,783751,36,0,40 15,1,10,,783784,36,0,40 15,1,10,,761657,36,0,40 15,1,10,,783786,36,0,40 15,1,50,,783777,36,0,40 15,1,10,,783723,36,0,40 15,1,10,,783757,36,0,40 15,1,10,,783716,36,0,40 15,1,11,,783771,36,0,40 15,1,11,,783721,36,0,40 15,1,51,,690923,36,0,40 15,1,11,,783759,36,0,40 15,1,11,,783762,36,0,40 15,1,11,,783738,36,0,40 15,1,11,,783720,36,0,40 15,1,11,,783745,36,0,40 15,1,51,,783788,36,0,40 15,1,11,,783742,36,0,40 15,1,11,,783728,36,0,40 15,1,11,,783722,36,0,40 15,1,11,,783729,36,0,40 15,1,51,,705553,36,0,40 15,1,11,,783763,36,0,40 15,1,12,,783712,36,0,40 15,1,17,,772651,36,0,40 15,1,57,,783760,36,0,40 15,1,17,,783744,36,0,40 15,1,17,,783740,36,0,40 15,1,17,,783764,36,0,40 15,1,57,,783739,36,0,40 15,1,17,,783752,36,0,40 15,1,17,,734969,36,0,40 15,1,57,,783750,36,0,40 15,1,17,,783767,36,0,40 15,1,30,,783725,36,0,40 15,1,66,,783747,36,0,40 15,1
1704,'1',543,,784018,45,0,40 15,1,12,,783974,45,0,40 15,1,61,,783997,62,0,40 15,1,9,,784034,45,0,40 15,1,9,,784016,45,0,40 15,1,9,,783982,62,0,40 15,1,9,,783988,45,0,40 15,1,52,,783981,45,0,40 15,1,11,,783972,62,0,40 15,1,9,,721060,45,0,40 15,1,9,,783991,45,0,40 15,1,9,,784030,62,0,40 15,1,9,,784005,45,0,40 15,1,50,,784040,45,0,40 15,1,10,,784031,62,0,40 15,1,10,,783985,45,0,40 15,1,10,,783975,45,0,40 15,1,10,,784003,62,0,40 15,1,10,,784017,45,0,40 15,1,50,,784035,45,0,40 15,1,10,,783984,62,0,40 15,1,10,,784039,45,0,40 15,1,10,,783986,45,0,40 15,1,10,,713032,62,0,40 15,1,10,,758709,45,0,40 15,1,50,,784032,45,0,40 15,1,10,,783994,62,0,40 15,1,9,,784010,47,0,40 15,1,20,,783983,47,0,40 15,1,60,,760040,47,0,40 15,1,20,,721303,47,0,40 15,1,20,,783973,47,0,40 15,1,60,,765683,47,0,40 15,1,20,,739985,47,0,40 15,1,20,,784006,47,0,40 15,1,60,,638958,47,0,40 15,1,20,,783998,47,0,40 15,1,20,,733479,47,0,40 15,1,60,,690987,47,0,40 15,1,20,,784027,47,0,40 15,1,20,,783976,47,0,40 15,1,60,,784004,47,0,40 15,1,20,,783993,47,0,40 15,1,11,,538180,45,0,40 15,1,9,,784012,47,0,40 15,1,9,,783990,42,0,40 15,1,7,,718684,45,0,40 15,1,50,,768795,45,0,40 15,1,10,,784028,62,0,40 15,1,10,,784026,45,0,40 15,1,10,,691367,45,0,40 15,1,10,,784000,62,0,40 15,1,10,,783979,45,0,40 15,1,50,,784038,45,0,40 15,1,10,,784011,62,0,40 15,1,10,,784013,45,0,40 15,1,10,,783989,45,0,40 15,1,10,,784008,62,0,40 15,1,10,,771534,45,0,40 15,1,50,,784023,45,0,40 15,1,10,,784001,62,0,40 15,1,10,,690262,45,0,40 15,1,10,,784033,45,0,40 15,1,10,,784002,62,0,40 15,1,10,,784009,45,0,40 15,1,50,,783987,45,0,40 15,1,10,,783995,62,0,40 15,1,10,,784020,45,0,40 15,1,10,,784024,45,0,40 15,1,10,,784029,62,0,40 15,1,10,,783977,45,0,40 15,1,50,,640993,45,0,40 15,1,6,,727001,62,0,40 15,1,6,,784025,47,0,40 15,1,22,,784021,47,0,40 15,1,62,,784014,47,0,40 15,1,22,,784015,47,0,40 15,1,22,,612878,47,0,40 15,1,63,,783978,47,0,40 15,1,23,,708445,47,0,40 15,1,26,,783980,47,0,40 15,1,66,,784022,47,0,40 15,1,26,,783992,47,0,40 15,1,66,,784007,47,0,40 15,1,26,,783999,47,0,40 15,1,66,,784019,47,0,40 15,1,26,,784037,47,0,40 15,1,66,,784036,47,0,40 15,1,26,,783996,47,0,40 15,1
1704,'2',559,,784043,47,0,40 15,1,67,,784044,47,0,40 15,1,26,,784041,47,0,40 15,1,67,,755537,47,0,40 15,1,27,,695430,47,0,40 15,1,67,,784057,47,0,40 15,1,26,,784078,47,0,40 15,1,64,,784071,47,0,40 15,1,24,,763413,47,0,40 15,1,23,,784067,47,0,40 15,1,63,,784075,47,0,40 15,1,23,,784053,47,0,40 15,1,23,,784068,47,0,40 15,1,63,,784058,47,0,40 15,1,23,,784062,47,0,40 15,1,61,,784065,47,0,40 15,1,21,,784051,47,0,40 15,1,20,,784050,47,0,40 15,1,60,,784066,47,0,40 15,1,20,,784074,47,0,40 15,1,20,,784059,47,0,40 15,1,60,,758798,47,0,40 15,1,20,,784063,47,0,40 15,1,20,,784072,47,0,40 15,1,60,,784056,47,0,40 15,1,20,,784073,47,0,40 15,1,20,,784079,47,0,40 15,1,60,,784042,47,0,40 15,1,20,,784069,47,0,40 15,1,20,,784048,47,0,40 15,1,60,,772129,47,0,40 15,1,20,,784061,47,0,40 15,1,20,,784046,47,0,40 15,1,60,,784054,47,0,40 15,1,20,,784077,47,0,40 15,1,20,,740387,47,0,40 15,1,60,,745336,47,0,40 15,1,28,,784052,47,0,40 15,1,68,,700535,47,0,40 15,1,30,,784047,47,0,40 15,1,71,,704456,47,0,40 15,1,28,,704975,47,0,40 15,1,70,,702369,47,0,40 15,1,28,,784049,47,0,40 15,1,27,,784064,47,0,40 15,1,63,,784076,47,0,40 15,1,26,,784080,47,0,40 15,1,66,,784070,47,0,40 15,1,23,,721304,47,0,40 15,1,66,,668714,47,0,40 15,1,26,,784060,47,0,40 15,1,26,,784045,47,0,40 15,1,66,,784055,47,0,40 15,1
1704,'3',805,,784090,47,0,40 15,1,30,,784094,47,0,40 15,1,70,,728478,47,0,40 15,1,30,,740837,47,0,40 15,1,70,,766600,47,0,40 15,1,30,,784086,47,0,40 15,1,70,,784096,47,0,40 15,1,30,,784111,47,0,40 15,1,69,,784088,47,0,40 15,1,23,,719464,47,0,40 15,1,23,,784102,47,0,40 15,1,63,,784105,47,0,40 15,1,23,,784091,47,0,40 15,1,23,,784087,47,0,40 15,1,63,,784099,47,0,40 15,1,23,,784083,47,0,40 15,1,63,,784095,47,0,40 15,1,23,,695616,47,0,40 15,1,23,,784081,47,0,40 15,1,63,,784109,47,0,40 15,1,23,,784101,47,0,40 15,1,63,,784082,47,0,40 15,1,23,,784107,47,0,40 15,1,23,,725019,47,0,40 15,1,63,,784103,47,0,40 15,1,23,,784092,47,0,40 15,1,23,,745232,47,0,40 15,1,63,,784098,47,0,40 15,1,25,,784093,47,0,40 15,1,68,,784110,47,0,40 15,1,27,,784089,47,0,40 15,1,68,,764575,47,0,40 15,1,28,,784085,47,0,40 15,1,68,,727165,47,0,40 15,1,28,,784106,47,0,40 15,1,26,,784104,47,0,40 15,1,66,,784084,47,0,40 15,1,27,,784112,47,0,40 15,1,67,,784100,47,0,40 15,1,27,,784097,47,0,40 15,1,67,,778922,47,0,40 15,1,27,,717866,47,0,40 15,1,67,,784108,47,0,40 15,1
1704,'5',711,,784120,47,0,40 15,1,28,,784145,47,0,40 15,1,68,,730289,47,0,40 15,1,28,,784118,47,0,40 15,1,70,,784146,47,0,40 15,1,30,,784125,47,0,40 15,1,70,,771305,47,0,40 15,1,30,,704061,47,0,40 15,1,70,,784130,47,0,40 15,1,30,,784117,47,0,40 15,1,69,,784124,47,0,40 15,1,23,,739890,47,0,40 15,1,23,,784141,47,0,40 15,1,63,,784136,47,0,40 15,1,23,,784139,47,0,40 15,1,23,,784134,47,0,40 15,1,63,,784144,47,0,40 15,1,23,,784122,47,0,40 15,1,63,,784138,47,0,40 15,1,23,,784143,47,0,40 15,1,23,,706920,47,0,40 15,1,63,,784123,47,0,40 15,1,23,,784142,47,0,40 15,1,63,,784114,47,0,40 15,1,23,,784135,47,0,40 15,1,23,,784121,47,0,40 15,1,63,,739891,47,0,40 15,1,23,,775606,47,0,40 15,1,23,,784133,47,0,40 15,1,63,,784115,47,0,40 15,1,25,,784147,47,0,40 15,1,68,,694705,47,0,40 15,1,27,,784113,47,0,40 15,1,68,,784132,47,0,40 15,1,28,,784119,47,0,40 15,1,68,,728374,47,0,40 15,1,28,,784127,47,0,40 15,1,26,,784140,47,0,40 15,1,66,,784129,47,0,40 15,1,27,,784137,47,0,40 15,1,67,,784126,47,0,40 15,1,27,,784128,47,0,40 15,1,67,,784116,47,0,40 15,1,27,,703755,47,0,40 15,1,67,,784131,47,0,40 15,1
11704,'1',557,,733162,7,0,45 46 8,1,67,,707979,7,0,45 46 8,1,24,,843244,7,0,45 46 8,1,60,,843243,7,0,45 46 8,1,20,,843254,7,0,45 46 8,1,20,,843223,7,0,45 46 8,1,60,,843245,7,0,45 46 8,1,20,,843236,7,0,45 46 8,1,20,,843227,7,0,45 46 8,1,60,,843219,7,0,45 46 8,1,20,,714919,7,0,45 46 8,1,20,,843252,7,0,45 46 8,1,60,,843249,7,0,45 46 8,1,20,,843242,7,0,45 46 8,1,20,,843226,7,0,45 46 8,1,60,,738360,7,0,45 46 8,1,20,,666874,7,0,45 46 8,1,20,,696234,7,0,45 46 8,1,60,,764278,7,0,45 46 8,1,20,,690585,7,0,45 46 8,1,20,,843224,7,0,45 46 8,1,60,,843237,7,0,45 46 8,1,20,,730431,7,0,45 46 8,1,20,,843235,7,0,45 46 8,1,61,,843225,7,0,45 46 8,1,20,,843228,7,0,45 46 8,1,24,,724428,7,0,45 46 8,1,61,,779065,7,0,45 46 8,1,21,,843253,7,0,45 46 8,1,21,,843233,7,0,45 46 8,1,61,,843238,7,0,45 46 8,1,21,,626567,7,0,45 46 8,1,21,,843222,7,0,45 46 8,1,61,,843231,7,0,45 46 8,1,21,,646158,7,0,45 46 8,1,61,,779452,7,0,45 46 8,1,29,,718145,7,0,45 46 8,1,70,,843239,7,0,45 46 8,1,30,,843240,7,0,45 46 8,1,70,,843250,7,0,45 46 8,1,30,,843232,7,0,45 46 8,1,70,,843230,7,0,45 46 8,1,30,,843234,7,0,45 46 8,1,70,,843248,7,0,45 46 8,1,20,,712298,7,0,45 46 8,1,22,,843221,7,0,45 46 8,1,62,,843241,7,0,45 46 8,1,22,,843251,7,0,45 46 8,1,22,,843229,7,0,45 46 8,1,62,,843247,7,0,45 46 8,1,22,,843220,7,0,45 46 8,1,22,,742505,7,0,45 46 8,1,62,,843246,7,0,45 46 8,1,22,,652349,7,0,45 46 8,1,62,,728021,7,0,45 46 8,1
11704,'2',617,,843264,7,0,45 46 8,1,24,,843276,7,0,45 46 8,1,65,,843266,7,0,45 46 8,1,25,,843270,7,0,45 46 8,1,25,,736719,7,0,45 46 8,1,65,,843283,7,0,45 46 8,1,27,,843278,7,0,45 46 8,1,67,,843257,7,0,45 46 8,1,27,,843265,7,0,45 46 8,1,67,,752036,7,0,45 46 8,1,27,,843281,7,0,45 46 8,1,67,,843263,7,0,45 46 8,1,27,,729405,7,0,45 46 8,1,29,,716742,7,0,45 46 8,1,68,,843273,7,0,45 46 8,1,30,,843267,7,0,45 46 8,1,70,,843268,7,0,45 46 8,1,30,,553674,7,0,45 46 8,1,70,,843256,7,0,45 46 8,1,30,,843279,7,0,45 46 8,1,70,,843261,7,0,45 46 8,1,30,,843282,7,0,45 46 8,1,70,,622018,7,0,45 46 8,1,30,,843280,7,0,45 46 8,1,70,,751841,7,0,45 46 8,1,30,,843258,7,0,45 46 8,1,70,,843275,7,0,45 46 8,1,30,,702429,7,0,45 46 8,1,68,,843259,7,0,45 46 8,1,30,,843272,7,0,45 46 8,1,70,,843269,7,0,45 46 8,1,30,,756880,7,0,45 46 8,1,70,,769967,7,0,45 46 8,1,30,,736152,7,0,45 46 8,1,70,,843277,7,0,45 46 8,1,25,,700776,7,0,45 46 8,1,70,,729404,7,0,45 46 8,1,25,,752683,7,0,45 46 8,1,65,,843274,7,0,45 46 8,1,25,,843260,7,0,45 46 8,1,66,,843271,7,0,45 46 8,1,30,,843255,7,0,45 46 8,1,70,,843262,7,0,45 46 8,1
11704,'3',819,,843295,7,0,45 46 8,1,27,,843294,7,0,45 46 8,1,67,,843307,7,0,45 46 8,1,27,,719856,7,0,45 46 8,1,67,,843296,7,0,45 46 8,1,27,,766205,7,0,45 46 8,1,67,,843285,7,0,45 46 8,1,27,,843287,7,0,45 46 8,1,27,,843315,7,0,45 46 8,1,70,,843290,7,0,45 46 8,1,30,,722729,7,0,45 46 8,1,70,,843308,7,0,45 46 8,1,30,,843286,7,0,45 46 8,1,70,,843312,7,0,45 46 8,1,30,,843302,7,0,45 46 8,1,70,,843299,7,0,45 46 8,1,30,,843289,7,0,45 46 8,1,70,,843303,7,0,45 46 8,1,30,,843310,7,0,45 46 8,1,70,,843297,7,0,45 46 8,1,30,,843306,7,0,45 46 8,1,70,,843305,7,0,45 46 8,1,30,,843293,7,0,45 46 8,1,70,,843313,7,0,45 46 8,1,29,,843314,7,0,45 46 8,1,70,,843288,7,0,45 46 8,1,30,,843311,7,0,45 46 8,1,70,,843298,7,0,45 46 8,1,30,,700545,7,0,45 46 8,1,70,,843309,7,0,45 46 8,1,30,,625593,7,0,45 46 8,1,66,,843292,7,0,45 46 8,1,25,,843304,7,0,45 46 8,1,65,,843300,7,0,45 46 8,1,25,,843284,7,0,45 46 8,1,66,,770078,7,0,45 46 8,1,30,,843291,7,0,45 46 8,1,25,,843301,7,0,45 46 8,1
11704,'5',629,,843336,7,0,45 46 8,1,20,,843347,7,0,45 46 8,1,70,,843341,7,0,45 46 8,1,30,,725253,7,0,45 46 8,1,70,,843331,7,0,45 46 8,1,27,,843335,7,0,45 46 8,1,67,,843322,7,0,45 46 8,1,27,,706557,7,0,45 46 8,1,67,,843326,7,0,45 46 8,1,27,,843344,7,0,45 46 8,1,67,,843345,7,0,45 46 8,1,27,,843342,7,0,45 46 8,1,27,,843339,7,0,45 46 8,1,70,,843343,7,0,45 46 8,1,30,,843346,7,0,45 46 8,1,70,,843338,7,0,45 46 8,1,30,,843325,7,0,45 46 8,1,70,,761253,7,0,45 46 8,1,30,,749484,7,0,45 46 8,1,70,,843330,7,0,45 46 8,1,30,,843340,7,0,45 46 8,1,70,,843318,7,0,45 46 8,1,30,,716948,7,0,45 46 8,1,70,,843348,7,0,45 46 8,1,30,,843320,7,0,45 46 8,1,70,,691923,7,0,45 46 8,1,30,,765205,7,0,45 46 8,1,70,,843349,7,0,45 46 8,1,29,,754457,7,0,45 46 8,1,70,,843337,7,0,45 46 8,1,30,,843327,7,0,45 46 8,1,70,,843316,7,0,45 46 8,1,30,,843323,7,0,45 46 8,1,70,,843329,7,0,45 46 8,1,30,,843324,7,0,45 46 8,1,66,,843321,7,0,45 46 8,1,25,,843332,7,0,45 46 8,1,65,,843319,7,0,45 46 8,1,25,,843317,7,0,45 46 8,1,66,,843334,7,0,45 46 8,1,30,,843333,7,0,45 46 8,1,25,,843328,7,0,45 46 8,1
