4104,'1',520,,623183,34,0,68 8,1,6,,623199,27,0,68 8,1,9,,623168,27,0,68 8,1,6,,623195,34,0,68 8,1,13,,623150,34,0,68 8,1,48,,623152,27,0,68 8,1,6,,623201,34,0,68 8,1,8,,623227,27,0,68 8,1,8,,623182,34,0,68 8,1,9,,623188,37,0,68 8,1,8,,527001,37,0,68 8,1,8,,623232,37,0,68 8,1,8,,623210,37,0,68 8,1,48,,597348,37,0,68 8,1,11,,623222,37,0,68 8,1,12,,623206,37,0,68 8,1,8,,623193,37,0,68 8,1,8,,623161,37,0,68 8,1,8,,623219,37,0,68 8,1,50,,463868,37,0,68 8,1,10,,547989,37,0,68 8,1,10,,623162,37,0,68 8,1,10,,598617,37,0,68 8,1,10,,623198,37,0,68 8,1,11,,623163,37,0,68 8,1,50,,623169,37,0,68 8,1,10,,623235,37,0,68 8,1,10,,623159,37,0,68 8,1,10,,623216,37,0,68 8,1,12,,623200,37,0,68 8,1,12,,467582,37,0,68 8,1,52,,623225,37,0,68 8,1,12,,623153,37,0,68 8,1,12,,623223,37,0,68 8,1,12,,623221,37,0,68 8,1,12,,528716,37,0,68 8,1,52,,623189,37,0,68 8,1,12,,623213,37,0,68 8,1,12,,623204,37,0,68 8,1,12,,623194,37,0,68 8,1,12,,585021,37,0,68 8,1,52,,539536,37,0,68 8,1,12,,623166,37,0,68 8,1,12,,623191,37,0,68 8,1,12,,558768,37,0,68 8,1,12,,623207,37,0,68 8,1,52,,623167,37,0,68 8,1,12,,623224,37,0,68 8,1,12,,623230,37,0,68 8,1,12,,623181,37,0,68 8,1,12,,623155,37,0,68 8,1,54,,623226,37,0,68 8,1,12,,570321,37,0,68 8,1,12,,623173,37,0,68 8,1,11,,542331,37,0,68 8,1,8,,574693,37,0,68 8,1,48,,545594,37,0,68 8,1,8,,623186,37,0,68 8,1,8,,623197,37,0,68 8,1,8,,490578,37,0,68 8,1,8,,623209,37,0,68 8,1,8,,623177,37,0,68 8,1,8,,623187,37,0,68 8,1,8,,623158,37,0,68 8,1,48,,623160,37,0,68 8,1,8,,576376,37,0,68 8,1,8,,623157,37,0,68 8,1,8,,623171,37,0,68 8,1,8,,623220,37,0,68 8,1,8,,623172,37,0,68 8,1,8,,623233,37,0,68 8,1,48,,623229,37,0,68 8,1,8,,623202,37,0,68 8,1,8,,570333,37,0,68 8,1,8,,623228,37,0,68 8,1,8,,545003,37,0,68 8,1,8,,568026,37,0,68 8,1,8,,623184,37,0,68 8,1,8,,623178,37,0,68 8,1,48,,623185,37,0,68 8,1,8,,533754,37,0,68 8,1,8,,623208,37,0,68 8,1,8,,598401,37,0,68 8,1,8,,623174,37,0,68 8,1,8,,522924,37,0,68 8,1,7,,623234,37,0,68 8,1,48,,623211,37,0,68 8,1,5,,623180,37,0,68 8,1,8,,623205,37,0,68 8,1,7,,623154,37,0,68 8,1,7,,573066,37,0,68 8,1,5,,623218,37,0,68 8,1,8,,623215,37,0,68 8,1,8,,434605,37,0,68 8,1,8,,623151,37,0,68 8,1,48,,623231,37,0,68 8,1,12,,623203,37,0,68 8,1,12,,623149,37,0,68 8,1,12,,623164,37,0,68 8,1,12,,623179,37,0,68 8,1,52,,566475,37,0,68 8,1,12,,384500,37,0,68 8,1,12,,623176,37,0,68 8,1,12,,542786,37,0,68 8,1,12,,623214,37,0,68 8,1,51,,623217,37,0,68 8,1,6,,623212,37,0,68 8,1,10,,623175,37,0,68 8,1,19,,623190,37,0,68 8,1,20,,623156,37,0,68 8,1,60,,623170,37,0,68 8,1,20,,623196,37,0,68 8,1,20,,623192,37,0,68 8,1,60,,473564,37,0,68 8,1,20,,521881,37,0,68 8,1,17,,536746,37,0,68 8,1,68,,513290,37,0,68 8,1,30,,420187,37,0,68 8,1,70,,533717,37,0,68 8,1,30,,623165,37,0,68 8,1
4104,'2',533,,623248,34,0,68 8,1,25,,484810,34,0,68 8,1,57,,623252,34,0,68 8,1,22,,623242,37,0,68 8,1,22,,592593,37,0,68 8,1,62,,623267,37,0,68 8,1,22,,623268,37,0,68 8,1,63,,585105,37,0,68 8,1,26,,623303,37,0,68 8,1,15,,623284,37,0,68 8,1,55,,623240,37,0,68 8,1,15,,623266,37,0,68 8,1,15,,623251,37,0,68 8,1,15,,623261,37,0,68 8,1,55,,489459,37,0,68 8,1,15,,623260,37,0,68 8,1,15,,623263,37,0,68 8,1,15,,598465,37,0,68 8,1,55,,480653,37,0,68 8,1,17,,623249,37,0,68 8,1,16,,623293,37,0,68 8,1,10,,623256,37,0,68 8,1,10,,404231,37,0,68 8,1,50,,623250,37,0,68 8,1,10,,623304,37,0,68 8,1,10,,570434,37,0,68 8,1,10,,623287,37,0,68 8,1,10,,623275,37,0,68 8,1,10,,584395,37,0,68 8,1,50,,623244,37,0,68 8,1,10,,623289,37,0,68 8,1,10,,623286,37,0,68 8,1,10,,623245,37,0,68 8,1,10,,623259,37,0,68 8,1,10,,623277,37,0,68 8,1,50,,623292,37,0,68 8,1,10,,623271,37,0,68 8,1,10,,541836,37,0,68 8,1,10,,623246,37,0,68 8,1,10,,536512,37,0,68 8,1,10,,623265,37,0,68 8,1,50,,455856,37,0,68 8,1,10,,623257,37,0,68 8,1,10,,623254,37,0,68 8,1,10,,549923,37,0,68 8,1,10,,623269,37,0,68 8,1,10,,623279,37,0,68 8,1,50,,546468,37,0,68 8,1,10,,623262,37,0,68 8,1,10,,623258,37,0,68 8,1,10,,556900,37,0,68 8,1,10,,623299,37,0,68 8,1,10,,623281,37,0,68 8,1,50,,556908,37,0,68 8,1,10,,623241,37,0,68 8,1,10,,623306,37,0,68 8,1,10,,584191,37,0,68 8,1,10,,551822,37,0,68 8,1,10,,623273,37,0,68 8,1,50,,623295,37,0,68 8,1,10,,623283,37,0,68 8,1,10,,623247,37,0,68 8,1,10,,623264,37,0,68 8,1,10,,623290,37,0,68 8,1,10,,623276,37,0,68 8,1,50,,623236,37,0,68 8,1,8,,623255,37,0,68 8,1,7,,578661,37,0,68 8,1,9,,623278,37,0,68 8,1,15,,623238,37,0,68 8,1,15,,623253,37,0,68 8,1,55,,581651,37,0,68 8,1,15,,623297,37,0,68 8,1,15,,478905,37,0,68 8,1,15,,623307,37,0,68 8,1,55,,623298,37,0,68 8,1,15,,623272,37,0,68 8,1,15,,623270,37,0,68 8,1,15,,623280,37,0,68 8,1,53,,623282,37,0,68 8,1,14,,623243,37,0,68 8,1,19,,623285,37,0,68 8,1,62,,623274,37,0,68 8,1,22,,623294,37,0,68 8,1,22,,623302,37,0,68 8,1,62,,623300,37,0,68 8,1,22,,569850,37,0,68 8,1,22,,623239,37,0,68 8,1,67,,501488,37,0,68 8,1,30,,623291,37,0,68 8,1,70,,575750,37,0,68 8,1,30,,623296,37,0,68 8,1
4104,'3',742,,623318,34,0,68 8,1,65,,623366,34,0,68 8,1,16,,623315,37,0,68 8,1,16,,623353,37,0,68 8,1,15,,623367,37,0,68 8,1,55,,623328,37,0,68 8,1,15,,623360,37,0,68 8,1,15,,575764,37,0,68 8,1,15,,623369,37,0,68 8,1,55,,623331,37,0,68 8,1,15,,623317,37,0,68 8,1,15,,623354,37,0,68 8,1,15,,623372,37,0,68 8,1,55,,623313,37,0,68 8,1,15,,623359,37,0,68 8,1,15,,592626,37,0,68 8,1,15,,623351,37,0,68 8,1,55,,623320,37,0,68 8,1,16,,374688,37,0,68 8,1,12,,623333,37,0,68 8,1,12,,560501,37,0,68 8,1,52,,544547,37,0,68 8,1,12,,623362,37,0,68 8,1,12,,595005,37,0,68 8,1,12,,623364,37,0,68 8,1,12,,623368,37,0,68 8,1,52,,623373,37,0,68 8,1,12,,623343,37,0,68 8,1,12,,623370,37,0,68 8,1,12,,545761,37,0,68 8,1,12,,623340,37,0,68 8,1,52,,623357,37,0,68 8,1,12,,623361,37,0,68 8,1,12,,623374,37,0,68 8,1,12,,623344,37,0,68 8,1,12,,623375,37,0,68 8,1,52,,568201,37,0,68 8,1,12,,623314,37,0,68 8,1,12,,623311,37,0,68 8,1,12,,623316,37,0,68 8,1,12,,623327,37,0,68 8,1,52,,623324,37,0,68 8,1,12,,623342,37,0,68 8,1,12,,623309,37,0,68 8,1,12,,623338,37,0,68 8,1,12,,623329,37,0,68 8,1,52,,623321,37,0,68 8,1,12,,623323,37,0,68 8,1,12,,623349,37,0,68 8,1,12,,623330,37,0,68 8,1,12,,623363,37,0,68 8,1,52,,623345,37,0,68 8,1,11,,623365,37,0,68 8,1,11,,623339,37,0,68 8,1,11,,623326,37,0,68 8,1,18,,623334,37,0,68 8,1,58,,623335,37,0,68 8,1,18,,623356,37,0,68 8,1,18,,623322,37,0,68 8,1,58,,623337,37,0,68 8,1,18,,623325,37,0,68 8,1,18,,623310,37,0,68 8,1,16,,623347,37,0,68 8,1,57,,623341,37,0,68 8,1,18,,623332,37,0,68 8,1,13,,623319,37,0,68 8,1,60,,623312,37,0,68 8,1,20,,623346,37,0,68 8,1,20,,623358,37,0,68 8,1,60,,556407,37,0,68 8,1,20,,623352,37,0,68 8,1,20,,623308,37,0,68 8,1,60,,623355,37,0,68 8,1,17,,623336,37,0,68 8,1,33,,623371,37,0,68 8,1,70,,623348,37,0,68 8,1,30,,526723,37,0,68 8,1
4104,'5',542,,623390,34,0,68 8,1,60,,623396,34,0,68 8,1,20,,623395,34,0,68 8,1,20,,623422,37,0,68 8,1,60,,623376,37,0,68 8,1,20,,623378,37,0,68 8,1,20,,623431,37,0,68 8,1,59,,623434,37,0,68 8,1,22,,623397,37,0,68 8,1,16,,543539,37,0,68 8,1,15,,602885,37,0,68 8,1,55,,623411,37,0,68 8,1,15,,623399,37,0,68 8,1,15,,623432,37,0,68 8,1,15,,623409,37,0,68 8,1,55,,623377,37,0,68 8,1,15,,623429,37,0,68 8,1,15,,623394,37,0,68 8,1,15,,623382,37,0,68 8,1,55,,623424,37,0,68 8,1,15,,578838,37,0,68 8,1,15,,536674,37,0,68 8,1,15,,623446,37,0,68 8,1,55,,529189,37,0,68 8,1,16,,623408,37,0,68 8,1,12,,623417,37,0,68 8,1,12,,623443,37,0,68 8,1,52,,560592,37,0,68 8,1,12,,544765,37,0,68 8,1,12,,564551,37,0,68 8,1,12,,623416,37,0,68 8,1,12,,623403,37,0,68 8,1,52,,555994,37,0,68 8,1,12,,623398,37,0,68 8,1,12,,623427,37,0,68 8,1,12,,623437,37,0,68 8,1,12,,623386,37,0,68 8,1,52,,623428,37,0,68 8,1,12,,623380,37,0,68 8,1,12,,563281,37,0,68 8,1,12,,623413,37,0,68 8,1,12,,623436,37,0,68 8,1,52,,526940,37,0,68 8,1,12,,623418,37,0,68 8,1,12,,623385,37,0,68 8,1,12,,623402,37,0,68 8,1,12,,623407,37,0,68 8,1,52,,623405,37,0,68 8,1,12,,623426,37,0,68 8,1,12,,513593,37,0,68 8,1,12,,559215,37,0,68 8,1,12,,623414,37,0,68 8,1,52,,623383,37,0,68 8,1,12,,623384,37,0,68 8,1,12,,623387,37,0,68 8,1,12,,623442,37,0,68 8,1,12,,623389,37,0,68 8,1,52,,623423,37,0,68 8,1,11,,623444,37,0,68 8,1,11,,623379,37,0,68 8,1,11,,623392,37,0,68 8,1,18,,623391,37,0,68 8,1,58,,623433,37,0,68 8,1,18,,555005,37,0,68 8,1,18,,623401,37,0,68 8,1,58,,623393,37,0,68 8,1,18,,623438,37,0,68 8,1,18,,623435,37,0,68 8,1,16,,623406,37,0,68 8,1,57,,623440,37,0,68 8,1,18,,623419,37,0,68 8,1,13,,623425,37,0,68 8,1,60,,623441,37,0,68 8,1,20,,623410,37,0,68 8,1,20,,623430,37,0,68 8,1,60,,623445,37,0,68 8,1,20,,623388,37,0,68 8,1,20,,623404,37,0,68 8,1,60,,623415,37,0,68 8,1,17,,623421,37,0,68 8,1,33,,623400,37,0,68 8,1,70,,623439,37,0,68 8,1,30,,623412,37,0,68 8,1
16402,'1',533,,676044,13,0,52 53 8,1,76,,676027,13,0,52 53 8,1,30,,676045,13,0,52 53 8,1,75,,676048,13,0,52 53 8,1,27,,676046,13,0,52 53 8,1,62,,676024,13,0,52 53 8,1,22,,676029,13,0,52 53 8,1,22,,554382,13,0,52 53 8,1,62,,676026,13,0,52 53 8,1,16,,676015,13,0,52 53 8,1,22,,676025,13,0,52 53 8,1,70,,676020,13,0,52 53 8,1,30,,566902,13,0,52 53 8,1,70,,676031,13,0,52 53 8,1,30,,676028,13,0,52 53 8,1,70,,387241,13,0,52 53 8,1,30,,541724,13,0,52 53 8,1,70,,676013,13,0,52 53 8,1,30,,676017,13,0,52 53 8,1,70,,536429,13,0,52 53 8,1,30,,598131,13,0,52 53 8,1,76,,676050,13,0,52 53 8,1,25,,676049,13,0,52 53 8,1,65,,676040,13,0,52 53 8,1,25,,676032,13,0,52 53 8,1,65,,676022,13,0,52 53 8,1,25,,676030,13,0,52 53 8,1,25,,676037,13,0,52 53 8,1,65,,676036,13,0,52 53 8,1,25,,676041,13,0,52 53 8,1,65,,676023,13,0,52 53 8,1,22,,529399,13,0,52 53 8,1,25,,676042,13,0,52 53 8,1,65,,676039,13,0,52 53 8,1,30,,676047,13,0,52 53 8,1,70,,676034,13,0,52 53 8,1,30,,676035,13,0,52 53 8,1,67,,676019,13,0,52 53 8,1,30,,676038,13,0,52 53 8,1,65,,676033,13,0,52 53 8,1,25,,676014,13,0,52 53 8,1,65,,676043,13,0,52 53 8,1,25,,676021,13,0,52 53 8,1,25,,676018,13,0,52 53 8,1,65,,676016,13,0,52 53 8,1
16402,'2',548,,676061,13,0,52 53 8,1,72,,676065,13,0,52 53 8,1,30,,676063,13,0,52 53 8,1,70,,583370,13,0,52 53 8,1,30,,676064,13,0,52 53 8,1,68,,676076,13,0,52 53 8,1,30,,676055,13,0,52 53 8,1,70,,676051,13,0,52 53 8,1,30,,676074,13,0,52 53 8,1,70,,588528,13,0,52 53 8,1,30,,676067,13,0,52 53 8,1,70,,676057,13,0,52 53 8,1,30,,676059,13,0,52 53 8,1,69,,676080,13,0,52 53 8,1,30,,676068,13,0,52 53 8,1,70,,676056,13,0,52 53 8,1,30,,676071,13,0,52 53 8,1,70,,676058,13,0,52 53 8,1,30,,676082,13,0,52 53 8,1,70,,676053,13,0,52 53 8,1,30,,511405,13,0,52 53 8,1,70,,676069,13,0,52 53 8,1,30,,676060,13,0,52 53 8,1,70,,676078,13,0,52 53 8,1,30,,676070,13,0,52 53 8,1,70,,676084,13,0,52 53 8,1,30,,467422,13,0,52 53 8,1,72,,676072,13,0,52 53 8,1,30,,676077,13,0,52 53 8,1,70,,676075,13,0,52 53 8,1,30,,676052,13,0,52 53 8,1,70,,563513,13,0,52 53 8,1,30,,676081,13,0,52 53 8,1,69,,676066,13,0,52 53 8,1,30,,676054,13,0,52 53 8,1,65,,676062,13,0,52 53 8,1,25,,676079,13,0,52 53 8,1,65,,601217,13,0,52 53 8,1,25,,499319,13,0,52 53 8,1,25,,676083,13,0,52 53 8,1,65,,676073,13,0,52 53 8,1
16402,'3',724,,676097,13,0,52 53 8,1,18,,676104,13,0,52 53 8,1,66,,676114,13,0,52 53 8,1,25,,676093,13,0,52 53 8,1,25,,676113,13,0,52 53 8,1,65,,676105,13,0,52 53 8,1,25,,676089,13,0,52 53 8,1,65,,561986,13,0,52 53 8,1,25,,676096,13,0,52 53 8,1,65,,676099,13,0,52 53 8,1,25,,676115,13,0,52 53 8,1,25,,676106,13,0,52 53 8,1,64,,676086,13,0,52 53 8,1,30,,564949,13,0,52 53 8,1,70,,676088,13,0,52 53 8,1,30,,421839,13,0,52 53 8,1,70,,676117,13,0,52 53 8,1,30,,676092,13,0,52 53 8,1,70,,676087,13,0,52 53 8,1,30,,676103,13,0,52 53 8,1,70,,676100,13,0,52 53 8,1,30,,676102,13,0,52 53 8,1,70,,676107,13,0,52 53 8,1,30,,676110,13,0,52 53 8,1,70,,676098,13,0,52 53 8,1,30,,676116,13,0,52 53 8,1,71,,676091,13,0,52 53 8,1,30,,516639,13,0,52 53 8,1,70,,583481,13,0,52 53 8,1,25,,676112,13,0,52 53 8,1,65,,676085,13,0,52 53 8,1,25,,676090,13,0,52 53 8,1,25,,676101,13,0,52 53 8,1,64,,676118,13,0,52 53 8,1,25,,536587,13,0,52 53 8,1,65,,676095,13,0,52 53 8,1,25,,676109,13,0,52 53 8,1,65,,676094,13,0,52 53 8,1,25,,676119,13,0,52 53 8,1,25,,676111,13,0,52 53 8,1,65,,676108,13,0,52 53 8,1
16402,'5',548,,597186,13,0,52 53 8,1,70,,676122,13,0,52 53 8,1,30,,676132,13,0,52 53 8,1,70,,558260,13,0,52 53 8,1,25,,586740,13,0,52 53 8,1,65,,676135,13,0,52 53 8,1,25,,676152,13,0,52 53 8,1,25,,676133,13,0,52 53 8,1,65,,676127,13,0,52 53 8,1,25,,676139,13,0,52 53 8,1,65,,676121,13,0,52 53 8,1,25,,676134,13,0,52 53 8,1,65,,676140,13,0,52 53 8,1,25,,566066,13,0,52 53 8,1,25,,676120,13,0,52 53 8,1,64,,567297,13,0,52 53 8,1,30,,676147,13,0,52 53 8,1,70,,676142,13,0,52 53 8,1,30,,676145,13,0,52 53 8,1,70,,676128,13,0,52 53 8,1,30,,676138,13,0,52 53 8,1,70,,676151,13,0,52 53 8,1,30,,527976,13,0,52 53 8,1,70,,676136,13,0,52 53 8,1,30,,676149,13,0,52 53 8,1,70,,574633,13,0,52 53 8,1,30,,676131,13,0,52 53 8,1,70,,585257,13,0,52 53 8,1,30,,676123,13,0,52 53 8,1,71,,592495,13,0,52 53 8,1,30,,676130,13,0,52 53 8,1,70,,676144,13,0,52 53 8,1,25,,676125,13,0,52 53 8,1,65,,544012,13,0,52 53 8,1,25,,676148,13,0,52 53 8,1,25,,676137,13,0,52 53 8,1,64,,676124,13,0,52 53 8,1,25,,519655,13,0,52 53 8,1,65,,676143,13,0,52 53 8,1,25,,676141,13,0,52 53 8,1,65,,676129,13,0,52 53 8,1,25,,676126,13,0,52 53 8,1,25,,676150,13,0,52 53 8,1,65,,676146,13,0,52 53 8,1
34104,'1',508,,682516,34,0,68 8,1,2216,,682517,34,0,68 8,1,30,,682514,34,0,68 8,1,70,,682515,34,0,68 8,1,30,,542718,34,0,68 8,1
34104,'2',524,,461856,34,0,68 8,1,2200,,682519,34,0,68 8,1,30,,682518,34,0,68 8,1,70,,595206,34,0,68 8,1,30,,682520,34,0,68 8,1
34104,'3',524,,582751,34,0,68 8,1,18,,515834,34,0,68 8,1,60,,682526,34,0,68 8,1,20,,682524,34,0,68 8,1,20,,439369,34,0,68 8,1,60,,682522,34,0,68 8,1,20,,682525,34,0,68 8,1,2002,,682527,34,0,68 8,1,30,,682521,34,0,68 8,1,70,,682528,34,0,68 8,1,30,,682523,34,0,68 8,1
34104,'5',524,,682531,34,0,68 8,1,2200,,682529,34,0,68 8,1,30,,682532,34,0,68 8,1,70,,682533,34,0,68 8,1,30,,682530,34,0,68 8,1
