4201,'1',608,,623510,3,0,76 77,1,14,,547885,3,0,76 77,1,12,,623455,3,0,76 77,1,12,,588615,3,0,76 77,1,12,,623516,3,0,76 77,1,50,,623507,3,0,76 77,1,9,,623484,3,0,76 77,1,9,,623465,3,0,76 77,1,9,,623498,3,0,76 77,1,9,,623472,3,0,76 77,1,9,,483903,3,0,76 77,1,49,,406820,3,0,76 77,1,9,,539888,3,0,76 77,1,9,,623508,3,0,76 77,1,9,,623506,3,0,76 77,1,9,,623453,3,0,76 77,1,9,,516127,3,0,76 77,1,9,,623503,3,0,76 77,1,49,,623494,3,0,76 77,1,10,,520652,3,0,76 77,1,10,,586649,3,0,76 77,1,16,,623482,3,0,76 77,1,16,,623461,3,0,76 77,1,56,,623464,3,0,76 77,1,16,,623501,3,0,76 77,1,16,,623499,3,0,76 77,1,56,,623496,3,0,76 77,1,16,,623493,3,0,76 77,1,16,,623513,3,0,76 77,1,16,,623479,3,0,76 77,1,56,,623467,3,0,76 77,1,16,,623451,3,0,76 77,1,16,,623509,3,0,76 77,1,16,,623489,3,0,76 77,1,56,,623488,3,0,76 77,1,16,,577111,3,0,76 77,1,16,,500111,3,0,76 77,1,16,,623474,3,0,76 77,1,56,,623476,3,0,76 77,1,16,,532920,3,0,76 77,1,16,,623462,3,0,76 77,1,56,,623458,3,0,76 77,1,10,,523097,3,0,76 77,1,10,,623454,3,0,76 77,1,10,,409683,3,0,76 77,1,10,,623481,3,0,76 77,1,10,,623486,3,0,76 77,1,50,,623512,3,0,76 77,1,10,,623480,3,0,76 77,1,10,,449616,3,0,76 77,1,10,,623515,3,0,76 77,1,10,,623492,3,0,76 77,1,10,,623514,3,0,76 77,1,50,,623502,3,0,76 77,1,10,,623504,3,0,76 77,1,10,,564116,3,0,76 77,1,10,,623449,3,0,76 77,1,10,,623452,3,0,76 77,1,10,,572050,3,0,76 77,1,50,,623470,3,0,76 77,1,10,,623505,3,0,76 77,1,10,,623497,3,0,76 77,1,10,,587009,3,0,76 77,1,10,,623466,3,0,76 77,1,10,,575327,3,0,76 77,1,50,,599845,3,0,76 77,1,10,,623447,3,0,76 77,1,14,,623495,3,0,76 77,1,14,,623478,3,0,76 77,1,14,,623485,3,0,76 77,1,54,,533987,3,0,76 77,1,14,,623500,3,0,76 77,1,14,,623487,3,0,76 77,1,14,,623475,3,0,76 77,1,54,,623491,3,0,76 77,1,14,,573682,3,0,76 77,1,14,,623450,3,0,76 77,1,14,,623490,3,0,76 77,1,14,,623477,3,0,76 77,1,62,,623471,3,0,76 77,1,22,,623459,3,0,76 77,1,62,,623511,3,0,76 77,1,22,,467637,3,0,76 77,1,22,,623457,3,0,76 77,1,62,,623483,3,0,76 77,1,22,,623473,3,0,76 77,1,22,,623468,3,0,76 77,1,66,,528131,3,0,76 77,1
4201,'2',605,,623568,3,0,76 77,1,24,,623552,3,0,76 77,1,23,,623536,3,0,76 77,1,63,,585396,3,0,76 77,1,20,,623550,3,0,76 77,1,20,,524457,3,0,76 77,1,63,,623528,3,0,76 77,1,17,,623546,3,0,76 77,1,17,,567560,3,0,76 77,1,60,,623518,3,0,76 77,1,20,,546450,3,0,76 77,1,20,,623557,3,0,76 77,1,60,,623548,3,0,76 77,1,20,,623535,3,0,76 77,1,20,,623541,3,0,76 77,1,60,,623545,3,0,76 77,1,19,,623529,3,0,76 77,1,16,,623524,3,0,76 77,1,56,,623540,3,0,76 77,1,19,,554079,3,0,76 77,1,18,,623532,3,0,76 77,1,18,,623522,3,0,76 77,1,58,,623527,3,0,76 77,1,18,,623533,3,0,76 77,1,18,,623534,3,0,76 77,1,58,,623537,3,0,76 77,1,18,,623526,3,0,76 77,1,18,,587694,3,0,76 77,1,58,,623547,3,0,76 77,1,18,,623543,3,0,76 77,1,18,,623542,3,0,76 77,1,18,,623544,3,0,76 77,1,58,,623565,3,0,76 77,1,18,,623561,3,0,76 77,1,18,,623556,3,0,76 77,1,58,,623517,3,0,76 77,1,18,,623566,3,0,76 77,1,18,,623560,3,0,76 77,1,58,,623521,3,0,76 77,1,18,,623549,3,0,76 77,1,17,,623555,3,0,76 77,1,18,,623551,3,0,76 77,1,53,,468955,3,0,76 77,1,14,,592590,3,0,76 77,1,18,,623554,3,0,76 77,1,59,,623553,3,0,76 77,1,19,,623525,3,0,76 77,1,19,,581115,3,0,76 77,1,19,,533788,3,0,76 77,1,59,,623531,3,0,76 77,1,19,,599187,3,0,76 77,1,18,,623523,3,0,76 77,1,57,,623562,3,0,76 77,1,20,,522507,3,0,76 77,1,22,,623520,3,0,76 77,1,62,,623559,3,0,76 77,1,22,,623538,3,0,76 77,1,22,,623564,3,0,76 77,1,62,,623530,3,0,76 77,1,22,,623567,3,0,76 77,1,62,,623519,3,0,76 77,1
4201,'3',605,,623607,3,0,76 77,1,28,,623604,3,0,76 77,1,70,,533047,3,0,76 77,1,30,,623601,3,0,76 77,1,70,,623609,3,0,76 77,1,30,,623576,3,0,76 77,1,20,,623598,3,0,76 77,1,64,,623600,3,0,76 77,1,24,,623589,3,0,76 77,1,64,,623591,3,0,76 77,1,24,,576688,3,0,76 77,1,24,,623582,3,0,76 77,1,64,,566684,3,0,76 77,1,21,,623602,3,0,76 77,1,15,,623583,3,0,76 77,1,62,,623579,3,0,76 77,1,22,,623572,3,0,76 77,1,22,,623595,3,0,76 77,1,62,,623593,3,0,76 77,1,22,,623587,3,0,76 77,1,62,,623580,3,0,76 77,1,22,,515573,3,0,76 77,1,22,,623573,3,0,76 77,1,62,,623608,3,0,76 77,1,22,,623578,3,0,76 77,1,22,,623581,3,0,76 77,1,62,,623584,3,0,76 77,1,22,,623577,3,0,76 77,1,62,,579060,3,0,76 77,1,22,,623575,3,0,76 77,1,22,,623594,3,0,76 77,1,62,,623611,3,0,76 77,1,22,,623570,3,0,76 77,1,22,,623599,3,0,76 77,1,54,,623605,3,0,76 77,1,24,,623606,3,0,76 77,1,25,,623585,3,0,76 77,1,65,,623574,3,0,76 77,1,25,,556317,3,0,76 77,1,65,,507808,3,0,76 77,1,25,,623571,3,0,76 77,1,25,,623603,3,0,76 77,1,57,,623588,3,0,76 77,1,25,,623592,3,0,76 77,1,68,,588096,3,0,76 77,1,29,,574182,3,0,76 77,1,69,,471042,3,0,76 77,1,29,,623590,3,0,76 77,1,69,,623569,3,0,76 77,1
4201,'5',605,,623648,3,0,76 77,1,28,,567378,3,0,76 77,1,70,,623623,3,0,76 77,1,30,,623650,3,0,76 77,1,70,,623615,3,0,76 77,1,30,,623629,3,0,76 77,1,20,,623612,3,0,76 77,1,64,,623618,3,0,76 77,1,24,,623635,3,0,76 77,1,64,,623643,3,0,76 77,1,24,,623632,3,0,76 77,1,24,,623638,3,0,76 77,1,64,,623634,3,0,76 77,1,14,,544598,3,0,76 77,1,15,,591819,3,0,76 77,1,69,,561641,3,0,76 77,1,22,,623640,3,0,76 77,1,22,,623653,3,0,76 77,1,62,,623651,3,0,76 77,1,22,,623636,3,0,76 77,1,62,,623631,3,0,76 77,1,22,,623616,3,0,76 77,1,22,,623626,3,0,76 77,1,62,,623637,3,0,76 77,1,22,,623613,3,0,76 77,1,22,,623627,3,0,76 77,1,62,,525539,3,0,76 77,1,22,,544569,3,0,76 77,1,62,,623619,3,0,76 77,1,22,,623624,3,0,76 77,1,22,,623647,3,0,76 77,1,62,,563992,3,0,76 77,1,22,,571028,3,0,76 77,1,22,,623644,3,0,76 77,1,54,,623639,3,0,76 77,1,24,,623625,3,0,76 77,1,25,,623642,3,0,76 77,1,65,,623645,3,0,76 77,1,25,,623628,3,0,76 77,1,65,,623617,3,0,76 77,1,25,,532830,3,0,76 77,1,25,,623621,3,0,76 77,1,57,,623633,3,0,76 77,1,25,,623622,3,0,76 77,1,69,,623646,3,0,76 77,1,29,,526135,3,0,76 77,1,69,,623630,3,0,76 77,1,29,,623641,3,0,76 77,1,64,,524668,3,0,76 77,1
5301,'1',517,,631859,3,0,34 59,1,13,,631957,3,0,34 59,1,9,,631933,3,0,34 59,1,8,,631955,3,0,34 59,1,8,,631959,3,0,34 59,1,48,,631855,3,0,34 59,1,8,,631908,3,0,34 59,1,8,,631898,3,0,34 59,1,8,,631907,3,0,34 59,1,8,,631847,3,0,34 59,1,8,,631861,3,0,34 59,1,8,,631835,3,0,34 59,1,8,,631881,3,0,34 59,1,48,,631928,3,0,34 59,1,8,,503138,3,0,34 59,1,8,,631846,3,0,34 59,1,8,,631887,3,0,34 59,1,8,,587402,3,0,34 59,1,8,,631888,3,0,34 59,1,8,,631872,3,0,34 59,1,48,,465227,3,0,34 59,1,8,,631929,3,0,34 59,1,8,,631889,3,0,34 59,1,8,,559862,3,0,34 59,1,8,,631876,3,0,34 59,1,8,,557027,3,0,34 59,1,8,,631850,3,0,34 59,1,8,,631920,3,0,34 59,1,48,,631916,3,0,5 142,1,5,,631841,3,0,34 59,1,9,,631901,3,0,34 59,1,7,,631950,3,0,5 142,1,7,,604178,3,0,34 59,1,7,,631865,3,0,34 59,1,7,,479255,3,0,5 142,1,7,,631891,3,0,34 59,1,47,,631873,3,0,34 59,1,7,,631941,3,0,5 142,1,7,,586992,3,0,34 59,1,7,,631903,3,0,34 59,1,7,,631875,3,0,5 142,1,7,,631945,3,0,34 59,1,7,,564144,3,0,34 59,1,7,,631884,3,0,5 142,1,7,,631854,3,0,34 59,1,47,,631943,3,0,34 59,1,7,,631838,3,0,5 142,1,7,,631911,3,0,34 59,1,7,,496911,3,0,34 59,1,7,,537334,3,0,5 142,1,7,,631869,3,0,34 59,1,7,,631915,3,0,34 59,1,7,,631926,3,0,5 142,1,47,,564775,3,0,34 59,1,7,,538327,3,0,34 59,1,7,,631902,3,0,5 142,1,7,,631885,3,0,34 59,1,7,,631853,3,0,34 59,1,7,,631879,3,0,5 142,1,7,,631924,3,0,34 59,1,7,,631877,3,0,34 59,1,7,,546381,3,0,5 142,1,47,,631868,3,0,34 59,1,7,,631874,3,0,34 59,1,7,,631946,3,0,5 142,1,7,,631899,3,0,34 59,1,7,,631860,3,0,34 59,1,7,,631913,3,0,5 142,1,7,,536379,3,0,34 59,1,7,,506184,3,0,34 59,1,47,,631958,3,0,5 142,1,7,,631890,3,0,34 59,1,5,,631931,3,0,34 59,1,7,,491203,3,0,5 142,1,7,,631880,3,0,34 59,1,6,,631954,3,0,34 59,1,8,,631883,3,0,34 59,1,8,,631919,3,0,34 59,1,8,,631844,3,0,34 59,1,48,,631922,3,0,34 59,1,8,,579691,3,0,34 59,1,8,,631849,3,0,34 59,1,8,,631867,3,0,34 59,1,8,,631927,3,0,34 59,1,8,,604044,3,0,34 59,1,8,,631930,3,0,34 59,1,48,,603443,3,0,34 59,1,8,,631925,3,0,34 59,1,8,,631900,3,0,34 59,1,8,,631905,3,0,34 59,1,8,,631857,3,0,34 59,1,8,,631917,3,0,34 59,1,8,,631851,3,0,34 59,1,8,,544403,3,0,34 59,1,48,,631910,3,0,34 59,1,8,,478616,3,0,34 59,1,8,,631951,3,0,34 59,1,8,,631842,3,0,34 59,1,8,,631886,3,0,34 59,1,8,,631894,3,0,34 59,1,8,,631942,3,0,34 59,1,48,,631871,3,0,34 59,1,8,,631870,3,0,34 59,1,8,,631921,3,0,34 59,1,8,,631852,3,0,34 59,1,8,,631935,3,0,34 59,1,10,,631864,3,0,5 142,1,7,,631834,3,0,34 59,1,7,,465458,3,0,34 59,1,47,,631845,3,0,5 142,1,7,,473074,3,0,34 59,1,7,,631948,3,0,34 59,1,7,,631848,3,0,5 142,1,7,,631940,3,0,34 59,1,7,,631897,3,0,34 59,1,7,,631904,3,0,5 142,1,7,,631858,3,0,34 59,1,47,,559259,3,0,34 59,1,7,,631866,3,0,5 142,1,7,,470042,3,0,34 59,1,7,,631952,3,0,34 59,1,7,,631906,3,0,5 142,1,7,,631862,3,0,34 59,1,7,,483889,3,0,34 59,1,7,,414773,3,0,5 142,1,7,,581581,3,0,34 59,1,47,,631937,3,0,34 59,1,7,,519122,3,0,5 142,1,7,,537147,3,0,34 59,1,7,,529341,3,0,34 59,1,7,,631938,3,0,5 142,1,7,,631936,3,0,34 59,1,7,,631840,3,0,17 40,1,7,,631912,3,0,5 142,1,5,,631896,3,0,34 59,1,47,,631934,3,0,17 40,1,8,,631836,3,0,5 142,1,8,,631918,3,0,17 40,1,8,,631932,3,0,17 40,1,2,,631914,3,0,34 59,1,6,,631882,3,0,17 40,1,6,,631947,3,0,5 142,1,4,,631923,3,0,17 40,1,8,,631892,3,0,34 59,1,52,,631939,3,0,5 142,1,12,,543274,3,0,34 59,1,12,,514843,3,0,5 142,1,12,,631956,3,0,34 59,1,12,,631949,3,0,5 142,1,52,,631909,3,0,34 59,1,12,,399466,3,0,5 142,1,12,,631953,3,0,34 59,1,12,,598384,3,0,5 142,1,12,,588403,3,0,34 59,1,52,,631893,3,0,5 142,1,12,,631856,3,0,34 59,1,12,,631839,3,0,5 142,1,12,,563354,3,0,34 59,1,10,,631843,3,0,5 142,1,50,,631878,3,0,34 59,1,9,,631837,3,0,17 40,1,14,,631863,3,0,17 40,1,12,,631944,3,0,17 40,1,12,,631895,3,0,17 40,1
5301,'2',539,,631974,3,0,5 142,1,17,,631977,3,0,34 59,1,50,,632018,3,0,5 142,1,10,,632052,3,0,34 59,1,10,,632023,3,0,5 142,1,10,,543766,3,0,34 59,1,10,,632008,3,0,5 142,1,10,,632047,3,0,34 59,1,50,,632068,3,0,5 142,1,10,,632051,3,0,34 59,1,10,,631969,3,0,5 142,1,10,,632061,3,0,34 59,1,10,,632019,3,0,5 142,1,10,,631991,3,0,34 59,1,50,,537588,3,0,5 142,1,10,,631964,3,0,34 59,1,10,,631960,3,0,5 142,1,10,,632070,3,0,34 59,1,10,,632012,3,0,5 142,1,10,,474147,3,0,34 59,1,50,,632041,3,0,5 142,1,14,,632028,3,0,34 59,1,10,,532949,3,0,5 142,1,10,,632033,3,0,34 59,1,10,,632004,3,0,5 142,1,50,,632016,3,0,34 59,1,10,,632021,3,0,5 142,1,10,,632062,3,0,34 59,1,10,,631999,3,0,5 142,1,10,,631979,3,0,34 59,1,10,,632063,3,0,5 142,1,50,,631971,3,0,34 59,1,10,,632067,3,0,5 142,1,10,,631997,3,0,34 59,1,10,,632000,3,0,5 142,1,10,,632066,3,0,34 59,1,10,,523641,3,0,5 142,1,3,,632045,3,0,17 40,1,47,,631966,3,0,34 59,1,10,,632013,3,0,5 142,1,8,,553199,3,0,34 59,1,8,,631994,3,0,34 59,1,8,,631965,3,0,5 142,1,8,,632046,3,0,34 59,1,8,,631972,3,0,34 59,1,8,,570442,3,0,5 142,1,48,,632065,3,0,34 59,1,8,,632038,3,0,34 59,1,8,,570842,3,0,5 142,1,8,,480429,3,0,34 59,1,8,,632048,3,0,34 59,1,8,,631987,3,0,5 142,1,8,,632027,3,0,34 59,1,48,,527413,3,0,34 59,1,8,,632043,3,0,5 142,1,8,,631975,3,0,34 59,1,8,,632031,3,0,34 59,1,8,,536509,3,0,5 142,1,8,,596214,3,0,34 59,1,8,,631985,3,0,34 59,1,8,,479926,3,0,5 142,1,48,,499932,3,0,34 59,1,8,,516978,3,0,34 59,1,8,,631988,3,0,5 142,1,8,,632005,3,0,34 59,1,8,,632010,3,0,34 59,1,8,,632049,3,0,5 142,1,8,,553620,3,0,34 59,1,48,,631976,3,0,34 59,1,8,,632035,3,0,5 142,1,8,,631982,3,0,34 59,1,8,,632053,3,0,34 59,1,8,,632003,3,0,5 142,1,8,,632015,3,0,34 59,1,8,,530495,3,0,34 59,1,8,,541912,3,0,5 142,1,48,,632009,3,0,34 59,1,8,,631983,3,0,34 59,1,8,,631989,3,0,5 142,1,7,,582681,3,0,34 59,1,9,,584388,3,0,34 59,1,8,,632002,3,0,5 142,1,8,,632036,3,0,34 59,1,48,,514710,3,0,34 59,1,8,,558939,3,0,5 142,1,8,,631986,3,0,34 59,1,8,,632050,3,0,5 142,1,8,,631968,3,0,34 59,1,8,,631970,3,0,5 142,1,8,,631984,3,0,34 59,1,8,,556194,3,0,5 142,1,43,,632037,3,0,17 40,1,6,,632024,3,0,34 59,1,10,,632032,3,0,5 142,1,10,,632060,3,0,34 59,1,10,,632044,3,0,5 142,1,10,,632026,3,0,34 59,1,10,,631973,3,0,5 142,1,50,,632011,3,0,34 59,1,10,,531077,3,0,5 142,1,10,,548090,3,0,34 59,1,10,,632042,3,0,5 142,1,10,,632030,3,0,34 59,1,10,,632054,3,0,5 142,1,44,,462000,3,0,17 40,1,5,,631963,3,0,34 59,1,11,,632057,3,0,5 142,1,10,,632034,3,0,34 59,1,4,,631990,3,0,17 40,1,6,,632040,3,0,5 142,1,10,,632022,3,0,34 59,1,10,,631995,3,0,5 142,1,50,,631992,3,0,34 59,1,10,,632071,3,0,5 142,1,10,,631981,3,0,34 59,1,10,,632017,3,0,5 142,1,10,,588078,3,0,34 59,1,10,,632064,3,0,5 142,1,50,,631996,3,0,34 59,1,10,,632069,3,0,5 142,1,10,,632025,3,0,34 59,1,10,,631961,3,0,5 142,1,10,,631967,3,0,34 59,1,10,,632029,3,0,5 142,1,50,,631998,3,0,34 59,1,10,,632039,3,0,5 142,1,10,,632055,3,0,34 59,1,10,,632006,3,0,5 142,1,10,,632007,3,0,34 59,1,10,,631980,3,0,5 142,1,50,,632014,3,0,34 59,1,10,,631993,3,0,5 142,1,10,,632059,3,0,34 59,1,10,,631962,3,0,5 142,1,10,,632020,3,0,5 142,1,11,,632056,3,0,34 59,1,51,,632058,3,0,17 40,1,10,,631978,3,0,17 40,1,11,,632001,3,0,17 40,1,17,,597440,3,0,17 40,1
5301,'3',719,,632148,3,0,34 59,1,9,,632141,3,0,5 142,1,10,,573739,3,0,5 142,1,10,,632077,3,0,34 59,1,10,,632121,3,0,34 59,1,50,,535709,3,0,5 142,1,10,,632106,3,0,34 59,1,10,,632086,3,0,34 59,1,10,,632093,3,0,5 142,1,10,,632149,3,0,34 59,1,10,,422996,3,0,34 59,1,50,,632111,3,0,5 142,1,10,,632164,3,0,34 59,1,10,,632124,3,0,34 59,1,10,,498219,3,0,5 142,1,10,,632100,3,0,34 59,1,10,,632105,3,0,34 59,1,50,,632097,3,0,5 142,1,10,,632073,3,0,34 59,1,10,,632129,3,0,34 59,1,10,,632087,3,0,5 142,1,10,,632163,3,0,34 59,1,10,,632116,3,0,34 59,1,50,,632137,3,0,5 142,1,10,,632072,3,0,34 59,1,10,,632127,3,0,34 59,1,10,,632095,3,0,5 142,1,10,,632130,3,0,34 59,1,11,,591434,3,0,34 59,1,47,,632158,3,0,5 142,1,9,,632088,3,0,34 59,1,10,,522624,3,0,34 59,1,10,,632114,3,0,5 142,1,10,,589238,3,0,34 59,1,10,,529804,3,0,34 59,1,50,,632162,3,0,5 142,1,10,,632118,3,0,34 59,1,10,,595508,3,0,34 59,1,10,,632117,3,0,5 142,1,10,,632142,3,0,34 59,1,10,,632110,3,0,34 59,1,50,,632107,3,0,5 142,1,10,,591981,3,0,34 59,1,10,,632122,3,0,34 59,1,10,,500283,3,0,5 142,1,10,,632102,3,0,34 59,1,10,,632076,3,0,34 59,1,50,,507549,3,0,5 142,1,10,,632104,3,0,34 59,1,10,,632085,3,0,34 59,1,10,,632135,3,0,5 142,1,10,,541976,3,0,34 59,1,10,,632113,3,0,34 59,1,50,,514574,3,0,5 142,1,10,,632159,3,0,34 59,1,10,,632123,3,0,34 59,1,10,,632140,3,0,5 142,1,10,,632094,3,0,34 59,1,10,,598758,3,0,34 59,1,50,,632074,3,0,5 142,1,10,,439077,3,0,34 59,1,10,,632108,3,0,34 59,1,10,,632091,3,0,5 142,1,10,,632131,3,0,34 59,1,10,,590181,3,0,34 59,1,50,,632138,3,0,5 142,1,10,,632139,3,0,34 59,1,10,,632092,3,0,34 59,1,10,,528419,3,0,5 142,1,10,,632150,3,0,34 59,1,10,,632079,3,0,5 142,1,50,,632109,3,0,34 59,1,10,,632136,3,0,5 142,1,10,,632160,3,0,34 59,1,10,,632096,3,0,5 142,1,10,,632078,3,0,34 59,1,10,,632133,3,0,5 142,1,50,,533634,3,0,34 59,1,10,,632145,3,0,5 142,1,10,,632132,3,0,34 59,1,10,,530862,3,0,5 142,1,10,,632165,3,0,34 59,1,10,,632157,3,0,5 142,1,2,,632153,3,0,17 40,1,48,,632080,3,0,34 59,1,10,,632083,3,0,5 142,1,10,,632084,3,0,34 59,1,10,,632103,3,0,5 142,1,9,,632115,3,0,34 59,1,10,,526099,3,0,5 142,1,49,,632156,3,0,5 142,1,2,,632125,3,0,17 40,1,8,,632075,3,0,34 59,1,10,,632147,3,0,5 142,1,10,,632112,3,0,34 59,1,10,,632089,3,0,5 142,1,10,,632098,3,0,34 59,1,50,,632155,3,0,5 142,1,10,,632144,3,0,34 59,1,10,,632126,3,0,5 142,1,10,,632090,3,0,34 59,1,10,,632082,3,0,5 142,1,10,,632120,3,0,34 59,1,50,,632119,3,0,5 142,1,10,,632152,3,0,34 59,1,10,,579532,3,0,5 142,1,10,,632161,3,0,34 59,1,10,,632151,3,0,5 142,1,10,,580802,3,0,34 59,1,51,,632134,3,0,5 142,1,9,,632081,3,0,34 59,1,13,,632146,3,0,34 59,1,7,,632101,3,0,34 59,1,13,,632154,3,0,34 59,1,62,,561005,3,0,17 40,1,10,,632143,3,0,17 40,1,10,,632099,3,0,17 40,1,13,,632128,3,0,17 40,1,11,,542505,3,0,17 40,1
5301,'5',541,,632167,3,0,34 59,1,62,,632249,3,0,5 142,1,15,,632219,3,0,34 59,1,10,,632242,3,0,34 59,1,10,,632254,3,0,5 142,1,10,,632179,3,0,34 59,1,10,,632186,3,0,34 59,1,50,,632255,3,0,5 142,1,10,,632228,3,0,34 59,1,10,,632181,3,0,34 59,1,10,,546343,3,0,5 142,1,10,,632248,3,0,34 59,1,10,,632238,3,0,34 59,1,50,,632174,3,0,5 142,1,10,,632266,3,0,34 59,1,10,,632180,3,0,34 59,1,10,,540817,3,0,5 142,1,10,,584058,3,0,34 59,1,10,,632245,3,0,34 59,1,50,,632222,3,0,5 142,1,10,,554858,3,0,34 59,1,10,,632218,3,0,34 59,1,10,,632234,3,0,5 142,1,10,,632213,3,0,34 59,1,10,,632227,3,0,34 59,1,50,,632201,3,0,5 142,1,10,,632231,3,0,34 59,1,10,,632233,3,0,34 59,1,10,,569138,3,0,5 142,1,10,,597859,3,0,34 59,1,10,,569971,3,0,34 59,1,50,,632185,3,0,5 142,1,10,,632225,3,0,34 59,1,10,,632212,3,0,34 59,1,10,,530937,3,0,5 142,1,10,,632189,3,0,34 59,1,11,,632168,3,0,34 59,1,47,,632192,3,0,5 142,1,9,,632208,3,0,34 59,1,10,,529876,3,0,34 59,1,10,,632247,3,0,5 142,1,10,,632252,3,0,34 59,1,10,,632267,3,0,34 59,1,50,,632191,3,0,5 142,1,10,,577804,3,0,34 59,1,10,,632250,3,0,34 59,1,10,,632244,3,0,5 142,1,10,,579438,3,0,34 59,1,10,,574338,3,0,34 59,1,50,,552303,3,0,5 142,1,10,,632177,3,0,34 59,1,10,,632239,3,0,34 59,1,10,,632214,3,0,5 142,1,10,,588339,3,0,34 59,1,10,,632243,3,0,34 59,1,50,,632200,3,0,5 142,1,10,,632261,3,0,34 59,1,10,,632223,3,0,34 59,1,10,,632176,3,0,5 142,1,10,,537061,3,0,34 59,1,10,,632210,3,0,34 59,1,50,,632235,3,0,5 142,1,10,,513998,3,0,34 59,1,10,,632203,3,0,34 59,1,10,,546141,3,0,5 142,1,10,,632187,3,0,34 59,1,10,,632182,3,0,34 59,1,50,,632175,3,0,5 142,1,10,,632202,3,0,34 59,1,10,,632195,3,0,34 59,1,10,,632221,3,0,5 142,1,10,,632169,3,0,34 59,1,10,,632207,3,0,34 59,1,50,,632188,3,0,5 142,1,10,,632178,3,0,34 59,1,10,,514757,3,0,34 59,1,10,,632229,3,0,5 142,1,10,,632257,3,0,34 59,1,10,,632194,3,0,5 142,1,50,,560655,3,0,34 59,1,10,,632263,3,0,5 142,1,10,,632253,3,0,34 59,1,10,,533412,3,0,5 142,1,10,,632170,3,0,34 59,1,10,,632232,3,0,5 142,1,50,,632260,3,0,34 59,1,10,,632217,3,0,5 142,1,10,,632240,3,0,34 59,1,10,,632237,3,0,5 142,1,10,,632246,3,0,34 59,1,8,,632197,3,0,17 40,1,2,,528512,3,0,5 142,1,50,,632262,3,0,34 59,1,10,,632220,3,0,5 142,1,10,,573594,3,0,34 59,1,10,,632251,3,0,5 142,1,9,,572855,3,0,34 59,1,10,,632259,3,0,5 142,1,49,,632258,3,0,17 40,1,10,,632241,3,0,34 59,1,10,,632265,3,0,5 142,1,10,,632199,3,0,34 59,1,10,,632216,3,0,5 142,1,10,,632184,3,0,34 59,1,50,,632215,3,0,5 142,1,10,,632183,3,0,34 59,1,10,,632172,3,0,5 142,1,10,,632205,3,0,34 59,1,10,,632193,3,0,5 142,1,10,,632226,3,0,34 59,1,50,,632171,3,0,5 142,1,10,,632209,3,0,34 59,1,10,,632196,3,0,5 142,1,10,,632206,3,0,34 59,1,10,,632211,3,0,5 142,1,10,,632166,3,0,34 59,1,51,,558442,3,0,5 142,1,9,,632236,3,0,34 59,1,13,,632190,3,0,34 59,1,7,,632230,3,0,34 59,1,13,,632264,3,0,34 59,1,62,,632198,3,0,17 40,1,10,,632224,3,0,17 40,1,10,,632173,3,0,17 40,1,11,,632268,3,0,17 40,1,13,,632256,3,0,17 40,1
6002,'1',508,,583311,3,0,31 252,1,14,,635020,3,0,31 252,1,6,,634973,3,0,5,1,7,,635003,3,0,5,1,7,,521919,3,0,5,1,7,,478810,3,0,5,1,7,,635036,3,0,5,1,47,,634971,3,0,5,1,7,,634992,3,0,5,1,7,,635015,3,0,5,1,8,,634981,3,0,5,1,9,,559801,3,0,5,1,8,,457695,3,0,5,1,8,,634959,3,0,5,1,9,,535896,3,0,5,1,50,,635049,3,0,5,1,10,,635051,3,0,5,1,10,,403861,3,0,5,1,10,,602960,3,0,5,1,10,,635021,3,0,5,1,10,,635035,3,0,5,1,50,,634969,3,0,5,1,10,,634977,3,0,5,1,10,,635027,3,0,5,1,10,,556711,3,0,5,1,10,,634986,3,0,5,1,10,,634991,3,0,5,1,50,,634982,3,0,5,1,10,,634964,3,0,5,1,10,,464646,3,0,5,1,10,,635045,3,0,5,1,10,,634993,3,0,5,1,10,,635014,3,0,5,1,51,,590311,3,0,5,1,10,,635022,3,0,5,1,10,,634987,3,0,5,1,10,,634965,3,0,5,1,10,,432521,3,0,5,1,50,,634960,3,0,5,1,10,,635047,3,0,5,1,10,,635042,3,0,5,1,10,,634978,3,0,5,1,10,,634963,3,0,5,1,10,,543168,3,0,5,1,50,,634980,3,0,5,1,10,,634952,3,0,5,1,10,,435754,3,0,5,1,10,,634962,3,0,5,1,10,,634956,3,0,5,1,10,,635004,3,0,5,1,50,,635039,3,0,5,1,10,,635028,3,0,5,1,10,,634961,3,0,5,1,10,,635000,3,0,5,1,10,,600702,3,0,5,1,10,,635048,3,0,5,1,50,,635023,3,0,5,1,6,,634957,3,0,5,1,10,,634974,3,0,5,1,10,,634979,3,0,5,1,10,,635007,3,0,5,1,10,,634954,3,0,5,1,10,,635033,3,0,5,1,50,,635026,3,0,5,1,10,,634990,3,0,5,1,10,,635041,3,0,5,1,10,,634995,3,0,5,1,10,,574251,3,0,5,1,10,,635013,3,0,5,1,50,,635002,3,0,5,1,10,,634970,3,0,5,1,10,,567491,3,0,5,1,10,,635029,3,0,5,1,10,,635044,3,0,5,1,10,,635011,3,0,5,1,50,,635018,3,0,5,1,10,,635038,3,0,5,1,10,,634958,3,0,5,1,10,,635017,3,0,5,1,10,,634998,3,0,5,1,10,,634985,3,0,5,1,50,,547827,3,0,5,1,10,,583762,3,0,5,1,10,,635006,3,0,5,1,10,,635016,3,0,5,1,10,,635034,3,0,5,1,12,,634989,3,0,5,1,53,,635040,3,0,5,1,10,,586627,3,0,5,1,10,,634976,3,0,5,1,10,,634996,3,0,5,1,10,,634988,3,0,5,1,50,,634975,3,0,5,1,10,,635008,3,0,5,1,10,,635037,3,0,5,1,10,,635031,3,0,5,1,10,,634997,3,0,5,1,10,,578954,3,0,5,1,50,,635032,3,0,5,1,10,,592226,3,0,5,1,10,,635030,3,0,5,1,10,,635012,3,0,5,1,10,,634966,3,0,5,1,10,,635009,3,0,5,1,50,,634968,3,0,5,1,8,,556172,3,0,5,1,12,,635005,3,0,34 86 87,1,12,,634983,3,0,5,1,12,,634951,3,0,34 86 87,1,12,,635019,3,0,5,1,52,,634955,3,0,34 86 87,1,12,,634984,3,0,5,1,12,,573259,3,0,34 86 87,1,12,,635046,3,0,5,1,12,,377649,3,0,34 86 87,1,52,,634953,3,0,5,1,12,,503147,3,0,34 86 87,1,12,,635024,3,0,5,1,12,,544459,3,0,34 86 87,1,12,,635025,3,0,5,1,52,,634994,3,0,34 86 87,1,12,,635050,3,0,5,1,15,,634967,3,0,34 86 87,1,66,,635001,3,0,5,1,21,,634972,3,0,34 86 87,1
6002,'2',452,,635097,3,0,31 252,1,60,,568568,3,0,31 252,1,19,,635125,3,0,31 252,1,23,,490421,3,0,5,1,50,,586491,3,0,5,1,10,,635135,3,0,31 252,1,10,,635121,3,0,5,1,10,,520714,3,0,31 252,1,10,,635142,3,0,5,1,10,,635083,3,0,31 252,1,50,,586327,3,0,5,1,10,,635060,3,0,31 252,1,10,,539118,3,0,5,1,10,,635076,3,0,31 252,1,10,,635111,3,0,5,1,10,,635136,3,0,5,1,51,,635137,3,0,5,1,11,,635080,3,0,5,1,11,,635130,3,0,5,1,10,,635077,3,0,5,1,10,,635131,3,0,5,1,10,,537446,3,0,5,1,50,,635064,3,0,5,1,10,,514540,3,0,5,1,10,,635072,3,0,5,1,10,,635086,3,0,5,1,10,,635085,3,0,5,1,10,,635056,3,0,5,1,50,,500158,3,0,5,1,10,,603532,3,0,5,1,10,,635100,3,0,5,1,10,,635066,3,0,5,1,10,,635093,3,0,5,1,10,,635101,3,0,5,1,50,,545304,3,0,5,1,10,,635132,3,0,5,1,10,,635115,3,0,5,1,10,,635092,3,0,5,1,10,,635063,3,0,5,1,10,,635061,3,0,5,1,50,,635074,3,0,5,1,10,,635109,3,0,5,1,10,,635081,3,0,5,1,10,,503564,3,0,5,1,10,,524476,3,0,5,1,10,,519418,3,0,5,1,50,,635091,3,0,5,1,10,,635065,3,0,5,1,10,,533813,3,0,5,1,10,,635079,3,0,5,1,10,,635103,3,0,5,1,10,,635139,3,0,5,1,50,,635133,3,0,5,1,10,,635071,3,0,5,1,10,,583978,3,0,5,1,10,,635090,3,0,5,1,10,,635122,3,0,5,1,10,,635078,3,0,5,1,50,,529558,3,0,5,1,10,,635096,3,0,5,1,10,,635070,3,0,5,1,10,,635089,3,0,5,1,10,,635138,3,0,5,1,10,,635128,3,0,5,1,50,,635082,3,0,5,1,10,,635088,3,0,5,1,10,,534158,3,0,5,1,10,,635118,3,0,5,1,10,,635099,3,0,5,1,10,,515796,3,0,5,1,50,,572792,3,0,5,1,10,,635106,3,0,5,1,10,,635059,3,0,5,1,10,,635127,3,0,5,1,10,,635054,3,0,5,1,10,,635113,3,0,5,1,50,,491503,3,0,5,1,10,,635104,3,0,5,1,10,,571570,3,0,5,1,10,,449753,3,0,5,1,10,,557681,3,0,5,1,10,,543755,3,0,5,1,50,,635087,3,0,34 86 87,1,10,,635075,3,0,5,1,10,,635107,3,0,34 86 87,1,10,,635067,3,0,5,1,10,,635141,3,0,34 86 87,1,10,,635123,3,0,5,1,50,,582699,3,0,34 86 87,1,10,,557668,3,0,5,1,10,,635114,3,0,34 86 87,1,10,,635140,3,0,5,1,10,,635095,3,0,34 86 87,1,10,,461757,3,0,5,1,50,,541946,3,0,34 86 87,1,10,,635110,3,0,5,1,10,,635094,3,0,34 86 87,1,10,,635055,3,0,5,1,10,,635058,3,0,34 86 87,1,10,,635053,3,0,5,1,48,,635098,3,0,34 86 87,1,8,,635112,3,0,5,1,8,,635124,3,0,34 86 87,1,10,,539114,3,0,5,1,10,,635126,3,0,34 86 87,1,10,,635052,3,0,5,1,50,,635084,3,0,34 86 87,1,10,,635119,3,0,5,1,10,,635069,3,0,34 86 87,1,10,,635057,3,0,5,1,10,,545704,3,0,34 86 87,1,10,,635120,3,0,5,1,50,,635062,3,0,34 86 87,1,10,,635129,3,0,5,1,10,,635117,3,0,34 86 87,1,10,,635102,3,0,5,1,10,,492088,3,0,34 86 87,1,10,,559468,3,0,5,1,50,,547022,3,0,34 86 87,1,10,,635116,3,0,5,1,10,,635068,3,0,34 86 87,1,10,,562236,3,0,5,1,10,,635073,3,0,34 86 87,1,11,,635134,3,0,5,1,50,,635105,3,0,34 86 87,1,21,,635108,3,0,34 86 87,1
6002,'3',702,,635181,3,0,5,1,18,,635221,3,0,5,1,14,,635154,3,0,5,1,18,,635162,3,0,5,1,50,,635178,3,0,5,1,10,,635220,3,0,5,1,10,,635156,3,0,5,1,10,,549712,3,0,5,1,10,,635175,3,0,5,1,10,,635159,3,0,5,1,50,,635201,3,0,5,1,10,,635150,3,0,5,1,10,,635219,3,0,5,1,10,,635157,3,0,5,1,10,,635190,3,0,5,1,10,,635168,3,0,5,1,50,,635145,3,0,5,1,10,,635211,3,0,5,1,10,,635205,3,0,5,1,10,,635158,3,0,5,1,10,,468205,3,0,5,1,10,,635222,3,0,5,1,4,,635204,3,0,5,1,49,,635231,3,0,5,1,10,,635216,3,0,5,1,10,,506752,3,0,5,1,10,,635164,3,0,5,1,10,,635207,3,0,5,1,10,,635144,3,0,5,1,50,,635212,3,0,5,1,10,,635153,3,0,5,1,10,,635215,3,0,5,1,10,,635147,3,0,5,1,10,,407385,3,0,5,1,10,,559014,3,0,5,1,50,,635228,3,0,5,1,10,,591262,3,0,5,1,10,,635191,3,0,5,1,10,,601675,3,0,5,1,10,,635199,3,0,5,1,10,,635184,3,0,5,1,50,,635185,3,0,5,1,10,,601616,3,0,5,1,10,,588127,3,0,5,1,10,,635180,3,0,5,1,10,,635171,3,0,5,1,10,,635202,3,0,5,1,50,,635172,3,0,5,1,10,,635189,3,0,5,1,10,,635166,3,0,5,1,10,,573154,3,0,5,1,10,,635160,3,0,5,1,10,,635196,3,0,5,1,50,,635148,3,0,5,1,10,,554784,3,0,5,1,10,,491114,3,0,5,1,10,,570460,3,0,5,1,10,,511700,3,0,5,1,10,,554531,3,0,5,1,50,,575783,3,0,5,1,10,,635149,3,0,5,1,10,,635223,3,0,5,1,10,,635208,3,0,5,1,10,,635179,3,0,5,1,10,,478227,3,0,5,1,50,,529724,3,0,5,1,10,,635193,3,0,5,1,10,,635169,3,0,5,1,10,,635194,3,0,5,1,10,,635210,3,0,5,1,10,,635218,3,0,5,1,50,,635177,3,0,5,1,10,,635173,3,0,34 86 87,1,10,,635170,3,0,5,1,10,,635209,3,0,34 86 87,1,10,,635151,3,0,5,1,10,,635232,3,0,34 86 87,1,50,,635188,3,0,5,1,10,,635182,3,0,34 86 87,1,10,,635163,3,0,5,1,10,,635155,3,0,34 86 87,1,10,,525835,3,0,5,1,10,,635206,3,0,34 86 87,1,50,,635161,3,0,5,1,10,,593237,3,0,34 86 87,1,10,,635174,3,0,5,1,10,,635214,3,0,34 86 87,1,11,,635230,3,0,5,1,12,,635152,3,0,34 86 87,1,54,,635200,3,0,5,1,10,,635213,3,0,34 86 87,1,10,,552022,3,0,5,1,10,,635183,3,0,34 86 87,1,10,,635167,3,0,5,1,50,,635217,3,0,34 86 87,1,10,,635195,3,0,5,1,10,,635203,3,0,34 86 87,1,10,,635187,3,0,5,1,10,,635227,3,0,34 86 87,1,10,,635198,3,0,5,1,50,,635224,3,0,34 86 87,1,10,,635229,3,0,5,1,10,,635146,3,0,34 86 87,1,10,,635176,3,0,5,1,10,,635192,3,0,34 86 87,1,10,,635165,3,0,5,1,50,,635197,3,0,34 86 87,1,10,,635226,3,0,5,1,10,,486954,3,0,34 86 87,1,20,,635225,3,0,34 86 87,1,60,,635186,3,0,5,1,21,,635143,3,0,34 86 87,1
6002,'5',531,,635291,3,0,34 86 87,1,8,,635281,3,0,5,1,7,,598807,3,0,34 86 87,1,8,,635234,3,0,5,1,47,,635269,3,0,34 86 87,1,8,,635244,3,0,5,1,7,,546155,3,0,34 86 87,1,8,,635238,3,0,5,1,7,,565167,3,0,34 86 87,1,8,,635311,3,0,5,1,7,,576702,3,0,34 86 87,1,8,,635326,3,0,5,1,47,,599432,3,0,34 86 87,1,8,,635300,3,0,5,1,7,,635308,3,0,34 86 87,1,8,,635294,3,0,5,1,7,,635332,3,0,34 86 87,1,8,,635309,3,0,5,1,7,,535824,3,0,34 86 87,1,7,,635250,3,0,5,1,49,,635318,3,0,5,1,10,,598338,3,0,5,1,10,,635313,3,0,5,1,10,,635304,3,0,5,1,10,,635270,3,0,5,1,10,,635299,3,0,5,1,50,,635297,3,0,5,1,10,,635249,3,0,5,1,10,,635330,3,0,5,1,10,,635240,3,0,5,1,10,,635245,3,0,5,1,10,,635258,3,0,5,1,50,,635278,3,0,5,1,10,,635314,3,0,5,1,10,,635252,3,0,5,1,10,,541515,3,0,5,1,10,,635263,3,0,5,1,10,,531715,3,0,5,1,4,,635305,3,0,5,1,49,,635277,3,0,5,1,10,,524740,3,0,5,1,10,,635333,3,0,5,1,10,,576710,3,0,5,1,10,,635288,3,0,5,1,10,,635289,3,0,5,1,50,,635312,3,0,5,1,10,,578901,3,0,5,1,10,,635262,3,0,5,1,10,,635267,3,0,5,1,10,,635239,3,0,5,1,10,,635259,3,0,5,1,50,,635257,3,0,5,1,10,,635302,3,0,5,1,10,,635273,3,0,5,1,10,,635307,3,0,5,1,10,,635268,3,0,5,1,10,,635316,3,0,5,1,50,,635324,3,0,5,1,10,,516527,3,0,5,1,10,,635303,3,0,5,1,10,,635325,3,0,5,1,10,,635320,3,0,5,1,10,,635276,3,0,5,1,50,,576514,3,0,5,1,10,,635261,3,0,5,1,10,,635284,3,0,5,1,10,,635323,3,0,5,1,10,,589857,3,0,5,1,10,,635260,3,0,5,1,50,,635327,3,0,5,1,10,,635322,3,0,5,1,10,,635237,3,0,5,1,10,,635315,3,0,5,1,10,,635235,3,0,5,1,10,,635321,3,0,5,1,50,,635286,3,0,5,1,10,,635256,3,0,5,1,10,,635251,3,0,5,1,10,,635246,3,0,5,1,10,,635272,3,0,5,1,10,,635255,3,0,5,1,50,,635319,3,0,5,1,10,,564717,3,0,5,1,10,,589350,3,0,5,1,10,,635236,3,0,5,1,10,,635306,3,0,5,1,10,,635293,3,0,5,1,50,,635241,3,0,5,1,10,,635233,3,0,34 86 87,1,10,,556460,3,0,5,1,10,,635287,3,0,34 86 87,1,10,,635264,3,0,5,1,10,,587553,3,0,34 86 87,1,50,,635243,3,0,5,1,10,,635279,3,0,34 86 87,1,10,,635283,3,0,5,1,10,,573376,3,0,34 86 87,1,10,,635285,3,0,5,1,10,,594032,3,0,34 86 87,1,50,,635266,3,0,5,1,10,,521645,3,0,34 86 87,1,10,,635317,3,0,5,1,10,,635301,3,0,34 86 87,1,11,,635298,3,0,5,1,12,,635274,3,0,34 86 87,1,54,,635254,3,0,5,1,10,,635329,3,0,34 86 87,1,10,,565701,3,0,5,1,10,,635310,3,0,34 86 87,1,10,,635292,3,0,5,1,50,,635242,3,0,34 86 87,1,10,,635265,3,0,5,1,10,,635275,3,0,34 86 87,1,10,,565182,3,0,5,1,10,,635253,3,0,34 86 87,1,10,,536665,3,0,5,1,50,,635248,3,0,34 86 87,1,10,,635247,3,0,5,1,10,,635282,3,0,34 86 87,1,10,,635331,3,0,5,1,10,,635328,3,0,34 86 87,1,10,,635296,3,0,5,1,50,,635280,3,0,34 86 87,1,10,,635334,3,0,5,1,10,,635290,3,0,34 86 87,1,20,,635295,3,0,34 86 87,1,60,,556687,3,0,5,1,21,,635271,3,0,34 86 87,1
9703,'1',618,,657180,33,0,34 9,1,24,,657160,31,0,5 9,1,66,,657167,40,0,34 9,1,24,,533751,38,0,5 9,1,26,,657165,40,0,34 9,1,64,,522375,38,0,5 9,1,26,,657175,40,0,34 9,1,66,,413097,38,0,5 9,1,28,,591354,40,0,34 9,1,66,,657186,38,0,5 9,1,29,,657195,40,0,34 9,1,66,,657169,38,0,5 9,1,29,,657202,40,0,34 9,1,26,,657205,38,0,5 9,1,69,,535084,40,0,34 9,1,26,,657168,38,0,5 9,1,69,,657184,40,0,34 9,1,26,,485289,38,0,5 9,1,69,,657198,40,0,34 9,1,28,,657213,38,0,5 9,1,66,,566925,40,0,34 9,1,33,,490560,38,0,5 9,1,66,,443642,40,0,34 9,1,30,,529408,38,0,5 9,1,70,,657187,40,0,34 9,1,30,,657176,38,0,5 9,1,70,,603344,40,0,34 9,1,30,,523056,38,0,5 9,1,64,,657181,40,0,34 9,1,32,,657170,38,0,5 9,1,65,,657191,40,0,34 9,1,27,,657172,38,0,5 9,1,28,,657182,40,0,34 9,1,67,,657174,38,0,5 9,1,28,,657192,40,0,34 9,1,64,,597321,38,0,5 9,1,26,,657189,40,0,34 9,1,69,,430219,38,0,5 9,1,31,,657178,40,0,34 9,1,69,,520609,38,0,5 9,1,31,,477250,40,0,34 9,1,69,,377293,38,0,5 9,1,30,,657161,40,0,34 9,1,18,,516567,38,0,5 9,1,70,,401392,38,0,5 9,1
9703,'2',634,,657276,31,0,5 9,1,25,,657259,40,0,34 9,1,65,,657275,38,0,5 9,1,23,,657267,40,0,34 9,1,65,,657265,38,0,5 9,1,29,,657243,40,0,34 9,1,69,,657252,38,0,5 9,1,31,,531075,40,0,34 9,1,69,,536473,38,0,5 9,1,31,,583806,40,0,34 9,1,69,,657258,38,0,5 9,1,31,,657218,40,0,34 9,1,69,,657248,38,0,5 9,1,36,,530834,40,0,34 9,1,71,,657254,38,0,5 9,1,28,,657230,40,0,34 9,1,67,,553188,38,0,5 9,1,28,,657239,40,0,34 9,1,67,,657242,38,0,5 9,1,28,,657246,40,0,34 9,1,67,,657261,38,0,5 9,1,28,,603781,40,0,34 9,1,27,,559946,38,0,5 9,1,68,,510103,40,0,34 9,1,27,,657269,38,0,5 9,1,68,,657262,40,0,34 9,1,27,,657271,38,0,5 9,1,65,,657227,40,0,34 9,1,23,,539426,38,0,5 9,1,67,,657266,40,0,34 9,1,22,,657216,40,0,34 9,1,4,,657245,38,0,5 9,1,29,,657236,40,0,34 9,1,66,,532992,38,0,5 9,1,29,,657232,40,0,34 9,1,62,,657285,38,0,5 9,1,27,,657238,40,0,34 9,1,69,,657247,38,0,5 9,1,11,,657235,38,0,5 9,1,20,,657281,40,0,34 9,1,69,,564901,38,0,5 9,1,31,,657279,40,0,34 9,1,69,,657237,38,0,5 9,1,30,,657224,40,0,34 9,1,61,,657223,38,0,5 9,1,22,,657219,38,0,5 9,1
9703,'3',853,,561511,31,0,5 9,1,68,,657323,40,0,34 9,1,27,,657302,38,0,5 9,1,68,,657344,40,0,34 9,1,27,,657305,38,0,5 9,1,68,,657332,40,0,34 9,1,27,,657304,38,0,5 9,1,69,,657334,40,0,34 9,1,30,,657300,38,0,5 9,1,71,,657287,40,0,34 9,1,29,,657345,38,0,5 9,1,71,,657337,40,0,34 9,1,29,,563155,38,0,5 9,1,71,,657295,40,0,34 9,1,29,,657319,38,0,5 9,1,71,,657343,40,0,34 9,1,29,,657321,38,0,5 9,1,71,,535692,40,0,34 9,1,29,,657288,38,0,5 9,1,71,,657291,40,0,34 9,1,29,,657299,38,0,5 9,1,70,,426249,40,0,34 9,1,25,,657342,38,0,5 9,1,27,,657318,40,0,34 9,1,67,,657310,38,0,5 9,1,28,,657324,40,0,34 9,1,67,,657314,38,0,5 9,1,28,,657306,40,0,34 9,1,64,,657329,38,0,5 9,1,27,,657294,40,0,34 9,1,69,,571774,38,0,5 9,1,31,,657340,40,0,34 9,1,69,,657336,38,0,5 9,1,31,,657297,40,0,34 9,1,69,,657349,38,0,5 9,1,30,,657298,40,0,34 9,1,62,,657308,38,0,5 9,1,22,,536163,38,0,5 9,1
9703,'5',619,,657390,31,0,5 9,1,23,,657353,40,0,34 9,1,67,,657370,38,0,5 9,1,27,,657381,40,0,34 9,1,22,,657405,38,0,5 9,1,68,,657363,40,0,34 9,1,27,,542617,38,0,5 9,1,68,,657362,40,0,34 9,1,27,,657414,38,0,5 9,1,68,,657402,40,0,34 9,1,27,,657408,38,0,5 9,1,68,,657357,40,0,34 9,1,27,,657395,38,0,5 9,1,69,,657367,40,0,34 9,1,30,,657378,38,0,5 9,1,71,,657407,40,0,34 9,1,29,,657403,38,0,5 9,1,71,,657375,40,0,34 9,1,29,,657406,38,0,5 9,1,71,,657364,40,0,34 9,1,29,,657361,38,0,5 9,1,71,,657393,40,0,34 9,1,29,,657415,38,0,5 9,1,71,,657425,40,0,34 9,1,29,,657379,38,0,5 9,1,71,,657387,40,0,34 9,1,29,,657389,38,0,5 9,1,70,,657382,40,0,34 9,1,25,,657396,38,0,5 9,1,27,,657376,40,0,34 9,1,67,,562095,38,0,5 9,1,28,,657380,40,0,34 9,1,67,,657386,38,0,5 9,1,28,,657424,40,0,34 9,1,64,,657409,38,0,5 9,1,27,,657366,40,0,34 9,1,69,,657422,38,0,5 9,1,31,,657384,40,0,34 9,1,69,,657355,38,0,5 9,1,31,,657417,40,0,34 9,1,69,,520137,38,0,5 9,1,30,,657356,40,0,34 9,1,62,,657399,38,0,5 9,1,22,,657374,38,0,5 9,1
32003,'1',2631,,598362,59,0,5 9,1,3,,681262,59,0,5 9,1,4,,681258,59,0,5 9,1,5,,681254,59,0,5 9,1,5,,681266,59,0,5 9,1,5,,681273,59,0,5 9,1,5,,681265,59,0,5 9,1,45,,410570,59,0,5 9,1,5,,681261,59,0,5 9,1,5,,681255,59,0,5 9,1,5,,681260,59,0,5 9,1,5,,681259,59,0,5 9,1,5,,562995,59,0,5 9,1,5,,681269,59,0,5 9,1,5,,681252,59,0,5 9,1,5,,535977,59,0,5 9,1,5,,681251,59,0,5 9,1,5,,527540,59,0,5 9,1,5,,681256,59,0,5 9,1,56,,681264,59,0,5 9,1,15,,592670,59,0,5 9,1,15,,681268,59,0,5 9,1,15,,681272,59,0,5 9,1,55,,681274,59,0,5 9,1
32003,'2',530,,681305,59,0,5 9,1,2098,,681282,59,0,5 9,1,4,,681279,59,0,5 9,1,4,,575714,59,0,5 9,1,5,,681296,59,0,5 9,1,5,,681284,59,0,5 9,1,5,,395951,59,0,5 9,1,5,,681292,59,0,5 9,1,45,,681291,59,0,5 9,1,5,,681303,59,0,5 9,1,5,,681300,59,0,5 9,1,5,,562587,59,0,5 9,1,5,,681287,59,0,5 9,1,5,,681295,59,0,5 9,1,5,,591565,59,0,5 9,1,5,,681288,59,0,5 9,1,5,,572197,59,0,5 9,1,5,,681302,59,0,5 9,1,5,,681280,59,0,5 9,1,5,,681281,59,0,5 9,1,45,,681301,59,0,5 9,1,15,,681306,59,0,5 9,1,15,,681297,59,0,5 9,1,15,,681289,59,0,5 9,1,55,,681286,59,0,5 9,1,15,,681294,59,0,5 9,1
32003,'3',531,,681325,59,0,5 9,1,15,,681371,59,0,5 9,1,55,,681364,59,0,5 9,1,15,,681363,59,0,5 9,1,15,,681345,59,0,5 9,1,7,,681373,59,0,5 9,1,5,,681353,59,0,5 9,1,6,,681310,59,0,5 9,1,6,,681352,59,0,5 9,1,46,,487249,59,0,5 9,1,6,,681342,59,0,5 9,1,6,,681367,59,0,5 9,1,6,,681349,59,0,5 9,1,6,,681338,59,0,5 9,1,6,,681356,59,0,5 9,1,6,,681333,59,0,5 9,1,6,,681315,59,0,5 9,1,1885,,681324,59,0,5 9,1,4,,563136,59,0,5 9,1,4,,681334,59,0,5 9,1,5,,681348,59,0,5 9,1,5,,681331,59,0,5 9,1,5,,681368,59,0,5 9,1,5,,526123,59,0,5 9,1,45,,681378,59,0,5 9,1,5,,681332,59,0,5 9,1,5,,681330,59,0,5 9,1,5,,681381,59,0,5 9,1,5,,681314,59,0,5 9,1,5,,681365,59,0,5 9,1,5,,681354,59,0,5 9,1,5,,681318,59,0,5 9,1,5,,681372,59,0,5 9,1,5,,681374,59,0,5 9,1,5,,681323,59,0,5 9,1,5,,590598,59,0,5 9,1,45,,681312,59,0,5 9,1,13,,681317,59,0,5 9,1,15,,681379,59,0,5 9,1,15,,681337,59,0,5 9,1,15,,681366,59,0,5 9,1,55,,681355,59,0,5 9,1
32003,'5',530,,681394,59,0,5 9,1,2098,,681404,59,0,5 9,1,4,,591845,59,0,5 9,1,4,,590940,59,0,5 9,1,5,,681401,59,0,5 9,1,5,,681384,59,0,5 9,1,5,,532094,59,0,5 9,1,5,,681406,59,0,5 9,1,45,,681383,59,0,5 9,1,5,,681396,59,0,5 9,1,5,,540796,59,0,5 9,1,5,,681391,59,0,5 9,1,5,,681410,59,0,5 9,1,5,,681393,59,0,5 9,1,5,,681385,59,0,5 9,1,5,,681388,59,0,5 9,1,5,,681392,59,0,5 9,1,5,,681402,59,0,5 9,1,5,,681397,59,0,5 9,1,5,,681405,59,0,5 9,1,45,,681395,59,0,5 9,1,13,,523452,59,0,5 9,1,15,,573011,59,0,5 9,1,15,,681389,59,0,5 9,1,15,,681398,59,0,5 9,1,55,,571956,59,0,5 9,1
