9802,'1',527,,736531,23,0,167,1,21,,744473,23,0,167,1,65,,833974,23,0,167,1,25,,833970,23,0,167,1,65,,833955,23,0,167,1,24,,833988,23,0,167,1,21,,833961,23,0,167,1,61,,833986,23,0,167,1,23,,833960,23,0,167,1,22,,833979,23,0,167,1,64,,833958,23,0,167,1,10,,665869,23,0,167,1,26,,753422,23,0,167,1,67,,833987,23,0,167,1,27,,833975,23,0,167,1,67,,833953,23,0,167,1,27,,692764,23,0,167,1,67,,833982,23,0,167,1,27,,728000,23,0,167,1,67,,778499,23,0,167,1,27,,833959,23,0,167,1,27,,833956,23,0,167,1,64,,833978,23,0,167,1,24,,734588,23,0,167,1,57,,690990,23,0,167,1,13,,833957,23,0,167,1,28,,722842,23,0,167,1,65,,833964,23,0,167,1,22,,713846,23,0,167,1,23,,833973,23,0,167,1,62,,833984,23,0,167,1,23,,833981,23,0,167,1,62,,833952,23,0,167,1,14,,833968,23,0,167,1,16,,708995,23,0,167,1,25,,728884,23,0,167,1,65,,833977,23,0,167,1,25,,833966,23,0,167,1,63,,833983,23,0,167,1,22,,639260,23,0,167,1,22,,833963,23,0,167,1,62,,833985,23,0,167,1,22,,833969,23,0,167,1,22,,833976,23,0,167,1,62,,729353,23,0,167,1,22,,833967,23,0,167,1,62,,833971,23,0,167,1,22,,833965,23,0,167,1,22,,833962,23,0,167,1,62,,749326,23,0,167,1,20,,833972,23,0,167,1,28,,833980,23,0,167,1
9802,'2',538,,833998,23,0,167,1,70,,833995,23,0,167,1,30,,834018,23,0,167,1,70,,833994,23,0,167,1,30,,834003,23,0,167,1,70,,834008,23,0,167,1,30,,834002,23,0,167,1,70,,833997,23,0,167,1,25,,834012,23,0,167,1,24,,716724,23,0,167,1,65,,834000,23,0,167,1,25,,834005,23,0,167,1,65,,750252,23,0,167,1,25,,692274,23,0,167,1,65,,833989,23,0,167,1,24,,834010,23,0,167,1,25,,551011,23,0,167,1,65,,833993,23,0,167,1,25,,719768,23,0,167,1,65,,834004,23,0,167,1,25,,834006,23,0,167,1,25,,710018,23,0,167,1,65,,833996,23,0,167,1,25,,834021,23,0,167,1,65,,834019,23,0,167,1,25,,694559,23,0,167,1,65,,737116,23,0,167,1,25,,834015,23,0,167,1,25,,834017,23,0,167,1,65,,834009,23,0,167,1,25,,710925,23,0,167,1,65,,834020,23,0,167,1,23,,658036,23,0,167,1,25,,833991,23,0,167,1,65,,834014,23,0,167,1,25,,833990,23,0,167,1,65,,834016,23,0,167,1,25,,743686,23,0,167,1,25,,833992,23,0,167,1,72,,833999,23,0,167,1,70,,713468,23,0,167,1,30,,834013,23,0,167,1,70,,752249,23,0,167,1,30,,834007,23,0,167,1,27,,834011,23,0,167,1
9802,'3',749,,834039,23,0,167,1,70,,834049,23,0,167,1,20,,834033,23,0,167,1,65,,834035,23,0,167,1,26,,834054,23,0,167,1,26,,834028,23,0,167,1,65,,834034,23,0,167,1,25,,644343,23,0,167,1,65,,834046,23,0,167,1,25,,834041,23,0,167,1,65,,834032,23,0,167,1,25,,834040,23,0,167,1,23,,834036,23,0,167,1,65,,834044,23,0,167,1,25,,834052,23,0,167,1,65,,666941,23,0,167,1,25,,834037,23,0,167,1,25,,834048,23,0,167,1,65,,749965,23,0,167,1,25,,834030,23,0,167,1,65,,834027,23,0,167,1,25,,834051,23,0,167,1,25,,834050,23,0,167,1,65,,834031,23,0,167,1,25,,834047,23,0,167,1,65,,834038,23,0,167,1,25,,769769,23,0,167,1,65,,763134,23,0,167,1,25,,834022,23,0,167,1,25,,834057,23,0,167,1,65,,834025,23,0,167,1,25,,834026,23,0,167,1,65,,834043,23,0,167,1,25,,733818,23,0,167,1,68,,834029,23,0,167,1,30,,834024,23,0,167,1,68,,834042,23,0,167,1,30,,834045,23,0,167,1,70,,834055,23,0,167,1,30,,834053,23,0,167,1,28,,834056,23,0,167,1
9802,'5',537,,834080,23,0,167,1,11,,834083,23,0,167,1,65,,834081,23,0,167,1,25,,834079,23,0,167,1,65,,834068,23,0,167,1,25,,834059,23,0,167,1,25,,834077,23,0,167,1,65,,834090,23,0,167,1,25,,834087,23,0,167,1,65,,720028,23,0,167,1,23,,834082,23,0,167,1,25,,700971,23,0,167,1,65,,834061,23,0,167,1,25,,654320,23,0,167,1,65,,834093,23,0,167,1,25,,834073,23,0,167,1,65,,834072,23,0,167,1,25,,834067,23,0,167,1,23,,834088,23,0,167,1,65,,834097,23,0,167,1,25,,834069,23,0,167,1,65,,834091,23,0,167,1,25,,765989,23,0,167,1,25,,834060,23,0,167,1,65,,705141,23,0,167,1,25,,709852,23,0,167,1,65,,834098,23,0,167,1,25,,834085,23,0,167,1,25,,834065,23,0,167,1,65,,834084,23,0,167,1,25,,834058,23,0,167,1,65,,834071,23,0,167,1,25,,834075,23,0,167,1,65,,834086,23,0,167,1,25,,652815,23,0,167,1,25,,834092,23,0,167,1,65,,834096,23,0,167,1,25,,834070,23,0,167,1,65,,834078,23,0,167,1,25,,834063,23,0,167,1,68,,834089,23,0,167,1,30,,834076,23,0,167,1,68,,834062,23,0,167,1,30,,834064,23,0,167,1,70,,834095,23,0,167,1,30,,834066,23,0,167,1,28,,834074,23,0,167,1
18502,'1',553,,855562,15,0,96 8,1,58,,707630,15,0,96 8,1,18,,754617,15,0,96 8,1,18,,855542,15,0,96 8,1,59,,855565,15,0,96 8,1,24,,855551,15,0,96 8,1,25,,855534,15,0,96 8,1,65,,855545,15,0,96 8,1,25,,855554,15,0,96 8,1,65,,779158,15,0,96 8,1,24,,727969,15,0,96 8,1,25,,855537,15,0,96 8,1,65,,855559,15,0,96 8,1,25,,725534,15,0,96 8,1,65,,855552,15,0,96 8,1,25,,855532,15,0,96 8,1,65,,774729,15,0,96 8,1,25,,686689,15,0,96 8,1,25,,855535,15,0,96 8,1,65,,855530,15,0,96 8,1,25,,855546,15,0,96 8,1,65,,694444,15,0,96 8,1,25,,855548,15,0,96 8,1,25,,855569,15,0,96 8,1,65,,855549,15,0,96 8,1,25,,855557,15,0,96 8,1,65,,855563,15,0,96 8,1,25,,855560,15,0,96 8,1,65,,855536,15,0,96 8,1,25,,855556,15,0,96 8,1,25,,855540,15,0,96 8,1,65,,855541,15,0,96 8,1,25,,762595,15,0,96 8,1,64,,855538,15,0,96 8,1,22,,855555,15,0,96 8,1,20,,713761,15,0,96 8,1,60,,855543,15,0,96 8,1,20,,855558,15,0,96 8,1,20,,855550,15,0,96 8,1,60,,855568,15,0,96 8,1,20,,855531,15,0,96 8,1,20,,610086,15,0,96 8,1,58,,855561,15,0,96 8,1,18,,855529,15,0,96 8,1,18,,855553,15,0,96 8,1,58,,770273,15,0,96 8,1,18,,855566,15,0,96 8,1,18,,855564,15,0,96 8,1,18,,855533,15,0,96 8,1,58,,855570,15,0,96 8,1,18,,855567,15,0,96 8,1,18,,855539,15,0,96 8,1,58,,855544,15,0,96 8,1,20,,773575,15,0,96 8,1,28,,855547,15,0,96 8,1,70,,738367,15,0,96 8,1
18502,'2',610,,855606,15,0,96 8,1,19,,855614,15,0,96 8,1,18,,855612,15,0,96 8,1,58,,855611,15,0,96 8,1,18,,855583,15,0,96 8,1,18,,747608,15,0,96 8,1,18,,768492,15,0,96 8,1,59,,739317,15,0,96 8,1,20,,855582,15,0,96 8,1,20,,855594,15,0,96 8,1,60,,762623,15,0,96 8,1,20,,855592,15,0,96 8,1,20,,855604,15,0,96 8,1,60,,855578,15,0,96 8,1,20,,855613,15,0,96 8,1,20,,855575,15,0,96 8,1,63,,855600,15,0,96 8,1,20,,855599,15,0,96 8,1,64,,855615,15,0,96 8,1,25,,855601,15,0,96 8,1,25,,728928,15,0,96 8,1,65,,855584,15,0,96 8,1,25,,855609,15,0,96 8,1,65,,855580,15,0,96 8,1,25,,855581,15,0,96 8,1,23,,524500,15,0,96 8,1,65,,747044,15,0,96 8,1,25,,855576,15,0,96 8,1,65,,855608,15,0,96 8,1,25,,855589,15,0,96 8,1,65,,855607,15,0,96 8,1,25,,704135,15,0,96 8,1,25,,607852,15,0,96 8,1,65,,855573,15,0,96 8,1,25,,701826,15,0,96 8,1,64,,855593,15,0,96 8,1,23,,855602,15,0,96 8,1,20,,855596,15,0,96 8,1,60,,855585,15,0,96 8,1,20,,855588,15,0,96 8,1,20,,855574,15,0,96 8,1,60,,855587,15,0,96 8,1,20,,855579,15,0,96 8,1,20,,855572,15,0,96 8,1,58,,855586,15,0,96 8,1,18,,855591,15,0,96 8,1,18,,855590,15,0,96 8,1,58,,855605,15,0,96 8,1,18,,855577,15,0,96 8,1,18,,855597,15,0,96 8,1,18,,701129,15,0,96 8,1,58,,645419,15,0,96 8,1,18,,855598,15,0,96 8,1,18,,855571,15,0,96 8,1,58,,855610,15,0,96 8,1,20,,743678,15,0,96 8,1,29,,855603,15,0,96 8,1,70,,855595,15,0,96 8,1
18502,'3',818,,855632,15,0,96 8,1,20,,855656,15,0,96 8,1,20,,855654,15,0,96 8,1,60,,855649,15,0,96 8,1,20,,855648,15,0,96 8,1,20,,855623,15,0,96 8,1,61,,855621,15,0,96 8,1,22,,855642,15,0,96 8,1,62,,855627,15,0,96 8,1,22,,855641,15,0,96 8,1,22,,855628,15,0,96 8,1,62,,855651,15,0,96 8,1,23,,732159,15,0,96 8,1,22,,855620,15,0,96 8,1,62,,855652,15,0,96 8,1,22,,855659,15,0,96 8,1,62,,855645,15,0,96 8,1,22,,855625,15,0,96 8,1,22,,855616,15,0,96 8,1,62,,855629,15,0,96 8,1,22,,855657,15,0,96 8,1,22,,855658,15,0,96 8,1,62,,692631,15,0,96 8,1,22,,855647,15,0,96 8,1,22,,855622,15,0,96 8,1,62,,700143,15,0,96 8,1,22,,742780,15,0,96 8,1,62,,855655,15,0,96 8,1,22,,773894,15,0,96 8,1,22,,855653,15,0,96 8,1,62,,855643,15,0,96 8,1,22,,855660,15,0,96 8,1,20,,855640,15,0,96 8,1,60,,855626,15,0,96 8,1,20,,855624,15,0,96 8,1,20,,855619,15,0,96 8,1,60,,855636,15,0,96 8,1,20,,855661,15,0,96 8,1,20,,855617,15,0,96 8,1,58,,855630,15,0,96 8,1,18,,855634,15,0,96 8,1,18,,855662,15,0,96 8,1,58,,855635,15,0,96 8,1,18,,855638,15,0,96 8,1,18,,855639,15,0,96 8,1,18,,725005,15,0,96 8,1,58,,855650,15,0,96 8,1,18,,855644,15,0,96 8,1,18,,855633,15,0,96 8,1,58,,855637,15,0,96 8,1,20,,855646,15,0,96 8,1,28,,855618,15,0,96 8,1,70,,855631,15,0,96 8,1
18502,'5',609,,855688,15,0,96 8,1,19,,855676,15,0,96 8,1,18,,855685,15,0,96 8,1,58,,725302,15,0,96 8,1,18,,855677,15,0,96 8,1,18,,703234,15,0,96 8,1,18,,855692,15,0,96 8,1,60,,568380,15,0,96 8,1,20,,855678,15,0,96 8,1,20,,855665,15,0,96 8,1,60,,855707,15,0,96 8,1,20,,855664,15,0,96 8,1,20,,855712,15,0,96 8,1,61,,855703,15,0,96 8,1,22,,855711,15,0,96 8,1,62,,855680,15,0,96 8,1,22,,855700,15,0,96 8,1,22,,855673,15,0,96 8,1,62,,619354,15,0,96 8,1,23,,855675,15,0,96 8,1,22,,855708,15,0,96 8,1,62,,855668,15,0,96 8,1,22,,855686,15,0,96 8,1,62,,855669,15,0,96 8,1,22,,701299,15,0,96 8,1,22,,855667,15,0,96 8,1,62,,855666,15,0,96 8,1,22,,855698,15,0,96 8,1,22,,855699,15,0,96 8,1,62,,855710,15,0,96 8,1,22,,855683,15,0,96 8,1,22,,855684,15,0,96 8,1,62,,855672,15,0,96 8,1,22,,855689,15,0,96 8,1,62,,751911,15,0,96 8,1,22,,855695,15,0,96 8,1,22,,855709,15,0,96 8,1,62,,855682,15,0,96 8,1,22,,855705,15,0,96 8,1,20,,855679,15,0,96 8,1,60,,606566,15,0,96 8,1,20,,855681,15,0,96 8,1,20,,855697,15,0,96 8,1,60,,747413,15,0,96 8,1,20,,855704,15,0,96 8,1,20,,708855,15,0,96 8,1,58,,855693,15,0,96 8,1,18,,855696,15,0,96 8,1,18,,855691,15,0,96 8,1,58,,855706,15,0,96 8,1,18,,855702,15,0,96 8,1,18,,855701,15,0,96 8,1,18,,855670,15,0,96 8,1,58,,855687,15,0,96 8,1,18,,855694,15,0,96 8,1,18,,855674,15,0,96 8,1,58,,855690,15,0,96 8,1,20,,855671,15,0,96 8,1,28,,758280,15,0,96 8,1,70,,855663,15,0,96 8,1
38502,'1',438,,859678,42,0,11 12 96 15,1,15,,859677,83,0,11 12 96 15,1,55,,859680,65,0,11 12 96 15,1,15,,859676,83,0,11 12 96 15,1,2130,,859679,83,0,11 12 96 15,1,70,,625337,83,0,11 12 96 15,1,30,,624966,83,0,11 12 96 15,1,70,,859681,83,0,11 12 96 15,1
38502,'2',453,,773153,83,0,11 12 96 15,1,55,,859683,65,0,11 12 96 15,1,15,,859684,83,0,11 12 96 15,1,17,,859682,65,0,11 12 96 15,1,2113,,859686,83,0,11 12 96 15,1,70,,859687,83,0,11 12 96 15,1,30,,859688,83,0,11 12 96 15,1,70,,859685,83,0,11 12 96 15,1
38502,'3',453,,859690,83,0,11 12 96 15,1,55,,859689,65,0,11 12 96 15,1,15,,859699,83,0,11 12 96 15,1,17,,859693,65,0,11 12 96 15,1,14,,859692,83,0,11 12 96 15,1,63,,859695,83,0,11 12 96 15,1,20,,859696,83,0,11 12 96 15,1,20,,859697,83,0,11 12 96 15,1,60,,859691,83,0,11 12 96 15,1,20,,737763,83,0,11 12 96 15,1,20,,736305,83,0,11 12 96 15,1,1896,,859698,83,0,11 12 96 15,1,70,,696839,83,0,11 12 96 15,1,30,,720329,83,0,11 12 96 15,1,70,,859694,83,0,11 12 96 15,1
38502,'5',453,,859703,83,0,11 12 96 15,1,55,,859705,65,0,11 12 96 15,1,15,,859704,83,0,11 12 96 15,1,17,,859701,65,0,11 12 96 15,1,2113,,859702,83,0,11 12 96 15,1,70,,859706,83,0,11 12 96 15,1,30,,692417,83,0,11 12 96 15,1,70,,859700,83,0,11 12 96 15,1
