7303,'1',514,,730379,24,0,28 54,1,23,,730465,24,0,28 54,1,22,,730401,24,0,28 54,1,57,,730407,24,0,28 54,1,11,,730473,24,0,31 95 63,1,11,,634253,24,0,28 54,1,11,,730428,24,0,31 95 63,1,51,,730430,24,0,28 54,1,11,,645501,24,0,31 95 63,1,15,,669600,24,0,28 54,1,12,,658887,24,0,31 95 63,1,12,,688506,24,0,28 54,1,52,,730440,24,0,31 95 63,1,12,,730386,24,0,28 54,1,12,,730449,24,0,31 95 63,1,12,,730404,24,0,28 54,1,12,,730444,24,0,31 95 63,1,52,,730396,24,0,28 54,1,12,,730464,24,0,31 95 63,1,9,,641689,24,0,28 54,1,12,,517456,24,0,31 95 63,1,12,,730399,24,0,28 54,1,64,,730384,24,0,28 54,1,24,,730415,24,0,28 54,1,24,,730397,24,0,28 54,1,64,,730469,24,0,28 54,1,24,,730382,24,0,28 54,1,64,,730419,24,0,28 54,1,24,,730429,24,0,28 54,1,24,,730434,24,0,28 54,1,64,,730467,24,0,28 54,1,24,,614518,24,0,28 54,1,64,,730402,24,0,28 54,1,12,,730394,24,0,28 54,1,12,,730395,24,0,31 95 63,1,10,,730452,24,0,28 54,1,12,,730433,24,0,31 95 63,1,52,,652284,24,0,28 54,1,12,,730423,24,0,31 95 63,1,12,,730450,24,0,28 54,1,12,,730438,24,0,31 95 63,1,12,,642947,24,0,28 54,1,52,,730412,24,0,31 95 63,1,12,,730445,24,0,28 54,1,12,,554907,24,0,31 95 63,1,12,,640610,24,0,28 54,1,12,,730472,24,0,31 95 63,1,52,,610459,24,0,28 54,1,12,,730439,24,0,31 95 63,1,12,,730468,24,0,28 54,1,12,,730400,24,0,31 95 63,1,12,,730466,24,0,28 54,1,52,,730475,24,0,31 95 63,1,12,,730431,24,0,28 54,1,12,,730410,24,0,31 95 63,1,12,,730422,24,0,28 54,1,12,,730425,24,0,31 95 63,1,52,,730413,24,0,28 54,1,16,,730427,24,0,28 54,1,24,,730470,24,0,28 54,1,64,,730459,24,0,28 54,1,24,,730424,24,0,28 54,1,64,,730391,24,0,28 54,1,24,,630604,24,0,28 54,1,24,,730421,24,0,28 54,1,59,,730387,24,0,28 54,1,22,,730432,24,0,28 54,1,24,,730380,24,0,28 54,1,64,,730403,24,0,28 54,1,24,,730388,24,0,28 54,1,64,,730443,24,0,28 54,1,24,,730474,24,0,28 54,1,24,,606632,24,0,28 54,1,64,,730435,24,0,28 54,1
7303,'2',504,,730519,24,0,28 54,1,26,,730558,24,0,28 54,1,22,,730485,24,0,28 54,1,64,,730501,24,0,28 54,1,24,,658050,24,0,28 54,1,64,,730507,24,0,28 54,1,24,,730502,24,0,28 54,1,24,,616890,24,0,28 54,1,61,,730498,24,0,28 54,1,23,,730518,24,0,28 54,1,64,,679900,24,0,28 54,1,24,,730508,24,0,28 54,1,24,,730493,24,0,28 54,1,64,,730545,24,0,28 54,1,22,,730503,24,0,28 54,1,24,,730486,24,0,28 54,1,64,,730553,24,0,28 54,1,23,,730484,24,0,28 54,1,62,,730550,24,0,28 54,1,22,,730512,24,0,28 54,1,22,,730536,24,0,28 54,1,62,,730544,24,0,28 54,1,22,,730514,24,0,28 54,1,22,,730523,24,0,28 54,1,62,,730556,24,0,28 54,1,22,,730547,24,0,28 54,1,62,,730562,24,0,28 54,1,22,,730555,24,0,28 54,1,22,,730552,24,0,28 54,1,62,,730520,24,0,28 54,1,22,,537409,24,0,28 54,1,22,,730515,24,0,28 54,1,62,,730477,24,0,28 54,1,22,,678681,24,0,28 54,1,22,,730539,24,0,28 54,1,62,,730551,24,0,28 54,1,22,,604869,24,0,28 54,1,62,,730500,24,0,28 54,1,20,,730487,24,0,28 54,1,24,,730483,24,0,28 54,1,64,,585369,24,0,28 54,1,24,,730513,24,0,28 54,1,64,,730557,24,0,28 54,1,24,,730506,24,0,28 54,1,24,,730540,24,0,28 54,1,59,,517868,24,0,28 54,1,22,,730488,24,0,28 54,1,24,,730546,24,0,28 54,1,64,,730517,24,0,28 54,1,24,,730542,24,0,28 54,1,64,,730496,24,0,28 54,1,24,,538518,24,0,28 54,1,24,,730548,24,0,28 54,1,64,,730524,24,0,28 54,1
7303,'3',733,,730623,24,0,28 54,1,22,,730605,24,0,28 54,1,63,,730576,24,0,28 54,1,22,,730583,24,0,28 54,1,62,,730609,24,0,28 54,1,22,,627521,24,0,28 54,1,22,,730586,24,0,28 54,1,60,,730618,24,0,28 54,1,15,,624726,24,0,28 54,1,21,,730604,24,0,28 54,1,64,,730580,24,0,28 54,1,24,,730612,24,0,28 54,1,24,,730613,24,0,28 54,1,64,,608604,24,0,28 54,1,24,,617163,24,0,28 54,1,64,,730578,24,0,28 54,1,24,,730603,24,0,28 54,1,24,,730569,24,0,28 54,1,64,,730629,24,0,28 54,1,24,,730594,24,0,28 54,1,64,,619851,24,0,28 54,1,24,,730588,24,0,28 54,1,24,,646249,24,0,28 54,1,64,,730573,24,0,28 54,1,24,,730621,24,0,28 54,1,64,,613106,24,0,28 54,1,24,,636661,24,0,28 54,1,24,,730614,24,0,28 54,1,64,,730572,24,0,28 54,1,24,,539467,24,0,28 54,1,64,,517540,24,0,28 54,1,18,,730568,24,0,28 54,1,24,,730622,24,0,28 54,1,64,,682808,24,0,28 54,1,24,,730615,24,0,28 54,1,64,,730596,24,0,28 54,1,24,,730566,24,0,28 54,1,24,,730631,24,0,28 54,1,59,,730590,24,0,28 54,1,23,,730600,24,0,28 54,1,24,,730607,24,0,28 54,1,64,,677017,24,0,28 54,1,24,,730632,24,0,28 54,1,64,,565498,24,0,28 54,1,24,,647128,24,0,28 54,1,24,,730625,24,0,28 54,1,64,,730587,24,0,28 54,1
7303,'5',507,,730660,24,0,28 54,1,23,,644149,24,0,28 54,1,70,,730637,24,0,28 54,1,24,,730648,24,0,28 54,1,24,,730640,24,0,28 54,1,64,,730658,24,0,28 54,1,24,,730676,24,0,28 54,1,22,,730633,24,0,28 54,1,60,,730692,24,0,28 54,1,22,,730647,24,0,28 54,1,62,,650580,24,0,28 54,1,22,,730673,24,0,28 54,1,22,,730701,24,0,28 54,1,60,,730696,24,0,28 54,1,15,,730666,24,0,28 54,1,21,,730645,24,0,28 54,1,64,,730634,24,0,28 54,1,24,,652235,24,0,28 54,1,24,,730712,24,0,28 54,1,64,,730705,24,0,28 54,1,24,,730678,24,0,28 54,1,64,,730670,24,0,28 54,1,24,,730677,24,0,28 54,1,24,,730662,24,0,28 54,1,64,,730685,24,0,28 54,1,24,,730714,24,0,28 54,1,64,,730671,24,0,28 54,1,24,,730659,24,0,28 54,1,24,,730635,24,0,28 54,1,64,,730707,24,0,28 54,1,24,,730695,24,0,28 54,1,64,,730674,24,0,28 54,1,24,,730681,24,0,28 54,1,24,,730664,24,0,28 54,1,64,,730711,24,0,28 54,1,24,,608234,24,0,28 54,1,64,,730686,24,0,28 54,1,18,,730689,24,0,28 54,1,24,,730703,24,0,28 54,1,64,,730702,24,0,28 54,1,24,,730653,24,0,28 54,1,64,,730683,24,0,28 54,1,24,,730646,24,0,28 54,1,24,,730638,24,0,28 54,1,59,,662826,24,0,28 54,1,23,,730694,24,0,28 54,1,24,,730651,24,0,28 54,1,64,,730708,24,0,28 54,1,24,,730663,24,0,28 54,1,64,,730680,24,0,28 54,1,24,,622191,24,0,28 54,1,24,,730657,24,0,28 54,1,64,,616729,24,0,28 54,1
35202,'1',424,,770680,54,0,11 12 132 133,1,30,,418674,54,0,11 12 132 133,1,70,,662902,54,0,11 12 132 133,1,82,,770681,54,0,11 12 132 133,1,2048,,770678,54,0,11 12 132 133,1,70,,577969,54,0,11 12 132 133,1,30,,770679,54,0,11 12 132 133,1
35202,'2',424,,770686,54,0,11 12 132 133,1,30,,770687,54,0,11 12 132 133,1,70,,770685,54,0,11 12 132 133,1,33,,770683,54,0,11 12 132 133,1,2097,,770682,54,0,11 12 132 133,1,70,,665986,54,0,11 12 132 133,1,30,,770684,54,0,11 12 132 133,1
35202,'3',424,,675034,54,0,11 12 132 133,1,30,,611726,54,0,11 12 132 133,1,70,,770689,54,0,11 12 132 133,1,76,,770691,54,0,11 12 132 133,1,2054,,770692,54,0,11 12 132 133,1,70,,770688,54,0,11 12 132 133,1,30,,770690,54,0,11 12 132 133,1
35202,'5',424,,770696,54,0,11 12 132 133,1,30,,674135,54,0,11 12 132 133,1,70,,770693,54,0,11 12 132 133,1,76,,622782,54,0,11 12 132 133,1,2054,,770697,54,0,11 12 132 133,1,70,,770695,54,0,11 12 132 133,1,30,,770694,54,0,11 12 132 133,1
37303,'1',2540,,771016,24,0,11 12 9 3 73,1,65,,771015,24,0,11 12 9 3 73,1,30,,771018,24,0,11 12 9 3 73,1,70,,599658,24,0,11 12 9 3 73,1,30,,771020,24,0,11 12 9 3 73,1,70,,771017,24,0,11 12 9 3 73,1,30,,771019,24,0,11 12 9 3 73,1
37303,'2',2535,,771022,24,0,11 12 9 3 73,1,70,,632401,24,0,11 12 9 3 73,1,30,,684698,24,0,11 12 9 3 73,1,70,,650459,24,0,11 12 9 3 73,1,30,,397297,24,0,11 12 9 3 73,1,70,,771021,24,0,11 12 9 3 73,1,30,,771023,24,0,11 12 9 3 73,1
37303,'3',505,,771029,24,0,11 12 9 3 73,1,30,,771025,24,0,11 12 9 3 73,1,70,,771033,24,0,11 12 9 3 73,1,30,,771028,24,0,11 12 9 3 73,1,70,,683010,24,0,11 12 9 3 73,1,1845,,688023,24,0,11 12 9 3 73,1,65,,771032,24,0,11 12 9 3 73,1,30,,771024,24,0,11 12 9 3 73,1,70,,771027,24,0,11 12 9 3 73,1,30,,771026,24,0,11 12 9 3 73,1,70,,771030,24,0,11 12 9 3 73,1,30,,771031,24,0,11 12 9 3 73,1
37303,'5',2535,,771039,24,0,11 12 9 3 73,1,70,,771036,24,0,11 12 9 3 73,1,30,,771038,24,0,11 12 9 3 73,1,70,,771037,24,0,11 12 9 3 73,1,30,,771035,24,0,11 12 9 3 73,1,70,,606036,24,0,11 12 9 3 73,1,30,,771034,24,0,11 12 9 3 73,1
40502,'1',1004,,771432,14,0,73,1,115,,771433,14,0,73,1,115,,771434,14,0,73,1,185,,771436,14,0,73,1,115,,771437,14,0,73,1,115,,771438,14,0,73,1
