2504,'1',526,,788632,14,0,34 141 8,1,9,,788654,28,0,5 141 8,1,6,,788572,15,0,34 141 8,1,3,,788835,28,0,5 141 8,1,4,,788607,15,0,34 141 8,1,4,,788767,28,0,5 141 8,1,6,,788833,28,0,5 141 8,1,46,,788748,28,0,5 141 8,1,3,,788645,15,0,34 141 8,1,5,,788549,28,0,5 141 8,1,8,,788799,15,0,34 141 8,1,6,,788831,15,0,34 141 8,1,6,,788784,15,0,34 141 8,1,6,,771964,15,0,34 141 8,1,6,,536936,15,0,34 141 8,1,6,,788620,15,0,34 141 8,1,6,,755699,15,0,34 141 8,1,46,,788637,15,0,34 141 8,1,6,,714878,15,0,34 141 8,1,6,,788818,15,0,34 141 8,1,5,,788674,15,0,34 141 8,1,5,,788690,15,0,34 141 8,1,5,,647903,15,0,34 141 8,1,5,,788726,15,0,34 141 8,1,5,,788836,15,0,34 141 8,1,5,,788648,15,0,34 141 8,1,5,,721672,15,0,34 141 8,1,5,,788542,15,0,34 141 8,1,5,,765660,15,0,34 141 8,1,45,,788741,15,0,34 141 8,1,5,,788688,15,0,34 141 8,1,5,,788588,15,0,34 141 8,1,5,,788815,15,0,34 141 8,1,5,,788675,15,0,34 141 8,1,5,,788672,15,0,34 141 8,1,5,,722628,15,0,34 141 8,1,5,,788803,15,0,34 141 8,1,5,,788581,15,0,34 141 8,1,5,,788751,15,0,34 141 8,1,5,,788774,15,0,34 141 8,1,4,,788541,15,0,34 141 8,1,45,,788600,15,0,34 141 8,1,4,,788659,15,0,34 141 8,1,3,,788594,15,0,34 141 8,1,4,,788540,15,0,34 141 8,1,5,,788576,15,0,34 141 8,1,6,,788583,15,0,34 141 8,1,6,,788560,15,0,34 141 8,1,6,,788601,15,0,34 141 8,1,6,,788829,15,0,34 141 8,1,6,,788586,15,0,34 141 8,1,6,,788792,15,0,34 141 8,1,46,,772004,15,0,34 141 8,1,6,,788660,15,0,34 141 8,1,6,,788568,15,0,34 141 8,1,6,,741201,15,0,34 141 8,1,6,,788845,15,0,34 141 8,1,6,,788770,15,0,34 141 8,1,6,,788639,15,0,34 141 8,1,6,,788737,15,0,34 141 8,1,6,,788697,15,0,34 141 8,1,6,,788689,15,0,34 141 8,1,46,,788755,15,0,34 141 8,1,6,,788727,15,0,34 141 8,1,6,,788704,15,0,34 141 8,1,6,,788796,15,0,34 141 8,1,6,,788802,15,0,34 141 8,1,6,,788811,15,0,34 141 8,1,6,,788670,15,0,34 141 8,1,6,,701527,15,0,34 141 8,1,6,,788733,15,0,34 141 8,1,6,,788749,15,0,34 141 8,1,46,,770175,15,0,34 141 8,1,6,,788621,15,0,34 141 8,1,6,,788631,15,0,34 141 8,1,6,,788757,15,0,34 141 8,1,6,,777332,15,0,34 141 8,1,6,,788647,15,0,34 141 8,1,6,,788563,15,0,34 141 8,1,6,,788683,15,0,34 141 8,1,6,,749685,15,0,34 141 8,1,6,,714005,15,0,34 141 8,1,46,,788698,15,0,34 141 8,1,6,,788806,15,0,34 141 8,1,6,,788685,15,0,34 141 8,1,6,,788602,15,0,34 141 8,1,6,,788633,15,0,34 141 8,1,6,,788746,15,0,34 141 8,1,6,,697023,15,0,34 141 8,1,6,,739254,15,0,34 141 8,1,6,,695046,15,0,34 141 8,1,6,,788684,15,0,34 141 8,1,46,,756444,15,0,34 141 8,1,6,,788732,15,0,34 141 8,1,6,,788814,15,0,34 141 8,1,6,,788779,15,0,34 141 8,1,6,,788641,15,0,34 141 8,1,6,,788548,15,0,34 141 8,1,6,,788646,15,0,34 141 8,1,6,,761145,15,0,34 141 8,1,6,,788809,15,0,34 141 8,1,5,,724502,15,0,34 141 8,1,4,,788819,15,0,34 141 8,1,45,,788842,15,0,34 141 8,1,4,,788545,15,0,34 141 8,1,8,,788813,15,0,34 141 8,1,5,,788739,15,0,34 141 8,1,5,,788709,15,0,34 141 8,1,5,,788699,14,0,34 141 8,1,5,,788577,15,0,34 141 8,1,5,,788555,15,0,34 141 8,1,5,,788556,15,0,34 141 8,1,5,,788629,15,0,34 141 8,1,5,,788788,15,0,34 141 8,1,45,,788826,15,0,34 141 8,1,5,,788584,15,0,34 141 8,1,5,,788574,15,0,34 141 8,1,5,,788673,15,0,34 141 8,1,5,,788590,15,0,34 141 8,1,5,,788735,15,0,34 141 8,1,5,,788667,15,0,34 141 8,1,5,,788573,15,0,34 141 8,1,5,,788740,15,0,34 141 8,1,5,,788711,15,0,34 141 8,1,5,,649843,15,0,34 141 8,1,5,,788666,15,0,34 141 8,1,45,,788718,15,0,34 141 8,1,5,,788812,15,0,34 141 8,1,5,,788775,15,0,34 141 8,1,5,,788650,15,0,34 141 8,1,5,,788619,15,0,34 141 8,1,5,,788668,15,0,34 141 8,1,5,,788562,15,0,34 141 8,1,5,,650760,15,0,34 141 8,1,5,,788551,15,0,34 141 8,1,5,,788643,15,0,34 141 8,1,5,,788753,15,0,34 141 8,1,5,,788569,15,0,34 141 8,1,45,,788561,15,0,34 141 8,1,5,,788701,15,0,34 141 8,1,5,,762428,15,0,34 141 8,1,5,,788781,15,0,34 141 8,1,5,,746915,15,0,34 141 8,1,5,,788730,15,0,34 141 8,1,5,,788768,15,0,34 141 8,1,5,,788745,15,0,34 141 8,1,5,,788793,15,0,34 141 8,1,5,,788613,15,0,34 141 8,1,6,,788843,15,0,34 141 8,1,6,,788747,15,0,34 141 8,1,45,,788801,15,0,34 141 8,1,6,,602923,15,0,34 141 8,1,6,,788712,15,0,34 141 8,1,6,,788682,15,0,34 141 8,1,6,,788807,15,0,34 141 8,1,6,,710811,15,0,34 141 8,1,6,,788559,15,0,34 141 8,1,6,,788744,15,0,34 141 8,1,6,,788847,15,0,34 141 8,1,6,,788687,15,0,34 141 8,1,46,,788728,15,0,34 141 8,1,6,,788681,15,0,34 141 8,1,6,,788804,15,0,34 141 8,1,6,,788715,15,0,34 141 8,1,6,,788692,15,0,34 141 8,1,6,,788722,15,0,34 141 8,1,6,,788725,15,0,34 141 8,1,6,,788578,15,0,34 141 8,1,6,,788671,15,0,34 141 8,1,6,,788662,15,0,34 141 8,1,46,,788663,15,0,34 141 8,1,6,,788653,15,0,34 141 8,1,6,,788596,15,0,34 141 8,1,6,,788729,15,0,34 141 8,1,6,,788657,15,0,34 141 8,1,6,,788721,15,0,34 141 8,1,6,,788782,15,0,34 141 8,1,6,,692983,15,0,34 141 8,1,6,,788810,15,0,34 141 8,1,6,,788585,15,0,34 141 8,1,46,,699137,15,0,34 141 8,1,4,,788661,15,0,34 141 8,1,6,,788736,15,0,34 141 8,1,7,,705184,28,0,5 141 8,1,6,,727033,28,0,5 141 8,1,6,,643943,28,0,5 141 8,1,6,,788553,28,0,5 141 8,1,6,,788557,28,0,5 141 8,1,6,,788693,28,0,5 141 8,1,6,,788720,28,0,5 141 8,1,46,,788570,28,0,5 141 8,1,6,,788795,28,0,5 141 8,1,6,,788644,28,0,5 141 8,1,6,,788734,28,0,5 141 8,1,6,,788839,28,0,5 141 8,1,6,,788628,28,0,5 141 8,1,6,,788763,28,0,5 141 8,1,6,,707913,28,0,5 141 8,1,6,,788564,28,0,5 141 8,1,6,,788630,28,0,5 141 8,1,46,,788780,28,0,5 141 8,1,6,,788798,28,0,5 141 8,1,6,,671882,28,0,5 141 8,1,6,,788848,28,0,5 141 8,1,6,,788700,28,0,5 141 8,1,6,,788649,28,0,5 141 8,1,6,,788827,28,0,5 141 8,1,6,,788791,28,0,5 141 8,1,6,,788805,28,0,5 141 8,1,6,,639299,28,0,5 141 8,1,46,,788738,28,0,5 141 8,1,6,,788830,28,0,5 141 8,1,6,,788589,28,0,5 141 8,1,6,,788664,28,0,5 141 8,1,6,,788825,28,0,5 141 8,1,4,,788655,28,0,5 141 8,1,6,,664407,28,0,5 141 8,1,6,,528149,28,0,5 141 8,1,7,,749316,28,0,17 26 27 8,1
2504,'2',533,,788853,14,0,34 141 8,1,17,,765465,28,0,5 141 8,1,8,,777013,28,0,5 141 8,1,52,,788881,28,0,5 141 8,1,7,,788941,28,0,5 141 8,1,8,,788949,28,0,5 141 8,1,7,,788922,28,0,5 141 8,1,8,,788896,28,0,5 141 8,1,7,,788964,28,0,5 141 8,1,8,,788960,28,0,5 141 8,1,47,,788917,28,0,5 141 8,1,8,,788958,28,0,5 141 8,1,7,,788924,28,0,5 141 8,1,8,,788869,28,0,5 141 8,1,7,,788970,28,0,5 141 8,1,8,,788930,28,0,5 141 8,1,7,,752959,28,0,5 141 8,1,9,,734676,28,0,5 141 8,1,47,,788946,28,0,5 141 8,1,8,,788911,28,0,5 141 8,1,9,,788982,28,0,5 141 8,1,12,,788902,28,0,5 141 8,1,11,,788947,28,0,5 141 8,1,10,,610551,28,0,5 141 8,1,50,,788945,28,0,5 141 8,1,10,,788919,28,0,5 141 8,1,10,,788943,28,0,5 141 8,1,10,,788907,28,0,5 141 8,1,10,,788871,28,0,5 141 8,1,10,,788954,28,0,5 141 8,1,50,,788861,28,0,5 141 8,1,10,,788906,28,0,5 141 8,1,10,,723521,28,0,5 141 8,1,10,,788974,28,0,5 141 8,1,10,,788892,28,0,5 141 8,1,10,,788979,28,0,5 141 8,1,50,,788857,28,0,5 141 8,1,10,,788934,28,0,5 141 8,1,10,,788950,28,0,5 141 8,1,10,,788971,28,0,5 141 8,1,10,,788948,28,0,5 141 8,1,8,,788862,28,0,5 141 8,1,7,,788890,28,0,5 141 8,1,48,,788882,28,0,5 141 8,1,7,,788885,28,0,5 141 8,1,8,,788953,28,0,5 141 8,1,10,,788944,28,0,5 141 8,1,8,,788883,28,0,5 141 8,1,7,,788920,28,0,5 141 8,1,8,,734864,28,0,5 141 8,1,47,,788915,28,0,5 141 8,1,8,,788895,28,0,5 141 8,1,7,,788961,28,0,5 141 8,1,8,,788898,28,0,5 141 8,1,7,,788891,28,0,5 141 8,1,8,,788900,28,0,5 141 8,1,7,,788925,28,0,5 141 8,1,8,,788980,28,0,5 141 8,1,47,,788886,28,0,5 141 8,1,8,,759656,28,0,5 141 8,1,7,,788866,28,0,5 141 8,1,8,,733996,28,0,5 141 8,1,7,,788936,28,0,5 141 8,1,8,,788873,28,0,5 141 8,1,7,,788904,28,0,5 141 8,1,8,,788978,28,0,5 141 8,1,47,,788938,28,0,5 141 8,1,8,,788868,28,0,5 141 8,1,7,,728303,28,0,5 141 8,1,8,,716736,28,0,5 141 8,1,7,,788859,28,0,5 141 8,1,8,,788867,28,0,5 141 8,1,7,,788856,28,0,5 141 8,1,8,,788880,28,0,5 141 8,1,47,,752049,28,0,5 141 8,1,8,,788935,28,0,5 141 8,1,7,,619617,28,0,5 141 8,1,8,,788972,28,0,5 141 8,1,7,,788963,28,0,5 141 8,1,8,,788981,28,0,5 141 8,1,7,,788918,28,0,5 141 8,1,8,,692805,28,0,5 141 8,1,47,,788939,28,0,5 141 8,1,8,,704152,28,0,5 141 8,1,7,,788952,28,0,5 141 8,1,8,,788912,28,0,5 141 8,1,7,,788876,28,0,5 141 8,1,8,,788865,28,0,5 141 8,1,7,,788851,28,0,5 141 8,1,8,,788893,28,0,5 141 8,1,47,,788976,28,0,5 141 8,1,8,,770721,28,0,5 141 8,1,7,,788983,28,0,5 141 8,1,8,,788863,28,0,5 141 8,1,7,,788879,28,0,5 141 8,1,6,,788889,28,0,5 141 8,1,7,,788942,28,0,5 141 8,1,8,,788903,28,0,5 141 8,1,7,,788874,28,0,5 141 8,1,48,,721791,28,0,5 141 8,1,5,,722149,28,0,5 141 8,1,5,,788870,28,0,5 141 8,1,5,,788860,28,0,5 141 8,1,5,,788888,28,0,5 141 8,1,5,,788957,28,0,5 141 8,1,5,,788910,28,0,5 141 8,1,5,,788887,28,0,5 141 8,1,5,,788921,28,0,5 141 8,1,5,,774492,28,0,5 141 8,1,5,,788977,28,0,5 141 8,1,45,,788932,28,0,5 141 8,1,5,,788923,28,0,5 141 8,1,5,,748419,28,0,5 141 8,1,5,,788914,28,0,5 141 8,1,5,,733739,28,0,5 141 8,1,5,,788897,28,0,5 141 8,1,5,,788884,28,0,5 141 8,1,5,,788901,28,0,5 141 8,1,5,,788858,28,0,5 141 8,1,5,,788875,28,0,5 141 8,1,5,,788905,28,0,5 141 8,1,5,,788877,28,0,5 141 8,1,45,,653365,28,0,5 141 8,1,5,,727102,28,0,5 141 8,1,5,,703909,28,0,5 141 8,1,5,,773116,28,0,5 141 8,1,5,,599927,28,0,5 141 8,1,5,,648614,28,0,5 141 8,1,5,,788908,28,0,5 141 8,1,5,,788937,28,0,5 141 8,1,5,,750471,28,0,5 141 8,1,5,,713125,28,0,5 141 8,1,5,,693883,28,0,5 141 8,1,5,,788927,28,0,5 141 8,1,44,,788966,28,0,5 141 8,1,5,,788894,28,0,5 141 8,1,5,,788973,28,0,5 141 8,1,5,,788855,28,0,5 141 8,1,3,,788965,28,0,5 141 8,1,8,,788913,28,0,5 141 8,1,8,,788962,28,0,5 141 8,1,8,,788864,28,0,5 141 8,1,7,,788852,28,0,5 141 8,1,8,,773135,28,0,5 141 8,1,47,,788956,28,0,5 141 8,1,8,,788872,28,0,5 141 8,1,7,,788931,28,0,5 141 8,1,8,,788899,28,0,5 141 8,1,7,,762277,28,0,5 141 8,1,8,,788940,28,0,5 141 8,1,7,,788929,28,0,5 141 8,1,8,,788975,28,0,5 141 8,1,47,,788916,28,0,5 141 8,1,8,,788878,28,0,5 141 8,1,7,,788928,28,0,5 141 8,1,8,,788985,28,0,5 141 8,1,7,,711942,28,0,5 141 8,1,8,,720739,28,0,5 141 8,1,7,,788967,28,0,5 141 8,1,8,,788968,28,0,5 141 8,1,47,,788984,28,0,5 141 8,1,8,,788926,28,0,5 141 8,1,7,,692790,28,0,5 141 8,1,6,,788933,28,0,5 141 8,1,7,,788955,28,0,5 141 8,1,7,,788854,28,0,5 141 8,1,8,,788951,28,0,17 26 27 8,1
2504,'3',604,,789047,28,0,5 141 8,1,20,,789061,28,0,5 141 8,1,20,,789000,28,0,5 141 8,1,60,,789021,28,0,5 141 8,1,20,,789016,28,0,5 141 8,1,10,,789075,28,0,5 141 8,1,13,,789067,28,0,5 141 8,1,10,,752722,28,0,5 141 8,1,56,,672382,28,0,5 141 8,1,11,,789078,28,0,5 141 8,1,10,,789026,28,0,5 141 8,1,10,,737304,28,0,5 141 8,1,10,,789100,28,0,5 141 8,1,50,,789113,28,0,5 141 8,1,10,,726252,28,0,5 141 8,1,10,,789106,28,0,5 141 8,1,10,,789019,28,0,5 141 8,1,10,,789048,28,0,5 141 8,1,10,,728710,28,0,5 141 8,1,50,,789093,28,0,5 141 8,1,10,,788988,28,0,5 141 8,1,10,,789012,28,0,5 141 8,1,10,,776463,28,0,5 141 8,1,10,,789088,28,0,5 141 8,1,10,,746655,28,0,5 141 8,1,50,,789108,28,0,5 141 8,1,10,,789002,28,0,5 141 8,1,10,,789054,28,0,5 141 8,1,10,,789077,28,0,5 141 8,1,10,,789037,28,0,5 141 8,1,10,,788989,28,0,5 141 8,1,50,,788994,28,0,5 141 8,1,10,,789114,28,0,5 141 8,1,11,,788996,28,0,5 141 8,1,9,,789109,28,0,5 141 8,1,8,,712006,28,0,5 141 8,1,7,,738889,28,0,5 141 8,1,8,,789063,28,0,5 141 8,1,47,,789007,28,0,5 141 8,1,8,,789081,28,0,5 141 8,1,7,,789101,28,0,5 141 8,1,8,,789050,28,0,5 141 8,1,7,,789011,28,0,5 141 8,1,8,,789073,28,0,5 141 8,1,7,,789020,28,0,5 141 8,1,8,,745406,28,0,5 141 8,1,47,,788991,28,0,5 141 8,1,8,,789089,28,0,5 141 8,1,7,,789115,28,0,5 141 8,1,8,,789014,28,0,5 141 8,1,7,,789034,28,0,5 141 8,1,8,,789110,28,0,5 141 8,1,7,,789036,28,0,5 141 8,1,8,,693472,28,0,5 141 8,1,47,,789023,28,0,5 141 8,1,8,,788998,28,0,5 141 8,1,7,,789018,28,0,5 141 8,1,8,,789080,28,0,5 141 8,1,7,,789008,28,0,5 141 8,1,8,,789095,28,0,5 141 8,1,7,,789065,28,0,5 141 8,1,8,,789024,28,0,5 141 8,1,47,,689373,28,0,5 141 8,1,8,,789070,28,0,5 141 8,1,7,,789010,28,0,5 141 8,1,8,,641763,28,0,5 141 8,1,7,,789087,28,0,5 141 8,1,8,,789006,28,0,5 141 8,1,7,,789099,28,0,5 141 8,1,8,,789079,28,0,5 141 8,1,47,,789013,28,0,5 141 8,1,8,,789112,28,0,5 141 8,1,7,,789104,28,0,5 141 8,1,8,,789084,28,0,5 141 8,1,7,,789074,28,0,5 141 8,1,8,,789042,28,0,5 141 8,1,7,,789116,28,0,5 141 8,1,8,,789001,28,0,5 141 8,1,47,,789030,28,0,5 141 8,1,8,,789031,28,0,5 141 8,1,7,,789098,28,0,5 141 8,1,8,,614975,28,0,5 141 8,1,7,,789090,28,0,5 141 8,1,8,,789041,28,0,5 141 8,1,7,,789103,28,0,5 141 8,1,8,,739864,28,0,5 141 8,1,47,,789052,28,0,5 141 8,1,8,,789004,28,0,5 141 8,1,6,,789102,28,0,5 141 8,1,6,,789062,28,0,5 141 8,1,5,,789066,28,0,5 141 8,1,5,,789111,28,0,5 141 8,1,5,,737743,28,0,5 141 8,1,5,,789058,28,0,5 141 8,1,5,,789056,28,0,5 141 8,1,5,,789059,28,0,5 141 8,1,5,,789005,28,0,5 141 8,1,45,,789097,28,0,5 141 8,1,5,,789033,28,0,5 141 8,1,5,,789064,28,0,5 141 8,1,5,,789045,28,0,5 141 8,1,5,,789083,28,0,5 141 8,1,5,,789003,28,0,5 141 8,1,5,,789082,28,0,5 141 8,1,5,,789015,28,0,5 141 8,1,5,,789071,28,0,5 141 8,1,5,,735864,28,0,5 141 8,1,5,,789032,28,0,5 141 8,1,5,,709768,28,0,5 141 8,1,45,,789076,28,0,5 141 8,1,5,,789096,28,0,5 141 8,1,5,,789009,28,0,5 141 8,1,5,,765011,28,0,5 141 8,1,5,,789051,28,0,5 141 8,1,5,,789039,28,0,5 141 8,1,5,,788993,28,0,5 141 8,1,5,,789025,28,0,5 141 8,1,5,,688647,28,0,5 141 8,1,5,,789017,28,0,5 141 8,1,5,,788995,28,0,5 141 8,1,5,,788997,28,0,5 141 8,1,45,,762292,28,0,5 141 8,1,5,,788999,28,0,5 141 8,1,5,,789057,28,0,5 141 8,1,3,,789107,28,0,5 141 8,1,5,,773225,28,0,5 141 8,1,7,,789044,28,0,5 141 8,1,8,,789028,28,0,5 141 8,1,7,,789055,28,0,5 141 8,1,8,,789038,28,0,5 141 8,1,7,,789091,28,0,5 141 8,1,48,,788986,28,0,5 141 8,1,7,,788990,28,0,5 141 8,1,8,,741096,28,0,5 141 8,1,7,,789068,28,0,5 141 8,1,8,,789035,28,0,5 141 8,1,7,,735780,28,0,5 141 8,1,8,,789086,28,0,5 141 8,1,7,,720791,28,0,5 141 8,1,48,,789022,28,0,5 141 8,1,7,,789043,28,0,5 141 8,1,8,,789085,28,0,5 141 8,1,7,,789060,28,0,5 141 8,1,8,,776212,28,0,5 141 8,1,7,,789029,28,0,5 141 8,1,8,,789049,28,0,5 141 8,1,7,,789069,28,0,5 141 8,1,48,,788992,28,0,5 141 8,1,7,,789027,28,0,5 141 8,1,8,,789046,28,0,5 141 8,1,5,,789072,28,0,5 141 8,1,7,,789094,28,0,5 141 8,1,5,,789040,28,0,5 141 8,1,9,,789105,28,0,17 26 27 8,1
2504,'5',534,,789160,14,0,34 141 8,1,23,,745468,28,0,5 141 8,1,50,,789125,28,0,5 141 8,1,10,,789233,28,0,5 141 8,1,10,,789153,28,0,5 141 8,1,10,,789117,28,0,5 141 8,1,10,,620790,28,0,5 141 8,1,10,,700920,28,0,5 141 8,1,50,,789197,28,0,5 141 8,1,16,,789228,28,0,5 141 8,1,10,,789217,28,0,5 141 8,1,10,,789216,28,0,5 141 8,1,10,,789162,28,0,5 141 8,1,50,,789190,28,0,5 141 8,1,10,,789124,28,0,5 141 8,1,11,,789234,28,0,5 141 8,1,10,,789235,28,0,5 141 8,1,10,,789154,28,0,5 141 8,1,10,,789211,28,0,5 141 8,1,50,,789168,28,0,5 141 8,1,10,,789167,28,0,5 141 8,1,10,,707344,28,0,5 141 8,1,10,,742966,28,0,5 141 8,1,10,,789137,28,0,5 141 8,1,10,,789126,28,0,5 141 8,1,50,,789147,28,0,5 141 8,1,10,,789177,28,0,5 141 8,1,10,,789141,28,0,5 141 8,1,10,,789156,28,0,5 141 8,1,10,,789194,28,0,5 141 8,1,10,,789179,28,0,5 141 8,1,50,,789169,28,0,5 141 8,1,10,,712202,28,0,5 141 8,1,10,,789213,28,0,5 141 8,1,10,,789170,28,0,5 141 8,1,10,,789178,28,0,5 141 8,1,10,,754877,28,0,5 141 8,1,50,,789201,28,0,5 141 8,1,10,,789229,28,0,5 141 8,1,11,,789150,28,0,5 141 8,1,9,,789189,28,0,5 141 8,1,8,,623113,28,0,5 141 8,1,7,,789218,28,0,5 141 8,1,8,,789163,28,0,5 141 8,1,47,,768594,28,0,5 141 8,1,8,,789236,28,0,5 141 8,1,7,,789203,28,0,5 141 8,1,8,,789225,28,0,5 141 8,1,7,,789149,28,0,5 141 8,1,8,,620427,28,0,5 141 8,1,7,,767431,28,0,5 141 8,1,8,,789146,28,0,5 141 8,1,47,,789122,28,0,5 141 8,1,8,,789196,28,0,5 141 8,1,7,,711122,28,0,5 141 8,1,8,,769789,28,0,5 141 8,1,7,,789145,28,0,5 141 8,1,8,,789165,28,0,5 141 8,1,7,,769555,28,0,5 141 8,1,8,,711672,28,0,5 141 8,1,47,,710178,28,0,5 141 8,1,8,,789200,28,0,5 141 8,1,7,,789176,28,0,5 141 8,1,8,,789238,28,0,5 141 8,1,7,,789155,28,0,5 141 8,1,8,,789123,28,0,5 141 8,1,7,,789174,28,0,5 141 8,1,8,,789130,28,0,5 141 8,1,47,,789223,28,0,5 141 8,1,8,,789208,28,0,5 141 8,1,7,,789209,28,0,5 141 8,1,8,,789139,28,0,5 141 8,1,7,,789133,28,0,5 141 8,1,8,,789187,28,0,5 141 8,1,7,,789185,28,0,5 141 8,1,8,,789183,28,0,5 141 8,1,47,,789121,28,0,5 141 8,1,8,,789198,28,0,5 141 8,1,7,,726029,28,0,5 141 8,1,8,,749064,28,0,5 141 8,1,7,,789128,28,0,5 141 8,1,8,,695797,28,0,5 141 8,1,7,,789135,28,0,5 141 8,1,8,,789230,28,0,5 141 8,1,47,,789127,28,0,5 141 8,1,8,,789173,28,0,5 141 8,1,7,,789182,28,0,5 141 8,1,8,,789158,28,0,5 141 8,1,7,,789166,28,0,5 141 8,1,8,,789222,28,0,5 141 8,1,7,,727214,28,0,5 141 8,1,8,,654126,28,0,5 141 8,1,47,,789214,28,0,5 141 8,1,8,,789143,28,0,5 141 8,1,6,,789171,28,0,5 141 8,1,6,,789119,28,0,5 141 8,1,5,,749769,28,0,5 141 8,1,5,,789148,28,0,5 141 8,1,5,,789227,28,0,5 141 8,1,5,,628707,28,0,5 141 8,1,5,,789205,28,0,5 141 8,1,5,,789215,28,0,5 141 8,1,5,,789132,28,0,5 141 8,1,45,,789192,28,0,5 141 8,1,5,,789221,28,0,5 141 8,1,5,,772491,28,0,5 141 8,1,5,,789151,28,0,5 141 8,1,5,,789231,28,0,5 141 8,1,5,,698436,28,0,5 141 8,1,5,,789199,28,0,5 141 8,1,5,,777583,28,0,5 141 8,1,5,,789129,28,0,5 141 8,1,5,,789175,28,0,5 141 8,1,5,,605066,28,0,5 141 8,1,5,,751286,28,0,5 141 8,1,45,,789206,28,0,5 141 8,1,5,,771359,28,0,5 141 8,1,5,,789191,28,0,5 141 8,1,5,,678328,28,0,5 141 8,1,5,,720499,28,0,5 141 8,1,5,,789220,28,0,5 141 8,1,5,,789142,28,0,5 141 8,1,5,,789224,28,0,5 141 8,1,5,,789237,28,0,5 141 8,1,5,,789131,28,0,5 141 8,1,5,,789195,28,0,5 141 8,1,5,,789219,28,0,5 141 8,1,45,,789172,28,0,5 141 8,1,5,,789180,28,0,5 141 8,1,5,,789193,28,0,5 141 8,1,3,,789144,28,0,5 141 8,1,5,,577615,28,0,5 141 8,1,7,,789207,28,0,5 141 8,1,8,,789136,28,0,5 141 8,1,7,,789210,28,0,5 141 8,1,8,,789212,28,0,5 141 8,1,7,,789161,28,0,5 141 8,1,48,,789157,28,0,5 141 8,1,7,,789134,28,0,5 141 8,1,8,,789184,28,0,5 141 8,1,7,,789232,28,0,5 141 8,1,8,,789118,28,0,5 141 8,1,7,,726295,28,0,5 141 8,1,8,,789240,28,0,5 141 8,1,7,,789159,28,0,5 141 8,1,48,,789202,28,0,5 141 8,1,7,,748190,28,0,5 141 8,1,8,,789204,28,0,5 141 8,1,7,,789181,28,0,5 141 8,1,8,,789186,28,0,5 141 8,1,7,,716182,28,0,5 141 8,1,8,,789164,28,0,5 141 8,1,7,,789239,28,0,5 141 8,1,48,,789152,28,0,5 141 8,1,7,,760425,28,0,5 141 8,1,8,,758629,28,0,5 141 8,1,5,,789226,28,0,5 141 8,1,7,,769260,28,0,5 141 8,1,5,,789138,28,0,5 141 8,1,9,,721948,28,0,17 26 27 8,1
32504,'1',501,,858235,28,0,11 12 147,1,16,,858233,28,0,11 12 147,1,2088,,773108,16,0,11 12 147,1,15,,858231,16,0,17 74,1,15,,858234,16,0,11 12 147,1,66,,858232,28,0,11 12 147,1,30,,858230,28,0,11 12 147,1,70,,858229,28,0,11 12 147,1,30,,674979,28,0,11 12 147,1
32504,'2',501,,858236,28,0,11 12 147,1,18,,858238,28,0,11 12 147,1,2086,,858240,16,0,11 12 147,1,15,,752441,16,0,17 74,1,15,,858241,16,0,11 12 147,1,66,,858237,28,0,11 12 147,1,30,,858239,28,0,11 12 147,1,70,,858243,28,0,11 12 147,1,30,,858242,28,0,11 12 147,1
32504,'3',501,,858248,28,0,11 12 147,1,28,,858244,28,0,11 12 147,1,2076,,858246,16,0,11 12 147,1,15,,772455,16,0,17 74,1,15,,858245,16,0,11 12 147,1,66,,858249,28,0,11 12 147,1,30,,858247,28,0,11 12 147,1,70,,773215,28,0,11 12 147,1,30,,709449,28,0,11 12 147,1
32504,'5',505,,858250,28,0,11 12 147,1,16,,858256,28,0,11 12 147,1,2084,,760644,16,0,11 12 147,1,15,,858254,16,0,17 74,1,15,,702095,16,0,11 12 147,1,66,,858255,28,0,11 12 147,1,30,,858252,28,0,11 12 147,1,70,,858253,28,0,11 12 147,1,30,,858251,28,0,11 12 147,1
92504,'1',627,,863576,10,0,141 8,1,14,,863594,10,0,141 8,1,12,,863568,10,0,141 8,1,52,,863634,10,0,141 8,1,12,,863598,10,0,141 8,1,10,,863633,10,0,141 8,1,10,,863615,10,0,141 8,1,10,,863611,10,0,141 8,1,10,,863612,10,0,141 8,1,50,,863601,10,0,141 8,1,10,,863569,10,0,141 8,1,10,,713431,10,0,141 8,1,10,,658495,10,0,141 8,1,10,,863571,10,0,141 8,1,10,,762679,10,0,141 8,1,50,,863573,10,0,141 8,1,10,,863595,10,0,141 8,1,6,,863592,10,0,141 8,1,10,,863603,10,0,141 8,1,11,,863600,10,0,141 8,1,12,,863624,10,0,141 8,1,52,,863599,10,0,141 8,1,12,,733307,10,0,141 8,1,12,,863581,10,0,141 8,1,12,,863590,10,0,141 8,1,12,,863632,10,0,141 8,1,52,,863586,10,0,141 8,1,12,,863630,10,0,141 8,1,12,,863602,10,0,141 8,1,12,,863621,10,0,141 8,1,12,,759610,10,0,141 8,1,52,,863585,10,0,141 8,1,12,,863622,10,0,141 8,1,12,,863608,10,0,141 8,1,12,,693016,10,0,141 8,1,12,,863584,10,0,141 8,1,52,,863635,10,0,141 8,1,12,,863593,10,0,141 8,1,12,,863627,10,0,141 8,1,12,,737078,10,0,141 8,1,12,,863618,10,0,141 8,1,52,,712299,10,0,141 8,1,12,,863575,10,0,141 8,1,12,,863629,10,0,141 8,1,12,,863609,10,0,141 8,1,8,,863605,10,0,141 8,1,49,,863613,10,0,141 8,1,10,,705667,10,0,141 8,1,8,,683754,10,0,141 8,1,12,,527575,10,0,141 8,1,10,,706698,10,0,141 8,1,10,,863604,10,0,141 8,1,50,,779072,10,0,141 8,1,10,,863582,10,0,141 8,1,10,,710517,10,0,141 8,1,10,,769427,10,0,141 8,1,10,,480399,10,0,141 8,1,10,,863588,10,0,141 8,1,50,,863628,10,0,141 8,1,10,,863597,10,0,141 8,1,10,,863623,10,0,141 8,1,10,,863625,10,0,141 8,1,10,,863610,10,0,141 8,1,10,,863619,10,0,141 8,1,50,,863591,10,0,141 8,1,10,,863616,10,0,141 8,1,10,,606664,10,0,141 8,1,10,,728407,10,0,141 8,1,10,,863596,10,0,141 8,1,10,,863620,10,0,141 8,1,50,,863570,10,0,141 8,1,9,,863567,10,0,141 8,1,10,,863572,10,0,141 8,1,6,,863577,10,0,141 8,1,12,,863606,10,0,141 8,1,12,,863574,10,0,141 8,1,52,,863589,10,0,141 8,1,12,,863566,10,0,141 8,1,12,,750170,10,0,141 8,1,12,,863578,10,0,141 8,1,12,,863587,10,0,141 8,1,52,,863580,10,0,141 8,1,12,,863583,10,0,141 8,1,12,,863579,10,0,141 8,1,12,,863614,10,0,141 8,1,12,,863636,10,0,141 8,1,52,,863631,10,0,141 8,1,9,,744066,10,0,141 8,1,9,,863617,10,0,141 8,1
92504,'2',734,,863682,10,0,141 8,1,10,,863703,10,0,141 8,1,10,,863661,10,0,141 8,1,50,,741028,10,0,141 8,1,10,,863692,10,0,141 8,1,10,,863669,10,0,141 8,1,10,,752237,10,0,141 8,1,10,,768696,10,0,141 8,1,10,,863647,10,0,141 8,1,50,,863701,10,0,141 8,1,10,,863694,10,0,141 8,1,10,,622666,10,0,141 8,1,10,,863660,10,0,141 8,1,10,,863646,10,0,141 8,1,10,,863697,10,0,141 8,1,50,,863690,10,0,141 8,1,10,,863668,10,0,141 8,1,10,,863678,10,0,141 8,1,10,,863645,10,0,141 8,1,10,,863689,10,0,141 8,1,10,,863705,10,0,141 8,1,50,,736195,10,0,141 8,1,10,,863651,10,0,141 8,1,10,,863662,10,0,141 8,1,10,,863664,10,0,141 8,1,10,,863673,10,0,141 8,1,10,,863686,10,0,141 8,1,50,,863650,10,0,141 8,1,9,,863638,10,0,141 8,1,7,,863665,10,0,141 8,1,9,,704266,10,0,141 8,1,7,,863663,10,0,141 8,1,8,,863672,10,0,141 8,1,7,,863675,10,0,141 8,1,8,,863667,10,0,141 8,1,47,,759262,10,0,141 8,1,8,,863707,10,0,141 8,1,7,,863685,10,0,141 8,1,8,,863680,10,0,141 8,1,7,,863676,10,0,141 8,1,8,,863704,10,0,141 8,1,7,,863700,10,0,141 8,1,8,,863644,10,0,141 8,1,47,,696674,10,0,141 8,1,8,,863698,10,0,141 8,1,7,,863654,10,0,141 8,1,8,,863658,10,0,141 8,1,7,,863666,10,0,141 8,1,8,,863693,10,0,141 8,1,7,,863674,10,0,141 8,1,8,,863640,10,0,141 8,1,47,,730095,10,0,141 8,1,8,,863677,10,0,141 8,1,7,,732592,10,0,141 8,1,8,,640134,10,0,141 8,1,7,,863683,10,0,141 8,1,8,,863688,10,0,141 8,1,7,,863702,10,0,141 8,1,8,,863643,10,0,141 8,1,47,,863652,10,0,141 8,1,8,,863706,10,0,141 8,1,7,,863655,10,0,141 8,1,8,,863695,10,0,141 8,1,7,,863648,10,0,141 8,1,8,,764433,10,0,141 8,1,7,,863641,10,0,141 8,1,8,,863679,10,0,141 8,1,47,,765755,10,0,141 8,1,8,,863656,10,0,141 8,1,7,,863670,10,0,141 8,1,8,,863696,10,0,141 8,1,7,,863681,10,0,141 8,1,8,,863637,10,0,141 8,1,7,,739732,10,0,141 8,1,8,,863659,10,0,141 8,1,47,,863657,10,0,141 8,1,8,,710940,10,0,141 8,1,7,,863649,10,0,141 8,1,8,,863691,10,0,141 8,1,7,,863699,10,0,141 8,1,8,,863671,10,0,141 8,1,7,,863642,10,0,141 8,1,8,,863684,10,0,141 8,1,47,,757331,10,0,141 8,1,8,,863687,10,0,141 8,1,7,,863639,10,0,141 8,1,7,,863653,10,0,141 8,1
92504,'3',738,,863780,10,0,141 8,1,15,,863716,10,0,141 8,1,55,,759874,10,0,141 8,1,15,,863773,10,0,141 8,1,10,,863724,10,0,141 8,1,10,,770585,10,0,141 8,1,10,,863737,10,0,141 8,1,50,,863751,10,0,141 8,1,10,,863768,10,0,141 8,1,10,,863720,10,0,141 8,1,10,,863728,10,0,141 8,1,10,,863732,10,0,141 8,1,10,,863782,10,0,141 8,1,50,,863711,10,0,141 8,1,10,,863725,10,0,141 8,1,10,,863748,10,0,141 8,1,10,,659820,10,0,141 8,1,10,,863742,10,0,141 8,1,10,,863776,10,0,141 8,1,50,,863709,10,0,141 8,1,10,,863760,10,0,141 8,1,10,,863736,10,0,141 8,1,10,,863752,10,0,141 8,1,10,,863771,10,0,141 8,1,10,,863722,10,0,141 8,1,50,,863721,10,0,141 8,1,10,,863734,10,0,141 8,1,12,,863710,10,0,141 8,1,7,,863772,10,0,141 8,1,8,,735863,10,0,141 8,1,7,,863731,10,0,141 8,1,8,,863738,10,0,141 8,1,47,,674447,10,0,141 8,1,8,,863750,10,0,141 8,1,7,,863777,10,0,141 8,1,8,,863740,10,0,141 8,1,7,,863729,10,0,141 8,1,8,,863733,10,0,141 8,1,7,,863781,10,0,141 8,1,8,,863759,10,0,141 8,1,47,,863741,10,0,141 8,1,8,,863743,10,0,141 8,1,7,,863775,10,0,141 8,1,8,,863774,10,0,141 8,1,7,,863739,10,0,141 8,1,8,,863726,10,0,141 8,1,7,,863717,10,0,141 8,1,8,,863753,10,0,141 8,1,47,,863764,10,0,141 8,1,8,,863727,10,0,141 8,1,7,,863770,10,0,141 8,1,8,,863761,10,0,141 8,1,7,,863746,10,0,141 8,1,8,,863712,10,0,141 8,1,7,,863778,10,0,141 8,1,8,,863723,10,0,141 8,1,47,,863735,10,0,141 8,1,8,,863715,10,0,141 8,1,7,,863719,10,0,141 8,1,8,,863766,10,0,141 8,1,7,,863755,10,0,141 8,1,8,,863757,10,0,141 8,1,7,,863718,10,0,141 8,1,8,,863765,10,0,141 8,1,47,,863779,10,0,141 8,1,8,,863730,10,0,141 8,1,7,,863762,10,0,141 8,1,8,,712446,10,0,141 8,1,7,,730901,10,0,141 8,1,8,,863745,10,0,141 8,1,7,,863754,10,0,141 8,1,8,,863749,10,0,141 8,1,47,,863747,10,0,141 8,1,8,,863763,10,0,141 8,1,7,,647085,10,0,141 8,1,8,,863756,10,0,141 8,1,7,,863714,10,0,141 8,1,8,,863769,10,0,141 8,1,7,,863713,10,0,141 8,1,8,,863758,10,0,141 8,1,47,,863708,10,0,141 8,1,8,,863767,10,0,141 8,1,7,,863744,10,0,141 8,1
92504,'5',738,,863832,10,0,141 8,1,15,,863819,10,0,141 8,1,55,,863803,10,0,141 8,1,15,,766948,10,0,141 8,1,10,,863817,10,0,141 8,1,10,,863841,10,0,141 8,1,10,,863795,10,0,141 8,1,50,,863842,10,0,141 8,1,10,,863806,10,0,141 8,1,10,,863816,10,0,141 8,1,10,,863834,10,0,141 8,1,10,,863786,10,0,141 8,1,10,,863822,10,0,141 8,1,50,,863829,10,0,141 8,1,10,,863804,10,0,141 8,1,10,,863820,10,0,141 8,1,10,,863791,10,0,141 8,1,10,,863811,10,0,141 8,1,10,,863800,10,0,141 8,1,50,,863849,10,0,141 8,1,10,,863831,10,0,141 8,1,10,,743880,10,0,141 8,1,10,,709518,10,0,141 8,1,10,,863789,10,0,141 8,1,10,,863790,10,0,141 8,1,50,,863784,10,0,141 8,1,10,,863825,10,0,141 8,1,12,,863787,10,0,141 8,1,7,,863833,10,0,141 8,1,8,,863848,10,0,141 8,1,7,,863826,10,0,141 8,1,8,,863810,10,0,141 8,1,47,,863792,10,0,141 8,1,8,,863785,10,0,141 8,1,7,,863827,10,0,141 8,1,8,,549413,10,0,141 8,1,7,,739916,10,0,141 8,1,8,,863788,10,0,141 8,1,7,,863836,10,0,141 8,1,8,,726309,10,0,141 8,1,47,,863851,10,0,141 8,1,8,,863835,10,0,141 8,1,7,,863843,10,0,141 8,1,8,,863783,10,0,141 8,1,7,,863808,10,0,141 8,1,8,,863807,10,0,141 8,1,7,,863801,10,0,141 8,1,8,,863854,10,0,141 8,1,47,,863821,10,0,141 8,1,8,,725706,10,0,141 8,1,7,,706954,10,0,141 8,1,8,,863797,10,0,141 8,1,7,,863845,10,0,141 8,1,8,,863846,10,0,141 8,1,7,,863812,10,0,141 8,1,8,,863840,10,0,141 8,1,47,,863853,10,0,141 8,1,8,,863823,10,0,141 8,1,7,,863813,10,0,141 8,1,8,,863814,10,0,141 8,1,7,,863837,10,0,141 8,1,8,,863850,10,0,141 8,1,7,,863847,10,0,141 8,1,8,,863793,10,0,141 8,1,47,,863798,10,0,141 8,1,8,,863838,10,0,141 8,1,7,,766474,10,0,141 8,1,8,,742002,10,0,141 8,1,7,,863796,10,0,141 8,1,8,,863815,10,0,141 8,1,7,,863824,10,0,141 8,1,8,,863852,10,0,141 8,1,47,,863805,10,0,141 8,1,8,,863818,10,0,141 8,1,7,,863802,10,0,141 8,1,8,,615107,10,0,141 8,1,7,,863839,10,0,141 8,1,8,,863794,10,0,141 8,1,7,,863809,10,0,141 8,1,8,,863799,10,0,141 8,1,47,,863844,10,0,141 8,1,8,,863830,10,0,141 8,1,7,,863828,10,0,141 8,1
