804,'1',619,,780572,36,0,141 15,1,21,,780582,36,0,141 15,1,18,,780574,36,0,141 15,1,58,,780561,36,0,141 15,1,18,,780567,36,0,141 15,1,18,,780575,36,0,141 15,1,58,,780564,36,0,141 15,1,18,,780551,36,0,141 15,1,18,,780579,36,0,141 15,1,58,,780545,36,0,141 15,1,18,,780589,36,0,141 15,1,14,,780568,36,0,141 15,1,22,,780577,36,0,141 15,1,62,,780558,36,0,141 15,1,22,,686280,36,0,141 15,1,62,,726102,36,0,141 15,1,22,,780584,36,0,141 15,1,22,,780560,36,0,141 15,1,62,,780547,36,0,141 15,1,22,,780563,36,0,141 15,1,22,,604373,36,0,141 15,1,62,,768455,36,0,141 15,1,22,,780588,36,0,141 15,1,62,,780549,36,0,141 15,1,22,,780583,36,0,141 15,1,23,,780570,36,0,141 15,1,60,,778242,36,0,141 15,1,20,,780576,36,0,141 15,1,20,,718791,36,0,141 15,1,60,,780552,36,0,141 15,1,18,,780587,36,0,141 15,1,18,,780556,36,0,141 15,1,18,,770605,36,0,141 15,1,58,,780559,36,0,141 15,1,18,,780573,36,0,141 15,1,18,,780586,36,0,141 15,1,58,,780566,36,0,141 15,1,18,,780548,36,0,141 15,1,18,,780585,36,0,141 15,1,58,,665866,36,0,141 15,1,18,,780578,36,0,141 15,1,13,,780581,36,0,141 15,1,18,,780565,36,0,141 15,1,60,,780555,36,0,141 15,1,20,,749851,36,0,141 15,1,20,,741730,36,0,141 15,1,60,,780557,36,0,141 15,1,20,,630611,36,0,141 15,1,20,,780580,36,0,141 15,1,60,,546398,36,0,141 15,1,16,,780553,36,0,141 15,1,21,,780550,36,0,141 15,1,60,,780546,36,0,141 15,1,25,,780569,36,0,141 15,1,65,,771501,36,0,141 15,1,25,,780554,36,0,141 15,1,25,,780590,36,0,141 15,1,65,,780562,36,0,141 15,1,26,,780571,36,0,141 15,1,70,,780591,36,0,141 15,1
804,'2',607,,650057,36,0,141 15,1,18,,780594,36,0,141 15,1,25,,780596,36,0,141 15,1,65,,780633,36,0,141 15,1,25,,780628,36,0,141 15,1,62,,780648,36,0,141 15,1,32,,780610,36,0,141 15,1,20,,780620,36,0,141 15,1,65,,780608,36,0,141 15,1,20,,707095,36,0,141 15,1,20,,780604,36,0,141 15,1,60,,780598,36,0,141 15,1,20,,780641,36,0,141 15,1,20,,780609,36,0,141 15,1,60,,780600,36,0,141 15,1,20,,780644,36,0,141 15,1,20,,780649,36,0,141 15,1,60,,780606,36,0,141 15,1,21,,780611,36,0,141 15,1,60,,780624,36,0,141 15,1,19,,780593,36,0,141 15,1,15,,780616,36,0,141 15,1,15,,780636,36,0,141 15,1,55,,726455,36,0,141 15,1,15,,780621,36,0,141 15,1,15,,780639,36,0,141 15,1,15,,780607,36,0,141 15,1,55,,780640,36,0,141 15,1,15,,780597,36,0,141 15,1,15,,780623,36,0,141 15,1,15,,780613,36,0,141 15,1,55,,780625,36,0,141 15,1,15,,780599,36,0,141 15,1,15,,780622,36,0,141 15,1,15,,780638,36,0,141 15,1,55,,739718,36,0,141 15,1,15,,780603,36,0,141 15,1,15,,780645,36,0,141 15,1,15,,710008,36,0,141 15,1,55,,780602,36,0,141 15,1,15,,780637,36,0,141 15,1,15,,780592,36,0,141 15,1,15,,780646,36,0,141 15,1,55,,780631,36,0,141 15,1,15,,780595,36,0,141 15,1,14,,780615,36,0,141 15,1,10,,780614,36,0,141 15,1,60,,780601,36,0,141 15,1,15,,780635,36,0,141 15,1,15,,780632,36,0,141 15,1,15,,780612,36,0,141 15,1,55,,780642,36,0,141 15,1,15,,780634,36,0,141 15,1,15,,780629,36,0,141 15,1,15,,600798,36,0,141 15,1,55,,780617,36,0,141 15,1,15,,780647,36,0,141 15,1,12,,693119,36,0,141 15,1,15,,780630,36,0,141 15,1,64,,780627,36,0,141 15,1,27,,780619,36,0,141 15,1,67,,780618,36,0,141 15,1,27,,641497,36,0,141 15,1,27,,780626,36,0,141 15,1,67,,780643,36,0,141 15,1,27,,780605,36,0,141 15,1,70,,771178,36,0,141 15,1
804,'3',609,,780690,36,0,141 15,1,30,,780684,36,0,141 15,1,70,,780664,36,0,141 15,1,30,,780685,36,0,141 15,1,70,,780661,36,0,141 15,1,30,,780691,36,0,141 15,1,64,,780678,36,0,141 15,1,26,,632072,36,0,141 15,1,26,,780656,36,0,141 15,1,66,,778641,36,0,141 15,1,26,,780674,36,0,141 15,1,66,,780686,36,0,141 15,1,26,,780653,36,0,141 15,1,66,,780689,36,0,141 15,1,17,,780668,36,0,141 15,1,17,,780665,36,0,141 15,1,17,,780679,36,0,141 15,1,59,,729761,36,0,141 15,1,17,,780681,36,0,141 15,1,17,,755588,36,0,141 15,1,57,,759848,36,0,141 15,1,17,,780692,36,0,141 15,1,17,,780652,36,0,141 15,1,17,,780673,36,0,141 15,1,57,,705945,36,0,141 15,1,17,,780667,36,0,141 15,1,17,,780696,36,0,141 15,1,57,,780682,36,0,141 15,1,17,,699426,36,0,141 15,1,17,,780658,36,0,141 15,1,17,,780650,36,0,141 15,1,57,,780666,36,0,141 15,1,17,,780677,36,0,141 15,1,17,,780687,36,0,141 15,1,57,,780651,36,0,141 15,1,17,,780670,36,0,141 15,1,17,,780657,36,0,141 15,1,17,,780693,36,0,141 15,1,57,,780669,36,0,141 15,1,11,,759695,36,0,141 15,1,17,,780680,36,0,141 15,1,17,,780688,36,0,141 15,1,56,,780672,36,0,141 15,1,17,,716312,36,0,141 15,1,17,,632149,36,0,141 15,1,57,,762905,36,0,141 15,1,17,,780662,36,0,141 15,1,17,,616653,36,0,141 15,1,17,,780660,36,0,141 15,1,57,,780671,36,0,141 15,1,15,,694617,36,0,141 15,1,17,,780694,36,0,141 15,1,14,,780659,36,0,141 15,1,60,,780675,36,0,141 15,1,27,,727835,36,0,141 15,1,67,,780695,36,0,141 15,1,27,,780655,36,0,141 15,1,67,,780663,36,0,141 15,1,27,,780683,36,0,141 15,1,67,,780676,36,0,141 15,1,19,,780654,36,0,141 15,1
804,'5',606,,780713,36,0,141 15,1,30,,780711,36,0,141 15,1,70,,659349,36,0,141 15,1,30,,780699,36,0,141 15,1,70,,780716,36,0,141 15,1,30,,780706,36,0,141 15,1,67,,759313,36,0,141 15,1,26,,780715,36,0,141 15,1,26,,780742,36,0,141 15,1,66,,725336,36,0,141 15,1,26,,780735,36,0,141 15,1,66,,780734,36,0,141 15,1,26,,780703,36,0,141 15,1,66,,780705,36,0,141 15,1,17,,780700,36,0,141 15,1,17,,780718,36,0,141 15,1,17,,780722,36,0,141 15,1,59,,780702,36,0,141 15,1,17,,780732,36,0,141 15,1,17,,780743,36,0,141 15,1,57,,780714,36,0,141 15,1,17,,780741,36,0,141 15,1,17,,726893,36,0,141 15,1,17,,780704,36,0,141 15,1,57,,734975,36,0,141 15,1,17,,780727,36,0,141 15,1,17,,780725,36,0,141 15,1,57,,780731,36,0,141 15,1,17,,757218,36,0,141 15,1,17,,780712,36,0,141 15,1,17,,780745,36,0,141 15,1,57,,657405,36,0,141 15,1,17,,780733,36,0,141 15,1,17,,780740,36,0,141 15,1,57,,780729,36,0,141 15,1,17,,780728,36,0,141 15,1,17,,780709,36,0,141 15,1,17,,780730,36,0,141 15,1,57,,780737,36,0,141 15,1,11,,780739,36,0,141 15,1,17,,780724,36,0,141 15,1,17,,780717,36,0,141 15,1,56,,775202,36,0,141 15,1,17,,780710,36,0,141 15,1,17,,780719,36,0,141 15,1,57,,780698,36,0,141 15,1,17,,780736,36,0,141 15,1,17,,773241,36,0,141 15,1,17,,780738,36,0,141 15,1,57,,780720,36,0,141 15,1,15,,780708,36,0,141 15,1,17,,753835,36,0,141 15,1,14,,735426,36,0,141 15,1,60,,780707,36,0,141 15,1,27,,780744,36,0,141 15,1,67,,780723,36,0,141 15,1,27,,780697,36,0,141 15,1,67,,780746,36,0,141 15,1,27,,780701,36,0,141 15,1,69,,780721,36,0,141 15,1,17,,780726,36,0,141 15,1
2504,'1',548,,788632,36,0,34 141 8,1,10,,788654,51,0,5 141 8,1,47,,788572,38,0,34 141 8,1,2,,788835,51,0,5 141 8,1,6,,788607,38,0,34 141 8,1,4,,788767,51,0,5 141 8,1,6,,788833,51,0,5 141 8,1,6,,788748,51,0,5 141 8,1,4,,788645,38,0,34 141 8,1,1,,788549,51,0,5 141 8,1,12,,788799,38,0,34 141 8,1,6,,788831,38,0,34 141 8,1,6,,788784,38,0,34 141 8,1,46,,771964,38,0,34 141 8,1,6,,536936,38,0,34 141 8,1,6,,788620,38,0,34 141 8,1,6,,755699,38,0,34 141 8,1,6,,788637,38,0,34 141 8,1,6,,714878,38,0,34 141 8,1,6,,788818,38,0,34 141 8,1,5,,788674,38,0,34 141 8,1,5,,788690,38,0,34 141 8,1,5,,647903,38,0,34 141 8,1,45,,788726,38,0,34 141 8,1,5,,788836,38,0,34 141 8,1,5,,788648,38,0,34 141 8,1,5,,721672,38,0,34 141 8,1,5,,788542,38,0,34 141 8,1,5,,765660,38,0,34 141 8,1,5,,788741,38,0,34 141 8,1,5,,788688,38,0,34 141 8,1,5,,788588,38,0,34 141 8,1,5,,788815,38,0,34 141 8,1,5,,788675,38,0,34 141 8,1,5,,788672,38,0,34 141 8,1,45,,722628,38,0,34 141 8,1,5,,788803,38,0,34 141 8,1,5,,788581,38,0,34 141 8,1,6,,788751,38,0,34 141 8,1,5,,788774,38,0,34 141 8,1,4,,788541,38,0,34 141 8,1,5,,788600,38,0,34 141 8,1,4,,788659,38,0,34 141 8,1,3,,788594,38,0,34 141 8,1,4,,788540,38,0,34 141 8,1,5,,788576,38,0,34 141 8,1,6,,788583,38,0,34 141 8,1,6,,788560,38,0,34 141 8,1,46,,788601,38,0,34 141 8,1,6,,788829,38,0,34 141 8,1,6,,788586,38,0,34 141 8,1,6,,788792,38,0,34 141 8,1,6,,772004,38,0,34 141 8,1,6,,788660,38,0,34 141 8,1,6,,788568,38,0,34 141 8,1,6,,741201,38,0,34 141 8,1,6,,788845,38,0,34 141 8,1,6,,788770,38,0,34 141 8,1,46,,788639,38,0,34 141 8,1,6,,788737,38,0,34 141 8,1,6,,788697,38,0,34 141 8,1,6,,788689,38,0,34 141 8,1,6,,788755,38,0,34 141 8,1,6,,788727,38,0,34 141 8,1,6,,788704,38,0,34 141 8,1,6,,788796,38,0,34 141 8,1,6,,788802,38,0,34 141 8,1,6,,788811,38,0,34 141 8,1,46,,788670,38,0,34 141 8,1,6,,701527,38,0,34 141 8,1,6,,788733,38,0,34 141 8,1,6,,788749,38,0,34 141 8,1,6,,770175,38,0,34 141 8,1,6,,788621,38,0,34 141 8,1,6,,788631,38,0,34 141 8,1,6,,788757,38,0,34 141 8,1,6,,777332,38,0,34 141 8,1,6,,788647,38,0,34 141 8,1,46,,788563,38,0,34 141 8,1,6,,788683,38,0,34 141 8,1,6,,749685,38,0,34 141 8,1,6,,714005,38,0,34 141 8,1,6,,788698,38,0,34 141 8,1,6,,788806,38,0,34 141 8,1,6,,788685,38,0,34 141 8,1,6,,788602,38,0,34 141 8,1,6,,788633,38,0,34 141 8,1,6,,788746,38,0,34 141 8,1,46,,697023,38,0,34 141 8,1,6,,739254,38,0,34 141 8,1,6,,695046,38,0,34 141 8,1,6,,788684,38,0,34 141 8,1,6,,756444,38,0,34 141 8,1,6,,788732,38,0,34 141 8,1,6,,788814,38,0,34 141 8,1,6,,788779,38,0,34 141 8,1,6,,788641,38,0,34 141 8,1,6,,788548,38,0,34 141 8,1,46,,788646,38,0,34 141 8,1,6,,761145,38,0,34 141 8,1,5,,731488,20,0,34 141 8,1,1,,788809,38,0,34 141 8,1,4,,788773,20,0,34 141 8,1,1,,724502,38,0,34 141 8,1,4,,788819,38,0,34 141 8,1,6,,788842,38,0,34 141 8,1,4,,788723,20,0,34 141 8,1,8,,788813,38,0,34 141 8,1,5,,788739,38,0,34 141 8,1,5,,788709,38,0,34 141 8,1,5,,788783,38,0,34 141 8,1,0,,788699,37,0,34 141 8,1,45,,788577,38,0,34 141 8,1,5,,788555,38,0,34 141 8,1,5,,788556,38,0,34 141 8,1,5,,788629,38,0,34 141 8,1,5,,788788,38,0,34 141 8,1,5,,788826,38,0,34 141 8,1,5,,788584,38,0,34 141 8,1,5,,788574,38,0,34 141 8,1,5,,788673,38,0,34 141 8,1,5,,788590,38,0,34 141 8,1,5,,788735,38,0,34 141 8,1,5,,788667,38,0,34 141 8,1,45,,788573,38,0,34 141 8,1,5,,788740,38,0,34 141 8,1,5,,788711,38,0,34 141 8,1,5,,649843,38,0,34 141 8,1,5,,788666,38,0,34 141 8,1,5,,788718,38,0,34 141 8,1,5,,788812,38,0,34 141 8,1,5,,788775,38,0,34 141 8,1,5,,788650,38,0,34 141 8,1,5,,788619,38,0,34 141 8,1,5,,788668,38,0,34 141 8,1,5,,788562,38,0,34 141 8,1,45,,650760,38,0,34 141 8,1,5,,788551,38,0,34 141 8,1,5,,788643,38,0,34 141 8,1,5,,788753,38,0,34 141 8,1,5,,788569,38,0,34 141 8,1,5,,788561,38,0,34 141 8,1,5,,788701,38,0,34 141 8,1,5,,762428,38,0,34 141 8,1,5,,788781,38,0,34 141 8,1,5,,746915,38,0,34 141 8,1,5,,788730,38,0,34 141 8,1,5,,788768,38,0,34 141 8,1,45,,788745,38,0,34 141 8,1,4,,788793,38,0,34 141 8,1,5,,788613,38,0,34 141 8,1,6,,788843,38,0,34 141 8,1,5,,788747,38,0,34 141 8,1,4,,788801,38,0,34 141 8,1,6,,602923,38,0,34 141 8,1,6,,788712,38,0,34 141 8,1,6,,788682,38,0,34 141 8,1,6,,788807,38,0,34 141 8,1,6,,710811,38,0,34 141 8,1,46,,788559,38,0,34 141 8,1,6,,788744,38,0,34 141 8,1,6,,788847,38,0,34 141 8,1,6,,788687,38,0,34 141 8,1,6,,788728,38,0,34 141 8,1,6,,788681,38,0,34 141 8,1,6,,788804,38,0,34 141 8,1,6,,788715,38,0,34 141 8,1,6,,788692,38,0,34 141 8,1,6,,788722,38,0,34 141 8,1,46,,788725,38,0,34 141 8,1,6,,788578,38,0,34 141 8,1,6,,788671,38,0,34 141 8,1,6,,788662,38,0,34 141 8,1,6,,788663,38,0,34 141 8,1,6,,788653,38,0,34 141 8,1,6,,788596,38,0,34 141 8,1,6,,788729,38,0,34 141 8,1,6,,788657,38,0,34 141 8,1,6,,788721,38,0,34 141 8,1,47,,788782,38,0,34 141 8,1,4,,692983,38,0,34 141 8,1,6,,788810,38,0,34 141 8,1,6,,788585,38,0,34 141 8,1,5,,699137,38,0,34 141 8,1,4,,788661,38,0,34 141 8,1,6,,788736,38,0,34 141 8,1,6,,705184,51,0,5 141 8,1,6,,727033,51,0,5 141 8,1,6,,643943,51,0,5 141 8,1,6,,788553,51,0,5 141 8,1,46,,788557,51,0,5 141 8,1,6,,788693,51,0,5 141 8,1,6,,788720,51,0,5 141 8,1,6,,788570,51,0,5 141 8,1,6,,788795,51,0,5 141 8,1,6,,788644,51,0,5 141 8,1,6,,788734,51,0,5 141 8,1,6,,788839,51,0,5 141 8,1,6,,788628,51,0,5 141 8,1,6,,788763,51,0,5 141 8,1,46,,707913,51,0,5 141 8,1,6,,788564,51,0,5 141 8,1,6,,788630,51,0,5 141 8,1,6,,788780,51,0,5 141 8,1,6,,788798,51,0,5 141 8,1,6,,671882,51,0,5 141 8,1,6,,788848,51,0,5 141 8,1,6,,788700,51,0,5 141 8,1,6,,788649,51,0,5 141 8,1,6,,788827,51,0,5 141 8,1,46,,788791,51,0,5 141 8,1,6,,788805,51,0,5 141 8,1,6,,639299,51,0,5 141 8,1,6,,788738,51,0,5 141 8,1,6,,788830,51,0,5 141 8,1,6,,788589,51,0,5 141 8,1,6,,788664,51,0,5 141 8,1,6,,788825,51,0,5 141 8,1,2,,788655,51,0,5 141 8,1,6,,664407,51,0,5 141 8,1,46,,528149,51,0,5 141 8,1
2504,'2',553,,788853,36,0,34 141 8,1,58,,765465,51,0,5 141 8,1,8,,777013,51,0,5 141 8,1,12,,788881,51,0,5 141 8,1,7,,788941,51,0,5 141 8,1,8,,788949,51,0,5 141 8,1,7,,788922,51,0,5 141 8,1,48,,788896,51,0,5 141 8,1,7,,788964,51,0,5 141 8,1,8,,788960,51,0,5 141 8,1,7,,788917,51,0,5 141 8,1,8,,788958,51,0,5 141 8,1,7,,788924,51,0,5 141 8,1,8,,788869,51,0,5 141 8,1,7,,788970,51,0,5 141 8,1,49,,788930,51,0,5 141 8,1,8,,752959,51,0,5 141 8,1,9,,734676,51,0,5 141 8,1,7,,788946,51,0,5 141 8,1,8,,788911,51,0,5 141 8,1,9,,788982,51,0,5 141 8,1,12,,788902,51,0,5 141 8,1,51,,788947,51,0,5 141 8,1,10,,610551,51,0,5 141 8,1,10,,788945,51,0,5 141 8,1,10,,788919,51,0,5 141 8,1,10,,788943,51,0,5 141 8,1,10,,788907,51,0,5 141 8,1,50,,788871,51,0,5 141 8,1,10,,788954,51,0,5 141 8,1,10,,788861,51,0,5 141 8,1,10,,788906,51,0,5 141 8,1,10,,723521,51,0,5 141 8,1,10,,788974,51,0,5 141 8,1,50,,788892,51,0,5 141 8,1,10,,788979,51,0,5 141 8,1,10,,788857,51,0,5 141 8,1,10,,788934,51,0,5 141 8,1,10,,788950,51,0,5 141 8,1,10,,788971,51,0,5 141 8,1,50,,788948,51,0,5 141 8,1,12,,788862,51,0,5 141 8,1,7,,788890,51,0,5 141 8,1,9,,788882,51,0,5 141 8,1,7,,788885,51,0,5 141 8,1,8,,788953,51,0,5 141 8,1,10,,788944,51,0,5 141 8,1,48,,788883,51,0,5 141 8,1,7,,788920,51,0,5 141 8,1,8,,734864,51,0,5 141 8,1,7,,788915,51,0,5 141 8,1,8,,788895,51,0,5 141 8,1,7,,788961,51,0,5 141 8,1,8,,788898,51,0,5 141 8,1,7,,788891,51,0,5 141 8,1,48,,788900,51,0,5 141 8,1,7,,788925,51,0,5 141 8,1,8,,788980,51,0,5 141 8,1,7,,788886,51,0,5 141 8,1,8,,759656,51,0,5 141 8,1,7,,788866,51,0,5 141 8,1,8,,733996,51,0,5 141 8,1,7,,788936,51,0,5 141 8,1,48,,788873,51,0,5 141 8,1,7,,788904,51,0,5 141 8,1,8,,788978,51,0,5 141 8,1,7,,788938,51,0,5 141 8,1,8,,788868,51,0,5 141 8,1,7,,728303,51,0,5 141 8,1,8,,716736,51,0,5 141 8,1,7,,788859,51,0,5 141 8,1,48,,788867,51,0,5 141 8,1,7,,788856,51,0,5 141 8,1,8,,788880,51,0,5 141 8,1,7,,752049,51,0,5 141 8,1,8,,788935,51,0,5 141 8,1,7,,619617,51,0,5 141 8,1,8,,788972,51,0,5 141 8,1,7,,788963,51,0,5 141 8,1,48,,788981,51,0,5 141 8,1,7,,788918,51,0,5 141 8,1,8,,692805,51,0,5 141 8,1,7,,788939,51,0,5 141 8,1,8,,704152,51,0,5 141 8,1,7,,788952,51,0,5 141 8,1,8,,788912,51,0,5 141 8,1,7,,788876,51,0,5 141 8,1,48,,788865,51,0,5 141 8,1,7,,788851,51,0,5 141 8,1,8,,788893,51,0,5 141 8,1,7,,788976,51,0,5 141 8,1,8,,770721,51,0,5 141 8,1,7,,788983,51,0,5 141 8,1,8,,788863,51,0,5 141 8,1,7,,788879,51,0,5 141 8,1,46,,788889,51,0,5 141 8,1,6,,788942,51,0,5 141 8,1,5,,788903,51,0,5 141 8,1,7,,788874,51,0,5 141 8,1,8,,721791,51,0,5 141 8,1,5,,722149,51,0,5 141 8,1,5,,788870,51,0,5 141 8,1,5,,788860,51,0,5 141 8,1,5,,788888,51,0,5 141 8,1,5,,788957,51,0,5 141 8,1,45,,788910,51,0,5 141 8,1,5,,788887,51,0,5 141 8,1,5,,788921,51,0,5 141 8,1,5,,774492,51,0,5 141 8,1,5,,788977,51,0,5 141 8,1,5,,788932,51,0,5 141 8,1,5,,788923,51,0,5 141 8,1,5,,748419,51,0,5 141 8,1,5,,788914,51,0,5 141 8,1,5,,733739,51,0,5 141 8,1,5,,788897,51,0,5 141 8,1,5,,788884,51,0,5 141 8,1,45,,788901,51,0,5 141 8,1,5,,788858,51,0,5 141 8,1,5,,788875,51,0,5 141 8,1,5,,788905,51,0,5 141 8,1,5,,788877,51,0,5 141 8,1,5,,653365,51,0,5 141 8,1,5,,727102,51,0,5 141 8,1,5,,703909,51,0,5 141 8,1,5,,773116,51,0,5 141 8,1,5,,599927,51,0,5 141 8,1,5,,648614,51,0,5 141 8,1,5,,788908,51,0,5 141 8,1,45,,788937,51,0,5 141 8,1,4,,750471,51,0,5 141 8,1,5,,713125,51,0,5 141 8,1,4,,693883,51,0,5 141 8,1,5,,788927,51,0,5 141 8,1,4,,788966,51,0,5 141 8,1,5,,788894,51,0,5 141 8,1,5,,788973,51,0,5 141 8,1,5,,788855,51,0,5 141 8,1,3,,788965,51,0,5 141 8,1,8,,788913,51,0,5 141 8,1,8,,788962,51,0,5 141 8,1,48,,788864,51,0,5 141 8,1,7,,788852,51,0,5 141 8,1,8,,773135,51,0,5 141 8,1,7,,788956,51,0,5 141 8,1,8,,788872,51,0,5 141 8,1,7,,788931,51,0,5 141 8,1,8,,788899,51,0,5 141 8,1,7,,762277,51,0,5 141 8,1,48,,788940,51,0,5 141 8,1,7,,788929,51,0,5 141 8,1,8,,788975,51,0,5 141 8,1,7,,788916,51,0,5 141 8,1,8,,788878,51,0,5 141 8,1,7,,788928,51,0,5 141 8,1,8,,788985,51,0,5 141 8,1,7,,711942,51,0,5 141 8,1,48,,720739,51,0,5 141 8,1,7,,788967,51,0,5 141 8,1,8,,788968,51,0,5 141 8,1,7,,788984,51,0,5 141 8,1,6,,788926,51,0,5 141 8,1,7,,692790,51,0,5 141 8,1,4,,788933,51,0,5 141 8,1,7,,788955,51,0,5 141 8,1,7,,788854,51,0,5 141 8,1
2504,'3',626,,789047,51,0,5 141 8,1,20,,789061,51,0,5 141 8,1,60,,789000,51,0,5 141 8,1,20,,789021,51,0,5 141 8,1,20,,789016,51,0,5 141 8,1,10,,789075,51,0,5 141 8,1,56,,789067,51,0,5 141 8,1,10,,752722,51,0,5 141 8,1,15,,672382,51,0,5 141 8,1,11,,789078,51,0,5 141 8,1,10,,789026,51,0,5 141 8,1,50,,737304,51,0,5 141 8,1,10,,789100,51,0,5 141 8,1,10,,789113,51,0,5 141 8,1,10,,726252,51,0,5 141 8,1,10,,789106,51,0,5 141 8,1,10,,789019,51,0,5 141 8,1,50,,789048,51,0,5 141 8,1,10,,728710,51,0,5 141 8,1,10,,789093,51,0,5 141 8,1,10,,788988,51,0,5 141 8,1,10,,789012,51,0,5 141 8,1,10,,776463,51,0,5 141 8,1,50,,789088,51,0,5 141 8,1,10,,746655,51,0,5 141 8,1,10,,789108,51,0,5 141 8,1,10,,789002,51,0,5 141 8,1,10,,789054,51,0,5 141 8,1,10,,789077,51,0,5 141 8,1,51,,789037,51,0,5 141 8,1,12,,788989,51,0,5 141 8,1,10,,788994,51,0,5 141 8,1,10,,789114,51,0,5 141 8,1,11,,788996,51,0,5 141 8,1,49,,789109,51,0,5 141 8,1,8,,712006,51,0,5 141 8,1,7,,738889,51,0,5 141 8,1,8,,789063,51,0,5 141 8,1,7,,789007,51,0,5 141 8,1,8,,789081,51,0,5 141 8,1,7,,789101,51,0,5 141 8,1,8,,789050,51,0,5 141 8,1,47,,789011,51,0,5 141 8,1,8,,789073,51,0,5 141 8,1,7,,789020,51,0,5 141 8,1,8,,745406,51,0,5 141 8,1,7,,788991,51,0,5 141 8,1,8,,789089,51,0,5 141 8,1,7,,789115,51,0,5 141 8,1,8,,789014,51,0,5 141 8,1,47,,789034,51,0,5 141 8,1,8,,789110,51,0,5 141 8,1,7,,789036,51,0,5 141 8,1,8,,693472,51,0,5 141 8,1,7,,789023,51,0,5 141 8,1,8,,788998,51,0,5 141 8,1,7,,789018,51,0,5 141 8,1,8,,789080,51,0,5 141 8,1,47,,789008,51,0,5 141 8,1,8,,789095,51,0,5 141 8,1,7,,789065,51,0,5 141 8,1,8,,789024,51,0,5 141 8,1,7,,689373,51,0,5 141 8,1,8,,789070,51,0,5 141 8,1,7,,789010,51,0,5 141 8,1,8,,641763,51,0,5 141 8,1,47,,789087,51,0,5 141 8,1,8,,789006,51,0,5 141 8,1,7,,789099,51,0,5 141 8,1,8,,789079,51,0,5 141 8,1,7,,789013,51,0,5 141 8,1,8,,789112,51,0,5 141 8,1,7,,789104,51,0,5 141 8,1,8,,789084,51,0,5 141 8,1,47,,789074,51,0,5 141 8,1,8,,789042,51,0,5 141 8,1,7,,789116,51,0,5 141 8,1,8,,789001,51,0,5 141 8,1,7,,789030,51,0,5 141 8,1,8,,789031,51,0,5 141 8,1,7,,789098,51,0,5 141 8,1,8,,614975,51,0,5 141 8,1,47,,789090,51,0,5 141 8,1,6,,789041,51,0,5 141 8,1,7,,789103,51,0,5 141 8,1,7,,739864,51,0,5 141 8,1,7,,789052,51,0,5 141 8,1,8,,789004,51,0,5 141 8,1,6,,789102,51,0,5 141 8,1,6,,789062,51,0,5 141 8,1,5,,789066,51,0,5 141 8,1,5,,789111,51,0,5 141 8,1,45,,737743,51,0,5 141 8,1,5,,789058,51,0,5 141 8,1,5,,789056,51,0,5 141 8,1,5,,789059,51,0,5 141 8,1,5,,789005,51,0,5 141 8,1,5,,789097,51,0,5 141 8,1,5,,789033,51,0,5 141 8,1,5,,789064,51,0,5 141 8,1,5,,789045,51,0,5 141 8,1,5,,789083,51,0,5 141 8,1,5,,789003,51,0,5 141 8,1,5,,789082,51,0,5 141 8,1,45,,789015,51,0,5 141 8,1,5,,789071,51,0,5 141 8,1,5,,735864,51,0,5 141 8,1,5,,789032,51,0,5 141 8,1,5,,709768,51,0,5 141 8,1,5,,789076,51,0,5 141 8,1,5,,789096,51,0,5 141 8,1,5,,789009,51,0,5 141 8,1,5,,765011,51,0,5 141 8,1,5,,789051,51,0,5 141 8,1,5,,789039,51,0,5 141 8,1,4,,788993,51,0,5 141 8,1,45,,789025,51,0,5 141 8,1,5,,688647,51,0,5 141 8,1,4,,789017,51,0,5 141 8,1,5,,788995,51,0,5 141 8,1,4,,788997,51,0,5 141 8,1,5,,762292,51,0,5 141 8,1,5,,788999,51,0,5 141 8,1,5,,789057,51,0,5 141 8,1,3,,789107,51,0,5 141 8,1,5,,773225,51,0,5 141 8,1,7,,789044,51,0,5 141 8,1,8,,789028,51,0,5 141 8,1,47,,789055,51,0,5 141 8,1,8,,789038,51,0,5 141 8,1,7,,789091,51,0,5 141 8,1,8,,788986,51,0,5 141 8,1,7,,788990,51,0,5 141 8,1,8,,741096,51,0,5 141 8,1,7,,789068,51,0,5 141 8,1,8,,789035,51,0,5 141 8,1,47,,735780,51,0,5 141 8,1,8,,789086,51,0,5 141 8,1,7,,720791,51,0,5 141 8,1,8,,789022,51,0,5 141 8,1,7,,789043,51,0,5 141 8,1,8,,789085,51,0,5 141 8,1,7,,789060,51,0,5 141 8,1,8,,776212,51,0,5 141 8,1,47,,789029,51,0,5 141 8,1,8,,789049,51,0,5 141 8,1,7,,789069,51,0,5 141 8,1,8,,788992,51,0,5 141 8,1,7,,789027,51,0,5 141 8,1,7,,789046,51,0,5 141 8,1,3,,789072,51,0,5 141 8,1,7,,789094,51,0,5 141 8,1,5,,789040,51,0,5 141 8,1
2504,'5',556,,789160,36,0,34 141 8,1,65,,745468,51,0,5 141 8,1,10,,789125,51,0,5 141 8,1,10,,789233,51,0,5 141 8,1,10,,789153,51,0,5 141 8,1,50,,789117,51,0,5 141 8,1,10,,620790,51,0,5 141 8,1,10,,700920,51,0,5 141 8,1,10,,789197,51,0,5 141 8,1,16,,789228,51,0,5 141 8,1,10,,789217,51,0,5 141 8,1,50,,789216,51,0,5 141 8,1,10,,789162,51,0,5 141 8,1,10,,789190,51,0,5 141 8,1,10,,789124,51,0,5 141 8,1,11,,789234,51,0,5 141 8,1,10,,789235,51,0,5 141 8,1,50,,789154,51,0,5 141 8,1,10,,789211,51,0,5 141 8,1,10,,789168,51,0,5 141 8,1,10,,789167,51,0,5 141 8,1,10,,707344,51,0,5 141 8,1,10,,742966,51,0,5 141 8,1,50,,789137,51,0,5 141 8,1,10,,789126,51,0,5 141 8,1,10,,789147,51,0,5 141 8,1,10,,789177,51,0,5 141 8,1,10,,789141,51,0,5 141 8,1,10,,789156,51,0,5 141 8,1,50,,789194,51,0,5 141 8,1,10,,789179,51,0,5 141 8,1,10,,789169,51,0,5 141 8,1,10,,712202,51,0,5 141 8,1,10,,789213,51,0,5 141 8,1,10,,789170,51,0,5 141 8,1,51,,789178,51,0,5 141 8,1,12,,754877,51,0,5 141 8,1,10,,789201,51,0,5 141 8,1,10,,789229,51,0,5 141 8,1,11,,789150,51,0,5 141 8,1,49,,789189,51,0,5 141 8,1,8,,623113,51,0,5 141 8,1,7,,789218,51,0,5 141 8,1,8,,789163,51,0,5 141 8,1,7,,768594,51,0,5 141 8,1,8,,789236,51,0,5 141 8,1,7,,789203,51,0,5 141 8,1,8,,789225,51,0,5 141 8,1,47,,789149,51,0,5 141 8,1,8,,620427,51,0,5 141 8,1,7,,767431,51,0,5 141 8,1,8,,789146,51,0,5 141 8,1,7,,789122,51,0,5 141 8,1,8,,789196,51,0,5 141 8,1,7,,711122,51,0,5 141 8,1,8,,769789,51,0,5 141 8,1,47,,789145,51,0,5 141 8,1,8,,789165,51,0,5 141 8,1,7,,769555,51,0,5 141 8,1,8,,711672,51,0,5 141 8,1,7,,710178,51,0,5 141 8,1,8,,789200,51,0,5 141 8,1,7,,789176,51,0,5 141 8,1,8,,789238,51,0,5 141 8,1,47,,789155,51,0,5 141 8,1,8,,789123,51,0,5 141 8,1,7,,789174,51,0,5 141 8,1,8,,789130,51,0,5 141 8,1,7,,789223,51,0,5 141 8,1,8,,789208,51,0,5 141 8,1,7,,789209,51,0,5 141 8,1,8,,789139,51,0,5 141 8,1,47,,789133,51,0,5 141 8,1,8,,789187,51,0,5 141 8,1,7,,789185,51,0,5 141 8,1,8,,789183,51,0,5 141 8,1,7,,789121,51,0,5 141 8,1,8,,789198,51,0,5 141 8,1,7,,726029,51,0,5 141 8,1,8,,749064,51,0,5 141 8,1,47,,789128,51,0,5 141 8,1,8,,695797,51,0,5 141 8,1,7,,789135,51,0,5 141 8,1,8,,789230,51,0,5 141 8,1,7,,789127,51,0,5 141 8,1,8,,789173,51,0,5 141 8,1,7,,789182,51,0,5 141 8,1,8,,789158,51,0,5 141 8,1,47,,789166,51,0,5 141 8,1,6,,789222,51,0,5 141 8,1,7,,727214,51,0,5 141 8,1,7,,654126,51,0,5 141 8,1,7,,789214,51,0,5 141 8,1,8,,789143,51,0,5 141 8,1,6,,789171,51,0,5 141 8,1,6,,789119,51,0,5 141 8,1,5,,749769,51,0,5 141 8,1,5,,789148,51,0,5 141 8,1,45,,789227,51,0,5 141 8,1,5,,628707,51,0,5 141 8,1,5,,789205,51,0,5 141 8,1,5,,789215,51,0,5 141 8,1,5,,789132,51,0,5 141 8,1,5,,789192,51,0,5 141 8,1,5,,789221,51,0,5 141 8,1,5,,772491,51,0,5 141 8,1,5,,789151,51,0,5 141 8,1,5,,789231,51,0,5 141 8,1,5,,698436,51,0,5 141 8,1,5,,789199,51,0,5 141 8,1,45,,777583,51,0,5 141 8,1,5,,789129,51,0,5 141 8,1,5,,789175,51,0,5 141 8,1,5,,605066,51,0,5 141 8,1,5,,751286,51,0,5 141 8,1,5,,789206,51,0,5 141 8,1,5,,771359,51,0,5 141 8,1,5,,789191,51,0,5 141 8,1,5,,678328,51,0,5 141 8,1,5,,720499,51,0,5 141 8,1,5,,789220,51,0,5 141 8,1,4,,789142,51,0,5 141 8,1,45,,789224,51,0,5 141 8,1,5,,789237,51,0,5 141 8,1,4,,789131,51,0,5 141 8,1,5,,789195,51,0,5 141 8,1,4,,789219,51,0,5 141 8,1,5,,789172,51,0,5 141 8,1,5,,789180,51,0,5 141 8,1,5,,789193,51,0,5 141 8,1,3,,789144,51,0,5 141 8,1,5,,577615,51,0,5 141 8,1,7,,789207,51,0,5 141 8,1,8,,789136,51,0,5 141 8,1,47,,789210,51,0,5 141 8,1,8,,789212,51,0,5 141 8,1,7,,789161,51,0,5 141 8,1,8,,789157,51,0,5 141 8,1,7,,789134,51,0,5 141 8,1,8,,789184,51,0,5 141 8,1,7,,789232,51,0,5 141 8,1,8,,789118,51,0,5 141 8,1,47,,726295,51,0,5 141 8,1,8,,789240,51,0,5 141 8,1,7,,789159,51,0,5 141 8,1,8,,789202,51,0,5 141 8,1,7,,748190,51,0,5 141 8,1,8,,789204,51,0,5 141 8,1,7,,789181,51,0,5 141 8,1,8,,789186,51,0,5 141 8,1,47,,716182,51,0,5 141 8,1,8,,789164,51,0,5 141 8,1,7,,789239,51,0,5 141 8,1,8,,789152,51,0,5 141 8,1,7,,760425,51,0,5 141 8,1,7,,758629,51,0,5 141 8,1,3,,789226,51,0,5 141 8,1,7,,769260,51,0,5 141 8,1,5,,789138,51,0,5 141 8,1
6202,'1',547,,811891,26,0,141 8,1,60,,811908,26,0,141 8,1,21,,811902,26,0,141 8,1,21,,811915,26,0,141 8,1,63,,811886,26,0,141 8,1,23,,811882,26,0,141 8,1,17,,811901,26,0,141 8,1,57,,811893,26,0,141 8,1,17,,613529,26,0,141 8,1,17,,811912,26,0,141 8,1,57,,811880,26,0,141 8,1,17,,811914,26,0,141 8,1,17,,698942,26,0,141 8,1,22,,811899,26,0,141 8,1,64,,811903,26,0,141 8,1,24,,811888,26,0,141 8,1,64,,811884,26,0,141 8,1,24,,811911,26,0,141 8,1,24,,691595,26,0,141 8,1,64,,811883,26,0,141 8,1,24,,811904,26,0,141 8,1,64,,811896,26,0,141 8,1,24,,696966,26,0,141 8,1,24,,700350,26,0,141 8,1,64,,811906,26,0,141 8,1,24,,811879,26,0,141 8,1,64,,811909,26,0,141 8,1,20,,811875,26,0,141 8,1,20,,693412,26,0,141 8,1,60,,811897,26,0,141 8,1,20,,731978,26,0,141 8,1,20,,811873,26,0,141 8,1,60,,811872,26,0,141 8,1,20,,811881,26,0,141 8,1,20,,704564,26,0,141 8,1,60,,811871,26,0,141 8,1,20,,674719,26,0,141 8,1,20,,811895,26,0,141 8,1,60,,811890,26,0,141 8,1,15,,761859,26,0,141 8,1,14,,811876,26,0,141 8,1,20,,765347,26,0,141 8,1,60,,702285,26,0,141 8,1,20,,811905,26,0,141 8,1,20,,734302,26,0,141 8,1,60,,811878,26,0,141 8,1,20,,811892,26,0,141 8,1,20,,811900,26,0,141 8,1,60,,811898,26,0,141 8,1,20,,811887,26,0,141 8,1,20,,811885,26,0,141 8,1,60,,811913,26,0,141 8,1,20,,811874,26,0,141 8,1,20,,811877,26,0,141 8,1,60,,811910,26,0,141 8,1,20,,811894,26,0,141 8,1,20,,811907,26,0,141 8,1,68,,811889,26,0,141 8,1
6202,'2',538,,735693,26,0,141 8,1,62,,705828,26,0,141 8,1,20,,811937,26,0,141 8,1,20,,811941,26,0,141 8,1,60,,811925,26,0,141 8,1,20,,811950,26,0,141 8,1,20,,811927,26,0,141 8,1,60,,811942,26,0,141 8,1,23,,811940,26,0,141 8,1,22,,811943,26,0,141 8,1,62,,811918,26,0,141 8,1,22,,811939,26,0,141 8,1,22,,699994,26,0,141 8,1,62,,811917,26,0,141 8,1,22,,811945,26,0,141 8,1,22,,811953,26,0,141 8,1,62,,811935,26,0,141 8,1,22,,811922,26,0,141 8,1,64,,629136,26,0,141 8,1,25,,765459,26,0,141 8,1,25,,811959,26,0,141 8,1,65,,811929,26,0,141 8,1,25,,811947,26,0,141 8,1,65,,811951,26,0,141 8,1,25,,811936,26,0,141 8,1,65,,811949,26,0,141 8,1,25,,811948,26,0,141 8,1,25,,811923,26,0,141 8,1,65,,811933,26,0,141 8,1,25,,811944,26,0,141 8,1,65,,649043,26,0,141 8,1,25,,811955,26,0,141 8,1,25,,811958,26,0,141 8,1,65,,811934,26,0,141 8,1,25,,597522,26,0,141 8,1,62,,811938,26,0,141 8,1,18,,811921,26,0,141 8,1,20,,811957,26,0,141 8,1,60,,811930,26,0,141 8,1,20,,626304,26,0,141 8,1,20,,811956,26,0,141 8,1,60,,811919,26,0,141 8,1,20,,744203,26,0,141 8,1,20,,811920,26,0,141 8,1,60,,811926,26,0,141 8,1,20,,811952,26,0,141 8,1,20,,811954,26,0,141 8,1,60,,733044,26,0,141 8,1,20,,811932,26,0,141 8,1,20,,811946,26,0,141 8,1,60,,811924,26,0,141 8,1,20,,811916,26,0,141 8,1,20,,744865,26,0,141 8,1,60,,811931,26,0,141 8,1,20,,811928,26,0,141 8,1
6202,'3',811,,705878,26,0,141 8,1,15,,811974,26,0,141 8,1,20,,811973,26,0,141 8,1,60,,811966,26,0,141 8,1,20,,811995,26,0,141 8,1,20,,811990,26,0,141 8,1,60,,811960,26,0,141 8,1,20,,812000,26,0,141 8,1,20,,811988,26,0,141 8,1,60,,812001,26,0,141 8,1,20,,811987,26,0,141 8,1,20,,811976,26,0,141 8,1,60,,711027,26,0,141 8,1,22,,812002,26,0,141 8,1,21,,811969,26,0,141 8,1,61,,750935,26,0,141 8,1,21,,811996,26,0,141 8,1,21,,811989,26,0,141 8,1,61,,625136,26,0,141 8,1,21,,811972,26,0,141 8,1,21,,811970,26,0,141 8,1,61,,811991,26,0,141 8,1,21,,811967,26,0,141 8,1,21,,756672,26,0,141 8,1,61,,811971,26,0,141 8,1,21,,811965,26,0,141 8,1,61,,811962,26,0,141 8,1,21,,811986,26,0,141 8,1,21,,811998,26,0,141 8,1,61,,811968,26,0,141 8,1,21,,811984,26,0,141 8,1,21,,811999,26,0,141 8,1,61,,811963,26,0,141 8,1,19,,811983,26,0,141 8,1,20,,811982,26,0,141 8,1,60,,811992,26,0,141 8,1,20,,811980,26,0,141 8,1,20,,744315,26,0,141 8,1,60,,657040,26,0,141 8,1,19,,811979,26,0,141 8,1,20,,812003,26,0,141 8,1,60,,811961,26,0,141 8,1,20,,811964,26,0,141 8,1,20,,811978,26,0,141 8,1,60,,811981,26,0,141 8,1,20,,811994,26,0,141 8,1,20,,811997,26,0,141 8,1,60,,811993,26,0,141 8,1,20,,811985,26,0,141 8,1,20,,693784,26,0,141 8,1,60,,811975,26,0,141 8,1,20,,811977,26,0,141 8,1
6202,'5',628,,812031,26,0,141 8,1,18,,812020,26,0,141 8,1,60,,812024,26,0,141 8,1,20,,812042,26,0,141 8,1,20,,812021,26,0,141 8,1,60,,812025,26,0,141 8,1,20,,758270,26,0,141 8,1,20,,812034,26,0,141 8,1,60,,812038,26,0,141 8,1,20,,812011,26,0,141 8,1,20,,812044,26,0,141 8,1,60,,812015,26,0,141 8,1,20,,704079,26,0,141 8,1,20,,812018,26,0,141 8,1,60,,812016,26,0,141 8,1,20,,812019,26,0,141 8,1,20,,775572,26,0,141 8,1,60,,812045,26,0,141 8,1,22,,812022,26,0,141 8,1,21,,812017,26,0,141 8,1,61,,812006,26,0,141 8,1,21,,812008,26,0,141 8,1,21,,812007,26,0,141 8,1,61,,812026,26,0,141 8,1,21,,812047,26,0,141 8,1,21,,698902,26,0,141 8,1,61,,812039,26,0,141 8,1,21,,812029,26,0,141 8,1,21,,812027,26,0,141 8,1,61,,812046,26,0,141 8,1,21,,812030,26,0,141 8,1,61,,812048,26,0,141 8,1,21,,812032,26,0,141 8,1,21,,812010,26,0,141 8,1,61,,812012,26,0,141 8,1,21,,608822,26,0,141 8,1,21,,812013,26,0,141 8,1,61,,812023,26,0,141 8,1,19,,812037,26,0,141 8,1,20,,812050,26,0,141 8,1,60,,812004,26,0,141 8,1,20,,771798,26,0,141 8,1,20,,812014,26,0,141 8,1,60,,744451,26,0,141 8,1,19,,812009,26,0,141 8,1,20,,812033,26,0,141 8,1,60,,812040,26,0,141 8,1,20,,742029,26,0,141 8,1,20,,812035,26,0,141 8,1,60,,812005,26,0,141 8,1,20,,812028,26,0,141 8,1,20,,726892,26,0,141 8,1,60,,812043,26,0,141 8,1,20,,812051,26,0,141 8,1,20,,812036,26,0,141 8,1,60,,812041,26,0,141 8,1,20,,812049,26,0,141 8,1
8702,'1',523,,737553,31,0,28 141 8,1,14,,827193,31,0,28 141 8,1,12,,611557,31,0,28 141 8,1,52,,827273,31,0,28 141 8,1,10,,827222,31,0,28 141 8,1,10,,827262,31,0,28 141 8,1,10,,827257,31,0,28 141 8,1,10,,699011,31,0,28 141 8,1,10,,827249,31,0,28 141 8,1,50,,827183,31,0,28 141 8,1,10,,827214,31,0,28 141 8,1,10,,827261,31,0,28 141 8,1,10,,827220,31,0,28 141 8,1,10,,827231,31,0,28 141 8,1,10,,730778,31,0,28 141 8,1,50,,827184,31,0,28 141 8,1,9,,827221,31,0,28 141 8,1,10,,827236,31,0,28 141 8,1,10,,827205,31,0,28 141 8,1,10,,827265,31,0,28 141 8,1,10,,827191,31,0,28 141 8,1,50,,827256,31,0,28 141 8,1,10,,706637,31,0,28 141 8,1,10,,827272,31,0,28 141 8,1,10,,827216,31,0,28 141 8,1,10,,827215,31,0,28 141 8,1,10,,827187,32,0,5 141 8,1,50,,827238,32,0,5 141 8,1,10,,827275,32,0,5 141 8,1,10,,827232,32,0,5 141 8,1,10,,827228,32,0,5 141 8,1,10,,827213,32,0,5 141 8,1,10,,827207,32,0,5 141 8,1,50,,827254,32,0,5 141 8,1,10,,827266,32,0,5 141 8,1,10,,696983,32,0,5 141 8,1,10,,827185,32,0,5 141 8,1,10,,737575,32,0,5 141 8,1,10,,827196,32,0,5 141 8,1,50,,756424,32,0,5 141 8,1,10,,728835,32,0,5 141 8,1,10,,827271,32,0,5 141 8,1,10,,827253,32,0,5 141 8,1,10,,827219,32,0,5 141 8,1,10,,827189,32,0,5 141 8,1,50,,827245,32,0,5 141 8,1,10,,827241,32,0,5 141 8,1,10,,827239,32,0,5 141 8,1,10,,827248,32,0,5 141 8,1,10,,827247,32,0,5 141 8,1,10,,827230,32,0,5 141 8,1,50,,827242,32,0,5 141 8,1,10,,827235,32,0,5 141 8,1,10,,745878,32,0,5 141 8,1,10,,827264,32,0,5 141 8,1,10,,827194,32,0,5 141 8,1,10,,827226,32,0,5 141 8,1,50,,631255,32,0,5 141 8,1,10,,727008,32,0,5 141 8,1,10,,696020,32,0,5 141 8,1,10,,827234,31,0,28 141 8,1,10,,827197,31,0,28 141 8,1,10,,827181,31,0,28 141 8,1,50,,827204,31,0,28 141 8,1,10,,827200,31,0,28 141 8,1,10,,710706,31,0,28 141 8,1,10,,827258,31,0,28 141 8,1,10,,827244,31,0,28 141 8,1,10,,827180,31,0,28 141 8,1,50,,827224,31,0,28 141 8,1,10,,773318,31,0,28 141 8,1,10,,827229,31,0,28 141 8,1,10,,827198,31,0,28 141 8,1,10,,827243,31,0,28 141 8,1,10,,827255,31,0,28 141 8,1,50,,698019,31,0,28 141 8,1,10,,827268,31,0,28 141 8,1,10,,827202,31,0,28 141 8,1,10,,827217,31,0,28 141 8,1,10,,827177,31,0,28 141 8,1,10,,827260,31,0,28 141 8,1,50,,761124,31,0,28 141 8,1,8,,827195,31,0,28 141 8,1,6,,827186,32,0,5 141 8,1,7,,827267,32,0,5 141 8,1,10,,827203,32,0,5 141 8,1,10,,827208,32,0,5 141 8,1,10,,765646,32,0,5 141 8,1,50,,827192,32,0,5 141 8,1,10,,761697,32,0,5 141 8,1,10,,827182,32,0,5 141 8,1,10,,827218,32,0,5 141 8,1,10,,827227,32,0,5 141 8,1,10,,827225,32,0,5 141 8,1,50,,827178,32,0,5 141 8,1,10,,827199,32,0,5 141 8,1,10,,827246,32,0,5 141 8,1,10,,827223,32,0,5 141 8,1,10,,827269,32,0,5 141 8,1,10,,681228,31,0,28 141 8,1,50,,827212,31,0,28 141 8,1,10,,827259,31,0,28 141 8,1,10,,827211,31,0,28 141 8,1,10,,710466,31,0,28 141 8,1,10,,827252,31,0,28 141 8,1,10,,618362,31,0,28 141 8,1,50,,827233,31,0,28 141 8,1,10,,827201,31,0,28 141 8,1,10,,827263,31,0,28 141 8,1,10,,827179,31,0,28 141 8,1,10,,761532,31,0,28 141 8,1,10,,827274,31,0,28 141 8,1,50,,827240,31,0,28 141 8,1,10,,827206,31,0,28 141 8,1,10,,827210,31,0,28 141 8,1,10,,827188,31,0,28 141 8,1,10,,827237,31,0,28 141 8,1,10,,754912,31,0,28 141 8,1,50,,827250,31,0,28 141 8,1,10,,827270,31,0,28 141 8,1,14,,827209,31,0,28 141 8,1,13,,746259,31,0,28 141 8,1,15,,827190,31,0,28 141 8,1,58,,827251,31,0,28 141 8,1
8702,'2',553,,827320,31,0,28 141 8,1,55,,827308,31,0,28 141 8,1,13,,827345,31,0,28 141 8,1,10,,827294,31,0,28 141 8,1,10,,713631,31,0,28 141 8,1,10,,746613,31,0,28 141 8,1,50,,701424,31,0,28 141 8,1,10,,827354,31,0,28 141 8,1,10,,706811,31,0,28 141 8,1,10,,827371,31,0,28 141 8,1,10,,827281,31,0,28 141 8,1,10,,827362,31,0,28 141 8,1,50,,827358,31,0,28 141 8,1,10,,827314,31,0,28 141 8,1,10,,827287,31,0,28 141 8,1,10,,827278,31,0,28 141 8,1,10,,654590,31,0,28 141 8,1,10,,827331,31,0,28 141 8,1,50,,827340,31,0,28 141 8,1,9,,827366,31,0,28 141 8,1,10,,827363,31,0,28 141 8,1,10,,711495,31,0,28 141 8,1,10,,827372,31,0,28 141 8,1,10,,827339,32,0,5 141 8,1,50,,827357,32,0,5 141 8,1,10,,751137,32,0,5 141 8,1,10,,690759,32,0,5 141 8,1,10,,827355,32,0,5 141 8,1,10,,827309,32,0,5 141 8,1,10,,827307,32,0,5 141 8,1,50,,827364,32,0,5 141 8,1,10,,827296,32,0,5 141 8,1,10,,827292,32,0,5 141 8,1,10,,827368,32,0,5 141 8,1,10,,771589,32,0,5 141 8,1,10,,827290,32,0,5 141 8,1,50,,827305,32,0,5 141 8,1,10,,710298,32,0,5 141 8,1,10,,827348,32,0,5 141 8,1,10,,827279,32,0,5 141 8,1,10,,827351,32,0,5 141 8,1,10,,827310,32,0,5 141 8,1,50,,827349,32,0,5 141 8,1,10,,827370,32,0,5 141 8,1,10,,827298,32,0,5 141 8,1,10,,827326,32,0,5 141 8,1,10,,827293,32,0,5 141 8,1,10,,741290,32,0,5 141 8,1,50,,827295,32,0,5 141 8,1,10,,827338,32,0,5 141 8,1,10,,827297,32,0,5 141 8,1,10,,827335,32,0,5 141 8,1,10,,827329,32,0,5 141 8,1,10,,827319,32,0,5 141 8,1,50,,827341,32,0,5 141 8,1,10,,827282,32,0,5 141 8,1,10,,751840,32,0,5 141 8,1,10,,827333,32,0,5 141 8,1,10,,827276,32,0,5 141 8,1,10,,827360,32,0,5 141 8,1,50,,827367,32,0,5 141 8,1,10,,827328,32,0,5 141 8,1,10,,827361,32,0,5 141 8,1,10,,827315,32,0,5 141 8,1,10,,827334,32,0,5 141 8,1,10,,827317,32,0,5 141 8,1,50,,746988,32,0,5 141 8,1,10,,827325,32,0,5 141 8,1,10,,827321,32,0,5 141 8,1,10,,827344,32,0,5 141 8,1,10,,827359,32,0,5 141 8,1,10,,827332,32,0,5 141 8,1,50,,827346,32,0,5 141 8,1,11,,827316,32,0,5 141 8,1,10,,724745,32,0,5 141 8,1,10,,827365,32,0,5 141 8,1,10,,827289,32,0,5 141 8,1,10,,827285,32,0,5 141 8,1,50,,827299,32,0,5 141 8,1,10,,827369,32,0,5 141 8,1,10,,827352,32,0,5 141 8,1,10,,827280,32,0,5 141 8,1,10,,614404,32,0,5 141 8,1,10,,827313,32,0,5 141 8,1,50,,827347,32,0,5 141 8,1,10,,827286,32,0,5 141 8,1,10,,827330,32,0,5 141 8,1,10,,827353,32,0,5 141 8,1,10,,827284,32,0,5 141 8,1,10,,768622,32,0,5 141 8,1,50,,827356,32,0,5 141 8,1,10,,827336,32,0,5 141 8,1,10,,757334,32,0,5 141 8,1,10,,827300,32,0,5 141 8,1,10,,827304,32,0,5 141 8,1,10,,730157,31,0,28 141 8,1,50,,827350,31,0,28 141 8,1,10,,650416,31,0,28 141 8,1,10,,827337,31,0,28 141 8,1,10,,827322,31,0,28 141 8,1,10,,827277,31,0,28 141 8,1,10,,690774,31,0,28 141 8,1,50,,827312,31,0,28 141 8,1,10,,773642,31,0,28 141 8,1,10,,827291,31,0,28 141 8,1,10,,741598,31,0,28 141 8,1,10,,827342,31,0,28 141 8,1,10,,827302,31,0,28 141 8,1,50,,827327,31,0,28 141 8,1,10,,827301,31,0,28 141 8,1,10,,716743,31,0,28 141 8,1,10,,827318,31,0,28 141 8,1,10,,827306,31,0,28 141 8,1,10,,827343,31,0,28 141 8,1,50,,827303,31,0,28 141 8,1,11,,827288,31,0,28 141 8,1,15,,827311,31,0,28 141 8,1,11,,827323,31,0,28 141 8,1,15,,827283,31,0,28 141 8,1,55,,827324,31,0,28 141 8,1
8702,'3',756,,827395,31,0,28 141 8,1,55,,827426,31,0,28 141 8,1,10,,714423,31,0,28 141 8,1,10,,827418,31,0,28 141 8,1,10,,827413,31,0,28 141 8,1,10,,827462,31,0,28 141 8,1,50,,827408,31,0,28 141 8,1,10,,749415,31,0,28 141 8,1,9,,827415,31,0,28 141 8,1,11,,827441,31,0,28 141 8,1,10,,827384,31,0,28 141 8,1,10,,827377,32,0,5 141 8,1,50,,827419,32,0,5 141 8,1,10,,827421,32,0,5 141 8,1,10,,827404,32,0,5 141 8,1,10,,668471,32,0,5 141 8,1,10,,827447,32,0,5 141 8,1,10,,827416,32,0,5 141 8,1,50,,827394,32,0,5 141 8,1,10,,827411,32,0,5 141 8,1,10,,827437,32,0,5 141 8,1,10,,827376,32,0,5 141 8,1,10,,827455,32,0,5 141 8,1,10,,827393,32,0,5 141 8,1,50,,827420,32,0,5 141 8,1,10,,827373,32,0,5 141 8,1,10,,827412,32,0,5 141 8,1,10,,827453,32,0,5 141 8,1,10,,827448,32,0,5 141 8,1,10,,827422,32,0,5 141 8,1,50,,827423,32,0,5 141 8,1,10,,827398,32,0,5 141 8,1,10,,827396,32,0,5 141 8,1,10,,827428,32,0,5 141 8,1,10,,827430,32,0,5 141 8,1,10,,827442,32,0,5 141 8,1,50,,827382,32,0,5 141 8,1,10,,827401,32,0,5 141 8,1,10,,827435,32,0,5 141 8,1,10,,827389,32,0,5 141 8,1,10,,827463,32,0,5 141 8,1,10,,827433,32,0,5 141 8,1,50,,707805,32,0,5 141 8,1,10,,827425,32,0,5 141 8,1,10,,827464,32,0,5 141 8,1,10,,827385,32,0,5 141 8,1,10,,827378,32,0,5 141 8,1,10,,827406,32,0,5 141 8,1,50,,827431,32,0,5 141 8,1,10,,827424,32,0,5 141 8,1,10,,827457,32,0,5 141 8,1,10,,773213,32,0,5 141 8,1,10,,827451,32,0,5 141 8,1,10,,750924,32,0,5 141 8,1,50,,827383,32,0,5 141 8,1,10,,827409,32,0,5 141 8,1,10,,827460,32,0,5 141 8,1,10,,827427,32,0,5 141 8,1,10,,827450,32,0,5 141 8,1,10,,708800,32,0,5 141 8,1,50,,827436,32,0,5 141 8,1,10,,748316,32,0,5 141 8,1,10,,827449,32,0,5 141 8,1,10,,827438,32,0,5 141 8,1,10,,827432,32,0,5 141 8,1,10,,827440,32,0,5 141 8,1,50,,827459,32,0,5 141 8,1,10,,827446,32,0,5 141 8,1,10,,827375,31,0,28 141 8,1,10,,827381,31,0,28 141 8,1,10,,692371,31,0,28 141 8,1,10,,827443,31,0,28 141 8,1,50,,827461,31,0,28 141 8,1,10,,827399,31,0,28 141 8,1,10,,827458,31,0,28 141 8,1,10,,827414,31,0,28 141 8,1,10,,827417,31,0,28 141 8,1,10,,827402,31,0,28 141 8,1,50,,827444,31,0,28 141 8,1,11,,827388,31,0,28 141 8,1,11,,709423,31,0,28 141 8,1,10,,827434,31,0,28 141 8,1,10,,827403,31,0,28 141 8,1,10,,827454,31,0,28 141 8,1,50,,827374,31,0,28 141 8,1,10,,827405,31,0,28 141 8,1,10,,827407,31,0,28 141 8,1,10,,827397,31,0,28 141 8,1,10,,747180,31,0,28 141 8,1,10,,827391,31,0,28 141 8,1,50,,827392,31,0,28 141 8,1,10,,727119,31,0,28 141 8,1,10,,717820,31,0,28 141 8,1,10,,827390,31,0,28 141 8,1,10,,827400,31,0,28 141 8,1,10,,827380,31,0,28 141 8,1,50,,827386,31,0,28 141 8,1,10,,827439,31,0,28 141 8,1,10,,623598,31,0,28 141 8,1,10,,701979,31,0,28 141 8,1,10,,827387,31,0,28 141 8,1,10,,827429,31,0,28 141 8,1,50,,827445,31,0,28 141 8,1,10,,827456,31,0,28 141 8,1,15,,827379,31,0,28 141 8,1,10,,666073,31,0,28 141 8,1,15,,827452,31,0,28 141 8,1,55,,827410,31,0,28 141 8,1
8702,'5',553,,827498,31,0,28 141 8,1,55,,827473,31,0,28 141 8,1,13,,827478,31,0,28 141 8,1,10,,730707,31,0,28 141 8,1,10,,827522,31,0,28 141 8,1,10,,827543,31,0,28 141 8,1,50,,729861,31,0,28 141 8,1,10,,827494,31,0,28 141 8,1,10,,827495,31,0,28 141 8,1,10,,827525,31,0,28 141 8,1,10,,827515,31,0,28 141 8,1,10,,827481,31,0,28 141 8,1,50,,827523,31,0,28 141 8,1,10,,827538,31,0,28 141 8,1,10,,827475,31,0,28 141 8,1,10,,827567,31,0,28 141 8,1,10,,827471,31,0,28 141 8,1,10,,827550,31,0,28 141 8,1,50,,827511,31,0,28 141 8,1,10,,827513,31,0,28 141 8,1,9,,827552,31,0,28 141 8,1,11,,827539,31,0,28 141 8,1,10,,827470,31,0,28 141 8,1,10,,827534,32,0,5 141 8,1,50,,827555,32,0,5 141 8,1,10,,827474,32,0,5 141 8,1,10,,827519,32,0,5 141 8,1,10,,827540,32,0,5 141 8,1,10,,827529,32,0,5 141 8,1,10,,715787,32,0,5 141 8,1,50,,827565,32,0,5 141 8,1,10,,827561,32,0,5 141 8,1,10,,827541,32,0,5 141 8,1,10,,827486,32,0,5 141 8,1,10,,827518,32,0,5 141 8,1,10,,827568,32,0,5 141 8,1,50,,827521,32,0,5 141 8,1,10,,827483,32,0,5 141 8,1,10,,827544,32,0,5 141 8,1,10,,827491,32,0,5 141 8,1,10,,827527,32,0,5 141 8,1,10,,827564,32,0,5 141 8,1,50,,827533,32,0,5 141 8,1,10,,827547,32,0,5 141 8,1,10,,827559,32,0,5 141 8,1,10,,725754,32,0,5 141 8,1,10,,827526,32,0,5 141 8,1,10,,827532,32,0,5 141 8,1,50,,827524,32,0,5 141 8,1,10,,827492,32,0,5 141 8,1,10,,827496,32,0,5 141 8,1,10,,827562,32,0,5 141 8,1,10,,776843,32,0,5 141 8,1,10,,827510,32,0,5 141 8,1,50,,827476,32,0,5 141 8,1,10,,827542,32,0,5 141 8,1,10,,753087,32,0,5 141 8,1,10,,773487,32,0,5 141 8,1,10,,827466,32,0,5 141 8,1,10,,827467,32,0,5 141 8,1,50,,827485,32,0,5 141 8,1,10,,827566,32,0,5 141 8,1,10,,827469,32,0,5 141 8,1,10,,827535,32,0,5 141 8,1,10,,827514,32,0,5 141 8,1,10,,827484,32,0,5 141 8,1,50,,827487,32,0,5 141 8,1,10,,827472,32,0,5 141 8,1,10,,827537,32,0,5 141 8,1,10,,827563,32,0,5 141 8,1,10,,827558,32,0,5 141 8,1,10,,827507,32,0,5 141 8,1,50,,827508,32,0,5 141 8,1,10,,827468,32,0,5 141 8,1,10,,827530,32,0,5 141 8,1,10,,827497,32,0,5 141 8,1,10,,827499,32,0,5 141 8,1,10,,827509,32,0,5 141 8,1,50,,827465,32,0,5 141 8,1,10,,759033,32,0,5 141 8,1,10,,827546,31,0,28 141 8,1,10,,827516,31,0,28 141 8,1,10,,827548,31,0,28 141 8,1,10,,827554,31,0,28 141 8,1,50,,827502,31,0,28 141 8,1,10,,827493,31,0,28 141 8,1,10,,827477,31,0,28 141 8,1,10,,827557,31,0,28 141 8,1,10,,827517,31,0,28 141 8,1,10,,721908,31,0,28 141 8,1,50,,696002,31,0,28 141 8,1,11,,827505,31,0,28 141 8,1,11,,827479,31,0,28 141 8,1,10,,641394,31,0,28 141 8,1,10,,827520,31,0,28 141 8,1,10,,827480,31,0,28 141 8,1,50,,827545,31,0,28 141 8,1,10,,827500,31,0,28 141 8,1,10,,827549,31,0,28 141 8,1,10,,827504,31,0,28 141 8,1,10,,827531,31,0,28 141 8,1,10,,742855,31,0,28 141 8,1,50,,827553,31,0,28 141 8,1,10,,708884,31,0,28 141 8,1,10,,777571,31,0,28 141 8,1,10,,827482,31,0,28 141 8,1,10,,827489,31,0,28 141 8,1,10,,827490,31,0,28 141 8,1,50,,827506,31,0,28 141 8,1,10,,827528,31,0,28 141 8,1,10,,827551,31,0,28 141 8,1,10,,827536,31,0,28 141 8,1,10,,646827,31,0,28 141 8,1,10,,827560,31,0,28 141 8,1,50,,827512,31,0,28 141 8,1,10,,827488,31,0,28 141 8,1,15,,827556,31,0,28 141 8,1,10,,693960,31,0,28 141 8,1,15,,827503,31,0,28 141 8,1,55,,827501,31,0,28 141 8,1
32202,'1',508,,858132,43,0,11 12 141 15,1,2130,,858131,31,0,11 12 141 15,1,70,,858133,43,0,11 12 141 15,1,30,,858134,43,0,11 12 141 15,1,70,,858130,43,0,11 12 141 15,1,30,,717513,43,0,11 12 141 15,1
32202,'2',508,,858136,43,0,11 12 141 15,1,30,,858137,43,0,11 12 141 15,1,2100,,858140,31,0,11 12 141 15,1,70,,858138,43,0,11 12 141 15,1,30,,858139,43,0,11 12 141 15,1,70,,858135,43,0,11 12 141 15,1,30,,858141,43,0,11 12 141 15,1
32202,'3',508,,691497,43,0,11 12 141 15,1,30,,858144,43,0,11 12 141 15,1,70,,858149,43,0,11 12 141 15,1,30,,858148,43,0,11 12 141 15,1,70,,858146,43,0,11 12 141 15,1,30,,692653,43,0,11 12 141 15,1,1900,,858143,31,0,11 12 141 15,1,70,,858145,43,0,11 12 141 15,1,30,,858147,43,0,11 12 141 15,1,70,,858142,43,0,11 12 141 15,1,30,,683647,43,0,11 12 141 15,1
32202,'5',508,,705547,43,0,11 12 141 15,1,30,,858151,43,0,11 12 141 15,1,2100,,606017,31,0,11 12 141 15,1,70,,748005,43,0,11 12 141 15,1,30,,764711,43,0,11 12 141 15,1,70,,858150,43,0,11 12 141 15,1,30,,762183,43,0,11 12 141 15,1
