704,'1',519,,604785,15,0,151 15,1,10,,604814,15,0,151 15,1,12,,604755,15,0,151 15,1,10,,598033,15,0,151 15,1,50,,434358,15,0,151 15,1,8,,510376,15,0,151 15,1,7,,604757,15,0,151 15,1,8,,604782,15,0,151 15,1,8,,604771,15,0,151 15,1,10,,604764,15,0,151 15,1,10,,604741,15,0,151 15,1,50,,604816,15,0,151 15,1,10,,604810,15,0,151 15,1,10,,594760,15,0,151 15,1,10,,604821,15,0,151 15,1,10,,604760,15,0,151 15,1,10,,604805,15,0,151 15,1,50,,604750,15,0,151 15,1,10,,604813,15,0,151 15,1,10,,604793,15,0,151 15,1,10,,604801,15,0,151 15,1,10,,542358,15,0,151 15,1,10,,604772,15,0,151 15,1,50,,604737,15,0,151 15,1,10,,604809,15,0,151 15,1,10,,604799,15,0,151 15,1,10,,604742,15,0,151 15,1,10,,604781,15,0,151 15,1,10,,604784,15,0,151 15,1,48,,604734,15,0,151 15,1,10,,604752,15,0,151 15,1,10,,604726,15,0,151 15,1,10,,604822,15,0,151 15,1,10,,444023,15,0,151 15,1,10,,604754,15,0,151 15,1,50,,604811,15,0,151 15,1,10,,604731,15,0,151 15,1,10,,604774,15,0,151 15,1,10,,603408,15,0,151 15,1,10,,604770,15,0,151 15,1,10,,604806,15,0,151 15,1,50,,522420,15,0,151 15,1,10,,604779,15,0,151 15,1,10,,604820,15,0,151 15,1,10,,604311,15,0,151 15,1,10,,604823,15,0,151 15,1,10,,604743,15,0,151 15,1,50,,604777,15,0,151 15,1,10,,604745,15,0,151 15,1,10,,604727,15,0,151 15,1,8,,604749,15,0,151 15,1,9,,604797,15,0,151 15,1,9,,604768,15,0,151 15,1,9,,604787,15,0,151 15,1,48,,604802,15,0,151 15,1,9,,604751,15,0,151 15,1,10,,604748,15,0,151 15,1,10,,604795,15,0,151 15,1,10,,604786,15,0,151 15,1,10,,604758,15,0,151 15,1,50,,604736,15,0,151 15,1,10,,604790,15,0,151 15,1,10,,572591,15,0,151 15,1,10,,604794,15,0,151 15,1,10,,576165,15,0,151 15,1,10,,604819,15,0,151 15,1,50,,604804,15,0,151 15,1,10,,604825,15,0,151 15,1,10,,604732,15,0,151 15,1,10,,604730,15,0,151 15,1,10,,548923,15,0,151 15,1,10,,604798,15,0,151 15,1,50,,604762,15,0,151 15,1,10,,604763,15,0,151 15,1,10,,385619,15,0,151 15,1,10,,604800,15,0,151 15,1,10,,445539,15,0,151 15,1,8,,604824,15,0,151 15,1,50,,587624,15,0,151 15,1,10,,604747,15,0,151 15,1,10,,604759,15,0,151 15,1,10,,604766,15,0,151 15,1,10,,522344,15,0,151 15,1,10,,604765,15,0,151 15,1,50,,604729,15,0,151 15,1,8,,604739,15,0,151 15,1,7,,604775,15,0,151 15,1,10,,604761,15,0,151 15,1,10,,604780,15,0,151 15,1,10,,518762,15,0,151 15,1,10,,604783,15,0,151 15,1,50,,604815,15,0,151 15,1,10,,604789,15,0,151 15,1,10,,604773,15,0,151 15,1,10,,604769,15,0,151 15,1,10,,488392,15,0,151 15,1,10,,604735,15,0,151 15,1,50,,604807,15,0,151 15,1,10,,474468,15,0,151 15,1,10,,604791,15,0,151 15,1,10,,604803,15,0,151 15,1,10,,604753,15,0,151 15,1,10,,604746,15,0,151 15,1,50,,604740,15,0,151 15,1,10,,604728,15,0,151 15,1,10,,552378,15,0,151 15,1,10,,538262,15,0,151 15,1,10,,392255,15,0,151 15,1,10,,604818,15,0,151 15,1,49,,604767,15,0,151 15,1,8,,604792,15,0,151 15,1,10,,604756,15,0,151 15,1,10,,604776,15,0,151 15,1,10,,604744,15,0,151 15,1,10,,523497,15,0,151 15,1,50,,573680,15,0,151 15,1,10,,604817,15,0,151 15,1,10,,604796,15,0,151 15,1,10,,604808,15,0,151 15,1,10,,604788,15,0,151 15,1,10,,604778,15,0,151 15,1,50,,530770,15,0,151 15,1,10,,496965,15,0,151 15,1,12,,604738,15,0,151 15,1
704,'2',529,,597516,15,0,151 15,1,11,,565434,15,0,151 15,1,9,,604888,15,0,151 15,1,10,,604908,15,0,151 15,1,50,,604863,15,0,151 15,1,10,,599361,15,0,151 15,1,10,,604880,15,0,151 15,1,10,,586482,15,0,151 15,1,10,,604879,15,0,151 15,1,10,,604916,15,0,151 15,1,50,,604919,15,0,151 15,1,10,,604895,15,0,151 15,1,10,,604873,15,0,151 15,1,9,,528858,15,0,151 15,1,9,,396193,15,0,151 15,1,6,,566194,15,0,151 15,1,48,,604897,15,0,151 15,1,8,,604875,15,0,151 15,1,11,,604840,15,0,151 15,1,10,,604901,15,0,151 15,1,10,,600113,15,0,151 15,1,10,,604861,15,0,151 15,1,50,,604857,15,0,151 15,1,10,,604871,15,0,151 15,1,10,,514182,15,0,151 15,1,10,,604834,15,0,151 15,1,10,,604828,15,0,151 15,1,10,,600346,15,0,151 15,1,50,,604851,15,0,151 15,1,10,,604876,15,0,151 15,1,10,,604839,15,0,151 15,1,10,,604910,15,0,151 15,1,10,,603800,15,0,151 15,1,10,,604900,15,0,151 15,1,50,,601888,15,0,151 15,1,10,,604906,15,0,151 15,1,10,,604886,15,0,151 15,1,10,,541809,15,0,151 15,1,10,,604860,15,0,151 15,1,10,,604844,15,0,151 15,1,50,,528812,15,0,151 15,1,12,,604848,15,0,151 15,1,10,,604854,15,0,151 15,1,10,,604852,15,0,151 15,1,10,,604841,15,0,151 15,1,10,,604887,15,0,151 15,1,50,,604891,15,0,151 15,1,10,,537491,15,0,151 15,1,10,,604850,15,0,151 15,1,10,,547197,15,0,151 15,1,10,,471234,15,0,151 15,1,10,,598942,15,0,151 15,1,50,,604831,15,0,151 15,1,10,,604849,15,0,151 15,1,10,,604842,15,0,151 15,1,10,,604853,15,0,151 15,1,10,,604914,15,0,151 15,1,10,,604869,15,0,151 15,1,50,,604909,15,0,151 15,1,10,,604867,15,0,151 15,1,10,,604912,15,0,151 15,1,10,,604902,15,0,151 15,1,10,,604827,15,0,151 15,1,10,,604918,15,0,151 15,1,50,,604858,15,0,151 15,1,10,,604862,15,0,151 15,1,10,,531437,15,0,151 15,1,10,,604866,15,0,151 15,1,10,,604884,15,0,151 15,1,10,,604889,15,0,151 15,1,50,,604899,15,0,151 15,1,10,,604913,15,0,151 15,1,10,,604907,15,0,151 15,1,10,,604874,15,0,151 15,1,10,,604892,15,0,151 15,1,10,,604864,15,0,151 15,1,50,,604877,15,0,151 15,1,10,,604855,15,0,151 15,1,10,,604881,15,0,151 15,1,10,,536071,15,0,151 15,1,10,,604915,15,0,151 15,1,10,,604865,15,0,151 15,1,50,,604890,15,0,151 15,1,8,,557248,15,0,151 15,1,9,,604868,15,0,151 15,1,10,,604904,15,0,151 15,1,10,,604893,15,0,151 15,1,10,,604832,15,0,151 15,1,10,,604830,15,0,151 15,1,50,,604829,15,0,151 15,1,10,,604826,15,0,151 15,1,10,,604835,15,0,151 15,1,10,,604878,15,0,151 15,1,10,,604846,15,0,151 15,1,10,,604883,15,0,151 15,1,51,,537460,15,0,151 15,1,11,,604838,15,0,151 15,1,10,,604833,15,0,151 15,1,10,,604847,15,0,151 15,1,10,,604885,15,0,151 15,1,50,,604920,15,0,151 15,1,8,,604898,15,0,151 15,1,10,,604856,15,0,151 15,1,10,,604911,15,0,151 15,1,10,,604905,15,0,151 15,1,10,,604845,15,0,151 15,1,10,,384318,15,0,151 15,1,50,,604870,15,0,151 15,1,10,,604882,15,0,151 15,1,10,,604836,15,0,151 15,1,10,,604837,15,0,151 15,1,10,,604872,15,0,151 15,1,10,,604896,15,0,151 15,1,50,,563461,15,0,151 15,1,10,,399249,15,0,151 15,1,10,,604894,15,0,151 15,1,10,,604917,15,0,151 15,1,10,,604843,15,0,151 15,1,51,,604859,15,0,151 15,1,15,,604903,15,0,151 15,1,19,,480075,15,0,151 15,1
704,'3',741,,604940,15,0,151 15,1,8,,604933,15,0,151 15,1,9,,604973,15,0,151 15,1,47,,508975,15,0,151 15,1,10,,604924,15,0,151 15,1,10,,605004,15,0,151 15,1,10,,604937,15,0,151 15,1,10,,604944,15,0,151 15,1,10,,604946,15,0,151 15,1,50,,604955,15,0,151 15,1,10,,604994,15,0,151 15,1,10,,604957,15,0,151 15,1,10,,604975,15,0,151 15,1,10,,605011,15,0,151 15,1,10,,604952,15,0,151 15,1,50,,604958,15,0,151 15,1,10,,498910,15,0,151 15,1,10,,604932,15,0,151 15,1,10,,604923,15,0,151 15,1,10,,604977,15,0,151 15,1,10,,604976,15,0,151 15,1,51,,604926,15,0,151 15,1,10,,605006,15,0,151 15,1,10,,604938,15,0,151 15,1,10,,605003,15,0,151 15,1,10,,604997,15,0,151 15,1,10,,604921,15,0,151 15,1,50,,604929,15,0,151 15,1,10,,604996,15,0,151 15,1,10,,604980,15,0,151 15,1,10,,605005,15,0,151 15,1,10,,605012,15,0,151 15,1,10,,604942,15,0,151 15,1,50,,604995,15,0,151 15,1,10,,551636,15,0,151 15,1,10,,604999,15,0,151 15,1,10,,604967,15,0,151 15,1,10,,604939,15,0,151 15,1,10,,565009,15,0,151 15,1,50,,604986,15,0,151 15,1,10,,465631,15,0,151 15,1,10,,604987,15,0,151 15,1,10,,604965,15,0,151 15,1,10,,439888,15,0,151 15,1,10,,604978,15,0,151 15,1,50,,605007,15,0,151 15,1,10,,604998,15,0,151 15,1,10,,604936,15,0,151 15,1,10,,605010,15,0,151 15,1,10,,600509,15,0,151 15,1,10,,604972,15,0,151 15,1,50,,604984,15,0,151 15,1,10,,572355,15,0,151 15,1,10,,604927,15,0,151 15,1,10,,604966,15,0,151 15,1,10,,570141,15,0,151 15,1,10,,604989,15,0,151 15,1,50,,604982,15,0,151 15,1,10,,604985,15,0,151 15,1,10,,604947,15,0,151 15,1,10,,604954,15,0,151 15,1,10,,605009,15,0,151 15,1,10,,604943,15,0,151 15,1,50,,437271,15,0,151 15,1,10,,604922,15,0,151 15,1,10,,604968,15,0,151 15,1,10,,604935,15,0,151 15,1,9,,604934,15,0,151 15,1,10,,604971,15,0,151 15,1,50,,604951,15,0,151 15,1,8,,544742,15,0,151 15,1,10,,604962,15,0,151 15,1,10,,577311,15,0,151 15,1,10,,605000,15,0,151 15,1,10,,604931,15,0,151 15,1,50,,604961,15,0,151 15,1,10,,604969,15,0,151 15,1,10,,604990,15,0,151 15,1,10,,605002,15,0,151 15,1,10,,604959,15,0,151 15,1,10,,568742,15,0,151 15,1,50,,604979,15,0,151 15,1,10,,604992,15,0,151 15,1,10,,573358,15,0,151 15,1,10,,604991,15,0,151 15,1,7,,604960,15,0,151 15,1,7,,604988,15,0,151 15,1,10,,605001,15,0,151 15,1,50,,604941,15,0,151 15,1,9,,604983,15,0,151 15,1,9,,605008,15,0,151 15,1,9,,604953,15,0,151 15,1,9,,604964,15,0,151 15,1,9,,604925,15,0,151 15,1,50,,604963,15,0,151 15,1,10,,604948,15,0,151 15,1,10,,604949,15,0,151 15,1,10,,604956,15,0,151 15,1,10,,519496,15,0,151 15,1,10,,604928,15,0,151 15,1,50,,604930,15,0,151 15,1,10,,604974,15,0,151 15,1,10,,392184,15,0,151 15,1,10,,600463,15,0,151 15,1,10,,604993,15,0,151 15,1,10,,604950,15,0,151 15,1,50,,604970,15,0,151 15,1,7,,604981,15,0,151 15,1,15,,604945,15,0,151 15,1
704,'5',532,,584962,15,0,151 15,1,14,,605084,15,0,151 15,1,10,,605029,15,0,151 15,1,50,,550415,15,0,151 15,1,10,,515604,15,0,151 15,1,10,,605059,15,0,151 15,1,10,,605050,15,0,151 15,1,10,,605098,15,0,151 15,1,10,,605102,15,0,151 15,1,50,,536622,15,0,151 15,1,10,,605081,15,0,151 15,1,10,,605074,15,0,151 15,1,10,,605095,15,0,151 15,1,7,,605036,15,0,151 15,1,6,,605028,15,0,151 15,1,6,,561178,15,0,151 15,1,50,,605073,15,0,151 15,1,10,,605096,15,0,151 15,1,10,,605052,15,0,151 15,1,10,,605035,15,0,151 15,1,10,,605056,15,0,151 15,1,10,,605108,15,0,151 15,1,50,,605055,15,0,151 15,1,10,,605022,15,0,151 15,1,10,,605089,15,0,151 15,1,10,,605075,15,0,151 15,1,10,,605085,15,0,151 15,1,10,,605091,15,0,151 15,1,50,,574022,15,0,151 15,1,10,,605104,15,0,151 15,1,10,,605046,15,0,151 15,1,10,,605093,15,0,151 15,1,10,,605109,15,0,151 15,1,10,,605076,15,0,151 15,1,51,,560644,15,0,151 15,1,10,,605040,15,0,151 15,1,10,,605024,15,0,151 15,1,10,,605080,15,0,151 15,1,10,,605087,15,0,151 15,1,10,,605065,15,0,151 15,1,50,,605025,15,0,151 15,1,10,,605086,15,0,151 15,1,10,,605107,15,0,151 15,1,10,,605045,15,0,151 15,1,10,,605063,15,0,151 15,1,10,,605037,15,0,151 15,1,50,,534934,15,0,151 15,1,10,,605047,15,0,151 15,1,10,,549775,15,0,151 15,1,10,,605033,15,0,151 15,1,10,,578948,15,0,151 15,1,10,,605031,15,0,151 15,1,50,,605106,15,0,151 15,1,10,,556979,15,0,151 15,1,10,,605090,15,0,151 15,1,10,,605023,15,0,151 15,1,10,,605021,15,0,151 15,1,10,,605070,15,0,151 15,1,50,,605060,15,0,151 15,1,10,,535851,15,0,151 15,1,10,,601730,15,0,151 15,1,10,,605061,15,0,151 15,1,10,,605094,15,0,151 15,1,10,,605013,15,0,151 15,1,50,,582321,15,0,151 15,1,10,,599255,15,0,151 15,1,10,,605020,15,0,151 15,1,10,,605088,15,0,151 15,1,10,,605049,15,0,151 15,1,10,,602490,15,0,151 15,1,50,,605097,15,0,151 15,1,10,,605058,15,0,151 15,1,10,,605027,15,0,151 15,1,10,,605072,15,0,151 15,1,10,,572383,15,0,151 15,1,10,,605015,15,0,151 15,1,50,,605016,15,0,151 15,1,10,,605034,15,0,151 15,1,10,,605041,15,0,151 15,1,10,,541610,15,0,151 15,1,9,,605057,15,0,151 15,1,10,,605014,15,0,151 15,1,50,,605032,15,0,151 15,1,8,,605099,15,0,151 15,1,10,,527465,15,0,151 15,1,10,,586962,15,0,151 15,1,10,,605069,15,0,151 15,1,10,,605018,15,0,151 15,1,50,,605071,15,0,151 15,1,10,,605030,15,0,151 15,1,10,,605079,15,0,151 15,1,10,,605019,15,0,151 15,1,10,,605044,15,0,151 15,1,10,,605053,15,0,151 15,1,50,,554810,15,0,151 15,1,10,,589380,15,0,151 15,1,10,,605043,15,0,151 15,1,10,,605017,15,0,151 15,1,7,,570623,15,0,151 15,1,7,,605064,15,0,151 15,1,10,,605048,15,0,151 15,1,50,,605083,15,0,151 15,1,9,,605100,15,0,151 15,1,9,,605026,15,0,151 15,1,9,,605042,15,0,151 15,1,9,,605103,15,0,151 15,1,9,,605068,15,0,151 15,1,50,,562702,15,0,151 15,1,10,,605051,15,0,151 15,1,10,,605101,15,0,151 15,1,10,,605092,15,0,151 15,1,10,,605039,15,0,151 15,1,10,,605105,15,0,151 15,1,50,,605054,15,0,151 15,1,10,,581392,15,0,151 15,1,10,,605082,15,0,151 15,1,10,,605078,15,0,151 15,1,10,,605062,15,0,151 15,1,10,,605038,15,0,151 15,1,50,,605067,15,0,151 15,1,7,,605077,15,0,151 15,1,15,,605066,15,0,151 15,1
16004,'1',617,,429944,20,0,69 15,1,26,,675199,20,0,69 15,1,60,,675230,20,0,69 15,1,20,,675204,20,0,69 15,1,20,,675201,20,0,69 15,1,60,,577101,20,0,69 15,1,20,,586835,20,0,69 15,1,20,,675226,20,0,69 15,1,60,,675229,20,0,69 15,1,20,,675212,20,0,69 15,1,20,,675220,20,0,69 15,1,14,,569484,20,0,69 15,1,60,,675221,20,0,69 15,1,21,,374191,20,0,69 15,1,65,,466539,20,0,69 15,1,25,,675202,20,0,69 15,1,25,,675207,20,0,69 15,1,65,,675218,20,0,69 15,1,25,,675213,20,0,69 15,1,65,,675209,20,0,69 15,1,25,,675205,20,0,69 15,1,25,,675219,20,0,69 15,1,65,,675232,20,0,69 15,1,25,,675214,20,0,69 15,1,65,,675233,20,0,69 15,1,26,,675206,20,0,69 15,1,66,,675228,20,0,69 15,1,24,,675222,20,0,69 15,1,24,,675211,20,0,69 15,1,64,,675200,20,0,69 15,1,24,,675227,20,0,69 15,1,64,,675210,20,0,69 15,1,24,,675217,20,0,69 15,1,21,,675223,20,0,69 15,1,63,,529338,20,0,69 15,1,21,,398203,20,0,69 15,1,21,,675208,20,0,69 15,1,51,,675225,20,0,69 15,1,18,,675216,20,0,69 15,1,24,,675203,20,0,69 15,1,64,,675231,20,0,69 15,1,24,,675215,20,0,69 15,1,64,,675224,20,0,69 15,1,24,,516414,20,0,69 15,1
16004,'2',613,,675244,20,0,69 15,1,39,,675249,20,0,69 15,1,76,,603035,20,0,69 15,1,76,,675242,20,0,69 15,1,36,,675248,20,0,69 15,1,76,,675241,20,0,69 15,1,36,,675245,20,0,69 15,1,76,,675238,20,0,69 15,1,76,,675252,20,0,69 15,1,36,,675250,20,0,69 15,1,76,,602748,20,0,69 15,1,36,,675235,20,0,69 15,1,76,,675237,20,0,69 15,1,76,,675240,20,0,69 15,1,36,,675236,20,0,69 15,1,76,,675246,20,0,69 15,1,36,,675239,20,0,69 15,1,76,,675251,20,0,69 15,1,76,,675243,20,0,69 15,1,36,,675247,20,0,69 15,1,79,,549894,20,0,69 15,1,39,,675234,20,0,69 15,1
16004,'3',916,,675256,20,0,69 15,1,36,,675255,20,0,69 15,1,76,,675257,20,0,69 15,1,76,,675262,20,0,69 15,1,36,,524613,20,0,69 15,1,76,,525493,20,0,69 15,1,36,,675258,20,0,69 15,1,76,,495768,20,0,69 15,1,76,,675253,20,0,69 15,1,36,,675261,20,0,69 15,1,76,,563130,20,0,69 15,1,36,,518834,20,0,69 15,1,76,,675259,20,0,69 15,1,76,,675263,20,0,69 15,1,36,,573153,20,0,69 15,1,79,,675260,20,0,69 15,1,37,,675254,20,0,69 15,1
16004,'5',916,,675269,20,0,69 15,1,36,,675265,20,0,69 15,1,76,,675275,20,0,69 15,1,76,,579273,20,0,69 15,1,36,,675268,20,0,69 15,1,76,,675264,20,0,69 15,1,36,,675271,20,0,69 15,1,76,,675266,20,0,69 15,1,76,,675274,20,0,69 15,1,36,,675270,20,0,69 15,1,76,,675273,20,0,69 15,1,36,,675276,20,0,69 15,1,76,,675267,20,0,69 15,1,76,,675278,20,0,69 15,1,36,,675277,20,0,69 15,1,79,,602139,20,0,69 15,1,37,,675272,20,0,69 15,1
30704,'1',354,,539516,19,0,11 12 94,1,70,,559278,19,0,11 12 94,1,30,,534996,19,0,11 12 94,1,55,,562524,19,0,11 12 94,1,2045,,681109,15,0,11 12 94,1,70,,681110,15,0,11 12 94,1,30,,540865,15,0,11 12 94,1,70,,681111,15,0,11 12 94,1
30704,'2',354,,571516,19,0,11 12 94,1,70,,681119,19,0,11 12 94,1,31,,599923,19,0,11 12 94,1,66,,681115,19,0,11 12 94,1,2033,,511271,15,0,11 12 94,1,60,,681113,15,0,11 12 94,1,20,,573943,15,0,11 12 94,1,20,,424210,15,0,11 12 94,1,60,,681118,15,0,11 12 94,1,20,,681114,15,0,11 12 94,1
30704,'3',354,,535683,19,0,11 12 94,1,70,,513514,19,0,11 12 94,1,30,,681124,19,0,11 12 94,1,67,,681133,19,0,11 12 94,1,12,,681123,19,0,11 12 94,1,12,,681129,19,0,11 12 94,1,12,,681125,15,0,11 12 94,1,52,,681127,15,0,11 12 94,1,12,,681121,15,0,11 12 94,1,12,,681136,15,0,11 12 94,1,12,,681130,15,0,11 12 94,1,12,,681120,15,0,11 12 94,1,52,,681135,15,0,11 12 94,1,12,,681122,15,0,11 12 94,1,10,,681134,15,0,11 12 94,1,1823,,681126,15,0,11 12 94,1,70,,681132,15,0,11 12 94,1,30,,681128,15,0,11 12 94,1,70,,518671,15,0,11 12 94,1
30704,'5',354,,681138,19,0,11 12 94,1,70,,556675,19,0,11 12 94,1,30,,544363,19,0,11 12 94,1,68,,681139,19,0,11 12 94,1,2032,,681143,15,0,11 12 94,1,70,,681137,15,0,11 12 94,1,30,,681140,15,0,11 12 94,1,70,,681142,15,0,11 12 94,1
