5401,'1',711,,773077,64,4,,1,10,,808514,64,4,,1,10,,808595,64,4,,1,10,,808609,64,4,,1,10,,808624,64,4,,1,51,,808628,64,4,,1,9,,741220,64,4,,1,10,,645930,64,4,,1,10,,808571,64,4,,1,10,,808541,64,4,,1,10,,808572,64,4,,1,50,,808619,64,4,,1,10,,808613,64,4,,1,10,,808548,64,4,,1,10,,808556,64,4,,1,10,,808584,64,4,,1,8,,808519,64,4,,1,10,,808634,64,4,,1,51,,808603,64,4,,1,11,,808629,64,4,,1,11,,766003,64,4,,1,10,,808512,64,4,,1,14,,808520,64,4,,1,55,,808598,64,4,,1,15,,808640,64,4,,1,15,,808607,64,4,,1,15,,808570,64,4,,1,55,,808513,64,4,,1,15,,808606,64,4,,1,15,,808601,64,4,,1,15,,808565,64,4,,1,55,,430303,64,4,,1,15,,808510,64,4,,1,15,,808573,64,4,,1,15,,808635,64,4,,1,55,,808505,64,4,,1,15,,808536,64,4,,1,15,,808617,64,4,,1,16,,808523,64,4,,1,56,,808631,64,4,,1,14,,808561,64,4,,1,12,,808517,64,4,,1,12,,808621,64,4,,1,52,,726110,64,4,,1,12,,808533,64,4,,1,12,,808593,64,4,,1,12,,808577,64,4,,1,12,,808568,64,4,,1,52,,808508,64,4,,1,11,,808516,64,4,,1,12,,808546,64,4,,1,11,,609910,64,4,,1,9,,808582,64,4,,1,10,,690296,64,4,,1,51,,808638,64,4,,1,10,,779360,64,4,,1,12,,808592,64,4,,1,15,,808626,64,4,,1,15,,808633,64,4,,1,53,,808562,64,4,,1,14,,808639,64,4,,1,13,,808543,64,4,,1,13,,808586,64,4,,1,53,,808627,64,4,,1,16,,808547,64,4,,1,15,,808590,64,4,,1,15,,808575,64,4,,1,55,,761533,64,4,,1,15,,808618,64,4,,1,15,,808531,64,4,,1,15,,667755,64,4,,1,55,,808625,64,4,,1,13,,808589,64,4,,1,13,,808611,64,4,,1,9,,808522,64,4,,1,15,,644413,64,4,,1,60,,808580,64,4,,1,20,,808528,64,4,,1,20,,808588,64,4,,1,60,,808551,64,4,,1,20,,808567,64,4,,1,20,,808539,64,4,,1,60,,727988,64,4,,1,20,,808511,64,4,,1,17,,808532,64,4,,1,67,,808600,64,4,,1
5401,'2',655,,808707,64,4,,1,60,,808728,64,4,,1,20,,548329,64,4,,1,20,,808689,64,4,,1,60,,752232,64,4,,1,20,,808720,64,4,,1,20,,808716,64,4,,1,60,,808659,64,4,,1,20,,808658,64,4,,1,20,,808668,64,4,,1,60,,808724,64,4,,1,20,,808687,64,4,,1,20,,742207,64,4,,1,60,,808680,64,4,,1,20,,808651,64,4,,1,20,,808704,64,4,,1,60,,808737,64,4,,1,20,,808691,64,4,,1,20,,808733,64,4,,1,55,,808700,64,4,,1,15,,808696,64,4,,1,15,,808654,64,4,,1,15,,808747,64,4,,1,55,,808727,64,4,,1,15,,808665,64,4,,1,15,,808685,64,4,,1,15,,808742,64,4,,1,55,,808694,64,4,,1,15,,808711,64,4,,1,15,,808669,64,4,,1,15,,808673,64,4,,1,55,,808721,64,4,,1,15,,808657,64,4,,1,15,,808731,64,4,,1,15,,808730,64,4,,1,55,,808675,64,4,,1,14,,711480,64,4,,1,14,,808726,64,4,,1,14,,808702,64,4,,1,54,,704429,64,4,,1,13,,769694,64,4,,1,15,,754050,64,4,,1,15,,808686,64,4,,1,55,,808641,64,4,,1,15,,808681,64,4,,1,15,,808660,64,4,,1,15,,808688,64,4,,1,55,,808709,64,4,,1,14,,808715,64,4,,1,12,,808710,64,4,,1,11,,456267,64,4,,1,12,,808656,64,4,,1,58,,808698,64,4,,1,20,,808664,64,4,,1,20,,808732,64,4,,1,58,,808684,64,4,,1,18,,808653,64,4,,1,18,,808661,64,4,,1,60,,808679,64,4,,1,10,,710837,64,4,,1,20,,808666,64,4,,1,20,,808662,64,4,,1,60,,808719,64,4,,1,20,,808714,64,4,,1,20,,808748,64,4,,1,60,,808729,64,4,,1,21,,664078,64,4,,1,18,,808655,64,4,,1,66,,808670,64,4,,1
5401,'3',910,,808774,64,4,,1,15,,808823,64,4,,1,15,,808777,64,4,,1,15,,808820,64,4,,1,55,,808752,64,4,,1,15,,808822,64,4,,1,15,,808785,64,4,,1,15,,747173,64,4,,1,55,,766906,64,4,,1,15,,808775,64,4,,1,15,,808800,64,4,,1,15,,808832,64,4,,1,55,,808769,64,4,,1,15,,808796,64,4,,1,15,,808836,64,4,,1,15,,808788,64,4,,1,55,,702040,64,4,,1,15,,808776,64,4,,1,15,,808804,64,4,,1,15,,693497,64,4,,1,55,,808809,64,4,,1,15,,808825,64,4,,1,15,,808801,64,4,,1,15,,808753,64,4,,1,55,,710376,64,4,,1,15,,612564,64,4,,1,15,,808754,64,4,,1,15,,808799,64,4,,1,55,,808830,64,4,,1,15,,808764,64,4,,1,15,,808792,64,4,,1,15,,808821,64,4,,1,55,,808766,64,4,,1,15,,808828,64,4,,1,15,,808759,64,4,,1,15,,808837,64,4,,1,55,,808829,64,4,,1,15,,808827,64,4,,1,15,,741521,64,4,,1,15,,763663,64,4,,1,55,,808763,64,4,,1,13,,808815,64,4,,1,13,,808771,64,4,,1,14,,808760,64,4,,1,59,,706491,64,4,,1,20,,808803,64,4,,1,20,,731326,64,4,,1,60,,755346,64,4,,1,20,,808813,64,4,,1,20,,808812,64,4,,1,60,,808755,64,4,,1,18,,808839,64,4,,1,18,,808782,64,4,,1,59,,808757,64,4,,1,10,,712492,64,4,,1,20,,700423,64,4,,1,20,,808818,64,4,,1,60,,808783,64,4,,1,20,,808749,64,4,,1,20,,703376,64,4,,1,60,,808770,64,4,,1,21,,808826,64,4,,1,17,,678945,64,4,,1,68,,690859,64,4,,1
5401,'5',655,,748188,64,4,,1,70,,808905,64,4,,1,30,,665182,64,4,,1,70,,713725,64,4,,1,30,,808914,64,4,,1,66,,808853,64,4,,1,19,,808866,64,4,,1,15,,808918,64,4,,1,55,,808867,64,4,,1,15,,808884,64,4,,1,15,,808865,64,4,,1,15,,808889,64,4,,1,55,,808942,64,4,,1,15,,808874,64,4,,1,15,,808956,64,4,,1,15,,808950,64,4,,1,55,,808859,64,4,,1,15,,808887,64,4,,1,15,,808938,64,4,,1,15,,647181,64,4,,1,55,,704364,64,4,,1,15,,808941,64,4,,1,15,,808920,64,4,,1,15,,808873,64,4,,1,55,,808937,64,4,,1,15,,808886,64,4,,1,15,,808885,64,4,,1,15,,766096,64,4,,1,55,,808894,64,4,,1,15,,808924,64,4,,1,15,,808878,64,4,,1,15,,808858,64,4,,1,55,,742362,64,4,,1,15,,638051,64,4,,1,15,,808926,64,4,,1,15,,808860,64,4,,1,55,,808951,64,4,,1,15,,808848,64,4,,1,15,,808939,64,4,,1,15,,808855,64,4,,1,55,,808901,64,4,,1,15,,808892,64,4,,1,15,,808864,64,4,,1,15,,767138,64,4,,1,55,,808913,64,4,,1,13,,808904,64,4,,1,13,,808852,64,4,,1,14,,808862,64,4,,1,59,,618206,64,4,,1,20,,808854,64,4,,1,20,,808909,64,4,,1,60,,808943,64,4,,1,20,,808949,64,4,,1,20,,808917,64,4,,1,60,,808861,64,4,,1,18,,808947,64,4,,1,18,,808883,64,4,,1,59,,647857,64,4,,1,10,,808891,64,4,,1,20,,808936,64,4,,1,20,,808945,64,4,,1,60,,808851,64,4,,1,20,,808849,64,4,,1,20,,808880,64,4,,1,60,,808902,64,4,,1,21,,808934,64,4,,1,17,,808954,64,4,,1,68,,808921,64,4,,1
5402,'1',508,,779041,1,0,26 27 8,1,7,,808976,1,0,26 27 8,1,6,,808975,1,0,26 27 8,1,7,,734591,1,0,26 27 8,1,10,,809013,1,0,26 27 8,1,10,,668589,1,0,26 27 8,1,10,,749793,1,0,26 27 8,1,49,,663999,1,0,26 27 8,1,10,,809046,1,0,26 27 8,1,10,,809061,1,0,26 27 8,1,9,,622932,1,0,26 27 8,1,10,,702734,1,0,26 27 8,1,9,,777683,1,0,26 27 8,1,48,,809016,1,0,26 27 8,1,10,,612763,1,0,26 27 8,1,10,,808983,1,0,26 27 8,1,10,,809014,1,0,26 27 8,1,10,,809003,1,0,26 27 8,1,10,,808987,1,0,26 27 8,1,50,,808997,1,0,26 27 8,1,10,,808965,1,0,26 27 8,1,10,,809037,1,0,26 27 8,1,10,,767629,1,0,26 27 8,1,10,,710468,1,0,26 27 8,1,10,,809051,1,0,26 27 8,1,50,,808964,1,0,26 27 8,1,11,,809066,1,0,26 27 8,1,16,,606657,1,0,26 27 8,1,15,,809049,1,0,26 27 8,1,55,,809009,1,0,26 27 8,1,15,,809021,1,0,26 27 8,1,15,,809012,1,0,26 27 8,1,15,,809056,1,0,26 27 8,1,55,,808995,1,0,26 27 8,1,15,,809011,1,0,26 27 8,1,15,,753470,1,0,26 27 8,1,15,,808985,1,0,26 27 8,1,55,,809079,1,0,26 27 8,1,15,,809007,1,0,26 27 8,1,15,,809062,1,0,26 27 8,1,15,,713433,1,0,26 27 8,1,55,,809089,1,0,26 27 8,1,14,,809023,1,0,26 27 8,1,14,,809024,1,0,26 27 8,1,12,,809002,1,0,26 27 8,1,14,,809055,1,0,26 27 8,1,52,,650362,1,0,26 27 8,1,12,,809018,1,0,26 27 8,1,12,,809043,1,0,26 27 8,1,12,,808982,1,0,26 27 8,1,12,,808974,1,0,26 27 8,1,52,,809078,1,0,26 27 8,1,12,,808979,1,0,26 27 8,1,12,,809039,1,0,26 27 8,1,12,,776045,1,0,26 27 8,1,12,,809040,1,0,26 27 8,1,52,,809020,1,0,26 27 8,1,12,,808988,1,0,26 27 8,1,12,,699867,1,0,26 27 8,1,12,,774756,1,0,26 27 8,1,12,,808998,1,0,26 27 8,1,52,,809008,1,0,26 27 8,1,12,,808963,1,0,26 27 8,1,13,,646159,1,0,26 27 8,1,15,,809045,1,0,26 27 8,1,55,,809084,1,0,26 27 8,1,15,,809019,1,0,26 27 8,1,15,,809038,1,0,26 27 8,1,15,,760494,1,0,26 27 8,1,55,,808967,1,0,26 27 8,1,15,,809069,1,0,26 27 8,1,15,,809073,1,0,26 27 8,1,15,,809041,1,0,26 27 8,1,55,,808992,1,0,26 27 8,1,15,,693264,1,0,26 27 8,1,15,,808972,1,0,26 27 8,1,15,,726399,1,0,26 27 8,1,55,,809080,1,0,26 27 8,1,15,,808999,1,0,26 27 8,1,15,,808968,1,0,26 27 8,1,15,,695162,1,0,26 27 8,1,55,,767004,1,0,26 27 8,1,15,,809090,1,0,26 27 8,1,20,,809010,1,0,26 27 8,1,20,,809036,1,0,26 27 8,1,60,,809085,1,0,26 27 8,1,20,,755967,1,0,26 27 8,1,20,,809086,1,0,26 27 8,1,60,,808971,1,0,26 27 8,1,20,,775629,1,0,26 27 8,1,20,,809065,1,0,26 27 8,1
5402,'2',514,,809118,1,0,26 27 8,1,27,,809172,1,0,26 27 8,1,65,,757117,1,0,26 27 8,1,20,,809134,1,0,26 27 8,1,20,,809189,1,0,26 27 8,1,60,,809109,1,0,26 27 8,1,18,,809174,1,0,26 27 8,1,13,,809188,1,0,26 27 8,1,16,,809098,1,0,26 27 8,1,58,,809197,1,0,26 27 8,1,20,,809128,1,0,26 27 8,1,20,,809122,1,0,26 27 8,1,60,,809158,1,0,26 27 8,1,20,,809178,1,0,26 27 8,1,20,,809166,1,0,26 27 8,1,60,,809141,1,0,26 27 8,1,20,,809208,1,0,26 27 8,1,20,,809157,1,0,26 27 8,1,60,,809106,1,0,26 27 8,1,20,,809167,1,0,26 27 8,1,15,,720960,1,0,26 27 8,1,55,,809140,1,0,26 27 8,1,15,,693595,1,0,26 27 8,1,15,,809200,1,0,26 27 8,1,15,,632478,1,0,26 27 8,1,55,,755148,1,0,26 27 8,1,15,,809168,1,0,26 27 8,1,15,,809119,1,0,26 27 8,1,15,,809144,1,0,26 27 8,1,55,,809135,1,0,26 27 8,1,15,,809203,1,0,26 27 8,1,15,,809120,1,0,26 27 8,1,15,,809204,1,0,26 27 8,1,55,,715193,1,0,26 27 8,1,15,,809139,1,0,26 27 8,1,15,,809202,1,0,26 27 8,1,15,,809113,1,0,26 27 8,1,55,,809205,1,0,26 27 8,1,15,,809185,1,0,26 27 8,1,15,,809209,1,0,26 27 8,1,15,,809148,1,0,26 27 8,1,54,,701898,1,0,26 27 8,1,15,,724764,1,0,26 27 8,1,15,,809165,1,0,26 27 8,1,15,,809150,1,0,26 27 8,1,55,,809154,1,0,26 27 8,1,15,,730870,1,0,26 27 8,1,15,,809175,1,0,26 27 8,1,15,,809214,1,0,26 27 8,1,55,,809124,1,0,26 27 8,1,15,,776981,1,0,26 27 8,1,15,,809123,1,0,26 27 8,1,15,,681071,1,0,26 27 8,1,56,,809115,1,0,26 27 8,1,20,,809182,1,0,26 27 8,1,20,,809173,1,0,26 27 8,1,60,,809137,1,0,26 27 8,1,20,,809102,1,0,26 27 8,1,20,,809183,1,0,26 27 8,1,60,,761167,1,0,26 27 8,1,8,,809180,1,0,26 27 8,1,18,,809212,1,0,26 27 8,1,18,,676363,1,0,26 27 8,1,70,,728442,1,0,26 27 8,1,20,,809138,1,0,26 27 8,1,20,,809111,1,0,26 27 8,1,60,,809147,1,0,26 27 8,1,20,,809194,1,0,26 27 8,1,20,,809160,1,0,26 27 8,1
5402,'3',655,,809223,1,0,26 27 8,1,60,,809288,1,0,26 27 8,1,17,,809334,1,0,26 27 8,1,15,,809322,1,0,26 27 8,1,54,,809226,1,0,26 27 8,1,15,,809274,1,0,26 27 8,1,15,,809220,1,0,26 27 8,1,15,,809312,1,0,26 27 8,1,55,,809316,1,0,26 27 8,1,15,,809299,1,0,26 27 8,1,15,,776220,1,0,26 27 8,1,15,,809313,1,0,26 27 8,1,55,,809253,1,0,26 27 8,1,15,,703674,1,0,26 27 8,1,15,,809310,1,0,26 27 8,1,15,,809238,1,0,26 27 8,1,55,,809219,1,0,26 27 8,1,15,,809256,1,0,26 27 8,1,15,,809328,1,0,26 27 8,1,15,,809286,1,0,26 27 8,1,54,,809284,1,0,26 27 8,1,15,,809289,1,0,26 27 8,1,15,,741527,1,0,26 27 8,1,15,,754828,1,0,26 27 8,1,55,,809302,1,0,26 27 8,1,15,,809267,1,0,26 27 8,1,15,,809233,1,0,26 27 8,1,15,,809236,1,0,26 27 8,1,55,,809258,1,0,26 27 8,1,15,,809276,1,0,26 27 8,1,15,,809221,1,0,26 27 8,1,15,,809215,1,0,26 27 8,1,55,,809271,1,0,26 27 8,1,15,,809232,1,0,26 27 8,1,15,,809314,1,0,26 27 8,1,15,,809280,1,0,26 27 8,1,55,,809243,1,0,26 27 8,1,15,,809230,1,0,26 27 8,1,15,,758566,1,0,26 27 8,1,15,,809301,1,0,26 27 8,1,55,,809325,1,0,26 27 8,1,15,,809222,1,0,26 27 8,1,15,,809251,1,0,26 27 8,1,15,,809252,1,0,26 27 8,1,55,,809260,1,0,26 27 8,1,15,,809278,1,0,26 27 8,1,15,,809263,1,0,26 27 8,1,15,,809273,1,0,26 27 8,1,56,,809255,1,0,26 27 8,1,20,,809264,1,0,26 27 8,1,20,,809244,1,0,26 27 8,1,60,,809309,1,0,26 27 8,1,20,,769024,1,0,26 27 8,1,20,,809248,1,0,26 27 8,1,60,,809297,1,0,26 27 8,1,20,,809282,1,0,26 27 8,1,20,,809218,1,0,26 27 8,1,60,,809272,1,0,26 27 8,1,8,,765771,1,0,26 27 8,1,18,,809281,1,0,26 27 8,1,18,,809317,1,0,26 27 8,1,69,,809315,1,0,26 27 8,1,20,,809329,1,0,26 27 8,1,20,,809298,1,0,26 27 8,1,60,,766057,1,0,26 27 8,1,20,,809323,1,0,26 27 8,1,20,,809237,1,0,26 27 8,1
5402,'5',514,,809364,1,0,26 27 8,1,26,,809396,1,0,26 27 8,1,70,,809456,1,0,26 27 8,1,30,,809370,1,0,26 27 8,1,65,,809389,1,0,26 27 8,1,20,,729513,1,0,26 27 8,1,21,,746504,1,0,26 27 8,1,55,,809343,1,0,26 27 8,1,15,,809375,1,0,26 27 8,1,15,,809378,1,0,26 27 8,1,15,,809401,1,0,26 27 8,1,55,,623378,1,0,26 27 8,1,15,,744356,1,0,26 27 8,1,15,,809439,1,0,26 27 8,1,15,,809379,1,0,26 27 8,1,55,,809414,1,0,26 27 8,1,15,,809424,1,0,26 27 8,1,15,,809372,1,0,26 27 8,1,15,,809403,1,0,26 27 8,1,55,,809391,1,0,26 27 8,1,15,,809373,1,0,26 27 8,1,15,,629562,1,0,26 27 8,1,15,,809374,1,0,26 27 8,1,54,,809367,1,0,26 27 8,1,15,,809357,1,0,26 27 8,1,15,,809419,1,0,26 27 8,1,15,,809362,1,0,26 27 8,1,55,,706028,1,0,26 27 8,1,15,,809422,1,0,26 27 8,1,15,,809429,1,0,26 27 8,1,15,,809383,1,0,26 27 8,1,55,,702134,1,0,26 27 8,1,15,,809388,1,0,26 27 8,1,15,,605036,1,0,26 27 8,1,15,,809410,1,0,26 27 8,1,55,,809390,1,0,26 27 8,1,15,,809356,1,0,26 27 8,1,15,,751720,1,0,26 27 8,1,15,,809361,1,0,26 27 8,1,55,,809359,1,0,26 27 8,1,15,,809352,1,0,26 27 8,1,15,,809447,1,0,26 27 8,1,15,,809368,1,0,26 27 8,1,55,,739507,1,0,26 27 8,1,15,,809437,1,0,26 27 8,1,15,,809412,1,0,26 27 8,1,15,,809348,1,0,26 27 8,1,55,,809434,1,0,26 27 8,1,15,,756987,1,0,26 27 8,1,15,,761263,1,0,26 27 8,1,15,,809363,1,0,26 27 8,1,56,,706578,1,0,26 27 8,1,20,,809406,1,0,26 27 8,1,20,,809338,1,0,26 27 8,1,60,,809376,1,0,26 27 8,1,20,,809435,1,0,26 27 8,1,20,,809402,1,0,26 27 8,1,60,,809382,1,0,26 27 8,1,20,,809418,1,0,26 27 8,1,20,,809385,1,0,26 27 8,1,60,,809386,1,0,26 27 8,1,8,,809336,1,0,26 27 8,1,18,,809400,1,0,26 27 8,1,18,,809431,1,0,26 27 8,1,69,,809347,1,0,26 27 8,1,20,,809444,1,0,26 27 8,1,20,,809455,1,0,26 27 8,1,60,,809421,1,0,26 27 8,1,20,,809425,1,0,26 27 8,1,20,,564370,1,0,26 27 8,1
35401,'1',508,,859360,4,4,,1,20,,859354,4,4,,1,22,,859359,78,4,,1,70,,859352,64,4,,1,22,,859358,78,4,,1,10,,764803,64,4,,1,50,,759107,78,4,,1,1948,,573649,78,4,,1,70,,753895,78,4,,1,30,,859356,78,4,,1,81,,859353,4,4,,1
35401,'2',455,,859366,4,4,,1,86,,859365,4,4,,1,6,,859367,78,4,,1,60,,693879,64,4,,1,20,,859362,78,4,,1,19,,859361,78,4,,1,2004,,658307,78,4,,1,70,,859369,78,4,,1,30,,694215,78,4,,1,81,,760794,4,4,,1
35401,'3',456,,859387,4,4,,1,84,,859381,4,4,,1,16,,859374,78,4,,1,70,,859382,78,4,,1,30,,859385,78,4,,1,70,,859373,78,4,,1,30,,859371,78,4,,1,70,,859370,78,4,,1,32,,859372,77,4,,1,1792,,700111,78,4,,1,70,,859375,78,4,,1,30,,859380,78,4,,1,81,,859386,4,4,,1
35401,'5',455,,859393,4,4,,1,85,,859394,4,4,,1,6,,859392,78,4,,1,60,,859395,64,4,,1,20,,740892,78,4,,1,19,,859396,78,4,,1,2005,,859399,78,4,,1,70,,859391,78,4,,1,30,,748486,78,4,,1,81,,859390,4,4,,1
35402,'1',455,,859412,1,0,11 12 74 15,1,2061,,716255,1,0,19,1,37,,859403,1,0,19,1,67,,859404,1,0,19,1,30,,859400,1,0,19,1,70,,859402,1,0,19,1,30,,859401,1,0,19,1,81,,755992,1,0,19,1
35402,'2',455,,859419,1,0,11 12 74 15,1,2060,,859418,1,0,19,1,39,,859416,1,0,19,1,66,,859423,1,0,19,1,30,,859415,1,0,19,1,70,,742702,1,0,19,1,30,,859421,1,0,19,1,81,,859422,1,0,19,1
35402,'3',456,,729758,1,0,19,1,62,,859437,1,0,19,1,22,,859432,1,0,19,1,70,,859426,1,0,19,1,30,,605994,1,0,19,1,1874,,859438,1,0,19,1,38,,650524,1,0,19,1,68,,859427,1,0,19,1,30,,859433,1,0,19,1,70,,702801,1,0,19,1,30,,859436,1,0,19,1,81,,748128,1,0,19,1
35402,'5',455,,707308,1,0,11 12 74 15,1,2059,,721413,1,0,19,1,38,,859443,1,0,19,1,68,,859448,1,0,19,1,30,,859440,1,0,19,1,70,,859441,1,0,19,1,30,,617542,1,0,19,1,81,,859447,1,0,19,1
95401,'1',658,,866979,39,4,,1,49,,623719,39,4,,1,9,,691989,39,4,,1,9,,867003,39,4,,1,9,,866985,39,4,,1,9,,867001,39,4,,1,9,,715923,39,4,,1,52,,866987,39,4,,1,9,,866988,39,4,,1,9,,662296,39,4,,1,9,,866977,39,4,,1,9,,736565,39,4,,1,9,,866984,39,4,,1,9,,866990,39,4,,1,49,,745308,39,4,,1,9,,726658,39,4,,1,9,,866997,39,4,,1,9,,866996,39,4,,1,9,,866975,39,4,,1,660,,750740,39,4,,1,10,,866983,39,4,,1,10,,866973,39,4,,1,10,,866992,39,4,,1,10,,866976,39,4,,1,10,,866991,39,4,,1,50,,866981,39,4,,1,10,,866982,39,4,,1,10,,727279,39,4,,1,10,,866998,39,4,,1,10,,866999,39,4,,1,10,,866972,39,4,,1,2,,866978,39,4,,1,2,,866995,39,4,,1,50,,866986,39,4,,1,10,,867000,39,4,,1,10,,866974,39,4,,1,10,,866994,39,4,,1,10,,866989,39,4,,1,10,,867002,39,4,,1,50,,866980,39,4,,1,10,,866993,39,4,,1,14,,866971,39,4,,1
95402,'1',626,,867006,1,0,26 27 8,1,11,,684868,1,0,26 27 8,1,9,,867023,1,0,26 27 8,1,9,,867007,1,0,26 27 8,1,4,,867011,1,0,26 27 8,1,42,,867004,1,0,26 27 8,1,3,,867008,1,0,26 27 8,1,8,,726980,1,0,26 27 8,1,9,,867009,1,0,26 27 8,1,9,,704241,1,0,26 27 8,1,9,,867024,1,0,26 27 8,1,9,,867005,1,0,26 27 8,1,9,,719235,1,0,26 27 8,1,49,,763763,1,0,26 27 8,1,9,,867018,1,0,26 27 8,1,9,,703492,1,0,26 27 8,1,9,,742463,1,0,26 27 8,1,9,,867019,1,0,26 27 8,1,10,,529423,1,0,26 27 8,1,665,,867022,1,0,26 27 8,1,10,,691009,1,0,26 27 8,1,10,,867017,1,0,26 27 8,1,10,,867030,1,0,26 27 8,1,10,,867014,1,0,26 27 8,1,50,,759554,1,0,26 27 8,1,10,,867031,1,0,26 27 8,1,10,,867010,1,0,26 27 8,1,10,,867026,1,0,26 27 8,1,10,,867013,1,0,26 27 8,1,10,,867015,1,0,26 27 8,1,50,,867027,1,0,26 27 8,1,10,,867016,1,0,26 27 8,1,10,,867025,1,0,26 27 8,1,10,,731935,1,0,26 27 8,1,10,,867012,1,0,26 27 8,1,10,,867029,1,0,26 27 8,1,50,,758007,1,0,26 27 8,1,10,,867020,1,0,26 27 8,1,10,,478386,1,0,26 27 8,1,10,,867028,1,0,26 27 8,1,10,,867021,1,0,26 27 8,1
