4104,'1',535,,528697,52,0,68 8,1,11,,798894,45,0,68 8,1,8,,798895,52,0,68 8,1,49,,646142,45,0,68 8,1,10,,798896,52,0,68 8,1,10,,644954,45,0,68 8,1,10,,798826,52,0,68 8,1,10,,798818,52,0,68 8,1,10,,682825,55,0,68 8,1,50,,798833,55,0,68 8,1,10,,798879,55,0,68 8,1,10,,767644,55,0,68 8,1,9,,734838,55,0,68 8,1,10,,798837,55,0,68 8,1,12,,798866,55,0,68 8,1,49,,798854,55,0,68 8,1,10,,736551,55,0,68 8,1,10,,798883,55,0,68 8,1,10,,798890,55,0,68 8,1,10,,798827,55,0,68 8,1,10,,798855,55,0,68 8,1,50,,798867,55,0,68 8,1,10,,798874,55,0,68 8,1,10,,571122,55,0,68 8,1,10,,798817,55,0,68 8,1,10,,798859,55,0,68 8,1,10,,798842,55,0,68 8,1,50,,699652,55,0,68 8,1,10,,740016,55,0,68 8,1,10,,668089,55,0,68 8,1,10,,798864,55,0,68 8,1,10,,798863,55,0,68 8,1,10,,649427,55,0,68 8,1,50,,798834,55,0,68 8,1,10,,798825,55,0,68 8,1,10,,641877,55,0,68 8,1,10,,798823,55,0,68 8,1,10,,798876,55,0,68 8,1,10,,760732,55,0,68 8,1,50,,798889,55,0,68 8,1,10,,798856,55,0,68 8,1,10,,798845,55,0,68 8,1,10,,798843,55,0,68 8,1,10,,798865,55,0,68 8,1,10,,798878,55,0,68 8,1,50,,635956,55,0,68 8,1,10,,798850,55,0,68 8,1,10,,758732,55,0,68 8,1,10,,798870,55,0,68 8,1,10,,798813,55,0,68 8,1,10,,798835,55,0,68 8,1,50,,717298,55,0,68 8,1,11,,798838,55,0,68 8,1,9,,798887,55,0,68 8,1,10,,755464,55,0,68 8,1,10,,707017,55,0,68 8,1,10,,714770,55,0,68 8,1,50,,798821,55,0,68 8,1,10,,798824,55,0,68 8,1,10,,798841,55,0,68 8,1,10,,798857,55,0,68 8,1,10,,798862,55,0,68 8,1,10,,776078,55,0,68 8,1,50,,798880,55,0,68 8,1,10,,798871,55,0,68 8,1,10,,798812,55,0,68 8,1,10,,778280,55,0,68 8,1,10,,798884,55,0,68 8,1,10,,798816,55,0,68 8,1,50,,798888,55,0,68 8,1,10,,798847,55,0,68 8,1,10,,798814,55,0,68 8,1,10,,798861,55,0,68 8,1,10,,798872,55,0,68 8,1,10,,798875,55,0,68 8,1,50,,672002,55,0,68 8,1,10,,798840,55,0,68 8,1,10,,798848,55,0,68 8,1,10,,798881,55,0,68 8,1,10,,798815,55,0,68 8,1,10,,798811,55,0,68 8,1,49,,798849,55,0,68 8,1,7,,798868,55,0,68 8,1,8,,459240,55,0,68 8,1,8,,798829,55,0,68 8,1,7,,798832,55,0,68 8,1,9,,798885,55,0,68 8,1,7,,798886,55,0,68 8,1,5,,798877,55,0,68 8,1,50,,798851,55,0,68 8,1,10,,672811,55,0,68 8,1,10,,798891,55,0,68 8,1,10,,758742,55,0,68 8,1,10,,798819,55,0,68 8,1,10,,798873,55,0,68 8,1,50,,681791,55,0,68 8,1,10,,798844,55,0,68 8,1,10,,696623,55,0,68 8,1,10,,798820,55,0,68 8,1,10,,798836,55,0,68 8,1,10,,798860,55,0,68 8,1,50,,798858,55,0,68 8,1,7,,798882,55,0,68 8,1,9,,798852,55,0,68 8,1,6,,727032,55,0,68 8,1,8,,798822,55,0,68 8,1,21,,798828,55,0,68 8,1,60,,745330,55,0,68 8,1,20,,798869,55,0,68 8,1,20,,651539,55,0,68 8,1,60,,798892,55,0,68 8,1,20,,798893,55,0,68 8,1,19,,798853,55,0,68 8,1,57,,798839,55,0,68 8,1,28,,798830,55,0,68 8,1,70,,713900,55,0,68 8,1,30,,798831,55,0,68 8,1,70,,798846,55,0,68 8,1
4104,'2',557,,798960,52,0,68 8,1,58,,798927,52,0,68 8,1,18,,798962,52,0,68 8,1,18,,774509,55,0,68 8,1,58,,798957,55,0,68 8,1,18,,707130,55,0,68 8,1,18,,754654,55,0,68 8,1,10,,798934,17,0,68 8,1,50,,798966,55,0,68 8,1,20,,798959,55,0,68 8,1,9,,745060,17,0,68 8,1,13,,532294,55,0,68 8,1,57,,798961,55,0,68 8,1,3,,798964,17,0,68 8,1,13,,798933,55,0,68 8,1,12,,798900,55,0,68 8,1,12,,798943,55,0,68 8,1,12,,798958,55,0,68 8,1,52,,798951,55,0,68 8,1,12,,798937,55,0,68 8,1,12,,798953,55,0,68 8,1,10,,798925,17,0,68 8,1,2,,798926,55,0,68 8,1,12,,798924,55,0,68 8,1,52,,798923,55,0,68 8,1,6,,777413,17,0,68 8,1,5,,798974,55,0,68 8,1,12,,798949,55,0,68 8,1,6,,798945,17,0,68 8,1,5,,734177,55,0,68 8,1,10,,798931,55,0,68 8,1,48,,798911,55,0,68 8,1,8,,798972,55,0,68 8,1,8,,704142,55,0,68 8,1,8,,798935,55,0,68 8,1,8,,798983,55,0,68 8,1,8,,798928,55,0,68 8,1,8,,798952,55,0,68 8,1,8,,766686,55,0,68 8,1,48,,668315,55,0,68 8,1,8,,798980,55,0,68 8,1,8,,672035,55,0,68 8,1,8,,798909,55,0,68 8,1,8,,710898,55,0,68 8,1,8,,798978,55,0,68 8,1,8,,764424,55,0,68 8,1,48,,798938,55,0,68 8,1,8,,716136,55,0,68 8,1,8,,798905,55,0,68 8,1,8,,798920,55,0,68 8,1,8,,668697,55,0,68 8,1,8,,798956,55,0,68 8,1,8,,798941,55,0,68 8,1,8,,798908,55,0,68 8,1,48,,798955,55,0,68 8,1,8,,798919,55,0,68 8,1,8,,798948,55,0,68 8,1,8,,798977,55,0,68 8,1,8,,798985,55,0,68 8,1,8,,798984,55,0,68 8,1,8,,798950,55,0,68 8,1,48,,798913,55,0,68 8,1,8,,798917,55,0,68 8,1,8,,798932,55,0,68 8,1,8,,798982,55,0,68 8,1,8,,798954,55,0,68 8,1,8,,798986,55,0,68 8,1,8,,798918,55,0,68 8,1,8,,798904,55,0,68 8,1,48,,745617,55,0,68 8,1,8,,798930,55,0,68 8,1,8,,798965,55,0,68 8,1,8,,798963,55,0,68 8,1,8,,798976,55,0,68 8,1,8,,798946,55,0,68 8,1,8,,798899,55,0,68 8,1,48,,798973,55,0,68 8,1,8,,798906,55,0,68 8,1,8,,798970,55,0,68 8,1,8,,655006,55,0,68 8,1,8,,798910,55,0,68 8,1,8,,798947,55,0,68 8,1,8,,798922,55,0,68 8,1,8,,798914,55,0,68 8,1,47,,703121,55,0,68 8,1,5,,696429,55,0,68 8,1,6,,798971,55,0,68 8,1,8,,798967,55,0,68 8,1,6,,798969,55,0,68 8,1,6,,727749,55,0,68 8,1,9,,771648,55,0,68 8,1,10,,798929,55,0,68 8,1,52,,798942,55,0,68 8,1,12,,798916,55,0,68 8,1,12,,798901,55,0,68 8,1,12,,798921,55,0,68 8,1,12,,798915,55,0,68 8,1,52,,588770,55,0,68 8,1,12,,798975,55,0,68 8,1,12,,798898,55,0,68 8,1,12,,731790,55,0,68 8,1,12,,798902,55,0,68 8,1,52,,798968,55,0,68 8,1,11,,798912,55,0,68 8,1,9,,798944,55,0,68 8,1,12,,798897,55,0,68 8,1,22,,740102,55,0,68 8,1,62,,773603,55,0,68 8,1,22,,798979,55,0,68 8,1,62,,798939,55,0,68 8,1,22,,730559,55,0,68 8,1,22,,798903,55,0,68 8,1,62,,798981,55,0,68 8,1,27,,798907,55,0,68 8,1,70,,798936,55,0,68 8,1,30,,798940,55,0,68 8,1,70,,648981,55,0,68 8,1
4104,'3',757,,688297,52,0,68 8,1,60,,799014,52,0,68 8,1,21,,734500,55,0,68 8,1,16,,799021,55,0,68 8,1,52,,701929,55,0,68 8,1,13,,799003,55,0,68 8,1,12,,799052,55,0,68 8,1,13,,799012,55,0,68 8,1,12,,799010,55,0,68 8,1,53,,799007,55,0,68 8,1,12,,799019,55,0,68 8,1,13,,719871,55,0,68 8,1,12,,799024,55,0,68 8,1,13,,799050,55,0,68 8,1,52,,798997,55,0,68 8,1,13,,799036,55,0,68 8,1,12,,799043,55,0,68 8,1,13,,768069,55,0,68 8,1,53,,799005,55,0,68 8,1,16,,648284,55,0,68 8,1,12,,798992,55,0,68 8,1,13,,799049,55,0,68 8,1,10,,798990,55,0,68 8,1,50,,799035,55,0,68 8,1,10,,759859,55,0,68 8,1,10,,799004,55,0,68 8,1,10,,799041,55,0,68 8,1,10,,799030,55,0,68 8,1,10,,799045,55,0,68 8,1,50,,798988,55,0,68 8,1,10,,799023,55,0,68 8,1,10,,799022,55,0,68 8,1,10,,798995,55,0,68 8,1,10,,799037,55,0,68 8,1,10,,799053,55,0,68 8,1,50,,799048,55,0,68 8,1,10,,799001,55,0,68 8,1,10,,682851,55,0,68 8,1,10,,798989,55,0,68 8,1,10,,799017,55,0,68 8,1,10,,799029,55,0,68 8,1,50,,798996,55,0,68 8,1,10,,799034,55,0,68 8,1,10,,798998,55,0,68 8,1,10,,799055,55,0,68 8,1,10,,799033,55,0,68 8,1,10,,799054,55,0,68 8,1,50,,799046,55,0,68 8,1,10,,799047,55,0,68 8,1,10,,798991,55,0,68 8,1,10,,799018,55,0,68 8,1,10,,799032,55,0,68 8,1,10,,799028,55,0,68 8,1,50,,799039,55,0,68 8,1,10,,799027,55,0,68 8,1,10,,799025,55,0,68 8,1,10,,799042,55,0,68 8,1,10,,799058,55,0,68 8,1,10,,799057,55,0,68 8,1,49,,769989,55,0,68 8,1,5,,799006,55,0,68 8,1,11,,700842,55,0,68 8,1,10,,799056,55,0,68 8,1,14,,736734,55,0,68 8,1,14,,768165,55,0,68 8,1,55,,799044,55,0,68 8,1,15,,735844,55,0,68 8,1,15,,799040,55,0,68 8,1,15,,798993,55,0,68 8,1,55,,710999,55,0,68 8,1,15,,798999,55,0,68 8,1,15,,799013,55,0,68 8,1,15,,799008,55,0,68 8,1,55,,799002,55,0,68 8,1,12,,720989,55,0,68 8,1,14,,799015,55,0,68 8,1,20,,799009,55,0,68 8,1,60,,798987,55,0,68 8,1,20,,799038,55,0,68 8,1,20,,799026,55,0,68 8,1,60,,799020,55,0,68 8,1,20,,799011,55,0,68 8,1,20,,799016,55,0,68 8,1,61,,799000,55,0,68 8,1,17,,701625,55,0,68 8,1,73,,798994,55,0,68 8,1,30,,799031,55,0,68 8,1,70,,799051,55,0,68 8,1
4104,'5',558,,701509,52,0,68 8,1,60,,799064,52,0,68 8,1,20,,764056,52,0,68 8,1,20,,799080,55,0,68 8,1,60,,799097,55,0,68 8,1,20,,799118,55,0,68 8,1,20,,799124,55,0,68 8,1,59,,799110,55,0,68 8,1,21,,799116,55,0,68 8,1,16,,799085,55,0,68 8,1,52,,799063,55,0,68 8,1,13,,736918,55,0,68 8,1,12,,799109,55,0,68 8,1,13,,799095,55,0,68 8,1,12,,799131,55,0,68 8,1,53,,799104,55,0,68 8,1,12,,799105,55,0,68 8,1,13,,799117,55,0,68 8,1,12,,799123,55,0,68 8,1,13,,742848,55,0,68 8,1,52,,799067,55,0,68 8,1,13,,799076,55,0,68 8,1,12,,746695,55,0,68 8,1,13,,799119,55,0,68 8,1,53,,799099,55,0,68 8,1,16,,776560,55,0,68 8,1,12,,799074,55,0,68 8,1,13,,799125,55,0,68 8,1,10,,799106,55,0,68 8,1,50,,753821,55,0,68 8,1,10,,799077,55,0,68 8,1,10,,799114,55,0,68 8,1,10,,799093,55,0,68 8,1,10,,799107,55,0,68 8,1,10,,799071,55,0,68 8,1,50,,687466,55,0,68 8,1,10,,799101,55,0,68 8,1,10,,799121,55,0,68 8,1,10,,799082,55,0,68 8,1,10,,799100,55,0,68 8,1,10,,799068,55,0,68 8,1,50,,764201,55,0,68 8,1,10,,799111,55,0,68 8,1,10,,799133,55,0,68 8,1,10,,799088,55,0,68 8,1,10,,799132,55,0,68 8,1,10,,692440,55,0,68 8,1,50,,799069,55,0,68 8,1,10,,799075,55,0,68 8,1,10,,799081,55,0,68 8,1,10,,799059,55,0,68 8,1,10,,799072,55,0,68 8,1,10,,799096,55,0,68 8,1,50,,756342,55,0,68 8,1,10,,722977,55,0,68 8,1,10,,799078,55,0,68 8,1,10,,799122,55,0,68 8,1,10,,741130,55,0,68 8,1,10,,799066,55,0,68 8,1,50,,799089,55,0,68 8,1,10,,799094,55,0,68 8,1,10,,799091,55,0,68 8,1,10,,799083,55,0,68 8,1,10,,799060,55,0,68 8,1,10,,799090,55,0,68 8,1,49,,799102,55,0,68 8,1,5,,799087,55,0,68 8,1,11,,695335,55,0,68 8,1,10,,799092,55,0,68 8,1,14,,706036,55,0,68 8,1,14,,799086,55,0,68 8,1,55,,799127,55,0,68 8,1,15,,799113,55,0,68 8,1,15,,799103,55,0,68 8,1,15,,799108,55,0,68 8,1,55,,748853,55,0,68 8,1,15,,799130,55,0,68 8,1,15,,799065,55,0,68 8,1,15,,772554,55,0,68 8,1,55,,751718,55,0,68 8,1,12,,799084,55,0,68 8,1,14,,799062,55,0,68 8,1,20,,799073,55,0,68 8,1,60,,799120,55,0,68 8,1,20,,799112,55,0,68 8,1,20,,799098,55,0,68 8,1,60,,799134,55,0,68 8,1,20,,799126,55,0,68 8,1,20,,799115,55,0,68 8,1,61,,799079,55,0,68 8,1,17,,799129,55,0,68 8,1,73,,799061,55,0,68 8,1,30,,799070,55,0,68 8,1,70,,799128,55,0,68 8,1
8904,'1',509,,751094,41,0,51,1,24,,828415,41,0,68 8,1,23,,828481,41,0,68 8,1,52,,709900,41,0,68 8,1,10,,828463,41,0,68 8,1,10,,828413,41,0,68 8,1,10,,828409,41,0,68 8,1,10,,828476,41,0,68 8,1,10,,828456,41,0,68 8,1,50,,828473,41,0,68 8,1,10,,828472,41,0,68 8,1,10,,828468,41,0,68 8,1,10,,704808,41,0,68 8,1,9,,828471,41,0,68 8,1,11,,828459,41,0,68 8,1,50,,691358,41,0,68 8,1,10,,828433,41,0,68 8,1,10,,828430,41,0,68 8,1,10,,713077,41,0,68 8,1,10,,705293,41,0,68 8,1,10,,828461,41,0,68 8,1,50,,828442,41,0,68 8,1,10,,632351,41,0,68 8,1,10,,828425,41,0,68 8,1,10,,828436,41,0,68 8,1,10,,759796,41,0,68 8,1,10,,828440,41,0,68 8,1,50,,828448,41,0,68 8,1,10,,828435,41,0,68 8,1,10,,828406,41,0,68 8,1,10,,828397,41,0,68 8,1,10,,828394,41,0,68 8,1,10,,828417,41,0,68 8,1,50,,828457,41,0,68 8,1,10,,828486,41,0,68 8,1,10,,828479,41,0,68 8,1,10,,828447,41,0,68 8,1,10,,671143,41,0,68 8,1,10,,828470,41,0,68 8,1,50,,828452,41,0,68 8,1,10,,828396,41,0,68 8,1,10,,828403,41,0,68 8,1,10,,828484,41,0,68 8,1,10,,729588,41,0,68 8,1,10,,828421,41,0,68 8,1,50,,828444,41,0,68 8,1,10,,726092,41,0,68 8,1,10,,546385,41,0,68 8,1,10,,720153,41,0,68 8,1,10,,828405,41,0,68 8,1,10,,828449,41,0,68 8,1,49,,828480,41,0,68 8,1,10,,828466,41,0,68 8,1,10,,828428,41,0,68 8,1,10,,608325,41,0,68 8,1,10,,828434,41,0,68 8,1,10,,634609,41,0,68 8,1,50,,828464,41,0,68 8,1,10,,828418,41,0,68 8,1,10,,828399,41,0,68 8,1,10,,828420,41,0,68 8,1,10,,828453,41,0,68 8,1,10,,828462,45,0,68 8,1,50,,828438,41,0,68 8,1,10,,828469,41,0,68 8,1,10,,828450,41,0,68 8,1,10,,828407,41,0,68 8,1,10,,489044,41,0,68 8,1,10,,713839,41,0,68 8,1,50,,828439,41,0,68 8,1,10,,828395,41,0,68 8,1,10,,828423,41,0,68 8,1,10,,828454,41,0,68 8,1,10,,708502,41,0,68 8,1,10,,828482,41,0,68 8,1,50,,764799,41,0,68 8,1,10,,828392,41,0,68 8,1,10,,828431,41,0,68 8,1,10,,828419,41,0,68 8,1,10,,675325,41,0,68 8,1,10,,828412,41,0,68 8,1,49,,828485,41,0,68 8,1,8,,698973,41,0,68 8,1,6,,828422,41,0,68 8,1,8,,828410,41,0,68 8,1,10,,828393,41,0,68 8,1,10,,828432,41,0,68 8,1,10,,828446,41,0,68 8,1,50,,828474,41,0,68 8,1,10,,828458,41,0,68 8,1,10,,828401,41,0,68 8,1,10,,567950,41,0,68 8,1,10,,828426,41,0,68 8,1,10,,828483,41,0,68 8,1,50,,713067,41,0,68 8,1,10,,762993,41,0,68 8,1,10,,828443,41,0,68 8,1,10,,828398,41,0,68 8,1,10,,745797,41,0,68 8,1,10,,828416,41,0,68 8,1,48,,828441,41,0,68 8,1,8,,828460,41,0,68 8,1,8,,719156,41,0,68 8,1,7,,703290,41,0,68 8,1,10,,828467,41,0,68 8,1,10,,828451,41,0,68 8,1,10,,828424,41,0,68 8,1,50,,828437,41,0,68 8,1,10,,705227,41,0,68 8,1,10,,828477,41,0,68 8,1,10,,725494,41,0,68 8,1,10,,828427,41,0,68 8,1,10,,828408,41,0,68 8,1,50,,828414,41,0,68 8,1,10,,828478,41,0,68 8,1,10,,828402,41,0,68 8,1,10,,828475,41,0,68 8,1,10,,527356,41,0,68 8,1,10,,688454,41,0,68 8,1,50,,828400,41,0,68 8,1,10,,828429,41,0,68 8,1,10,,828404,41,0,68 8,1,10,,828445,41,0,68 8,1,8,,828455,41,0,68 8,1,55,,828411,41,0,68 8,1,15,,769943,41,0,51,1,15,,828465,41,0,51,1
8904,'2',541,,765326,37,0,68 8,1,12,,828540,37,0,68 8,1,57,,762261,41,0,68 8,1,15,,828535,41,0,68 8,1,14,,828490,41,0,68 8,1,10,,828521,41,0,68 8,1,10,,828566,41,0,68 8,1,50,,828505,41,0,68 8,1,10,,628366,41,0,68 8,1,10,,828580,41,0,68 8,1,10,,828558,41,0,68 8,1,10,,828541,41,0,68 8,1,10,,828529,41,0,68 8,1,49,,828589,41,0,68 8,1,9,,638749,41,0,68 8,1,11,,828526,41,0,68 8,1,9,,828574,41,0,68 8,1,11,,828583,41,0,68 8,1,10,,828571,41,0,68 8,1,50,,828520,41,0,68 8,1,10,,828508,41,0,68 8,1,10,,828550,41,0,68 8,1,10,,828552,41,0,68 8,1,10,,828542,41,0,68 8,1,10,,724935,41,0,68 8,1,50,,828584,41,0,68 8,1,10,,700538,41,0,68 8,1,10,,727339,41,0,68 8,1,10,,828554,41,0,68 8,1,10,,828559,41,0,68 8,1,10,,716274,41,0,68 8,1,49,,828487,41,0,68 8,1,10,,828586,41,0,68 8,1,10,,828511,41,0,68 8,1,10,,828512,41,0,68 8,1,10,,828492,41,0,68 8,1,8,,828532,41,0,68 8,1,48,,828587,41,0,68 8,1,8,,828524,41,0,68 8,1,8,,623238,41,0,68 8,1,8,,828503,41,0,68 8,1,8,,649969,41,0,68 8,1,8,,828504,41,0,68 8,1,8,,828507,41,0,68 8,1,8,,828522,41,0,68 8,1,48,,630251,41,0,68 8,1,8,,589120,41,0,68 8,1,8,,828547,41,0,68 8,1,8,,721139,41,0,68 8,1,8,,828497,41,0,68 8,1,8,,828506,41,0,68 8,1,8,,828513,41,0,68 8,1,48,,828556,41,0,68 8,1,8,,442254,41,0,68 8,1,8,,498627,41,0,68 8,1,8,,828561,41,0,68 8,1,8,,828489,41,0,68 8,1,8,,828538,41,0,68 8,1,8,,828534,41,0,68 8,1,8,,828591,41,0,68 8,1,48,,828567,41,0,68 8,1,8,,419262,41,0,68 8,1,8,,774462,41,0,68 8,1,8,,828562,41,0,68 8,1,8,,828488,41,0,68 8,1,8,,770611,41,0,68 8,1,8,,828536,41,0,68 8,1,48,,828525,41,0,68 8,1,8,,828577,41,0,68 8,1,8,,828516,41,0,68 8,1,8,,695934,41,0,68 8,1,8,,828510,41,0,68 8,1,8,,828546,41,0,68 8,1,8,,828582,41,0,68 8,1,8,,627349,41,0,68 8,1,48,,828560,41,0,68 8,1,8,,828533,41,0,68 8,1,8,,828570,41,0,68 8,1,8,,828496,41,0,68 8,1,8,,609773,41,0,68 8,1,8,,828588,41,0,68 8,1,8,,758455,41,0,68 8,1,48,,696104,41,0,68 8,1,8,,734678,41,0,68 8,1,8,,828581,41,0,68 8,1,8,,828563,41,0,68 8,1,8,,828539,41,0,68 8,1,8,,828548,41,0,68 8,1,8,,828514,41,0,68 8,1,8,,828555,41,0,68 8,1,48,,766362,41,0,68 8,1,8,,722191,41,0,68 8,1,7,,828501,41,0,68 8,1,5,,748241,41,0,68 8,1,8,,828545,41,0,68 8,1,6,,828592,41,0,68 8,1,8,,828576,41,0,68 8,1,8,,828569,41,0,68 8,1,48,,828585,41,0,68 8,1,8,,828530,41,0,68 8,1,8,,828509,41,0,68 8,1,8,,726497,41,0,68 8,1,8,,828579,41,0,68 8,1,8,,828491,41,0,68 8,1,8,,828544,41,0,68 8,1,48,,828495,41,0,68 8,1,8,,828553,41,0,68 8,1,8,,828590,41,0,68 8,1,8,,828531,41,0,68 8,1,8,,716785,41,0,68 8,1,8,,763403,41,0,68 8,1,8,,828564,41,0,68 8,1,8,,828528,41,0,68 8,1,47,,828518,41,0,68 8,1,7,,828549,41,0,68 8,1,5,,828543,41,0,68 8,1,7,,828517,41,0,68 8,1,6,,828575,41,0,68 8,1,10,,828557,41,0,68 8,1,10,,718365,41,0,68 8,1,10,,828519,41,0,68 8,1,50,,828568,41,0,68 8,1,10,,828498,41,0,68 8,1,10,,828572,41,0,68 8,1,10,,828494,41,0,68 8,1,10,,828537,41,0,68 8,1,10,,692795,41,0,68 8,1,50,,828515,41,0,68 8,1,10,,828565,41,0,68 8,1,10,,828573,41,0,68 8,1,10,,828500,41,0,68 8,1,10,,828499,41,0,68 8,1,10,,828523,41,0,68 8,1,50,,730851,41,0,68 8,1,10,,828493,41,0,68 8,1,10,,611638,41,0,68 8,1,10,,828551,41,0,68 8,1,9,,719767,41,0,68 8,1,54,,828502,41,0,68 8,1,15,,828578,41,0,51,1,15,,828527,41,0,51,1
8904,'3',541,,828621,37,0,51,1,15,,828670,37,0,51,1,54,,675743,41,0,51,1,15,,828674,41,0,51,1,15,,828623,41,0,51,1,15,,828693,41,0,51,1,55,,828662,41,0,51,1,15,,663332,41,0,51,1,15,,828632,41,0,51,1,14,,828613,41,0,68 8,1,54,,721863,41,0,68 8,1,15,,828634,41,0,68 8,1,13,,828630,41,0,68 8,1,12,,733370,41,0,68 8,1,10,,828654,41,0,68 8,1,50,,828594,41,0,68 8,1,10,,828625,41,0,68 8,1,10,,772344,41,0,68 8,1,10,,828676,41,0,68 8,1,10,,828648,41,0,68 8,1,10,,828673,41,0,68 8,1,50,,828616,41,0,68 8,1,10,,828666,41,0,68 8,1,10,,828598,41,0,68 8,1,10,,775871,41,0,68 8,1,10,,828685,41,0,68 8,1,10,,828628,41,0,68 8,1,50,,828665,41,0,68 8,1,10,,828663,41,0,68 8,1,10,,710616,41,0,68 8,1,10,,828629,41,0,68 8,1,10,,828600,41,0,68 8,1,10,,828643,41,0,68 8,1,50,,649598,41,0,68 8,1,10,,828650,41,0,68 8,1,10,,828626,41,0,68 8,1,10,,828619,41,0,68 8,1,10,,828660,41,0,68 8,1,10,,828609,41,0,68 8,1,50,,828612,41,0,68 8,1,10,,828645,41,0,68 8,1,10,,828637,41,0,68 8,1,10,,828606,41,0,68 8,1,10,,828678,41,0,68 8,1,10,,828620,41,0,68 8,1,50,,828624,41,0,68 8,1,10,,828644,41,0,68 8,1,10,,828605,41,0,68 8,1,10,,828604,41,0,68 8,1,10,,828596,41,0,68 8,1,10,,828610,41,0,68 8,1,50,,777094,41,0,68 8,1,10,,828671,41,0,68 8,1,10,,736837,41,0,68 8,1,10,,828686,41,0,68 8,1,10,,828622,41,0,68 8,1,10,,828675,41,0,68 8,1,50,,828687,41,0,68 8,1,10,,828669,41,0,68 8,1,10,,828615,41,0,68 8,1,10,,772438,41,0,68 8,1,10,,828677,41,0,68 8,1,10,,828597,41,0,68 8,1,50,,828667,41,0,68 8,1,10,,828683,41,0,68 8,1,10,,828658,41,0,68 8,1,10,,750672,41,0,68 8,1,10,,828647,41,0,68 8,1,10,,693783,41,0,68 8,1,50,,828657,41,0,68 8,1,10,,828599,41,0,68 8,1,10,,587730,41,0,68 8,1,10,,828638,41,0,68 8,1,10,,828635,41,0,68 8,1,10,,828664,41,0,68 8,1,49,,828627,41,0,68 8,1,9,,828653,41,0,68 8,1,6,,828690,41,0,68 8,1,9,,828655,41,0,68 8,1,8,,761952,41,0,68 8,1,10,,828652,41,0,68 8,1,10,,828692,41,0,68 8,1,50,,828607,41,0,68 8,1,10,,828680,41,0,68 8,1,10,,828651,41,0,68 8,1,10,,828681,41,0,68 8,1,10,,728723,41,0,68 8,1,10,,773472,41,0,68 8,1,50,,828608,41,0,68 8,1,10,,828672,41,0,68 8,1,10,,828617,41,0,68 8,1,10,,828639,41,0,68 8,1,10,,721864,41,0,68 8,1,10,,828661,41,0,68 8,1,48,,828682,41,0,68 8,1,9,,828633,41,0,68 8,1,6,,828603,41,0,68 8,1,7,,828668,41,0,68 8,1,10,,828659,41,0,68 8,1,10,,828602,41,0,68 8,1,10,,828636,41,0,68 8,1,50,,828691,41,0,68 8,1,10,,828649,41,0,68 8,1,10,,828688,41,0,68 8,1,10,,828631,41,0,68 8,1,10,,828614,41,0,68 8,1,10,,828593,41,0,68 8,1,50,,828601,41,0,68 8,1,10,,828646,41,0,68 8,1,10,,828640,41,0,68 8,1,10,,828642,41,0,68 8,1,10,,828595,41,0,68 8,1,10,,828656,41,0,68 8,1,50,,828679,41,0,68 8,1,10,,828611,41,0,68 8,1,10,,769993,41,0,68 8,1,10,,777865,41,0,68 8,1,10,,828684,41,0,68 8,1,53,,828618,41,0,68 8,1,15,,828641,41,0,51,1,15,,828689,41,0,51,1
8904,'5',537,,828708,37,0,68 8,1,16,,828694,37,0,68 8,1,57,,772537,41,0,68 8,1,15,,828787,41,0,68 8,1,14,,828774,41,0,68 8,1,10,,828788,41,0,68 8,1,10,,828705,41,0,68 8,1,50,,609513,41,0,68 8,1,10,,606608,41,0,68 8,1,10,,744433,41,0,68 8,1,10,,684391,41,0,68 8,1,10,,828706,41,0,68 8,1,51,,828760,41,0,68 8,1,7,,828758,41,0,68 8,1,10,,751497,41,0,68 8,1,11,,828783,41,0,68 8,1,11,,700282,41,0,68 8,1,9,,828754,41,0,68 8,1,10,,828750,41,0,68 8,1,50,,828720,41,0,68 8,1,10,,828701,41,0,68 8,1,10,,828747,41,0,68 8,1,10,,828716,41,0,68 8,1,10,,828762,41,0,68 8,1,10,,755104,41,0,68 8,1,50,,828748,41,0,68 8,1,10,,828734,41,0,68 8,1,10,,828739,41,0,68 8,1,10,,828759,41,0,68 8,1,10,,711167,41,0,68 8,1,10,,828725,41,0,68 8,1,50,,714572,41,0,68 8,1,10,,692405,41,0,68 8,1,10,,828791,41,0,68 8,1,10,,828746,41,0,68 8,1,10,,828696,41,0,68 8,1,10,,828751,41,0,68 8,1,50,,828752,41,0,68 8,1,10,,828743,41,0,68 8,1,10,,828772,41,0,68 8,1,10,,828736,41,0,68 8,1,10,,828769,41,0,68 8,1,10,,828749,41,0,68 8,1,50,,650976,41,0,68 8,1,10,,828727,41,0,68 8,1,10,,828779,41,0,68 8,1,10,,828742,41,0,68 8,1,10,,828730,41,0,68 8,1,10,,828776,41,0,68 8,1,50,,828756,41,0,68 8,1,10,,828740,41,0,68 8,1,10,,700457,41,0,68 8,1,10,,828745,41,0,68 8,1,10,,828712,41,0,68 8,1,10,,828782,41,0,68 8,1,50,,645295,41,0,68 8,1,10,,828767,41,0,68 8,1,10,,719088,41,0,68 8,1,10,,828761,41,0,68 8,1,10,,828771,41,0,68 8,1,10,,828714,41,0,68 8,1,50,,828704,41,0,68 8,1,10,,828768,41,0,68 8,1,10,,760647,41,0,68 8,1,10,,828718,41,0,68 8,1,10,,828777,41,0,68 8,1,10,,828733,41,0,68 8,1,50,,718067,41,0,68 8,1,10,,828710,41,0,68 8,1,10,,728766,41,0,68 8,1,10,,828780,41,0,68 8,1,10,,828775,41,0,68 8,1,10,,828724,41,0,68 8,1,50,,700262,41,0,68 8,1,10,,828744,41,0,68 8,1,10,,828773,41,0,68 8,1,10,,828770,41,0,68 8,1,10,,828709,41,0,68 8,1,10,,828778,41,0,68 8,1,49,,721950,41,0,68 8,1,9,,828723,41,0,68 8,1,6,,828763,41,0,68 8,1,9,,828765,41,0,68 8,1,8,,828753,41,0,68 8,1,10,,828737,41,0,68 8,1,10,,828735,41,0,68 8,1,50,,828731,41,0,68 8,1,10,,828790,41,0,68 8,1,10,,828707,41,0,68 8,1,10,,828697,41,0,68 8,1,10,,828719,41,0,68 8,1,10,,666829,41,0,68 8,1,50,,828732,41,0,68 8,1,10,,828729,41,0,68 8,1,10,,828700,41,0,68 8,1,10,,828764,41,0,68 8,1,10,,828702,41,0,68 8,1,10,,828757,41,0,68 8,1,48,,828766,41,0,68 8,1,9,,828703,41,0,68 8,1,6,,828789,41,0,68 8,1,7,,828738,41,0,68 8,1,10,,828717,41,0,68 8,1,10,,828741,41,0,68 8,1,10,,828698,41,0,68 8,1,50,,705504,41,0,68 8,1,10,,828786,41,0,68 8,1,10,,703761,41,0,68 8,1,10,,828721,41,0,68 8,1,10,,828785,41,0,68 8,1,10,,740246,41,0,68 8,1,50,,828695,41,0,68 8,1,10,,828711,41,0,68 8,1,10,,828726,41,0,68 8,1,10,,759523,41,0,68 8,1,10,,828699,41,0,68 8,1,10,,762964,41,0,68 8,1,50,,828755,41,0,68 8,1,10,,828784,41,0,68 8,1,10,,734978,41,0,68 8,1,10,,828722,41,0,68 8,1,10,,828781,41,0,68 8,1,53,,828713,41,0,68 8,1,15,,828728,41,0,51,1,15,,828715,41,0,51,1
18901,'1',534,,855716,22,0,127 258 15,1,71,,855744,22,0,127 258 15,1,30,,855715,22,0,127 258 15,1,70,,855746,22,0,127 258 15,1,24,,855745,22,0,127 258 15,1,24,,855725,22,0,127 258 15,1,64,,855726,22,0,127 258 15,1,24,,855735,22,0,127 258 15,1,64,,855727,22,0,127 258 15,1,23,,773767,22,0,127 258 15,1,25,,855733,22,0,127 258 15,1,65,,855734,22,0,127 258 15,1,25,,855720,22,0,127 258 15,1,65,,855731,22,0,127 258 15,1,25,,855747,22,0,127 258 15,1,25,,855729,22,0,127 258 15,1,65,,855730,22,0,127 258 15,1,25,,855732,22,0,127 258 15,1,65,,855737,22,0,127 258 15,1,25,,855719,22,0,127 258 15,1,65,,757304,22,0,127 258 15,1,25,,855721,22,0,127 258 15,1,25,,855736,22,0,127 258 15,1,65,,855748,22,0,127 258 15,1,25,,855742,22,0,127 258 15,1,69,,855743,22,0,127 258 15,1,28,,855751,22,0,127 258 15,1,68,,855722,22,0,127 258 15,1,28,,855740,22,0,127 258 15,1,68,,855723,22,0,127 258 15,1,24,,855713,22,0,127 258 15,1,25,,749799,22,0,127 258 15,1,65,,855741,22,0,127 258 15,1,30,,855749,22,0,127 258 15,1,70,,855718,22,0,127 258 15,1,30,,855717,22,0,127 258 15,1,70,,855739,22,0,127 258 15,1,30,,716965,22,0,127 258 15,1,68,,582890,22,0,127 258 15,1,27,,855724,22,0,127 258 15,1,67,,760139,22,0,127 258 15,1,27,,855750,22,0,127 258 15,1,67,,855738,22,0,127 258 15,1,27,,855728,22,0,127 258 15,1,27,,776050,22,0,127 258 15,1
18901,'2',542,,855783,22,0,127 258 15,1,68,,855773,22,0,127 258 15,1,28,,733545,22,0,127 258 15,1,68,,855756,22,0,127 258 15,1,28,,855782,22,0,127 258 15,1,68,,855764,22,0,127 258 15,1,32,,855754,22,0,127 258 15,1,68,,855768,22,0,127 258 15,1,25,,693428,22,0,127 258 15,1,23,,625532,22,0,127 258 15,1,63,,715732,22,0,127 258 15,1,23,,855757,22,0,127 258 15,1,23,,855778,22,0,127 258 15,1,63,,855780,22,0,127 258 15,1,23,,855770,22,0,127 258 15,1,65,,855765,22,0,127 258 15,1,28,,855779,22,0,127 258 15,1,67,,855788,22,0,127 258 15,1,27,,756106,22,0,127 258 15,1,27,,855752,22,0,127 258 15,1,67,,855753,22,0,127 258 15,1,27,,855776,22,0,127 258 15,1,67,,855755,22,0,127 258 15,1,27,,855775,22,0,127 258 15,1,67,,855784,22,0,127 258 15,1,27,,855766,22,0,127 258 15,1,67,,697529,22,0,127 258 15,1,27,,635077,22,0,127 258 15,1,67,,855774,22,0,127 258 15,1,27,,855777,22,0,127 258 15,1,27,,855761,22,0,127 258 15,1,62,,855787,22,0,127 258 15,1,22,,855772,22,0,127 258 15,1,62,,729193,22,0,127 258 15,1,22,,855762,22,0,127 258 15,1,22,,855759,22,0,127 258 15,1,62,,855786,22,0,127 258 15,1,22,,775045,22,0,127 258 15,1,22,,855763,22,0,127 258 15,1,62,,855785,22,0,127 258 15,1,24,,855767,22,0,127 258 15,1,68,,674235,22,0,127 258 15,1,28,,855769,22,0,127 258 15,1,68,,855781,22,0,127 258 15,1,28,,855758,22,0,127 258 15,1,28,,855771,22,0,127 258 15,1
18901,'3',755,,855809,22,0,127 258 15,1,61,,855805,22,0,127 258 15,1,21,,855823,22,0,127 258 15,1,21,,855821,22,0,127 258 15,1,61,,855813,22,0,127 258 15,1,21,,769256,22,0,127 258 15,1,61,,855810,22,0,127 258 15,1,21,,722253,22,0,127 258 15,1,21,,694060,22,0,127 258 15,1,61,,855792,22,0,127 258 15,1,21,,855825,22,0,127 258 15,1,21,,855799,22,0,127 258 15,1,64,,855790,22,0,127 258 15,1,26,,751226,22,0,127 258 15,1,66,,855811,22,0,127 258 15,1,26,,855820,22,0,127 258 15,1,26,,855800,22,0,127 258 15,1,66,,855803,22,0,127 258 15,1,26,,762328,22,0,127 258 15,1,66,,855818,22,0,127 258 15,1,26,,855797,22,0,127 258 15,1,66,,855789,22,0,127 258 15,1,26,,855819,22,0,127 258 15,1,26,,855795,22,0,127 258 15,1,66,,855814,22,0,127 258 15,1,26,,855806,22,0,127 258 15,1,66,,855816,22,0,127 258 15,1,26,,855815,22,0,127 258 15,1,64,,855804,22,0,127 258 15,1,23,,763910,22,0,127 258 15,1,24,,758926,22,0,127 258 15,1,62,,855822,22,0,127 258 15,1,22,,745081,22,0,127 258 15,1,22,,855801,22,0,127 258 15,1,62,,855802,22,0,127 258 15,1,22,,855796,22,0,127 258 15,1,62,,855794,22,0,127 258 15,1,20,,855812,22,0,127 258 15,1,23,,855791,22,0,127 258 15,1,66,,855808,22,0,127 258 15,1,26,,855807,22,0,127 258 15,1,66,,855798,22,0,127 258 15,1,26,,855817,22,0,127 258 15,1,26,,855793,22,0,127 258 15,1
18901,'5',542,,711729,22,0,127 258 15,1,66,,855843,22,0,127 258 15,1,28,,855845,22,0,127 258 15,1,68,,855861,22,0,127 258 15,1,28,,855847,22,0,127 258 15,1,23,,855836,22,0,127 258 15,1,61,,855849,22,0,127 258 15,1,21,,855829,22,0,127 258 15,1,21,,855833,22,0,127 258 15,1,61,,855832,22,0,127 258 15,1,21,,855830,22,0,127 258 15,1,61,,855842,22,0,127 258 15,1,21,,687034,22,0,127 258 15,1,21,,855856,22,0,127 258 15,1,61,,855858,22,0,127 258 15,1,21,,855850,22,0,127 258 15,1,21,,760691,22,0,127 258 15,1,64,,855831,22,0,127 258 15,1,26,,855855,22,0,127 258 15,1,66,,712161,22,0,127 258 15,1,26,,729286,22,0,127 258 15,1,26,,855839,22,0,127 258 15,1,66,,737865,22,0,127 258 15,1,26,,697258,22,0,127 258 15,1,66,,855838,22,0,127 258 15,1,26,,855837,22,0,127 258 15,1,66,,855853,22,0,127 258 15,1,26,,855848,22,0,127 258 15,1,26,,855844,22,0,127 258 15,1,66,,855852,22,0,127 258 15,1,26,,855863,22,0,127 258 15,1,66,,855841,22,0,127 258 15,1,26,,855854,22,0,127 258 15,1,64,,855834,22,0,127 258 15,1,23,,766303,22,0,127 258 15,1,24,,727619,22,0,127 258 15,1,62,,855865,22,0,127 258 15,1,22,,855826,22,0,127 258 15,1,22,,855862,22,0,127 258 15,1,62,,855864,22,0,127 258 15,1,22,,855860,22,0,127 258 15,1,62,,679446,22,0,127 258 15,1,20,,855859,22,0,127 258 15,1,23,,855828,22,0,127 258 15,1,66,,855835,22,0,127 258 15,1,26,,855851,22,0,127 258 15,1,66,,855846,22,0,127 258 15,1,26,,855827,22,0,127 258 15,1,26,,855840,22,0,127 258 15,1
34104,'1',521,,748215,52,0,68 8,1,2216,,859044,52,0,68 8,1,70,,777658,52,0,68 8,1,30,,859046,52,0,68 8,1,70,,859045,52,0,68 8,1
34104,'2',538,,662224,52,0,68 8,1,2199,,859047,52,0,68 8,1,70,,859049,52,0,68 8,1,30,,658616,52,0,68 8,1,70,,859048,52,0,68 8,1
34104,'3',538,,859055,52,0,68 8,1,19,,859052,52,0,68 8,1,60,,755597,52,0,68 8,1,20,,859059,52,0,68 8,1,20,,859051,52,0,68 8,1,60,,859050,52,0,68 8,1,20,,859058,52,0,68 8,1,2000,,859054,52,0,68 8,1,70,,859056,52,0,68 8,1,30,,859057,52,0,68 8,1,70,,859053,52,0,68 8,1
34104,'5',538,,729305,52,0,68 8,1,2199,,859063,52,0,68 8,1,70,,859061,52,0,68 8,1,30,,859060,52,0,68 8,1,70,,859062,52,0,68 8,1
