3504,'1',527,,705198,36,0,34 52 53 8,1,5,,570706,30,0,5 52 53 8,1,7,,705193,36,0,34 52 53 8,1,5,,705230,30,0,5 52 53 8,1,6,,705178,36,0,34 52 53 8,1,6,,705241,30,0,5 52 53 8,1,45,,635049,36,0,34 52 53 8,1,6,,705196,30,0,5 52 53 8,1,6,,637313,36,0,34 52 53 8,1,6,,605475,31,0,5 52 53 8,1,6,,705268,37,0,34 52 53 8,1,6,,705271,31,0,5 52 53 8,1,6,,648516,37,0,34 52 53 8,1,6,,705187,31,0,5 52 53 8,1,6,,705272,37,0,34 52 53 8,1,6,,705257,31,0,5 52 53 8,1,47,,705201,37,0,34 52 53 8,1,10,,705223,31,0,5 52 53 8,1,8,,705219,37,0,34 52 53 8,1,6,,705202,31,0,5 52 53 8,1,8,,606622,37,0,34 52 53 8,1,7,,705186,31,0,5 52 53 8,1,8,,705285,37,0,34 52 53 8,1,7,,705236,31,0,5 52 53 8,1,48,,705279,37,0,34 52 53 8,1,7,,705233,31,0,5 52 53 8,1,8,,705254,37,0,34 52 53 8,1,7,,705181,31,0,5 52 53 8,1,8,,615201,37,0,34 52 53 8,1,7,,705292,31,0,5 52 53 8,1,8,,705217,37,0,34 52 53 8,1,7,,544636,31,0,5 52 53 8,1,47,,622579,37,0,34 52 53 8,1,6,,705247,31,0,5 52 53 8,1,8,,705231,37,0,34 52 53 8,1,7,,705278,31,0,5 52 53 8,1,5,,705246,37,0,34 52 53 8,1,6,,705283,31,0,5 52 53 8,1,9,,705188,37,0,34 52 53 8,1,8,,705265,31,0,5 52 53 8,1,49,,627120,37,0,34 52 53 8,1,8,,705269,31,0,5 52 53 8,1,9,,705195,37,0,34 52 53 8,1,8,,705290,31,0,5 52 53 8,1,9,,705244,37,0,34 52 53 8,1,8,,705216,31,0,5 52 53 8,1,9,,705183,37,0,34 52 53 8,1,48,,705243,31,0,5 52 53 8,1,9,,705245,37,0,34 52 53 8,1,8,,705276,31,0,5 52 53 8,1,9,,705259,37,0,34 52 53 8,1,8,,545181,31,0,5 52 53 8,1,9,,705282,37,0,34 52 53 8,1,8,,705250,31,0,5 52 53 8,1,49,,705180,37,0,34 52 53 8,1,10,,705192,31,0,5 52 53 8,1,10,,705211,37,0,34 52 53 8,1,8,,705199,31,0,5 52 53 8,1,9,,705189,37,0,34 52 53 8,1,8,,705291,31,0,5 52 53 8,1,9,,668194,37,0,34 52 53 8,1,48,,705221,31,0,5 52 53 8,1,9,,677542,37,0,34 52 53 8,1,8,,705237,31,0,5 52 53 8,1,8,,705191,37,0,34 52 53 8,1,9,,614673,31,0,5 52 53 8,1,8,,705273,37,0,34 52 53 8,1,9,,705224,31,0,5 52 53 8,1,48,,705263,37,0,34 52 53 8,1,9,,705262,31,0,5 52 53 8,1,8,,705280,37,0,34 52 53 8,1,6,,661649,31,0,5 52 53 8,1,8,,705242,37,0,34 52 53 8,1,7,,705208,31,0,5 52 53 8,1,8,,705200,37,0,34 52 53 8,1,9,,705240,31,0,5 52 53 8,1,47,,631937,37,0,34 52 53 8,1,9,,705286,31,0,5 52 53 8,1,7,,508088,37,0,34 52 53 8,1,8,,705228,31,0,5 52 53 8,1,7,,675893,37,0,34 52 53 8,1,8,,530427,31,0,5 52 53 8,1,7,,705225,37,0,34 52 53 8,1,8,,705274,31,0,5 52 53 8,1,47,,705220,37,0,34 52 53 8,1,8,,705270,31,0,5 52 53 8,1,7,,513716,37,0,34 52 53 8,1,8,,705229,31,0,5 52 53 8,1,7,,705212,37,0,34 52 53 8,1,8,,690216,31,0,5 52 53 8,1,7,,705289,37,0,34 52 53 8,1,8,,705207,31,0,5 52 53 8,1,47,,705213,37,0,34 52 53 8,1,5,,705190,31,0,5 52 53 8,1,7,,677744,37,0,34 52 53 8,1,7,,660075,31,0,5 52 53 8,1,7,,573907,37,0,34 52 53 8,1,7,,705277,31,0,5 52 53 8,1,7,,705232,37,0,34 52 53 8,1,8,,589410,31,0,5 52 53 8,1,7,,642141,37,0,34 52 53 8,1,48,,705179,31,0,5 52 53 8,1,7,,664228,37,0,34 52 53 8,1,8,,705234,31,0,5 52 53 8,1,7,,705205,37,0,34 52 53 8,1,8,,705197,31,0,5 52 53 8,1,7,,705214,37,0,34 52 53 8,1,8,,705227,31,0,5 52 53 8,1,7,,705253,37,0,34 52 53 8,1,46,,618823,31,0,5 52 53 8,1,4,,705260,37,0,34 52 53 8,1,6,,637228,31,0,5 52 53 8,1,7,,644224,37,0,34 52 53 8,1,6,,705209,31,0,5 52 53 8,1,9,,705226,37,0,34 52 53 8,1,8,,705185,31,0,5 52 53 8,1,9,,705287,37,0,34 52 53 8,1,48,,635926,31,0,5 52 53 8,1,9,,705267,37,0,34 52 53 8,1,8,,705261,31,0,5 52 53 8,1,9,,705258,37,0,34 52 53 8,1,8,,705275,31,0,5 52 53 8,1,9,,705206,37,0,34 52 53 8,1,8,,705248,31,0,5 52 53 8,1,49,,519781,37,0,34 52 53 8,1,8,,705218,31,0,5 52 53 8,1,9,,705256,37,0,34 52 53 8,1,8,,688969,31,0,5 52 53 8,1,9,,705252,37,0,34 52 53 8,1,7,,605786,31,0,5 52 53 8,1,10,,705203,37,0,34 52 53 8,1,48,,531279,31,0,5 52 53 8,1,5,,705194,37,0,34 52 53 8,1,10,,705249,31,0,5 52 53 8,1,9,,705215,37,0,34 52 53 8,1,10,,573212,31,0,5 52 53 8,1,10,,705210,37,0,34 52 53 8,1,10,,683384,31,0,5 52 53 8,1,50,,705266,37,0,34 52 53 8,1,10,,705238,31,0,5 52 53 8,1,10,,705281,37,0,34 52 53 8,1,10,,705284,31,0,5 52 53 8,1,10,,705239,37,0,34 52 53 8,1,10,,616486,31,0,5 52 53 8,1,50,,705255,37,0,34 52 53 8,1,10,,705251,31,0,5 52 53 8,1,10,,705182,37,0,34 52 53 8,1,10,,705222,31,0,5 52 53 8,1,10,,705184,37,0,34 52 53 8,1,9,,705293,31,0,5 52 53 8,1,51,,705204,37,0,34 52 53 8,1,10,,705264,31,0,5 52 53 8,1,10,,624966,37,0,34 52 53 8,1,10,,657703,31,0,5 52 53 8,1,14,,705288,31,0,5 52 53 8,1,54,,705235,31,0,5 52 53 8,1,15,,625434,31,0,17 74,1
3504,'2',539,,705384,36,0,34 52 53 8,1,9,,705351,30,0,5 52 53 8,1,11,,705318,36,0,34 52 53 8,1,49,,679673,30,0,5 52 53 8,1,10,,705321,37,0,34 52 53 8,1,10,,705391,31,0,5 52 53 8,1,10,,705383,37,0,34 52 53 8,1,10,,705360,31,0,5 52 53 8,1,10,,705320,37,0,34 52 53 8,1,50,,705345,31,0,5 52 53 8,1,10,,705323,37,0,34 52 53 8,1,12,,705371,31,0,5 52 53 8,1,10,,605511,37,0,34 52 53 8,1,9,,667980,31,0,5 52 53 8,1,9,,705307,37,0,34 52 53 8,1,50,,643441,31,0,5 52 53 8,1,10,,705334,37,0,34 52 53 8,1,10,,705397,31,0,5 52 53 8,1,10,,705301,37,0,34 52 53 8,1,10,,705317,31,0,5 52 53 8,1,10,,705355,37,0,34 52 53 8,1,50,,705339,31,0,5 52 53 8,1,10,,685980,37,0,34 52 53 8,1,10,,705400,31,0,5 52 53 8,1,10,,655822,37,0,34 52 53 8,1,10,,705325,31,0,5 52 53 8,1,10,,705313,37,0,34 52 53 8,1,50,,705388,31,0,5 52 53 8,1,10,,705328,37,0,34 52 53 8,1,10,,705341,31,0,5 52 53 8,1,10,,705374,37,0,34 52 53 8,1,10,,705335,31,0,5 52 53 8,1,10,,705389,37,0,34 52 53 8,1,50,,705305,31,0,5 52 53 8,1,10,,608729,37,0,34 52 53 8,1,10,,672237,31,0,5 52 53 8,1,10,,705387,37,0,34 52 53 8,1,10,,656876,31,0,5 52 53 8,1,9,,705353,37,0,34 52 53 8,1,50,,705294,31,0,5 52 53 8,1,10,,705344,37,0,34 52 53 8,1,10,,705303,31,0,5 52 53 8,1,11,,705296,37,0,34 52 53 8,1,6,,705306,31,0,5 52 53 8,1,6,,705375,37,0,34 52 53 8,1,7,,705347,31,0,5 52 53 8,1,48,,705385,37,0,34 52 53 8,1,7,,705295,31,0,5 52 53 8,1,8,,705356,37,0,34 52 53 8,1,7,,660282,31,0,5 52 53 8,1,8,,705316,37,0,34 52 53 8,1,7,,705319,31,0,5 52 53 8,1,8,,549277,37,0,34 52 53 8,1,7,,705394,31,0,5 52 53 8,1,48,,705382,37,0,34 52 53 8,1,7,,705302,31,0,5 52 53 8,1,8,,705354,37,0,34 52 53 8,1,7,,705330,31,0,5 52 53 8,1,8,,705361,37,0,34 52 53 8,1,7,,705332,31,0,5 52 53 8,1,8,,620285,37,0,34 52 53 8,1,7,,679055,31,0,5 52 53 8,1,48,,705298,37,0,34 52 53 8,1,7,,705297,31,0,5 52 53 8,1,8,,705369,37,0,34 52 53 8,1,7,,624107,31,0,5 52 53 8,1,8,,705373,37,0,34 52 53 8,1,7,,705364,31,0,5 52 53 8,1,8,,705336,37,0,34 52 53 8,1,7,,705340,31,0,5 52 53 8,1,48,,632861,37,0,34 52 53 8,1,7,,705370,31,0,5 52 53 8,1,8,,705327,37,0,34 52 53 8,1,7,,705324,31,0,5 52 53 8,1,8,,705357,37,0,34 52 53 8,1,8,,705342,31,0,5 52 53 8,1,7,,705390,37,0,34 52 53 8,1,8,,705350,31,0,5 52 53 8,1,48,,705348,37,0,34 52 53 8,1,7,,705379,31,0,5 52 53 8,1,9,,678556,37,0,34 52 53 8,1,9,,705358,31,0,5 52 53 8,1,9,,705300,37,0,34 52 53 8,1,9,,705362,31,0,5 52 53 8,1,8,,705395,37,0,34 52 53 8,1,49,,601533,31,0,5 52 53 8,1,8,,705381,37,0,34 52 53 8,1,9,,705331,31,0,5 52 53 8,1,8,,705343,37,0,34 52 53 8,1,9,,705372,31,0,5 52 53 8,1,8,,705333,37,0,34 52 53 8,1,9,,705312,31,0,5 52 53 8,1,47,,705363,37,0,34 52 53 8,1,9,,671708,31,0,5 52 53 8,1,7,,614109,37,0,34 52 53 8,1,8,,705349,31,0,5 52 53 8,1,7,,705311,37,0,34 52 53 8,1,8,,705359,31,0,5 52 53 8,1,7,,673053,37,0,34 52 53 8,1,8,,705304,31,0,5 52 53 8,1,50,,705337,37,0,34 52 53 8,1,10,,705346,31,0,5 52 53 8,1,10,,705338,37,0,34 52 53 8,1,10,,705392,31,0,5 52 53 8,1,10,,705376,37,0,34 52 53 8,1,10,,639641,31,0,5 52 53 8,1,50,,705399,37,0,34 52 53 8,1,10,,639655,31,0,5 52 53 8,1,10,,613689,37,0,34 52 53 8,1,10,,705299,31,0,5 52 53 8,1,10,,705401,37,0,34 52 53 8,1,10,,705377,31,0,5 52 53 8,1,49,,705352,37,0,34 52 53 8,1,7,,705367,31,0,5 52 53 8,1,10,,705315,37,0,34 52 53 8,1,10,,620599,31,0,5 52 53 8,1,10,,705378,37,0,34 52 53 8,1,10,,705396,31,0,5 52 53 8,1,50,,705386,37,0,34 52 53 8,1,10,,705329,31,0,5 52 53 8,1,10,,705365,37,0,34 52 53 8,1,10,,705380,31,0,5 52 53 8,1,10,,705314,37,0,34 52 53 8,1,10,,579207,31,0,5 52 53 8,1,50,,705368,37,0,34 52 53 8,1,10,,705366,31,0,5 52 53 8,1,10,,641250,37,0,34 52 53 8,1,10,,705393,31,0,5 52 53 8,1,10,,705309,37,0,34 52 53 8,1,10,,705308,31,0,5 52 53 8,1,50,,705326,37,0,34 52 53 8,1,10,,705398,31,0,5 52 53 8,1,10,,667793,37,0,34 52 53 8,1,11,,617631,31,0,5 52 53 8,1,13,,644268,31,0,5 52 53 8,1,55,,705322,31,0,5 52 53 8,1,15,,705310,31,0,17 74,1
3504,'3',718,,607254,30,0,5 52 53 8,1,10,,705441,36,0,34 52 53 8,1,10,,705412,30,0,5 52 53 8,1,10,,705483,36,0,34 52 53 8,1,11,,705461,30,0,5 52 53 8,1,51,,705479,36,0,34 52 53 8,1,11,,705403,31,0,5 52 53 8,1,10,,705489,37,0,34 52 53 8,1,10,,705420,31,0,5 52 53 8,1,10,,705405,37,0,34 52 53 8,1,50,,636655,31,0,5 52 53 8,1,10,,705439,37,0,34 52 53 8,1,10,,683587,31,0,5 52 53 8,1,10,,705458,37,0,34 52 53 8,1,10,,705463,31,0,5 52 53 8,1,10,,705433,37,0,34 52 53 8,1,50,,641084,31,0,5 52 53 8,1,10,,705449,37,0,34 52 53 8,1,10,,705488,31,0,5 52 53 8,1,10,,705429,37,0,34 52 53 8,1,10,,705500,31,0,5 52 53 8,1,10,,705451,37,0,34 52 53 8,1,50,,705475,31,0,5 52 53 8,1,10,,705459,37,0,34 52 53 8,1,10,,705434,31,0,5 52 53 8,1,10,,705444,37,0,34 52 53 8,1,10,,705469,31,0,5 52 53 8,1,9,,705416,37,0,34 52 53 8,1,8,,705452,31,0,5 52 53 8,1,50,,705426,37,0,34 52 53 8,1,8,,705402,31,0,5 52 53 8,1,9,,705409,37,0,34 52 53 8,1,8,,705482,31,0,5 52 53 8,1,9,,705407,37,0,34 52 53 8,1,9,,705453,31,0,5 52 53 8,1,49,,705435,37,0,34 52 53 8,1,9,,705462,31,0,5 52 53 8,1,9,,705415,37,0,34 52 53 8,1,9,,705432,31,0,5 52 53 8,1,9,,705493,37,0,34 52 53 8,1,9,,705491,31,0,5 52 53 8,1,9,,705484,37,0,34 52 53 8,1,49,,705490,31,0,5 52 53 8,1,9,,705474,37,0,34 52 53 8,1,9,,705494,31,0,5 52 53 8,1,9,,705498,37,0,34 52 53 8,1,9,,705455,31,0,5 52 53 8,1,9,,705450,37,0,34 52 53 8,1,9,,705492,31,0,5 52 53 8,1,49,,705465,37,0,34 52 53 8,1,9,,705454,31,0,5 52 53 8,1,9,,705471,37,0,34 52 53 8,1,9,,705430,31,0,5 52 53 8,1,9,,705413,37,0,34 52 53 8,1,9,,705425,31,0,5 52 53 8,1,49,,705486,37,0,34 52 53 8,1,9,,705487,31,0,5 52 53 8,1,9,,705447,37,0,34 52 53 8,1,9,,705446,31,0,5 52 53 8,1,9,,648267,37,0,34 52 53 8,1,9,,705468,31,0,5 52 53 8,1,9,,642355,37,0,34 52 53 8,1,49,,705467,31,0,5 52 53 8,1,8,,705480,37,0,34 52 53 8,1,8,,622749,31,0,5 52 53 8,1,9,,647760,37,0,34 52 53 8,1,9,,626044,31,0,5 52 53 8,1,10,,680615,37,0,34 52 53 8,1,10,,630313,31,0,5 52 53 8,1,50,,705418,37,0,34 52 53 8,1,10,,705456,31,0,5 52 53 8,1,10,,705431,37,0,34 52 53 8,1,10,,705437,31,0,5 52 53 8,1,10,,705448,37,0,34 52 53 8,1,10,,593857,31,0,5 52 53 8,1,50,,705428,37,0,34 52 53 8,1,10,,705442,31,0,5 52 53 8,1,10,,705422,37,0,34 52 53 8,1,10,,705417,31,0,5 52 53 8,1,10,,705478,37,0,34 52 53 8,1,10,,680875,31,0,5 52 53 8,1,50,,705485,37,0,34 52 53 8,1,10,,705414,31,0,5 52 53 8,1,10,,705466,37,0,34 52 53 8,1,10,,705445,31,0,5 52 53 8,1,10,,705473,37,0,34 52 53 8,1,10,,705427,31,0,5 52 53 8,1,50,,705495,37,0,34 52 53 8,1,10,,626401,31,0,5 52 53 8,1,10,,705423,37,0,34 52 53 8,1,10,,655484,31,0,5 52 53 8,1,10,,705421,37,0,34 52 53 8,1,10,,611688,31,0,5 52 53 8,1,50,,606263,37,0,34 52 53 8,1,7,,705481,31,0,5 52 53 8,1,10,,705464,37,0,34 52 53 8,1,10,,705472,31,0,5 52 53 8,1,10,,705411,37,0,34 52 53 8,1,10,,705499,31,0,5 52 53 8,1,50,,705497,37,0,34 52 53 8,1,10,,705419,31,0,5 52 53 8,1,10,,705408,37,0,34 52 53 8,1,10,,705496,31,0,5 52 53 8,1,10,,705460,37,0,34 52 53 8,1,10,,705424,31,0,5 52 53 8,1,50,,705436,37,0,34 52 53 8,1,10,,705470,31,0,5 52 53 8,1,10,,705443,37,0,34 52 53 8,1,10,,705410,31,0,5 52 53 8,1,10,,705440,37,0,34 52 53 8,1,10,,705477,31,0,5 52 53 8,1,50,,705438,37,0,34 52 53 8,1,10,,628491,31,0,5 52 53 8,1,10,,662507,37,0,34 52 53 8,1,10,,705406,31,0,5 52 53 8,1,14,,705476,31,0,5 52 53 8,1,55,,705457,31,0,5 52 53 8,1,15,,705404,31,0,17 74,1
3504,'5',541,,705590,36,0,34 52 53 8,1,15,,705513,30,0,5 52 53 8,1,55,,662852,36,0,34 52 53 8,1,9,,668960,31,0,5 52 53 8,1,10,,705501,37,0,34 52 53 8,1,10,,656623,31,0,5 52 53 8,1,10,,661357,37,0,34 52 53 8,1,50,,705560,31,0,5 52 53 8,1,10,,616751,37,0,34 52 53 8,1,10,,705518,31,0,5 52 53 8,1,10,,705567,37,0,34 52 53 8,1,10,,705525,31,0,5 52 53 8,1,10,,705526,37,0,34 52 53 8,1,51,,631776,31,0,5 52 53 8,1,10,,581709,37,0,34 52 53 8,1,10,,705568,31,0,5 52 53 8,1,10,,630030,37,0,34 52 53 8,1,10,,705586,31,0,5 52 53 8,1,10,,705544,37,0,34 52 53 8,1,50,,705515,31,0,5 52 53 8,1,10,,705569,37,0,34 52 53 8,1,10,,684823,31,0,5 52 53 8,1,10,,705573,37,0,34 52 53 8,1,10,,705584,31,0,5 52 53 8,1,10,,705523,37,0,34 52 53 8,1,50,,705585,31,0,5 52 53 8,1,10,,705578,37,0,34 52 53 8,1,10,,705591,31,0,5 52 53 8,1,10,,705558,37,0,34 52 53 8,1,10,,705570,31,0,5 52 53 8,1,10,,705529,37,0,34 52 53 8,1,50,,705562,31,0,5 52 53 8,1,10,,555248,37,0,34 52 53 8,1,10,,652555,31,0,5 52 53 8,1,10,,705576,37,0,34 52 53 8,1,10,,705516,31,0,5 52 53 8,1,9,,655649,37,0,34 52 53 8,1,8,,705540,31,0,5 52 53 8,1,50,,705536,37,0,34 52 53 8,1,8,,705552,31,0,5 52 53 8,1,9,,705579,37,0,34 52 53 8,1,8,,648389,31,0,5 52 53 8,1,9,,705539,37,0,34 52 53 8,1,9,,657808,31,0,5 52 53 8,1,49,,626500,37,0,34 52 53 8,1,9,,705545,31,0,5 52 53 8,1,9,,579435,37,0,34 52 53 8,1,9,,705563,31,0,5 52 53 8,1,9,,551697,37,0,34 52 53 8,1,9,,607152,31,0,5 52 53 8,1,9,,705514,37,0,34 52 53 8,1,49,,705582,31,0,5 52 53 8,1,9,,705556,37,0,34 52 53 8,1,9,,590940,31,0,5 52 53 8,1,9,,705503,37,0,34 52 53 8,1,9,,705555,31,0,5 52 53 8,1,9,,705537,37,0,34 52 53 8,1,9,,705511,31,0,5 52 53 8,1,49,,705546,37,0,34 52 53 8,1,9,,705510,31,0,5 52 53 8,1,9,,705557,37,0,34 52 53 8,1,9,,652563,31,0,5 52 53 8,1,9,,563299,37,0,34 52 53 8,1,9,,705506,31,0,5 52 53 8,1,49,,705592,37,0,34 52 53 8,1,9,,705509,31,0,5 52 53 8,1,9,,705512,37,0,34 52 53 8,1,9,,705517,31,0,5 52 53 8,1,9,,705528,37,0,34 52 53 8,1,9,,705593,31,0,5 52 53 8,1,9,,647353,37,0,34 52 53 8,1,49,,524802,31,0,5 52 53 8,1,8,,705575,37,0,34 52 53 8,1,8,,705566,31,0,5 52 53 8,1,9,,705508,37,0,34 52 53 8,1,9,,705561,31,0,5 52 53 8,1,10,,705532,37,0,34 52 53 8,1,10,,705530,31,0,5 52 53 8,1,50,,705572,37,0,34 52 53 8,1,10,,663013,31,0,5 52 53 8,1,10,,705519,37,0,34 52 53 8,1,10,,705505,31,0,5 52 53 8,1,10,,645463,37,0,34 52 53 8,1,10,,705580,31,0,5 52 53 8,1,50,,705587,37,0,34 52 53 8,1,10,,705565,31,0,5 52 53 8,1,10,,705531,37,0,34 52 53 8,1,10,,661775,31,0,5 52 53 8,1,10,,705589,37,0,34 52 53 8,1,10,,705553,31,0,5 52 53 8,1,50,,522744,37,0,34 52 53 8,1,10,,705507,31,0,5 52 53 8,1,10,,513998,37,0,34 52 53 8,1,10,,678983,31,0,5 52 53 8,1,10,,705522,37,0,34 52 53 8,1,10,,639176,31,0,5 52 53 8,1,50,,705559,37,0,34 52 53 8,1,10,,705551,31,0,5 52 53 8,1,10,,705550,37,0,34 52 53 8,1,10,,705542,31,0,5 52 53 8,1,10,,705548,37,0,34 52 53 8,1,10,,705504,31,0,5 52 53 8,1,50,,705554,37,0,34 52 53 8,1,7,,705574,31,0,5 52 53 8,1,10,,705527,37,0,34 52 53 8,1,10,,705543,31,0,5 52 53 8,1,10,,705502,37,0,34 52 53 8,1,10,,705583,31,0,5 52 53 8,1,50,,650267,37,0,34 52 53 8,1,10,,705535,31,0,5 52 53 8,1,10,,705534,37,0,34 52 53 8,1,10,,705524,31,0,5 52 53 8,1,10,,705549,37,0,34 52 53 8,1,10,,671251,31,0,5 52 53 8,1,50,,705564,37,0,34 52 53 8,1,10,,705577,31,0,5 52 53 8,1,10,,705541,37,0,34 52 53 8,1,10,,705538,31,0,5 52 53 8,1,10,,705571,37,0,34 52 53 8,1,10,,705588,31,0,5 52 53 8,1,50,,705533,37,0,34 52 53 8,1,10,,591669,31,0,5 52 53 8,1,10,,705520,37,0,34 52 53 8,1,10,,705581,31,0,5 52 53 8,1,14,,705547,31,0,5 52 53 8,1,55,,705521,31,0,5 52 53 8,1,15,,576518,31,0,17 74,1
33504,'1',511,,770065,34,0,11 12 75 15,1,2122,,770062,31,0,11 12 75 15,1,18,,770061,31,0,11 12 75 15,1,60,,612329,34,0,11 12 75 15,1,20,,770067,34,0,11 12 75 15,1,20,,770064,34,0,11 12 75 15,1,60,,770068,34,0,11 12 75 15,1,20,,678670,34,0,11 12 75 15,1,20,,770063,34,0,11 12 75 15,1
33504,'2',511,,622665,34,0,11 12 75 15,1,16,,770073,34,0,11 12 75 15,1,2106,,770069,31,0,11 12 75 15,1,18,,537508,31,0,11 12 75 15,1,60,,770075,34,0,11 12 75 15,1,20,,770071,34,0,11 12 75 15,1,20,,770077,34,0,11 12 75 15,1,60,,770070,34,0,11 12 75 15,1,20,,770072,34,0,11 12 75 15,1,20,,608898,34,0,11 12 75 15,1
33504,'3',511,,770082,34,0,11 12 75 15,1,20,,770087,34,0,11 12 75 15,1,25,,770083,34,0,11 12 75 15,1,61,,770088,34,0,11 12 75 15,1,20,,770081,34,0,11 12 75 15,1,20,,770093,34,0,11 12 75 15,1,1976,,770085,31,0,11 12 75 15,1,18,,770078,31,0,11 12 75 15,1,60,,770086,34,0,11 12 75 15,1,20,,770091,34,0,11 12 75 15,1,20,,770079,34,0,11 12 75 15,1,60,,770084,34,0,11 12 75 15,1,20,,770092,34,0,11 12 75 15,1,20,,618031,34,0,11 12 75 15,1
33504,'5',511,,770096,34,0,11 12 75 15,1,16,,770102,34,0,11 12 75 15,1,2106,,770098,31,0,11 12 75 15,1,18,,770105,31,0,11 12 75 15,1,60,,770097,34,0,11 12 75 15,1,20,,770095,34,0,11 12 75 15,1,20,,770103,34,0,11 12 75 15,1,60,,770094,34,0,11 12 75 15,1,20,,770100,34,0,11 12 75 15,1,20,,770101,34,0,11 12 75 15,1
93504,'1',522,,776887,11,0,75 8,1,12,,776945,11,0,75 8,1,14,,677196,11,0,75 8,1,52,,776944,11,0,75 8,1,12,,776878,10,0,75 8,1,10,,776919,10,0,75 8,1,10,,776912,10,0,75 8,1,10,,649854,10,0,75 8,1,10,,776926,10,0,75 8,1,52,,668092,10,0,75 8,1,10,,776895,10,0,75 8,1,10,,622903,10,0,75 8,1,10,,776886,10,0,75 8,1,10,,776885,10,0,75 8,1,10,,776884,10,0,75 8,1,50,,602949,10,0,75 8,1,10,,776914,10,0,75 8,1,10,,776928,10,0,75 8,1,10,,776893,10,0,75 8,1,10,,776921,10,0,75 8,1,10,,614655,10,0,75 8,1,49,,621419,10,0,75 8,1,10,,776904,10,0,75 8,1,10,,776880,10,0,75 8,1,12,,776881,10,0,75 8,1,12,,776906,10,0,75 8,1,12,,776915,10,0,75 8,1,52,,776900,10,0,75 8,1,12,,776929,10,0,75 8,1,12,,682431,10,0,75 8,1,12,,612287,10,0,75 8,1,12,,776899,10,0,75 8,1,52,,685771,10,0,75 8,1,12,,776896,10,0,75 8,1,12,,776910,10,0,75 8,1,12,,776882,10,0,75 8,1,53,,776877,10,0,75 8,1,12,,776939,10,0,75 8,1,12,,776898,10,0,75 8,1,10,,681414,10,0,75 8,1,10,,620481,10,0,75 8,1,10,,776922,10,0,75 8,1,50,,776903,10,0,75 8,1,10,,776942,10,0,75 8,1,10,,776938,10,0,75 8,1,10,,776937,10,0,75 8,1,10,,647955,10,0,75 8,1,10,,776933,10,0,75 8,1,50,,776909,10,0,75 8,1,10,,776935,10,0,75 8,1,10,,776888,10,0,75 8,1,14,,776897,10,0,75 8,1,14,,776894,10,0,75 8,1,50,,776936,10,0,75 8,1,10,,776920,10,0,75 8,1,10,,776905,10,0,75 8,1,10,,515437,10,0,75 8,1,10,,776946,10,0,75 8,1,10,,669321,10,0,75 8,1,50,,776907,10,0,75 8,1,10,,776889,10,0,75 8,1,10,,776918,10,0,75 8,1,10,,776934,10,0,75 8,1,10,,776940,10,0,75 8,1,10,,776941,10,0,75 8,1,50,,776913,10,0,75 8,1,8,,776911,10,0,75 8,1,10,,690500,10,0,75 8,1,9,,606640,10,0,75 8,1,10,,776925,10,0,75 8,1,10,,776924,10,0,75 8,1,10,,634559,10,0,75 8,1,50,,776890,10,0,75 8,1,10,,608089,10,0,75 8,1,10,,776883,10,0,75 8,1,10,,776930,10,0,75 8,1,10,,625432,10,0,75 8,1,10,,776932,10,0,75 8,1,46,,629234,10,0,75 8,1,8,,776943,10,0,75 8,1,8,,560780,10,0,75 8,1,12,,776931,10,0,75 8,1,12,,776879,10,0,75 8,1,12,,776901,10,0,75 8,1,52,,776916,10,0,75 8,1,12,,627051,10,0,75 8,1,12,,650315,10,0,75 8,1,12,,776892,10,0,75 8,1,12,,776927,10,0,75 8,1,52,,776902,10,0,75 8,1,12,,776908,10,0,75 8,1,12,,776917,10,0,75 8,1,12,,776923,10,0,75 8,1,12,,608502,10,0,75 8,1,51,,776891,10,0,75 8,1,8,,626932,10,0,75 8,1
93504,'2',823,,776954,10,0,75 8,1,8,,529523,10,0,75 8,1,8,,646381,10,0,75 8,1,8,,635800,10,0,75 8,1,8,,777004,10,0,75 8,1,48,,776996,10,0,75 8,1,8,,776991,10,0,75 8,1,8,,660230,10,0,75 8,1,8,,776956,10,0,75 8,1,8,,459718,10,0,75 8,1,8,,676398,10,0,75 8,1,8,,776992,10,0,75 8,1,8,,776966,10,0,75 8,1,48,,776975,10,0,75 8,1,8,,776969,10,0,75 8,1,8,,664051,10,0,75 8,1,8,,776987,10,0,75 8,1,8,,776958,10,0,75 8,1,8,,777024,10,0,75 8,1,8,,776968,10,0,75 8,1,48,,776978,10,0,75 8,1,8,,777015,10,0,75 8,1,8,,776961,10,0,75 8,1,8,,776999,10,0,75 8,1,8,,641049,10,0,75 8,1,8,,776970,10,0,75 8,1,8,,776979,10,0,75 8,1,8,,776994,10,0,75 8,1,50,,777020,10,0,75 8,1,8,,777018,10,0,75 8,1,8,,776957,10,0,75 8,1,6,,776955,10,0,75 8,1,6,,776982,10,0,75 8,1,6,,776976,10,0,75 8,1,6,,776959,10,0,75 8,1,6,,776995,10,0,75 8,1,46,,554093,10,0,75 8,1,6,,565416,10,0,75 8,1,6,,776985,10,0,75 8,1,6,,684041,10,0,75 8,1,6,,777011,10,0,75 8,1,6,,777002,10,0,75 8,1,6,,777005,10,0,75 8,1,6,,777017,10,0,75 8,1,6,,654990,10,0,75 8,1,6,,776983,10,0,75 8,1,46,,776967,10,0,75 8,1,6,,776977,10,0,75 8,1,6,,776980,10,0,75 8,1,6,,663283,10,0,75 8,1,6,,776986,10,0,75 8,1,6,,776948,10,0,75 8,1,6,,777007,10,0,75 8,1,6,,776960,10,0,75 8,1,6,,777019,10,0,75 8,1,6,,776965,10,0,75 8,1,46,,776997,10,0,75 8,1,6,,633928,10,0,75 8,1,6,,776984,10,0,75 8,1,6,,777009,10,0,75 8,1,6,,776953,10,0,75 8,1,6,,776962,10,0,75 8,1,6,,777001,10,0,75 8,1,6,,776963,10,0,75 8,1,6,,777000,10,0,75 8,1,6,,610613,10,0,75 8,1,46,,777008,10,0,75 8,1,6,,675723,10,0,75 8,1,6,,680093,10,0,75 8,1,6,,776998,10,0,75 8,1,6,,777006,10,0,75 8,1,6,,567622,10,0,75 8,1,6,,655878,10,0,75 8,1,6,,776972,10,0,75 8,1,6,,776971,10,0,75 8,1,6,,776947,10,0,75 8,1,46,,776951,10,0,75 8,1,5,,776974,10,0,75 8,1,5,,777023,10,0,75 8,1,5,,777021,10,0,75 8,1,5,,609416,10,0,75 8,1,6,,776989,10,0,75 8,1,6,,776950,10,0,75 8,1,6,,776952,10,0,75 8,1,6,,776973,10,0,75 8,1,6,,776964,10,0,75 8,1,6,,777012,10,0,75 8,1,46,,776981,10,0,75 8,1,6,,777010,10,0,75 8,1,6,,776949,10,0,75 8,1,6,,776990,10,0,75 8,1,6,,777025,10,0,75 8,1,6,,777013,10,0,75 8,1,6,,777016,10,0,75 8,1,6,,777014,10,0,75 8,1,6,,777022,10,0,75 8,1,6,,776993,10,0,75 8,1,45,,776988,10,0,75 8,1,4,,777003,10,0,75 8,1,9,,514959,10,0,75 8,1
93504,'3',816,,777070,10,0,75 8,1,9,,777052,10,0,75 8,1,9,,777039,10,0,75 8,1,9,,777092,10,0,75 8,1,9,,777031,10,0,75 8,1,49,,614424,10,0,75 8,1,9,,777057,10,0,75 8,1,9,,777026,10,0,75 8,1,9,,777053,10,0,75 8,1,9,,777097,10,0,75 8,1,9,,777027,10,0,75 8,1,9,,777080,10,0,75 8,1,49,,777054,10,0,75 8,1,9,,777056,10,0,75 8,1,9,,665387,10,0,75 8,1,9,,615542,10,0,75 8,1,9,,643862,10,0,75 8,1,9,,777090,10,0,75 8,1,9,,777077,10,0,75 8,1,49,,777060,10,0,75 8,1,9,,777036,10,0,75 8,1,9,,777088,10,0,75 8,1,9,,777051,10,0,75 8,1,9,,636660,10,0,75 8,1,9,,777043,10,0,75 8,1,49,,777083,10,0,75 8,1,9,,628583,10,0,75 8,1,9,,777044,10,0,75 8,1,8,,777033,10,0,75 8,1,7,,777029,10,0,75 8,1,7,,777058,10,0,75 8,1,7,,634352,10,0,75 8,1,7,,777067,10,0,75 8,1,47,,777048,10,0,75 8,1,7,,777072,10,0,75 8,1,7,,777047,10,0,75 8,1,7,,777045,10,0,75 8,1,7,,777089,10,0,75 8,1,7,,777066,10,0,75 8,1,7,,777096,10,0,75 8,1,7,,689424,10,0,75 8,1,7,,777049,10,0,75 8,1,47,,777073,10,0,75 8,1,7,,777081,10,0,75 8,1,7,,777074,10,0,75 8,1,7,,777034,10,0,75 8,1,7,,777082,10,0,75 8,1,7,,777075,10,0,75 8,1,7,,777038,10,0,75 8,1,7,,777095,10,0,75 8,1,47,,777062,10,0,75 8,1,7,,637749,10,0,75 8,1,7,,777093,10,0,75 8,1,7,,777068,10,0,75 8,1,7,,777030,10,0,75 8,1,7,,592463,10,0,75 8,1,7,,777042,10,0,75 8,1,7,,777085,10,0,75 8,1,7,,680597,10,0,75 8,1,47,,777050,10,0,75 8,1,7,,777071,10,0,75 8,1,7,,777069,10,0,75 8,1,7,,777078,10,0,75 8,1,7,,777094,10,0,75 8,1,7,,777046,10,0,75 8,1,7,,777040,10,0,75 8,1,7,,649622,10,0,75 8,1,47,,777064,10,0,75 8,1,7,,777063,10,0,75 8,1,7,,777079,10,0,75 8,1,6,,552021,10,0,75 8,1,7,,777055,10,0,75 8,1,7,,777035,10,0,75 8,1,7,,777084,10,0,75 8,1,7,,777032,10,0,75 8,1,7,,777061,10,0,75 8,1,47,,777028,10,0,75 8,1,7,,777087,10,0,75 8,1,7,,680137,10,0,75 8,1,7,,777037,10,0,75 8,1,7,,777059,10,0,75 8,1,7,,617671,10,0,75 8,1,7,,777076,10,0,75 8,1,7,,777086,10,0,75 8,1,7,,777041,10,0,75 8,1,47,,777091,10,0,75 8,1,11,,777065,10,0,75 8,1
93504,'5',816,,777153,10,0,75 8,1,9,,777124,10,0,75 8,1,9,,777103,10,0,75 8,1,9,,777151,10,0,75 8,1,9,,777136,10,0,75 8,1,49,,642827,10,0,75 8,1,9,,777099,10,0,75 8,1,9,,574889,10,0,75 8,1,9,,777118,10,0,75 8,1,9,,777130,10,0,75 8,1,9,,777150,10,0,75 8,1,9,,777127,10,0,75 8,1,49,,777145,10,0,75 8,1,9,,777100,10,0,75 8,1,9,,689463,10,0,75 8,1,9,,777155,10,0,75 8,1,9,,524709,10,0,75 8,1,9,,638629,10,0,75 8,1,9,,777107,10,0,75 8,1,49,,777148,10,0,75 8,1,9,,777160,10,0,75 8,1,9,,777164,10,0,75 8,1,9,,777143,10,0,75 8,1,9,,634380,10,0,75 8,1,9,,777141,10,0,75 8,1,49,,777114,10,0,75 8,1,9,,777106,10,0,75 8,1,9,,777144,10,0,75 8,1,8,,557775,10,0,75 8,1,7,,777154,10,0,75 8,1,7,,777147,10,0,75 8,1,7,,777132,10,0,75 8,1,7,,777157,10,0,75 8,1,47,,777109,10,0,75 8,1,7,,623443,10,0,75 8,1,7,,777123,10,0,75 8,1,7,,777122,10,0,75 8,1,7,,653185,10,0,75 8,1,7,,777128,10,0,75 8,1,7,,777135,10,0,75 8,1,7,,604713,10,0,75 8,1,7,,777133,10,0,75 8,1,47,,777102,10,0,75 8,1,7,,777149,10,0,75 8,1,7,,777116,10,0,75 8,1,7,,777137,10,0,75 8,1,7,,777131,10,0,75 8,1,7,,777110,10,0,75 8,1,7,,639233,10,0,75 8,1,7,,777163,10,0,75 8,1,47,,777104,10,0,75 8,1,7,,682353,10,0,75 8,1,7,,777161,10,0,75 8,1,7,,777142,10,0,75 8,1,7,,635534,10,0,75 8,1,7,,777156,10,0,75 8,1,7,,626730,10,0,75 8,1,7,,777112,10,0,75 8,1,7,,777129,10,0,75 8,1,47,,777134,10,0,75 8,1,7,,677696,10,0,75 8,1,7,,681548,10,0,75 8,1,7,,777119,10,0,75 8,1,7,,659223,10,0,75 8,1,7,,672423,10,0,75 8,1,7,,777140,10,0,75 8,1,7,,777105,10,0,75 8,1,47,,777139,10,0,75 8,1,7,,777138,10,0,75 8,1,7,,777098,10,0,75 8,1,6,,777162,10,0,75 8,1,7,,777108,10,0,75 8,1,7,,777115,10,0,75 8,1,7,,622180,10,0,75 8,1,7,,777117,10,0,75 8,1,7,,777126,10,0,75 8,1,47,,777121,10,0,75 8,1,7,,777111,10,0,75 8,1,7,,777152,10,0,75 8,1,7,,777101,10,0,75 8,1,7,,777146,10,0,75 8,1,7,,777120,10,0,75 8,1,7,,777113,10,0,75 8,1,7,,777158,10,0,75 8,1,7,,777159,10,0,75 8,1,47,,777165,10,0,75 8,1,11,,777125,10,0,75 8,1
