6002,'1',455,,546580,18,0,31 252,1,60,,634999,18,0,31 252,1,9,,635010,18,0,31 252,1,14,,583311,36,0,31 252,1,8,,635043,18,0,31 252,1,8,,635020,37,0,31 252,1,1698,,635005,37,0,34 86 87,1,64,,634951,37,0,34 86 87,1,24,,634955,37,0,34 86 87,1,64,,573259,37,0,34 86 87,1,24,,377649,37,0,34 86 87,1,24,,503147,37,0,34 86 87,1,64,,544459,37,0,34 86 87,1,23,,634994,37,0,34 86 87,1,67,,634967,37,0,34 86 87,1,47,,634972,37,0,34 86 87,1
6002,'2',519,,635097,36,0,31 252,1,20,,568568,36,0,31 252,1,63,,635125,37,0,31 252,1,43,,635135,37,0,31 252,1,60,,520714,37,0,31 252,1,20,,635083,37,0,31 252,1,20,,635060,37,0,31 252,1,60,,635076,37,0,31 252,1,1136,,635087,37,0,34 86 87,1,60,,635107,37,0,34 86 87,1,20,,635141,37,0,34 86 87,1,20,,582699,37,0,34 86 87,1,60,,635114,37,0,34 86 87,1,20,,635095,37,0,34 86 87,1,20,,541946,37,0,34 86 87,1,60,,635094,37,0,34 86 87,1,20,,635058,37,0,34 86 87,1,13,,635098,37,0,34 86 87,1,16,,635124,37,0,34 86 87,1,60,,635126,37,0,34 86 87,1,20,,635084,37,0,34 86 87,1,20,,635069,37,0,34 86 87,1,60,,545704,37,0,34 86 87,1,20,,635062,37,0,34 86 87,1,20,,635117,37,0,34 86 87,1,60,,492088,37,0,34 86 87,1,20,,547022,37,0,34 86 87,1,20,,635068,37,0,34 86 87,1,60,,635073,37,0,34 86 87,1,21,,635105,37,0,34 86 87,1,21,,635108,37,0,34 86 87,1
6002,'3',1948,,635173,37,0,34 86 87,1,60,,635209,37,0,34 86 87,1,20,,635232,37,0,34 86 87,1,20,,635182,37,0,34 86 87,1,60,,635155,37,0,34 86 87,1,20,,635206,37,0,34 86 87,1,20,,593237,37,0,34 86 87,1,60,,635214,37,0,34 86 87,1,23,,635152,37,0,34 86 87,1,20,,635213,37,0,34 86 87,1,60,,635183,37,0,34 86 87,1,20,,635217,37,0,34 86 87,1,20,,635203,37,0,34 86 87,1,60,,635227,37,0,34 86 87,1,20,,635224,37,0,34 86 87,1,20,,635146,37,0,34 86 87,1,60,,635192,37,0,34 86 87,1,20,,635197,37,0,34 86 87,1,20,,486954,37,0,34 86 87,1,60,,635225,37,0,34 86 87,1,41,,635143,37,0,34 86 87,1
6002,'5',602,,635291,37,0,34 86 87,1,15,,598807,37,0,34 86 87,1,15,,635269,37,0,34 86 87,1,15,,546155,37,0,34 86 87,1,55,,565167,37,0,34 86 87,1,15,,576702,37,0,34 86 87,1,15,,599432,37,0,34 86 87,1,15,,635308,37,0,34 86 87,1,55,,635332,37,0,34 86 87,1,15,,535824,37,0,34 86 87,1,1131,,635233,37,0,34 86 87,1,60,,635287,37,0,34 86 87,1,20,,587553,37,0,34 86 87,1,20,,635279,37,0,34 86 87,1,60,,573376,37,0,34 86 87,1,20,,594032,37,0,34 86 87,1,20,,521645,37,0,34 86 87,1,60,,635301,37,0,34 86 87,1,23,,635274,37,0,34 86 87,1,20,,635329,37,0,34 86 87,1,60,,635310,37,0,34 86 87,1,20,,635242,37,0,34 86 87,1,20,,635275,37,0,34 86 87,1,60,,635253,37,0,34 86 87,1,20,,635248,37,0,34 86 87,1,20,,635282,37,0,34 86 87,1,60,,635328,37,0,34 86 87,1,20,,635280,37,0,34 86 87,1,20,,635290,37,0,34 86 87,1,60,,635295,37,0,34 86 87,1,41,,635271,37,0,34 86 87,1
16502,'1',504,,676751,10,0,9,1,6,,676674,10,0,9,1,7,,590545,10,0,9,1,8,,676728,10,0,9,1,7,,676713,10,0,9,1,8,,570727,10,0,9,1,7,,676696,48,0,9,1,8,,676653,10,0,9,1,2,,676736,48,0,9,1,54,,676707,59,0,9,1,7,,676703,47,0,9,1,3,,573449,59,0,9,1,7,,676745,59,0,9,1,8,,676744,59,0,9,1,7,,676681,59,0,9,1,8,,676750,59,0,9,1,7,,676661,59,0,9,1,48,,676722,59,0,9,1,7,,676649,59,0,9,1,8,,676671,59,0,9,1,7,,437525,59,0,9,1,8,,676673,59,0,9,1,7,,676721,59,0,9,1,10,,676658,59,0,9,1,47,,395648,59,0,9,1,9,,535498,59,0,9,1,7,,676725,59,0,9,1,8,,676652,59,0,9,1,7,,423559,59,0,9,1,8,,556865,59,0,9,1,7,,676700,59,0,9,1,8,,676684,59,0,9,1,47,,676724,59,0,9,1,8,,569809,59,0,9,1,10,,676733,59,0,9,1,7,,676715,59,0,9,1,8,,542741,59,0,9,1,10,,676753,59,0,9,1,7,,676709,59,0,9,1,49,,676698,59,0,9,1,10,,676686,59,0,9,1,10,,676682,59,0,9,1,10,,676688,59,0,9,1,10,,676738,59,0,9,1,10,,676723,59,0,9,1,50,,527356,59,0,9,1,10,,676754,59,0,9,1,10,,479245,59,0,9,1,10,,676656,59,0,9,1,10,,676714,59,0,9,1,10,,676752,59,0,9,1,50,,676689,59,0,9,1,10,,676740,59,0,9,1,10,,676757,59,0,9,1,10,,676746,59,0,9,1,10,,676712,59,0,9,1,10,,676672,59,0,9,1,50,,676755,59,0,9,1,10,,676748,59,0,9,1,10,,676690,59,0,9,1,10,,676655,59,0,9,1,10,,676659,59,0,9,1,10,,676668,59,0,9,1,50,,676687,59,0,9,1,10,,559236,59,0,9,1,11,,676729,10,0,9,1,9,,676676,59,0,9,1,12,,562150,59,0,9,1,11,,506054,59,0,9,1,51,,676734,59,0,9,1,12,,676710,59,0,9,1,10,,676694,59,0,9,1,10,,556751,59,0,9,1,10,,570794,59,0,9,1,10,,575141,59,0,9,1,50,,676683,59,0,9,1,10,,676657,59,0,9,1,10,,676666,59,0,9,1,10,,676743,59,0,9,1,10,,676717,59,0,9,1,10,,540928,59,0,9,1,50,,676692,59,0,9,1,10,,676739,59,0,9,1,10,,676664,59,0,9,1,10,,676727,59,0,9,1,10,,676705,59,0,9,1,10,,676685,59,0,9,1,50,,676756,59,0,9,1,10,,598879,59,0,9,1,10,,676718,59,0,9,1,10,,676678,59,0,9,1,10,,676747,59,0,9,1,10,,676704,59,0,9,1,45,,546398,10,0,9,1,5,,676737,59,0,9,1,8,,450592,59,0,9,1,6,,676677,59,0,9,1,9,,676680,59,0,9,1,8,,575938,59,0,9,1,7,,676742,59,0,9,1,10,,676731,59,0,9,1,47,,676693,59,0,9,1,10,,676662,59,0,9,1,10,,381683,59,0,9,1,10,,676701,59,0,9,1,10,,676708,59,0,9,1,10,,676697,59,0,9,1,50,,676667,59,0,9,1,7,,526227,10,0,9,1,3,,432669,59,0,9,1,10,,530045,59,0,9,1,10,,533498,59,0,9,1,10,,676660,59,0,9,1,10,,676758,59,0,9,1,50,,676726,59,0,9,1,9,,676732,59,0,9,1,8,,676711,59,0,9,1,8,,676741,10,0,9,1,1,,676702,59,0,9,1,8,,676716,59,0,9,1,7,,676699,59,0,9,1,9,,676679,59,0,9,1,50,,676654,59,0,9,1,10,,543611,59,0,9,1,10,,676663,59,0,9,1,10,,676720,59,0,9,1,10,,676650,59,0,9,1,10,,676749,59,0,9,1,50,,676695,59,0,9,1,10,,545229,59,0,9,1,10,,676665,59,0,9,1,10,,676669,59,0,9,1,10,,676670,59,0,9,1,10,,550978,59,0,9,1,50,,676730,59,0,9,1,10,,563410,59,0,9,1,10,,676691,59,0,9,1,10,,597401,59,0,9,1,10,,571263,59,0,9,1,12,,676675,59,0,9,1,53,,676651,59,0,9,1,15,,585043,59,0,9,1,15,,676719,59,0,9,1,15,,676735,59,0,9,1
16502,'2',508,,580158,10,0,9,1,15,,676819,10,0,9,1,15,,676792,10,0,9,1,12,,676817,10,0,9,1,50,,527699,10,0,9,1,10,,676835,10,0,9,1,10,,676791,59,0,9,1,10,,676847,10,0,9,1,10,,676785,59,0,9,1,10,,676802,10,0,9,1,4,,585123,59,0,9,1,50,,676807,59,0,9,1,10,,676878,59,0,9,1,10,,676829,59,0,9,1,10,,567534,59,0,9,1,10,,676768,59,0,9,1,10,,516152,59,0,9,1,50,,676796,59,0,9,1,10,,676820,10,0,9,1,12,,676760,59,0,9,1,11,,676869,59,0,9,1,13,,676884,59,0,9,1,50,,676759,59,0,9,1,10,,676790,59,0,9,1,8,,676840,10,0,9,1,2,,676804,59,0,9,1,10,,676763,59,0,9,1,10,,676877,59,0,9,1,10,,676808,59,0,9,1,8,,676834,10,0,9,1,1,,676896,59,0,9,1,50,,676803,59,0,9,1,10,,601549,59,0,9,1,11,,547276,10,0,9,1,1,,676856,59,0,9,1,8,,676800,59,0,9,1,8,,676848,59,0,9,1,8,,676777,59,0,9,1,48,,676826,59,0,9,1,8,,676766,59,0,9,1,8,,676772,59,0,9,1,8,,676780,59,0,9,1,9,,676879,59,0,9,1,8,,676839,59,0,9,1,9,,676832,59,0,9,1,48,,676866,59,0,9,1,8,,593002,59,0,9,1,1,,676872,10,0,9,1,8,,676876,59,0,9,1,8,,676870,59,0,9,1,8,,676818,10,0,9,1,2,,676899,59,0,9,1,9,,676859,59,0,9,1,7,,676895,59,0,9,1,6,,582985,10,0,9,1,44,,676778,59,0,9,1,3,,676822,59,0,9,1,4,,558582,59,0,9,1,6,,676806,59,0,9,1,6,,676887,59,0,9,1,6,,528767,59,0,9,1,6,,676771,59,0,9,1,6,,676898,59,0,9,1,6,,676767,59,0,9,1,6,,676833,59,0,9,1,6,,676889,59,0,9,1,46,,676873,59,0,9,1,6,,676816,59,0,9,1,6,,676825,59,0,9,1,6,,676843,59,0,9,1,6,,676830,59,0,9,1,6,,676855,59,0,9,1,6,,587434,59,0,9,1,6,,676862,59,0,9,1,6,,514914,59,0,9,1,6,,676793,59,0,9,1,46,,676894,59,0,9,1,6,,676828,59,0,9,1,6,,676897,59,0,9,1,6,,676863,59,0,9,1,6,,676868,59,0,9,1,6,,581203,59,0,9,1,6,,676858,59,0,9,1,6,,676837,59,0,9,1,6,,676794,59,0,9,1,6,,475020,59,0,9,1,46,,676781,59,0,9,1,6,,676881,59,0,9,1,6,,676761,59,0,9,1,6,,676871,59,0,9,1,6,,676892,59,0,9,1,6,,676865,59,0,9,1,6,,676846,59,0,9,1,6,,547067,59,0,9,1,6,,676888,59,0,9,1,6,,676893,59,0,9,1,46,,510526,59,0,9,1,6,,676824,59,0,9,1,6,,526299,59,0,9,1,6,,676883,59,0,9,1,6,,676850,59,0,9,1,6,,676762,59,0,9,1,6,,676844,59,0,9,1,6,,676814,59,0,9,1,6,,676891,59,0,9,1,6,,676882,59,0,9,1,46,,676770,59,0,9,1,6,,676811,59,0,9,1,5,,549005,59,0,9,1,6,,676797,59,0,9,1,6,,530490,59,0,9,1,3,,676860,59,0,9,1,6,,676842,59,0,9,1,5,,676815,59,0,9,1,6,,676851,59,0,9,1,6,,676779,59,0,9,1,6,,676902,59,0,9,1,45,,676845,59,0,9,1,6,,676861,59,0,9,1,6,,676795,59,0,9,1,4,,676784,59,0,9,1,6,,585947,59,0,9,1,5,,676805,59,0,9,1,6,,676783,59,0,9,1,8,,676775,59,0,9,1,5,,676773,59,0,9,1,5,,676857,59,0,9,1,47,,676821,59,0,9,1,7,,468996,59,0,9,1,7,,595690,59,0,9,1,7,,676810,59,0,9,1,7,,676890,59,0,9,1,7,,676801,59,0,9,1,7,,676776,59,0,9,1,7,,676769,59,0,9,1,7,,676813,59,0,9,1,47,,529541,59,0,9,1,3,,676864,10,0,9,1,4,,676823,59,0,9,1,7,,676849,59,0,9,1,7,,676812,59,0,9,1,6,,676798,59,0,9,1,7,,450798,59,0,9,1,7,,676900,59,0,9,1,7,,676787,59,0,9,1,7,,676875,59,0,9,1,46,,676841,59,0,9,1,7,,493861,59,0,9,1,7,,528314,59,0,9,1,5,,573287,59,0,9,1,6,,600353,59,0,9,1,7,,676854,59,0,9,1,6,,676852,59,0,9,1,8,,676867,59,0,9,1,50,,676809,59,0,9,1,10,,676874,59,0,9,1,10,,676788,59,0,9,1,10,,676827,59,0,9,1,10,,676786,59,0,9,1,10,,676880,59,0,9,1,50,,676831,59,0,9,1,10,,676885,59,0,9,1,10,,676789,59,0,9,1,10,,481842,59,0,9,1,10,,676764,59,0,9,1,10,,676901,59,0,9,1,50,,567605,59,0,9,1,10,,676765,59,0,9,1,10,,676799,59,0,9,1,10,,676774,59,0,9,1,10,,676886,59,0,9,1,12,,676853,59,0,9,1,53,,676838,59,0,9,1,15,,676782,59,0,9,1,15,,600425,59,0,9,1,15,,676836,59,0,9,1
16502,'3',709,,676989,10,0,9,1,7,,676974,10,0,9,1,9,,376039,10,0,9,1,9,,676925,10,0,9,1,9,,677010,10,0,9,1,9,,677005,10,0,9,1,49,,677015,10,0,9,1,9,,676909,10,0,9,1,6,,676927,48,0,9,1,12,,676971,10,0,9,1,9,,676990,10,0,9,1,5,,676923,47,0,9,1,15,,595758,10,0,9,1,45,,676911,59,0,9,1,9,,676933,59,0,9,1,9,,676983,59,0,9,1,9,,677009,59,0,9,1,9,,676980,59,0,9,1,9,,677004,59,0,9,1,9,,676944,59,0,9,1,49,,410448,59,0,9,1,9,,676982,59,0,9,1,9,,676916,59,0,9,1,9,,676995,59,0,9,1,9,,676914,59,0,9,1,9,,676961,59,0,9,1,9,,677003,59,0,9,1,49,,676922,59,0,9,1,9,,577576,59,0,9,1,9,,676991,59,0,9,1,9,,676906,59,0,9,1,9,,676910,59,0,9,1,9,,676945,59,0,9,1,3,,583044,10,0,9,1,46,,676904,59,0,9,1,9,,676952,59,0,9,1,12,,676984,59,0,9,1,10,,676939,10,0,9,1,10,,676950,59,0,9,1,11,,676963,59,0,9,1,49,,676935,10,0,9,1,1,,676975,59,0,9,1,10,,599949,59,0,9,1,9,,676958,59,0,9,1,7,,676972,59,0,9,1,8,,676999,59,0,9,1,7,,676986,59,0,9,1,8,,676931,59,0,9,1,47,,595594,59,0,9,1,8,,676907,59,0,9,1,7,,676996,59,0,9,1,8,,676969,59,0,9,1,7,,677002,59,0,9,1,8,,677000,59,0,9,1,7,,506337,59,0,9,1,8,,676946,59,0,9,1,47,,676948,59,0,9,1,8,,563580,59,0,9,1,7,,677013,59,0,9,1,8,,676947,59,0,9,1,7,,581295,59,0,9,1,8,,676988,59,0,9,1,7,,581900,59,0,9,1,8,,676959,59,0,9,1,47,,677017,59,0,9,1,8,,676932,59,0,9,1,7,,676993,59,0,9,1,8,,676934,59,0,9,1,7,,676940,59,0,9,1,8,,676941,59,0,9,1,7,,602009,59,0,9,1,8,,550626,59,0,9,1,47,,676942,59,0,9,1,8,,676981,59,0,9,1,7,,677012,59,0,9,1,8,,580339,59,0,9,1,7,,676951,59,0,9,1,8,,676938,59,0,9,1,7,,676955,59,0,9,1,8,,676913,59,0,9,1,47,,516996,59,0,9,1,8,,676929,59,0,9,1,7,,676924,59,0,9,1,8,,572296,59,0,9,1,7,,575780,59,0,9,1,8,,676964,59,0,9,1,7,,676979,59,0,9,1,8,,676919,59,0,9,1,47,,676977,59,0,9,1,8,,676976,59,0,9,1,6,,676936,59,0,9,1,6,,676943,59,0,9,1,6,,677007,59,0,9,1,7,,676928,59,0,9,1,6,,552495,59,0,9,1,6,,677016,59,0,9,1,6,,677001,59,0,9,1,7,,676949,59,0,9,1,49,,677014,59,0,9,1,9,,676921,59,0,9,1,9,,676917,59,0,9,1,9,,676992,59,0,9,1,9,,676960,59,0,9,1,9,,676967,59,0,9,1,49,,676962,59,0,9,1,7,,676968,10,0,9,1,2,,676912,59,0,9,1,9,,676987,59,0,9,1,9,,676937,59,0,9,1,9,,677018,59,0,9,1,9,,596523,59,0,9,1,9,,676930,59,0,9,1,49,,445947,59,0,9,1,8,,538775,59,0,9,1,9,,677019,59,0,9,1,8,,517926,59,0,9,1,6,,676957,10,0,9,1,2,,507649,59,0,9,1,7,,676965,59,0,9,1,7,,676954,59,0,9,1,50,,676978,59,0,9,1,10,,676918,59,0,9,1,10,,676973,59,0,9,1,10,,677011,59,0,9,1,10,,676970,59,0,9,1,10,,676985,59,0,9,1,50,,676926,59,0,9,1,10,,676966,59,0,9,1,10,,677006,59,0,9,1,10,,556339,59,0,9,1,10,,562872,59,0,9,1,10,,676953,59,0,9,1,50,,676915,59,0,9,1,10,,485356,59,0,9,1,10,,676920,59,0,9,1,10,,676994,59,0,9,1,10,,373081,59,0,9,1,12,,676908,59,0,9,1,53,,676905,59,0,9,1,15,,677008,59,0,9,1,15,,676997,59,0,9,1,15,,676956,59,0,9,1
16502,'5',508,,677024,10,0,9,1,23,,677057,10,0,9,1,24,,563309,10,0,9,1,64,,677104,59,0,9,1,19,,677129,59,0,9,1,20,,677127,10,0,9,1,44,,544005,59,0,9,1,14,,677050,10,0,9,1,8,,591985,10,0,9,1,2,,677130,59,0,9,1,17,,677105,10,0,9,1,7,,677063,59,0,9,1,51,,677093,10,0,9,1,9,,677028,10,0,9,1,4,,677088,59,0,9,1,14,,581382,10,0,9,1,8,,677065,10,0,9,1,2,,677115,59,0,9,1,15,,677075,59,0,9,1,49,,677033,59,0,9,1,9,,568356,59,0,9,1,9,,543074,59,0,9,1,9,,677072,59,0,9,1,9,,677132,59,0,9,1,9,,677030,59,0,9,1,9,,677035,59,0,9,1,49,,677027,59,0,9,1,9,,677079,59,0,9,1,9,,520562,59,0,9,1,9,,677091,59,0,9,1,9,,677026,59,0,9,1,9,,677034,59,0,9,1,9,,677047,59,0,9,1,49,,548750,59,0,9,1,9,,594035,59,0,9,1,9,,677116,59,0,9,1,9,,677052,59,0,9,1,9,,677120,59,0,9,1,9,,677068,59,0,9,1,3,,677102,10,0,9,1,46,,677076,59,0,9,1,9,,677097,59,0,9,1,12,,677066,59,0,9,1,10,,677032,10,0,9,1,10,,677039,59,0,9,1,11,,677101,59,0,9,1,49,,677045,10,0,9,1,1,,602518,59,0,9,1,10,,677103,59,0,9,1,9,,677110,59,0,9,1,7,,677100,59,0,9,1,8,,677074,59,0,9,1,7,,549159,59,0,9,1,8,,677131,59,0,9,1,47,,677085,59,0,9,1,8,,677041,59,0,9,1,7,,677077,59,0,9,1,8,,677022,59,0,9,1,7,,548658,59,0,9,1,8,,677106,59,0,9,1,7,,677042,59,0,9,1,8,,677021,59,0,9,1,47,,677092,59,0,9,1,8,,525952,59,0,9,1,7,,677058,59,0,9,1,8,,677023,59,0,9,1,7,,677069,59,0,9,1,8,,571877,59,0,9,1,7,,677053,59,0,9,1,8,,576314,59,0,9,1,47,,599767,59,0,9,1,8,,527975,59,0,9,1,7,,677124,59,0,9,1,8,,677096,59,0,9,1,7,,677121,59,0,9,1,8,,560577,59,0,9,1,7,,564371,59,0,9,1,8,,677098,59,0,9,1,47,,677078,59,0,9,1,8,,677043,59,0,9,1,7,,677046,59,0,9,1,8,,677071,59,0,9,1,7,,582186,59,0,9,1,8,,591114,59,0,9,1,7,,552798,59,0,9,1,8,,552575,59,0,9,1,47,,602878,59,0,9,1,8,,677083,59,0,9,1,7,,677056,59,0,9,1,8,,528002,59,0,9,1,7,,677117,59,0,9,1,8,,677107,59,0,9,1,7,,677064,59,0,9,1,8,,677048,59,0,9,1,47,,677029,59,0,9,1,8,,677087,59,0,9,1,6,,677089,59,0,9,1,6,,677040,59,0,9,1,6,,677049,59,0,9,1,7,,677126,59,0,9,1,6,,677111,59,0,9,1,6,,677061,59,0,9,1,6,,542683,59,0,9,1,7,,677062,59,0,9,1,49,,677128,59,0,9,1,9,,677070,59,0,9,1,9,,677059,59,0,9,1,9,,576536,59,0,9,1,9,,677060,59,0,9,1,9,,677036,59,0,9,1,49,,566848,59,0,9,1,7,,677082,10,0,9,1,2,,677109,59,0,9,1,9,,677086,59,0,9,1,9,,551424,59,0,9,1,9,,677095,59,0,9,1,9,,677125,59,0,9,1,9,,677081,59,0,9,1,49,,677090,59,0,9,1,8,,677067,59,0,9,1,9,,677112,59,0,9,1,8,,677114,59,0,9,1,6,,545515,10,0,9,1,2,,677080,59,0,9,1,7,,677122,59,0,9,1,7,,677038,59,0,9,1,50,,677037,59,0,9,1,10,,677073,59,0,9,1,10,,515040,59,0,9,1,10,,677055,59,0,9,1,10,,677044,59,0,9,1,10,,601360,59,0,9,1,50,,677025,59,0,9,1,10,,677094,59,0,9,1,10,,677119,59,0,9,1,10,,547751,59,0,9,1,10,,677051,59,0,9,1,10,,677099,59,0,9,1,50,,677123,59,0,9,1,10,,517410,59,0,9,1,10,,601409,59,0,9,1,10,,677020,59,0,9,1,10,,677084,59,0,9,1,12,,677118,59,0,9,1,53,,677108,59,0,9,1,15,,566388,59,0,9,1,15,,677054,59,0,9,1,15,,677113,59,0,9,1
16602,'1',619,,603735,10,0,156,1,25,,677163,10,0,156,1,65,,591890,10,0,156,1,25,,677158,10,0,156,1,25,,677157,10,0,156,1,65,,677148,10,0,156,1,25,,677153,10,0,156,1,65,,677166,10,0,17 169 8,1,590,,677161,10,0,156,1,25,,677150,10,0,156,1,25,,677156,10,0,156,1,65,,677149,10,0,156,1,25,,677155,10,0,156,1,65,,677164,10,0,156,1,25,,677162,10,0,156,1,25,,677160,10,0,156,1,65,,677159,10,0,156,1,25,,677152,10,0,156,1,65,,677165,10,0,17 169 8,1
96002,'1',601,,689971,21,0,31 252,1,6,,690001,21,0,31 252,1,7,,689988,21,0,31 252,1,7,,689974,21,0,31 252,1,7,,690002,21,0,31 252,1,7,,539236,21,0,31 252,1,7,,689987,21,0,31 252,1,7,,689991,21,0,31 252,1,7,,689981,21,0,31 252,1,47,,690005,21,0,31 252,1,8,,689929,21,0,31 252,1,10,,689931,21,0,31 252,1,8,,689985,21,0,31 252,1,7,,575948,21,0,31 252,1,10,,690003,21,0,31 252,1,8,,689928,21,0,31 252,1,48,,587019,21,0,31 252,1,8,,471988,21,0,31 252,1,8,,594057,21,0,31 252,1,8,,555382,21,0,31 252,1,8,,513354,21,0,31 252,1,8,,689937,21,0,31 252,1,8,,583886,21,0,31 252,1,8,,689973,21,0,31 252,1,48,,601490,21,0,31 252,1,8,,689935,21,0,31 252,1,8,,689926,21,0,31 252,1,8,,689972,21,0,31 252,1,8,,573230,21,0,31 252,1,8,,689943,21,0,31 252,1,8,,689946,21,0,31 252,1,48,,689939,21,0,31 252,1,9,,689993,21,0,31 252,1,10,,689989,21,0,31 252,1,9,,689965,21,0,31 252,1,10,,689980,21,0,31 252,1,10,,689948,21,0,31 252,1,50,,689970,21,0,31 252,1,10,,689940,21,0,31 252,1,10,,499752,21,0,31 252,1,10,,534526,21,0,31 252,1,10,,689963,21,0,31 252,1,10,,689930,21,0,31 252,1,50,,689968,21,0,31 252,1,10,,689950,21,0,31 252,1,10,,483809,21,0,31 252,1,10,,564757,21,0,31 252,1,10,,689944,21,0,31 252,1,10,,689958,21,0,31 252,1,50,,689999,21,0,31 252,1,10,,599326,21,0,31 252,1,10,,689961,21,0,31 252,1,10,,689977,21,0,31 252,1,10,,689934,21,0,31 252,1,10,,689986,21,0,31 252,1,51,,690004,21,0,31 252,1,8,,689990,21,0,31 252,1,10,,555585,21,0,31 252,1,11,,689992,21,0,31 252,1,14,,689951,21,0,31 252,1,8,,689922,21,0,31 252,1,48,,689957,21,0,31 252,1,8,,689947,21,0,31 252,1,8,,689962,21,0,31 252,1,8,,689953,21,0,31 252,1,8,,689938,21,0,31 252,1,8,,522383,21,0,31 252,1,8,,514487,21,0,31 252,1,5,,587387,21,0,31 252,1,48,,689954,21,0,31 252,1,8,,689923,21,0,31 252,1,8,,690000,21,0,31 252,1,8,,553105,21,0,31 252,1,8,,689997,21,0,31 252,1,8,,690006,21,0,31 252,1,8,,689984,21,0,31 252,1,8,,689996,21,0,31 252,1,48,,522295,21,0,31 252,1,8,,689932,21,0,31 252,1,8,,689994,21,0,31 252,1,8,,603948,21,0,31 252,1,8,,566937,21,0,31 252,1,8,,689941,21,0,31 252,1,8,,689969,21,0,31 252,1,48,,689967,21,0,31 252,1,8,,689925,21,0,31 252,1,8,,689942,21,0,31 252,1,8,,535028,21,0,31 252,1,8,,545602,21,0,31 252,1,8,,689959,21,0,34 86 87,1,8,,689966,21,0,34 86 87,1,8,,487438,21,0,34 86 87,1,48,,689936,21,0,34 86 87,1,8,,689955,21,0,34 86 87,1,8,,401954,21,0,34 86 87,1,8,,488593,21,0,34 86 87,1,8,,603711,21,0,34 86 87,1,9,,689952,21,0,34 86 87,1,9,,689975,21,0,34 86 87,1,46,,689978,21,0,34 86 87,1,5,,689976,21,0,34 86 87,1,8,,689982,21,0,34 86 87,1,4,,689949,21,0,34 86 87,1,8,,689979,21,0,34 86 87,1,10,,577462,21,0,34 86 87,1,10,,689995,21,0,34 86 87,1,10,,689927,21,0,34 86 87,1,50,,689983,21,0,34 86 87,1,10,,689998,21,0,34 86 87,1,10,,560790,21,0,34 86 87,1,10,,689924,21,0,34 86 87,1,10,,689933,21,0,34 86 87,1,10,,689945,21,0,34 86 87,1,50,,689964,21,0,34 86 87,1,10,,689960,21,0,34 86 87,1,10,,689956,21,0,34 86 87,1
96002,'2',836,,601918,21,0,31 252,1,10,,538411,21,0,31 252,1,10,,690008,21,0,31 252,1,50,,690035,21,0,31 252,1,10,,690045,21,0,31 252,1,10,,690009,21,0,31 252,1,10,,690042,21,0,31 252,1,10,,690056,21,0,31 252,1,10,,541197,21,0,31 252,1,50,,690057,21,0,31 252,1,10,,690019,21,0,31 252,1,10,,690007,21,0,31 252,1,10,,521462,21,0,31 252,1,10,,690018,21,0,31 252,1,10,,690053,21,0,31 252,1,50,,690031,21,0,31 252,1,10,,690017,21,0,31 252,1,10,,690029,21,0,31 252,1,10,,690033,21,0,31 252,1,10,,690028,21,0,31 252,1,9,,574138,21,0,31 252,1,52,,690034,21,0,31 252,1,10,,690025,21,0,31 252,1,14,,481434,21,0,31 252,1,10,,690049,21,0,31 252,1,10,,690044,21,0,31 252,1,50,,690010,21,0,31 252,1,10,,690041,21,0,31 252,1,10,,690039,21,0,31 252,1,10,,690052,21,0,31 252,1,10,,690036,21,0,31 252,1,10,,690027,21,0,31 252,1,50,,690021,21,0,31 252,1,10,,690050,21,0,31 252,1,10,,690014,21,0,31 252,1,10,,690047,21,0,31 252,1,10,,690051,21,0,31 252,1,10,,690016,21,0,31 252,1,50,,690011,21,0,31 252,1,10,,690038,21,0,31 252,1,10,,690022,21,0,31 252,1,10,,690023,21,0,31 252,1,10,,690054,21,0,31 252,1,10,,690013,21,0,31 252,1,50,,690020,21,0,31 252,1,10,,376512,21,0,31 252,1,10,,483405,21,0,31 252,1,10,,690046,21,0,31 252,1,10,,556297,21,0,31 252,1,10,,521993,21,0,31 252,1,50,,690030,21,0,31 252,1,10,,690040,21,0,31 252,1,10,,578166,21,0,31 252,1,10,,690032,21,0,31 252,1,10,,690048,21,0,31 252,1,10,,472558,21,0,31 252,1,50,,690055,21,0,31 252,1,10,,690026,21,0,31 252,1,10,,690043,21,0,31 252,1,10,,416261,21,0,31 252,1,10,,690015,21,0,31 252,1,8,,409111,21,0,34 86 87,1,10,,690037,21,0,34 86 87,1,50,,690024,21,0,34 86 87,1,10,,592263,21,0,34 86 87,1,10,,557866,21,0,34 86 87,1,2,,690012,21,0,34 86 87,1
96002,'3',810,,690082,21,0,34 86 87,1,18,,690112,21,0,34 86 87,1,10,,507118,21,0,34 86 87,1,10,,690105,21,0,34 86 87,1,10,,466027,21,0,34 86 87,1,50,,690099,21,0,34 86 87,1,10,,690098,21,0,34 86 87,1,10,,690087,21,0,34 86 87,1,10,,690077,21,0,34 86 87,1,10,,506767,21,0,34 86 87,1,10,,690101,21,0,34 86 87,1,50,,690085,21,0,34 86 87,1,10,,690090,21,0,34 86 87,1,10,,561542,21,0,34 86 87,1,10,,690088,21,0,34 86 87,1,10,,690072,21,0,34 86 87,1,10,,587489,21,0,34 86 87,1,50,,595704,21,0,34 86 87,1,10,,690091,21,0,34 86 87,1,10,,690075,21,0,34 86 87,1,10,,690063,21,0,34 86 87,1,12,,690097,21,0,34 86 87,1,53,,487010,21,0,34 86 87,1,11,,533822,21,0,34 86 87,1,11,,690111,21,0,34 86 87,1,10,,690092,21,0,34 86 87,1,10,,690078,21,0,34 86 87,1,10,,690076,21,0,34 86 87,1,50,,690059,21,0,34 86 87,1,10,,690086,21,0,34 86 87,1,10,,690069,21,0,34 86 87,1,10,,690110,21,0,34 86 87,1,10,,690109,21,0,34 86 87,1,10,,415983,21,0,34 86 87,1,50,,690089,21,0,34 86 87,1,10,,690064,21,0,34 86 87,1,10,,690067,21,0,34 86 87,1,10,,690104,21,0,34 86 87,1,10,,690093,21,0,34 86 87,1,10,,495902,21,0,34 86 87,1,50,,690079,21,0,34 86 87,1,10,,690083,21,0,34 86 87,1,10,,459921,21,0,34 86 87,1,10,,690065,21,0,34 86 87,1,10,,690106,21,0,34 86 87,1,10,,690103,21,0,34 86 87,1,50,,690073,21,0,34 86 87,1,10,,690071,21,0,34 86 87,1,10,,690102,21,0,34 86 87,1,10,,690070,21,0,34 86 87,1,10,,690096,21,0,34 86 87,1,10,,690108,21,0,34 86 87,1,50,,690074,21,0,34 86 87,1,10,,583415,21,0,34 86 87,1,10,,690113,21,0,34 86 87,1,10,,690058,21,0,34 86 87,1,10,,690094,21,0,34 86 87,1,10,,690095,21,0,34 86 87,1,50,,690068,21,0,34 86 87,1,10,,690081,21,0,34 86 87,1,10,,690060,21,0,34 86 87,1,10,,690062,21,0,34 86 87,1,10,,690061,21,0,34 86 87,1,10,,690084,21,0,34 86 87,1,50,,690066,21,0,34 86 87,1,10,,690107,21,0,34 86 87,1,10,,690080,21,0,34 86 87,1,10,,690100,21,0,34 86 87,1
96002,'5',808,,690132,21,0,34 86 87,1,20,,542102,21,0,34 86 87,1,10,,690156,21,0,34 86 87,1,10,,570198,21,0,34 86 87,1,10,,690127,21,0,34 86 87,1,50,,690121,21,0,34 86 87,1,10,,599441,21,0,34 86 87,1,10,,690154,21,0,34 86 87,1,10,,690151,21,0,34 86 87,1,10,,690164,21,0,34 86 87,1,10,,690158,21,0,34 86 87,1,50,,556975,21,0,34 86 87,1,10,,690143,21,0,34 86 87,1,10,,690161,21,0,34 86 87,1,10,,690136,21,0,34 86 87,1,10,,690150,21,0,34 86 87,1,10,,690115,21,0,34 86 87,1,50,,690124,21,0,34 86 87,1,10,,555964,21,0,34 86 87,1,10,,690152,21,0,34 86 87,1,10,,690126,21,0,34 86 87,1,12,,528523,21,0,34 86 87,1,53,,690122,21,0,34 86 87,1,11,,690128,21,0,34 86 87,1,11,,690148,21,0,34 86 87,1,10,,598797,21,0,34 86 87,1,10,,690155,21,0,34 86 87,1,10,,690162,21,0,34 86 87,1,50,,577932,21,0,34 86 87,1,10,,690157,21,0,34 86 87,1,10,,690153,21,0,34 86 87,1,10,,690149,21,0,34 86 87,1,10,,690129,21,0,34 86 87,1,10,,690147,21,0,34 86 87,1,50,,690138,21,0,34 86 87,1,10,,690131,21,0,34 86 87,1,10,,690163,21,0,34 86 87,1,10,,690116,21,0,34 86 87,1,10,,690119,21,0,34 86 87,1,10,,690142,21,0,34 86 87,1,50,,690141,21,0,34 86 87,1,10,,690123,21,0,34 86 87,1,10,,690120,21,0,34 86 87,1,10,,690166,21,0,34 86 87,1,10,,690165,21,0,34 86 87,1,10,,574058,21,0,34 86 87,1,50,,690130,21,0,34 86 87,1,10,,555018,21,0,34 86 87,1,10,,690139,21,0,34 86 87,1,10,,690114,21,0,34 86 87,1,10,,690137,21,0,34 86 87,1,10,,527980,21,0,34 86 87,1,50,,532759,21,0,34 86 87,1,10,,575815,21,0,34 86 87,1,10,,690118,21,0,34 86 87,1,10,,690133,21,0,34 86 87,1,10,,521658,21,0,34 86 87,1,10,,690140,21,0,34 86 87,1,50,,690159,21,0,34 86 87,1,10,,690144,21,0,34 86 87,1,10,,539497,21,0,34 86 87,1,10,,690146,21,0,34 86 87,1,10,,690134,21,0,34 86 87,1,10,,690117,21,0,34 86 87,1,50,,690160,21,0,34 86 87,1,10,,690135,21,0,34 86 87,1,10,,690125,21,0,34 86 87,1,10,,690145,21,0,34 86 87,1
