7303,'1',518,,642980,28,0,28 54,1,23,,518212,28,0,28 54,1,62,,642959,28,0,28 54,1,17,,642945,28,0,28 54,1,10,,642984,28,0,31 95 63,1,12,,532929,28,0,28 54,1,10,,642929,28,0,31 95 63,1,52,,642932,28,0,28 54,1,10,,560265,28,0,31 95 63,1,17,,642918,28,0,28 54,1,11,,642944,28,0,31 95 63,1,13,,643006,28,0,28 54,1,51,,642920,28,0,31 95 63,1,13,,642977,28,0,28 54,1,11,,642983,28,0,31 95 63,1,13,,387945,28,0,28 54,1,11,,642999,28,0,31 95 63,1,53,,485472,28,0,28 54,1,11,,536946,28,0,31 95 63,1,10,,495833,28,0,28 54,1,11,,642927,28,0,31 95 63,1,13,,567957,28,0,28 54,1,64,,642946,28,0,28 54,1,24,,642998,28,0,28 54,1,64,,550130,28,0,28 54,1,24,,642916,28,0,28 54,1,24,,642972,28,0,28 54,1,64,,642966,28,0,28 54,1,24,,485273,28,0,28 54,1,64,,642952,28,0,28 54,1,24,,642942,28,0,28 54,1,24,,477982,28,0,28 54,1,64,,642950,28,0,28 54,1,13,,642931,28,0,28 54,1,11,,642985,28,0,31 95 63,1,11,,642986,28,0,28 54,1,51,,642976,28,0,31 95 63,1,13,,642995,28,0,28 54,1,11,,642958,28,0,31 95 63,1,13,,642911,28,0,28 54,1,11,,642973,28,0,31 95 63,1,53,,376409,28,0,28 54,1,11,,642924,28,0,31 95 63,1,13,,642965,28,0,28 54,1,11,,642912,28,0,31 95 63,1,13,,642955,28,0,28 54,1,51,,642926,28,0,31 95 63,1,13,,642956,28,0,28 54,1,11,,642991,28,0,31 95 63,1,13,,398974,28,0,28 54,1,11,,394793,28,0,31 95 63,1,53,,643004,28,0,28 54,1,11,,642922,28,0,31 95 63,1,13,,642921,28,0,28 54,1,11,,643001,28,0,31 95 63,1,13,,642992,28,0,28 54,1,51,,642974,28,0,31 95 63,1,13,,557408,28,0,28 54,1,14,,642981,28,0,28 54,1,24,,642967,28,0,28 54,1,64,,642982,28,0,28 54,1,24,,642961,28,0,28 54,1,64,,523530,28,0,28 54,1,24,,544085,28,0,28 54,1,24,,642923,28,0,28 54,1,59,,642943,28,0,28 54,1,21,,642947,28,0,28 54,1,24,,642979,28,0,28 54,1,64,,642963,28,0,28 54,1,24,,642937,28,0,28 54,1,64,,642935,28,0,28 54,1,24,,642957,28,0,28 54,1,69,,642948,28,0,28 54,1,30,,642936,28,0,28 54,1
7303,'2',533,,531930,28,0,28 54,1,22,,643044,28,0,28 54,1,65,,643051,28,0,28 54,1,24,,643045,28,0,28 54,1,64,,643089,28,0,28 54,1,24,,643028,28,0,28 54,1,24,,643034,28,0,28 54,1,62,,487988,28,0,28 54,1,23,,601920,28,0,28 54,1,64,,643029,28,0,28 54,1,24,,501583,28,0,28 54,1,24,,643050,28,0,28 54,1,64,,643080,28,0,28 54,1,23,,587684,28,0,28 54,1,64,,643060,28,0,28 54,1,24,,643079,28,0,28 54,1,23,,643065,28,0,28 54,1,62,,643066,28,0,28 54,1,22,,643025,28,0,28 54,1,22,,643031,28,0,28 54,1,62,,643072,28,0,28 54,1,22,,643033,28,0,28 54,1,62,,554934,28,0,28 54,1,22,,643014,28,0,28 54,1,22,,643068,28,0,28 54,1,62,,643048,28,0,28 54,1,22,,643035,28,0,28 54,1,22,,643056,28,0,28 54,1,62,,643074,28,0,28 54,1,22,,572626,28,0,28 54,1,22,,643019,28,0,28 54,1,62,,643061,28,0,28 54,1,22,,643057,28,0,28 54,1,62,,460317,28,0,28 54,1,22,,643086,28,0,28 54,1,22,,454006,28,0,28 54,1,62,,643070,28,0,28 54,1,18,,643054,28,0,28 54,1,24,,643017,28,0,28 54,1,64,,643011,28,0,28 54,1,24,,643038,28,0,28 54,1,64,,643062,28,0,28 54,1,24,,643078,28,0,28 54,1,24,,643092,28,0,28 54,1,59,,643009,28,0,28 54,1,21,,643087,28,0,28 54,1,24,,643053,28,0,28 54,1,64,,643093,28,0,28 54,1,24,,643082,28,0,28 54,1,64,,581482,28,0,28 54,1,24,,643075,28,0,28 54,1,69,,548172,28,0,28 54,1,30,,643088,28,0,28 54,1
7303,'3',736,,643143,28,0,28 54,1,22,,643171,28,0,28 54,1,64,,643110,28,0,28 54,1,22,,643111,28,0,28 54,1,62,,643152,28,0,28 54,1,22,,643131,28,0,28 54,1,22,,569375,28,0,28 54,1,60,,643166,28,0,28 54,1,15,,643105,28,0,28 54,1,21,,643097,28,0,28 54,1,64,,643126,28,0,28 54,1,24,,643168,28,0,28 54,1,24,,643125,28,0,28 54,1,64,,643099,28,0,28 54,1,24,,643098,28,0,28 54,1,64,,643176,28,0,28 54,1,24,,643142,28,0,28 54,1,24,,643136,28,0,28 54,1,64,,643173,28,0,28 54,1,24,,643154,28,0,28 54,1,64,,643127,28,0,28 54,1,24,,643124,28,0,28 54,1,24,,643155,28,0,28 54,1,64,,643096,28,0,28 54,1,24,,643145,28,0,28 54,1,64,,643107,28,0,28 54,1,24,,643144,28,0,28 54,1,24,,643165,28,0,28 54,1,64,,643177,28,0,28 54,1,24,,643100,28,0,28 54,1,64,,570908,28,0,28 54,1,18,,643123,28,0,28 54,1,24,,643114,28,0,28 54,1,64,,492120,28,0,28 54,1,24,,643138,28,0,28 54,1,64,,643162,28,0,28 54,1,24,,643158,28,0,28 54,1,24,,643146,28,0,28 54,1,59,,643137,28,0,28 54,1,23,,518462,28,0,28 54,1,24,,643139,28,0,28 54,1,64,,643159,28,0,28 54,1,24,,643156,28,0,28 54,1,64,,643109,28,0,28 54,1,24,,643121,28,0,28 54,1,69,,643106,28,0,28 54,1,30,,643119,28,0,28 54,1
7303,'5',533,,643180,28,0,28 54,1,70,,643233,28,0,28 54,1,25,,514615,28,0,28 54,1,24,,643237,28,0,28 54,1,64,,643256,28,0,28 54,1,24,,643197,28,0,28 54,1,62,,643179,28,0,28 54,1,20,,534937,28,0,28 54,1,22,,643224,28,0,28 54,1,62,,643253,28,0,28 54,1,22,,643234,28,0,28 54,1,22,,643203,28,0,28 54,1,60,,643247,28,0,28 54,1,15,,524046,28,0,28 54,1,21,,643198,28,0,28 54,1,64,,643209,28,0,28 54,1,24,,643213,28,0,28 54,1,24,,643178,28,0,28 54,1,64,,643216,28,0,28 54,1,24,,586024,28,0,28 54,1,64,,643230,28,0,28 54,1,24,,643185,28,0,28 54,1,24,,643208,28,0,28 54,1,64,,643244,28,0,28 54,1,24,,515094,28,0,28 54,1,64,,643225,28,0,28 54,1,24,,643252,28,0,28 54,1,24,,643215,28,0,28 54,1,64,,545519,28,0,28 54,1,24,,556987,28,0,28 54,1,64,,643254,28,0,28 54,1,24,,643181,28,0,28 54,1,24,,643199,28,0,28 54,1,64,,643204,28,0,28 54,1,24,,643186,28,0,28 54,1,64,,643220,28,0,28 54,1,18,,643228,28,0,28 54,1,24,,643189,28,0,28 54,1,64,,643232,28,0,28 54,1,24,,643222,28,0,28 54,1,64,,643217,28,0,28 54,1,24,,643221,28,0,28 54,1,24,,643193,28,0,28 54,1,59,,643251,28,0,28 54,1,23,,596010,28,0,28 54,1,24,,643226,28,0,28 54,1,64,,643255,28,0,28 54,1,24,,643235,28,0,28 54,1,64,,643242,28,0,28 54,1,24,,588171,28,0,28 54,1,69,,643212,28,0,28 54,1,30,,643202,28,0,28 54,1
8903,'1',511,,651538,42,0,95 63,1,24,,651565,42,0,95 63,1,22,,603312,42,0,95 63,1,56,,651554,41,0,95 63,1,10,,651559,41,0,95 63,1,10,,651536,41,0,95 63,1,10,,651503,41,0,95 63,1,10,,651520,41,0,95 63,1,50,,651535,41,0,95 63,1,10,,651537,41,0,95 63,1,10,,651511,41,0,95 63,1,10,,651514,41,0,95 63,1,13,,651533,41,0,95 63,1,13,,542266,41,0,95 63,1,52,,651509,41,0,95 63,1,10,,651519,41,0,95 63,1,10,,651557,41,0,95 63,1,10,,651486,41,0,95 63,1,10,,651541,41,0,95 63,1,50,,651490,41,0,95 63,1,10,,416585,41,0,95 63,1,10,,651501,41,0,95 63,1,10,,651470,41,0,95 63,1,10,,651497,41,0,95 63,1,11,,651479,41,0,95 63,1,51,,544838,41,0,95 63,1,10,,651527,41,0,95 63,1,10,,651566,41,0,95 63,1,10,,651492,41,0,95 63,1,10,,651516,41,0,95 63,1,10,,521902,41,0,95 63,1,50,,651546,41,0,95 63,1,10,,651545,41,0,95 63,1,10,,597308,41,0,95 63,1,10,,651560,41,0,95 63,1,10,,651532,41,0,95 63,1,10,,651517,41,0,95 63,1,50,,651568,41,0,95 63,1,10,,651507,41,0,95 63,1,10,,651548,41,0,95 63,1,10,,599457,41,0,95 63,1,10,,532886,41,0,95 63,1,10,,651505,41,0,95 63,1,50,,651491,41,0,95 63,1,10,,651512,41,0,95 63,1,10,,651495,41,0,95 63,1,10,,651477,41,0,95 63,1,10,,488393,41,0,95 63,1,10,,651488,41,0,95 63,1,50,,651524,41,0,95 63,1,12,,651510,41,0,95 63,1,12,,651474,41,0,95 63,1,12,,651539,41,0,95 63,1,14,,651518,41,0,95 63,1,50,,394757,41,0,95 63,1,10,,651528,41,0,95 63,1,10,,491991,41,0,95 63,1,10,,651468,41,0,95 63,1,10,,651549,41,0,95 63,1,10,,651471,41,0,95 63,1,50,,570305,41,0,95 63,1,10,,651515,41,0,95 63,1,10,,651476,41,0,95 63,1,10,,651563,41,0,95 63,1,10,,585342,41,0,95 63,1,10,,651531,41,0,95 63,1,50,,651480,41,0,95 63,1,10,,549216,41,0,95 63,1,10,,651466,41,0,95 63,1,10,,651544,41,0,95 63,1,10,,651485,41,0,95 63,1,10,,509028,41,0,95 63,1,50,,483676,41,0,95 63,1,10,,651498,41,0,95 63,1,10,,651564,41,0,95 63,1,10,,576598,41,0,95 63,1,10,,651558,41,0,95 63,1,10,,651493,41,0,95 63,1,50,,651494,41,0,95 63,1,8,,651529,41,0,95 63,1,9,,651543,41,0,95 63,1,6,,651496,41,0,95 63,1,5,,651552,41,0,95 63,1,6,,651489,41,0,95 63,1,10,,651467,41,0,95 63,1,10,,651499,41,0,95 63,1,50,,651542,41,0,95 63,1,10,,651472,41,0,95 63,1,10,,651540,41,0,95 63,1,10,,539075,41,0,95 63,1,10,,651521,41,0,95 63,1,10,,421163,41,0,95 63,1,50,,651482,41,0,95 63,1,10,,651506,41,0,95 63,1,10,,651567,41,0,95 63,1,10,,651534,41,0,95 63,1,10,,651484,41,0,95 63,1,10,,651508,41,0,95 63,1,49,,651504,41,0,95 63,1,9,,651522,41,0,95 63,1,7,,543183,41,0,95 63,1,6,,651473,41,0,95 63,1,10,,651481,41,0,95 63,1,10,,595051,41,0,95 63,1,10,,651551,41,0,95 63,1,50,,651561,41,0,95 63,1,10,,651555,41,0,95 63,1,10,,651523,41,0,95 63,1,10,,651500,41,0,95 63,1,10,,651478,41,0,95 63,1,10,,651553,41,0,95 63,1,50,,651469,41,0,95 63,1,10,,651502,41,0,95 63,1,10,,651562,41,0,95 63,1,10,,651487,41,0,95 63,1,10,,651556,41,0,95 63,1,10,,651483,41,0,95 63,1,50,,572053,41,0,95 63,1,10,,651475,41,0,95 63,1,10,,651550,41,0,95 63,1,10,,651530,41,0,95 63,1,12,,651547,41,0,95 63,1,55,,651525,41,0,95 63,1,15,,651526,41,0,95 63,1,15,,651513,41,0,95 63,1
8903,'2',539,,459718,38,0,95 63,1,70,,651612,42,0,95 63,1,10,,651618,41,0,95 63,1,11,,651583,41,0,95 63,1,10,,651654,41,0,95 63,1,10,,651667,41,0,95 63,1,50,,651588,41,0,95 63,1,10,,651610,41,0,95 63,1,10,,651635,41,0,95 63,1,10,,564466,41,0,95 63,1,12,,567564,41,0,95 63,1,10,,651616,41,0,95 63,1,53,,651577,41,0,95 63,1,10,,651587,41,0,95 63,1,15,,651666,41,0,95 63,1,10,,651639,41,0,95 63,1,9,,552941,41,0,95 63,1,10,,651662,41,0,95 63,1,50,,651656,41,0,95 63,1,10,,651607,41,0,95 63,1,10,,651579,41,0,95 63,1,10,,651620,41,0,95 63,1,10,,651576,41,0,95 63,1,10,,651615,41,0,95 63,1,50,,651585,41,0,95 63,1,10,,651674,41,0,95 63,1,11,,502430,41,0,95 63,1,10,,651614,41,0,95 63,1,11,,651637,41,0,95 63,1,51,,651644,41,0,95 63,1,11,,541099,41,0,95 63,1,10,,651591,41,0,95 63,1,12,,651625,41,0,95 63,1,13,,651671,41,0,95 63,1,10,,651627,41,0,95 63,1,50,,651669,41,0,95 63,1,10,,651573,41,0,95 63,1,10,,583404,41,0,95 63,1,10,,651643,41,0,95 63,1,10,,651621,41,0,95 63,1,10,,651611,41,0,95 63,1,50,,651657,41,0,95 63,1,10,,651673,41,0,95 63,1,10,,651603,41,0,95 63,1,10,,651636,41,0,95 63,1,10,,651600,41,0,95 63,1,10,,651653,41,0,95 63,1,50,,651652,41,0,95 63,1,10,,651670,41,0,95 63,1,10,,651604,41,0,95 63,1,10,,651634,41,0,95 63,1,10,,553736,41,0,95 63,1,10,,651601,41,0,95 63,1,50,,651622,41,0,95 63,1,10,,651641,41,0,95 63,1,10,,490371,41,0,95 63,1,10,,651572,41,0,95 63,1,10,,651672,41,0,95 63,1,10,,651574,41,0,95 63,1,50,,651619,41,0,95 63,1,10,,651602,41,0,95 63,1,10,,651640,41,0,95 63,1,10,,651580,41,0,95 63,1,10,,651584,41,0,95 63,1,10,,651596,41,0,95 63,1,50,,651597,41,0,95 63,1,10,,651593,41,0,95 63,1,10,,651605,41,0,95 63,1,10,,651598,41,0,95 63,1,10,,589108,41,0,95 63,1,10,,551286,41,0,95 63,1,50,,651650,41,0,95 63,1,10,,651569,41,0,95 63,1,9,,651658,41,0,95 63,1,9,,651624,41,0,95 63,1,10,,651626,41,0,95 63,1,7,,651623,41,0,95 63,1,50,,651595,41,0,95 63,1,7,,651661,41,0,95 63,1,8,,651642,41,0,95 63,1,10,,651663,41,0,95 63,1,7,,651659,41,0,95 63,1,10,,651630,41,0,95 63,1,10,,651629,41,0,95 63,1,50,,651592,41,0,95 63,1,10,,651664,41,0,95 63,1,10,,651668,41,0,95 63,1,10,,651648,41,0,95 63,1,10,,651631,41,0,95 63,1,10,,651586,41,0,95 63,1,50,,651575,41,0,95 63,1,10,,651570,41,0,95 63,1,10,,483138,41,0,95 63,1,10,,651589,41,0,95 63,1,9,,651647,41,0,95 63,1,10,,651594,41,0,95 63,1,50,,651649,41,0,95 63,1,8,,535158,41,0,95 63,1,9,,651582,41,0,95 63,1,8,,651646,41,0,95 63,1,10,,651660,41,0,95 63,1,10,,651578,41,0,95 63,1,10,,651590,41,0,95 63,1,50,,651571,41,0,95 63,1,10,,651613,41,0,95 63,1,10,,419262,41,0,95 63,1,10,,602312,41,0,95 63,1,10,,651632,41,0,95 63,1,10,,651617,41,0,95 63,1,50,,516735,41,0,95 63,1,10,,651655,41,0,95 63,1,10,,651581,41,0,95 63,1,10,,651651,41,0,95 63,1,10,,651638,41,0,95 63,1,10,,651606,41,0,95 63,1,50,,651665,41,0,95 63,1,9,,651599,41,0,95 63,1,9,,651645,41,0,95 63,1,9,,651633,41,0,95 63,1,14,,651628,41,0,95 63,1,55,,594557,41,0,95 63,1,15,,651609,41,0,95 63,1,15,,651608,41,0,95 63,1
8903,'3',543,,651723,38,0,95 63,1,68,,547390,42,0,95 63,1,15,,651701,42,0,95 63,1,15,,651686,42,0,95 63,1,15,,651696,42,0,95 63,1,55,,651740,42,0,95 63,1,15,,651739,42,0,95 63,1,15,,651762,42,0,95 63,1,15,,547433,42,0,95 63,1,53,,651703,42,0,95 63,1,13,,651689,42,0,95 63,1,15,,651718,41,0,95 63,1,10,,651702,41,0,95 63,1,10,,472619,41,0,95 63,1,50,,651768,41,0,95 63,1,10,,651706,41,0,95 63,1,10,,651704,41,0,95 63,1,10,,651721,41,0,95 63,1,10,,651771,41,0,95 63,1,10,,523293,41,0,95 63,1,50,,565884,41,0,95 63,1,10,,651694,41,0,95 63,1,10,,651716,41,0,95 63,1,10,,651755,41,0,95 63,1,10,,596117,41,0,95 63,1,10,,651747,41,0,95 63,1,50,,651710,41,0,95 63,1,10,,651770,41,0,95 63,1,10,,651751,41,0,95 63,1,10,,651754,41,0,95 63,1,10,,651765,41,0,95 63,1,10,,651764,41,0,95 63,1,50,,651760,41,0,95 63,1,12,,651752,41,0,95 63,1,11,,574570,41,0,95 63,1,13,,651763,41,0,95 63,1,10,,651677,41,0,95 63,1,50,,651685,41,0,95 63,1,10,,651746,41,0,95 63,1,10,,651767,41,0,95 63,1,10,,651743,41,0,95 63,1,10,,651714,41,0,95 63,1,10,,595910,41,0,95 63,1,50,,651705,41,0,95 63,1,10,,651766,41,0,95 63,1,10,,651731,41,0,95 63,1,10,,581506,41,0,95 63,1,10,,651759,41,0,95 63,1,10,,593857,41,0,95 63,1,50,,651735,41,0,95 63,1,10,,443957,41,0,95 63,1,10,,651698,41,0,95 63,1,10,,651720,41,0,95 63,1,10,,651708,41,0,95 63,1,10,,651758,41,0,95 63,1,50,,651711,41,0,95 63,1,10,,651728,41,0,95 63,1,10,,562325,41,0,95 63,1,10,,651737,41,0,95 63,1,10,,651688,41,0,95 63,1,10,,651675,41,0,95 63,1,50,,651727,41,0,95 63,1,10,,551072,41,0,95 63,1,10,,651725,41,0,95 63,1,10,,651691,41,0,95 63,1,10,,651742,41,0,95 63,1,10,,651744,41,0,95 63,1,50,,651717,41,0,95 63,1,10,,651722,41,0,95 63,1,10,,651693,41,0,95 63,1,10,,651713,41,0,95 63,1,10,,651699,41,0,95 63,1,10,,651773,41,0,95 63,1,50,,651726,41,0,95 63,1,9,,651681,41,0,95 63,1,7,,651730,41,0,95 63,1,8,,651774,41,0,95 63,1,7,,651678,41,0,95 63,1,10,,651732,41,0,95 63,1,10,,651680,41,0,95 63,1,50,,651729,41,0,95 63,1,10,,651734,41,0,95 63,1,10,,651679,41,0,95 63,1,10,,651676,41,0,95 63,1,10,,651757,41,0,95 63,1,10,,651753,41,0,95 63,1,50,,651736,41,0,95 63,1,10,,589665,41,0,95 63,1,10,,651756,41,0,95 63,1,10,,651738,41,0,95 63,1,10,,651719,41,0,95 63,1,10,,651697,41,0,95 63,1,50,,651682,41,0,95 63,1,9,,651683,41,0,95 63,1,7,,651687,41,0,95 63,1,6,,559031,41,0,95 63,1,10,,651715,41,0,95 63,1,10,,651741,41,0,95 63,1,10,,651761,41,0,95 63,1,50,,651700,41,0,95 63,1,10,,651684,41,0,95 63,1,10,,651772,41,0,95 63,1,10,,651745,41,0,95 63,1,10,,574513,41,0,95 63,1,10,,516333,41,0,95 63,1,50,,580507,41,0,95 63,1,10,,651748,41,0,95 63,1,10,,651724,41,0,95 63,1,10,,651750,41,0,95 63,1,10,,651712,41,0,95 63,1,10,,651692,41,0,95 63,1,50,,651749,41,0,95 63,1,10,,651709,41,0,95 63,1,10,,597647,41,0,95 63,1,10,,651733,41,0,95 63,1,14,,651707,41,0,95 63,1,55,,651695,41,0,95 63,1,15,,651690,41,0,95 63,1,15,,651769,41,0,95 63,1
8903,'5',539,,651817,38,0,95 63,1,70,,651864,42,0,95 63,1,11,,651791,41,0,95 63,1,10,,651795,41,0,95 63,1,10,,651799,41,0,95 63,1,10,,580072,41,0,95 63,1,50,,651789,41,0,95 63,1,10,,651852,41,0,95 63,1,10,,651779,41,0,95 63,1,10,,651823,41,0,95 63,1,10,,651872,41,0,95 63,1,10,,601744,41,0,95 63,1,51,,651862,41,0,95 63,1,10,,651786,41,0,95 63,1,10,,651822,41,0,95 63,1,16,,651870,41,0,95 63,1,10,,651839,41,0,95 63,1,10,,569192,41,0,95 63,1,50,,651803,41,0,95 63,1,10,,651841,41,0,95 63,1,10,,576114,41,0,95 63,1,10,,529093,41,0,95 63,1,10,,651828,41,0,95 63,1,10,,651838,41,0,95 63,1,50,,651818,41,0,95 63,1,10,,651787,41,0,95 63,1,10,,651814,41,0,95 63,1,10,,651848,41,0,95 63,1,10,,651827,41,0,95 63,1,10,,651796,41,0,95 63,1,50,,651785,41,0,95 63,1,10,,651853,41,0,95 63,1,10,,651804,41,0,95 63,1,10,,547775,41,0,95 63,1,10,,651834,41,0,95 63,1,10,,651790,41,0,95 63,1,50,,651842,41,0,95 63,1,12,,587578,41,0,95 63,1,11,,651860,41,0,95 63,1,13,,651815,41,0,95 63,1,10,,651783,41,0,95 63,1,50,,651856,41,0,95 63,1,10,,651797,41,0,95 63,1,10,,567354,41,0,95 63,1,10,,651807,41,0,95 63,1,10,,651776,41,0,95 63,1,10,,651845,41,0,95 63,1,50,,527996,41,0,95 63,1,10,,651830,41,0,95 63,1,10,,651782,41,0,95 63,1,10,,651812,41,0,95 63,1,10,,651806,41,0,95 63,1,10,,651781,41,0,95 63,1,50,,651866,41,0,95 63,1,10,,651824,41,0,95 63,1,10,,651780,41,0,95 63,1,10,,587143,41,0,95 63,1,10,,601096,41,0,95 63,1,10,,651851,41,0,95 63,1,50,,651840,41,0,95 63,1,10,,593741,41,0,95 63,1,10,,591323,41,0,95 63,1,10,,651847,41,0,95 63,1,10,,651800,41,0,95 63,1,10,,651871,41,0,95 63,1,50,,651793,41,0,95 63,1,10,,651825,41,0,95 63,1,10,,651854,41,0,95 63,1,10,,651865,41,0,95 63,1,10,,651826,41,0,95 63,1,10,,651849,41,0,95 63,1,50,,651855,41,0,95 63,1,10,,562468,41,0,95 63,1,10,,651835,41,0,95 63,1,10,,559190,41,0,95 63,1,10,,651808,41,0,95 63,1,10,,651820,41,0,95 63,1,50,,651867,41,0,95 63,1,9,,651836,41,0,95 63,1,7,,651846,41,0,95 63,1,8,,651792,41,0,95 63,1,7,,562680,41,0,95 63,1,10,,651798,41,0,95 63,1,10,,651832,41,0,95 63,1,50,,651801,41,0,95 63,1,10,,651858,41,0,95 63,1,10,,651829,41,0,95 63,1,10,,651778,41,0,95 63,1,10,,651869,41,0,95 63,1,10,,651843,41,0,95 63,1,50,,651873,41,0,95 63,1,10,,651809,41,0,95 63,1,10,,651831,41,0,95 63,1,10,,651775,41,0,95 63,1,10,,530295,41,0,95 63,1,10,,651810,41,0,95 63,1,50,,651868,41,0,95 63,1,9,,525382,41,0,95 63,1,7,,651833,41,0,95 63,1,6,,651794,41,0,95 63,1,10,,543942,41,0,95 63,1,10,,553951,41,0,95 63,1,10,,651819,41,0,95 63,1,50,,651821,41,0,95 63,1,10,,651816,41,0,95 63,1,10,,651837,41,0,95 63,1,10,,651811,41,0,95 63,1,10,,651813,41,0,95 63,1,10,,651861,41,0,95 63,1,50,,530934,41,0,95 63,1,10,,532822,41,0,95 63,1,10,,651784,41,0,95 63,1,10,,651777,41,0,95 63,1,10,,524078,41,0,95 63,1,10,,651857,41,0,95 63,1,50,,651850,41,0,95 63,1,10,,651844,41,0,95 63,1,10,,651859,41,0,95 63,1,10,,651802,41,0,95 63,1,14,,651805,41,0,95 63,1,55,,651788,41,0,95 63,1,15,,517389,41,0,95 63,1,15,,651863,41,0,95 63,1
15802,'1',533,,550754,20,0,62 63 3 88,1,11,,674950,20,0,62 63 3 88,1,12,,674926,20,0,62 63 3 88,1,50,,570782,20,0,62 63 3 88,1,10,,674966,20,0,62 63 3 88,1,10,,521387,20,0,62 63 3 88,1,10,,535994,20,0,62 63 3 88,1,10,,674951,20,0,62 63 3 88,1,10,,539234,20,0,62 63 3 88,1,51,,472240,20,0,62 63 3 88,1,10,,570324,20,0,62 63 3 88,1,10,,674930,20,0,62 63 3 88,1,10,,674922,20,0,62 63 3 88,1,10,,674968,20,0,62 63 3 88,1,10,,674961,20,0,62 63 3 88,1,50,,674945,20,0,62 63 3 88,1,10,,674928,20,0,62 63 3 88,1,10,,597258,20,0,62 63 3 88,1,10,,565968,20,0,62 63 3 88,1,10,,674921,20,0,62 63 3 88,1,10,,415508,20,0,62 63 3 88,1,51,,587903,20,0,62 63 3 88,1,11,,674919,20,0,62 63 3 88,1,15,,674935,20,0,62 63 3 88,1,15,,674944,20,0,62 63 3 88,1,55,,674942,20,0,62 63 3 88,1,15,,584713,20,0,62 63 3 88,1,15,,674946,20,0,62 63 3 88,1,15,,674948,20,0,62 63 3 88,1,55,,674953,20,0,62 63 3 88,1,15,,674954,20,0,62 63 3 88,1,15,,674967,20,0,62 63 3 88,1,15,,674969,20,0,62 63 3 88,1,55,,674934,20,0,62 63 3 88,1,15,,674976,20,0,62 63 3 88,1,15,,674943,20,0,62 63 3 88,1,15,,674973,20,0,62 63 3 88,1,55,,674971,20,0,62 63 3 88,1,15,,674929,20,0,62 63 3 88,1,15,,674962,20,0,62 63 3 88,1,15,,512359,20,0,62 63 3 88,1,55,,584688,20,0,62 63 3 88,1,15,,674955,20,0,62 63 3 88,1,15,,674925,20,0,62 63 3 88,1,15,,503389,20,0,62 63 3 88,1,55,,674979,20,0,62 63 3 88,1,15,,674933,20,0,62 63 3 88,1,14,,674940,20,0,62 63 3 88,1,13,,674923,20,0,62 63 3 88,1,55,,674931,20,0,62 63 3 88,1,15,,674975,20,0,62 63 3 88,1,15,,674941,20,0,62 63 3 88,1,15,,674917,20,0,62 63 3 88,1,55,,674956,20,0,62 63 3 88,1,15,,674937,20,0,62 63 3 88,1,15,,674965,20,0,62 63 3 88,1,15,,674972,20,0,62 63 3 88,1,55,,674947,20,0,62 63 3 88,1,15,,674963,20,0,62 63 3 88,1,15,,674957,20,0,62 63 3 88,1,15,,590795,20,0,62 63 3 88,1,55,,674920,20,0,62 63 3 88,1,12,,674938,20,0,62 63 3 88,1,13,,674978,20,0,62 63 3 88,1,18,,584635,20,0,62 63 3 88,1,58,,540846,20,0,62 63 3 88,1,18,,522306,20,0,62 63 3 88,1,18,,674960,20,0,62 63 3 88,1,18,,674939,20,0,62 63 3 88,1,58,,674932,20,0,62 63 3 88,1,18,,674952,20,0,62 63 3 88,1,18,,674964,20,0,62 63 3 88,1,56,,674918,20,0,62 63 3 88,1,14,,674936,20,0,62 63 3 88,1,16,,674924,20,0,62 63 3 88,1,19,,674958,20,0,62 63 3 88,1,60,,674977,20,0,62 63 3 88,1,20,,575135,20,0,62 63 3 88,1,20,,674974,20,0,62 63 3 88,1,60,,674927,20,0,62 63 3 88,1,20,,674959,20,0,62 63 3 88,1,20,,674949,20,0,62 63 3 88,1,60,,674970,20,0,62 63 3 88,1
15802,'2',615,,513468,20,0,62 63 3 88,1,20,,675029,20,0,62 63 3 88,1,20,,585967,20,0,62 63 3 88,1,60,,675024,20,0,62 63 3 88,1,20,,675003,20,0,62 63 3 88,1,20,,675025,20,0,62 63 3 88,1,65,,675008,20,0,62 63 3 88,1,18,,675019,20,0,62 63 3 88,1,18,,674993,20,0,62 63 3 88,1,58,,529542,20,0,62 63 3 88,1,18,,675004,20,0,62 63 3 88,1,18,,674987,20,0,62 63 3 88,1,58,,454900,20,0,62 63 3 88,1,18,,675012,20,0,62 63 3 88,1,18,,675026,20,0,62 63 3 88,1,58,,674997,20,0,62 63 3 88,1,18,,675015,20,0,62 63 3 88,1,18,,674996,20,0,62 63 3 88,1,18,,674990,20,0,62 63 3 88,1,60,,675022,20,0,62 63 3 88,1,18,,674980,20,0,62 63 3 88,1,16,,675011,20,0,62 63 3 88,1,56,,675030,20,0,62 63 3 88,1,16,,557262,20,0,62 63 3 88,1,16,,675013,20,0,62 63 3 88,1,16,,382877,20,0,62 63 3 88,1,56,,469182,20,0,62 63 3 88,1,16,,675009,20,0,62 63 3 88,1,16,,674992,20,0,62 63 3 88,1,16,,675014,20,0,62 63 3 88,1,56,,675018,20,0,62 63 3 88,1,16,,675023,20,0,62 63 3 88,1,16,,474237,20,0,62 63 3 88,1,56,,674985,20,0,62 63 3 88,1,16,,674981,20,0,62 63 3 88,1,16,,674995,20,0,62 63 3 88,1,16,,674998,20,0,62 63 3 88,1,56,,674984,20,0,62 63 3 88,1,16,,674988,20,0,62 63 3 88,1,16,,674991,20,0,62 63 3 88,1,16,,675010,20,0,62 63 3 88,1,56,,675001,20,0,62 63 3 88,1,16,,675021,20,0,62 63 3 88,1,16,,674994,20,0,62 63 3 88,1,16,,675002,20,0,62 63 3 88,1,54,,675016,20,0,62 63 3 88,1,14,,675000,20,0,62 63 3 88,1,18,,675007,20,0,62 63 3 88,1,58,,674999,20,0,62 63 3 88,1,18,,577204,20,0,62 63 3 88,1,18,,588531,20,0,62 63 3 88,1,18,,674983,20,0,62 63 3 88,1,58,,559433,20,0,62 63 3 88,1,18,,675027,20,0,62 63 3 88,1,18,,534700,20,0,62 63 3 88,1,56,,552190,20,0,62 63 3 88,1,14,,675005,20,0,62 63 3 88,1,16,,674986,20,0,62 63 3 88,1,19,,479521,20,0,62 63 3 88,1,60,,674982,20,0,62 63 3 88,1,20,,675020,20,0,62 63 3 88,1,20,,675017,20,0,62 63 3 88,1,60,,675028,20,0,62 63 3 88,1,20,,674989,20,0,62 63 3 88,1,20,,675031,20,0,62 63 3 88,1,60,,675006,20,0,62 63 3 88,1
15802,'3',729,,675033,20,0,62 63 3 88,1,28,,541277,20,0,62 63 3 88,1,61,,585995,20,0,62 63 3 88,1,18,,675053,20,0,62 63 3 88,1,18,,675074,20,0,62 63 3 88,1,58,,675060,20,0,62 63 3 88,1,18,,675032,20,0,62 63 3 88,1,18,,675051,20,0,62 63 3 88,1,58,,675059,20,0,62 63 3 88,1,18,,675052,20,0,62 63 3 88,1,18,,675076,20,0,62 63 3 88,1,58,,675057,20,0,62 63 3 88,1,18,,675062,20,0,62 63 3 88,1,18,,675070,20,0,62 63 3 88,1,18,,408922,20,0,62 63 3 88,1,60,,675047,20,0,62 63 3 88,1,19,,675036,20,0,62 63 3 88,1,18,,675037,20,0,62 63 3 88,1,58,,530261,20,0,62 63 3 88,1,18,,675075,20,0,62 63 3 88,1,18,,675041,20,0,62 63 3 88,1,58,,675045,20,0,62 63 3 88,1,18,,675066,20,0,62 63 3 88,1,18,,602035,20,0,62 63 3 88,1,18,,675054,20,0,62 63 3 88,1,58,,675050,20,0,62 63 3 88,1,18,,675055,20,0,62 63 3 88,1,18,,675039,20,0,62 63 3 88,1,58,,675061,20,0,62 63 3 88,1,18,,517286,20,0,62 63 3 88,1,18,,675035,20,0,62 63 3 88,1,58,,675073,20,0,62 63 3 88,1,18,,675040,20,0,62 63 3 88,1,18,,572325,20,0,62 63 3 88,1,18,,675064,20,0,62 63 3 88,1,58,,460438,20,0,62 63 3 88,1,18,,491945,20,0,62 63 3 88,1,18,,518480,20,0,62 63 3 88,1,57,,675049,20,0,62 63 3 88,1,17,,675071,20,0,62 63 3 88,1,18,,675065,20,0,62 63 3 88,1,58,,675058,20,0,62 63 3 88,1,18,,675044,20,0,62 63 3 88,1,18,,560531,20,0,62 63 3 88,1,18,,675063,20,0,62 63 3 88,1,58,,675042,20,0,62 63 3 88,1,18,,675068,20,0,62 63 3 88,1,18,,675038,20,0,62 63 3 88,1,57,,560085,20,0,62 63 3 88,1,14,,675048,20,0,62 63 3 88,1,16,,675072,20,0,62 63 3 88,1,19,,675056,20,0,62 63 3 88,1,60,,675043,20,0,62 63 3 88,1,20,,522098,20,0,62 63 3 88,1,20,,675067,20,0,62 63 3 88,1,60,,675046,20,0,62 63 3 88,1,20,,593420,20,0,62 63 3 88,1,20,,675034,20,0,62 63 3 88,1,60,,675069,20,0,62 63 3 88,1
15802,'5',608,,675097,20,0,62 63 3 88,1,20,,675099,20,0,62 63 3 88,1,20,,675091,20,0,62 63 3 88,1,60,,515360,20,0,62 63 3 88,1,17,,675093,20,0,62 63 3 88,1,17,,675087,20,0,62 63 3 88,1,15,,589775,20,0,62 63 3 88,1,61,,675118,20,0,62 63 3 88,1,18,,571913,20,0,62 63 3 88,1,18,,675115,20,0,62 63 3 88,1,58,,675079,20,0,62 63 3 88,1,18,,675090,20,0,62 63 3 88,1,18,,675121,20,0,62 63 3 88,1,58,,675103,20,0,62 63 3 88,1,18,,585686,20,0,62 63 3 88,1,18,,675107,20,0,62 63 3 88,1,58,,675101,20,0,62 63 3 88,1,18,,675109,20,0,62 63 3 88,1,18,,675088,20,0,62 63 3 88,1,18,,675110,20,0,62 63 3 88,1,60,,547558,20,0,62 63 3 88,1,19,,586379,20,0,62 63 3 88,1,18,,675092,20,0,62 63 3 88,1,58,,675096,20,0,62 63 3 88,1,18,,516798,20,0,62 63 3 88,1,18,,675100,20,0,62 63 3 88,1,58,,675117,20,0,62 63 3 88,1,18,,675102,20,0,62 63 3 88,1,18,,675112,20,0,62 63 3 88,1,18,,675105,20,0,62 63 3 88,1,58,,675104,20,0,62 63 3 88,1,18,,675114,20,0,62 63 3 88,1,18,,525381,20,0,62 63 3 88,1,58,,675116,20,0,62 63 3 88,1,18,,675086,20,0,62 63 3 88,1,18,,525958,20,0,62 63 3 88,1,58,,675119,20,0,62 63 3 88,1,18,,675108,20,0,62 63 3 88,1,18,,533901,20,0,62 63 3 88,1,18,,675081,20,0,62 63 3 88,1,58,,675084,20,0,62 63 3 88,1,18,,601707,20,0,62 63 3 88,1,18,,675098,20,0,62 63 3 88,1,57,,675120,20,0,62 63 3 88,1,17,,675094,20,0,62 63 3 88,1,18,,675080,20,0,62 63 3 88,1,58,,675077,20,0,62 63 3 88,1,18,,675111,20,0,62 63 3 88,1,18,,529219,20,0,62 63 3 88,1,18,,675095,20,0,62 63 3 88,1,58,,675085,20,0,62 63 3 88,1,18,,675078,20,0,62 63 3 88,1,18,,525336,20,0,62 63 3 88,1,57,,675089,20,0,62 63 3 88,1,14,,675083,20,0,62 63 3 88,1,16,,675122,20,0,62 63 3 88,1,19,,675113,20,0,62 63 3 88,1,60,,524191,20,0,62 63 3 88,1,20,,532161,20,0,62 63 3 88,1,20,,587571,20,0,62 63 3 88,1,60,,571857,20,0,62 63 3 88,1,20,,675082,20,0,62 63 3 88,1,20,,675106,20,0,62 63 3 88,1,60,,569768,20,0,62 63 3 88,1
98903,'1',652,,515731,11,0,9,1,58,,690370,11,0,9,1,18,,690372,11,0,9,1,18,,690377,11,0,9,1,58,,690365,11,0,9,1,18,,474285,11,0,9,1,18,,690375,11,0,9,1,18,,478675,11,0,9,1,58,,690376,11,0,9,1,18,,690364,11,0,9,1,614,,586429,11,0,9,1,58,,690374,11,0,9,1,18,,690363,11,0,9,1,18,,690361,11,0,9,1,58,,690362,11,0,9,1,18,,546759,11,0,9,1,18,,690366,11,0,9,1,18,,474480,11,0,9,1,58,,690373,11,0,9,1,18,,690371,11,0,9,1,18,,690367,11,0,9,1,58,,546405,11,0,9,1,18,,690368,11,0,9,1,14,,690369,11,0,9,1
