2503,'1',543,,699003,10,0,34 26 38 8,1,6,,699134,10,0,34 26 38 8,1,9,,698922,10,0,34 26 38 8,1,44,,604416,10,0,34 26 38 8,1,6,,699015,10,0,34 26 38 8,1,6,,699056,10,0,34 26 38 8,1,6,,645645,10,0,34 26 38 8,1,6,,699172,10,0,34 26 38 8,1,6,,699202,10,0,34 26 38 8,1,6,,698999,10,0,34 26 38 8,1,6,,699027,10,0,34 26 38 8,1,6,,666870,10,0,34 26 38 8,1,6,,604782,10,0,34 26 38 8,1,46,,672525,10,0,34 26 38 8,1,6,,699189,10,0,34 26 38 8,1,6,,699129,10,0,34 26 38 8,1,6,,644418,10,0,34 26 38 8,1,5,,699107,10,0,34 26 38 8,1,5,,699030,10,0,34 26 38 8,1,5,,635005,10,0,34 26 38 8,1,5,,699187,10,0,34 26 38 8,1,5,,403861,10,0,34 26 38 8,1,5,,467543,10,0,34 26 38 8,1,5,,498977,10,0,34 26 38 8,1,45,,630474,10,0,34 26 38 8,1,5,,699132,10,0,34 26 38 8,1,5,,699010,10,0,34 26 38 8,1,5,,698932,10,0,34 26 38 8,1,5,,699060,10,0,34 26 38 8,1,5,,618818,10,0,34 26 38 8,1,5,,699041,10,0,34 26 38 8,1,5,,652579,10,0,34 26 38 8,1,5,,699094,10,0,34 26 38 8,1,5,,699199,10,0,34 26 38 8,1,5,,673696,10,0,34 26 38 8,1,5,,698915,10,0,34 26 38 8,1,45,,631339,10,0,34 26 38 8,1,5,,668975,10,0,34 26 38 8,1,6,,698972,10,0,34 26 38 8,1,6,,698980,10,0,34 26 38 8,1,6,,698957,10,0,34 26 38 8,1,6,,698994,10,0,34 26 38 8,1,6,,699013,10,0,34 26 38 8,1,6,,699062,10,0,34 26 38 8,1,6,,698961,10,0,34 26 38 8,1,6,,699111,10,0,34 26 38 8,1,6,,545166,10,0,34 26 38 8,1,46,,699104,10,0,34 26 38 8,1,6,,699184,10,0,34 26 38 8,1,6,,699025,10,0,34 26 38 8,1,6,,698992,10,0,34 26 38 8,1,6,,698974,10,0,34 26 38 8,1,6,,641849,10,0,34 26 38 8,1,6,,525731,10,0,34 26 38 8,1,6,,699119,10,0,34 26 38 8,1,6,,699203,10,0,34 26 38 8,1,6,,532878,10,0,34 26 38 8,1,46,,698916,10,0,34 26 38 8,1,6,,698931,10,0,34 26 38 8,1,6,,698976,10,0,34 26 38 8,1,6,,699165,10,0,34 26 38 8,1,6,,699057,10,0,34 26 38 8,1,6,,699125,10,0,34 26 38 8,1,6,,699169,10,0,34 26 38 8,1,6,,698940,10,0,34 26 38 8,1,6,,699105,10,0,34 26 38 8,1,6,,699148,10,0,34 26 38 8,1,46,,676210,10,0,34 26 38 8,1,6,,699073,10,0,34 26 38 8,1,6,,699179,10,0,34 26 38 8,1,6,,699120,10,0,34 26 38 8,1,6,,699201,10,0,34 26 38 8,1,6,,605148,10,0,34 26 38 8,1,6,,699055,10,0,34 26 38 8,1,6,,699014,10,0,34 26 38 8,1,6,,699141,10,0,34 26 38 8,1,6,,636207,10,0,34 26 38 8,1,46,,699001,10,0,34 26 38 8,1,6,,634057,10,0,34 26 38 8,1,6,,699168,10,0,34 26 38 8,1,6,,698920,10,0,34 26 38 8,1,6,,698928,10,0,34 26 38 8,1,6,,699142,10,0,34 26 38 8,1,6,,699075,10,0,34 26 38 8,1,6,,699158,10,0,34 26 38 8,1,6,,699164,10,0,34 26 38 8,1,6,,699152,10,0,34 26 38 8,1,46,,699194,10,0,34 26 38 8,1,6,,699072,10,0,34 26 38 8,1,6,,682376,10,0,34 26 38 8,1,6,,698950,10,0,34 26 38 8,1,6,,611530,10,0,34 26 38 8,1,6,,699162,10,0,34 26 38 8,1,6,,689732,10,0,34 26 38 8,1,5,,699208,10,0,34 26 38 8,1,5,,699079,10,0,34 26 38 8,1,5,,623228,10,0,34 26 38 8,1,46,,683816,10,0,34 26 38 8,1,6,,699200,10,0,34 26 38 8,1,5,,699093,10,0,34 26 38 8,1,5,,699034,10,0,34 26 38 8,1,5,,699177,10,0,34 26 38 8,1,5,,699008,10,0,34 26 38 8,1,5,,698978,10,0,34 26 38 8,1,5,,699170,10,0,34 26 38 8,1,5,,699149,10,0,34 26 38 8,1,5,,690586,10,0,34 26 38 8,1,5,,699090,10,0,34 26 38 8,1,5,,690370,10,0,34 26 38 8,1,45,,698939,10,0,34 26 38 8,1,5,,699193,10,0,34 26 38 8,1,5,,699031,10,0,34 26 38 8,1,5,,699009,10,0,34 26 38 8,1,5,,699181,10,0,34 26 38 8,1,5,,698936,10,0,34 26 38 8,1,5,,699139,10,0,34 26 38 8,1,5,,699156,10,0,34 26 38 8,1,5,,698944,10,0,34 26 38 8,1,5,,699096,10,0,34 26 38 8,1,5,,699000,10,0,34 26 38 8,1,5,,698995,10,0,34 26 38 8,1,45,,699023,10,0,34 26 38 8,1,5,,698997,10,0,34 26 38 8,1,5,,699175,10,0,34 26 38 8,1,5,,698956,10,0,34 26 38 8,1,5,,699140,10,0,34 26 38 8,1,5,,699135,10,0,34 26 38 8,1,5,,698966,10,0,34 26 38 8,1,5,,699069,10,0,34 26 38 8,1,5,,636284,10,0,34 26 38 8,1,5,,699137,10,0,34 26 38 8,1,5,,698962,10,0,34 26 38 8,1,5,,699033,10,0,34 26 38 8,1,45,,698923,10,0,34 26 38 8,1,5,,631895,10,0,34 26 38 8,1,5,,553077,10,0,34 26 38 8,1,5,,686511,10,0,34 26 38 8,1,5,,699192,10,0,34 26 38 8,1,5,,698949,10,0,34 26 38 8,1,6,,699173,10,0,34 26 38 8,1,5,,698926,10,0,34 26 38 8,1,5,,699100,10,0,34 26 38 8,1,6,,699171,10,0,34 26 38 8,1,6,,699131,10,0,34 26 38 8,1,45,,699113,10,0,34 26 38 8,1,5,,633112,10,0,34 26 38 8,1,6,,655225,10,0,34 26 38 8,1,6,,699082,10,0,34 26 38 8,1,6,,699204,10,0,34 26 38 8,1,6,,638401,10,0,34 26 38 8,1,6,,699147,10,0,34 26 38 8,1,6,,698955,10,0,34 26 38 8,1,6,,627960,10,0,34 26 38 8,1,6,,698945,10,0,34 26 38 8,1,46,,638094,10,0,34 26 38 8,1,6,,699123,10,0,34 26 38 8,1,6,,698934,10,0,34 26 38 8,1,6,,648008,10,0,34 26 38 8,1,6,,698948,10,0,34 26 38 8,1,6,,699081,10,0,34 26 38 8,1,6,,699037,10,0,34 26 38 8,1,6,,698990,10,0,34 26 38 8,1,6,,698967,10,0,34 26 38 8,1,6,,699115,10,0,34 26 38 8,1,46,,699151,10,0,34 26 38 8,1,6,,699022,10,0,34 26 38 8,1,6,,699103,10,0,34 26 38 8,1,6,,698935,10,0,34 26 38 8,1,6,,699095,10,0,34 26 38 8,1,6,,699086,10,0,5 9,1,6,,667184,10,0,5 9,1,6,,698975,10,0,5 9,1,6,,629815,10,0,5 9,1,6,,698937,10,0,5 9,1,46,,699011,10,0,5 9,1,5,,698930,10,0,5 9,1,6,,698963,10,0,5 9,1,6,,640602,10,0,5 9,1,6,,699185,10,0,5 9,1,6,,634404,10,0,5 9,1,6,,699210,10,0,5 9,1,6,,698953,10,0,5 9,1,6,,600058,10,0,5 9,1,6,,616501,10,0,5 9,1,6,,699089,10,0,5 9,1,46,,699109,10,0,5 9,1,6,,699133,10,0,5 9,1,6,,699064,10,0,5 9,1,6,,698918,10,0,5 9,1,6,,699045,10,0,5 9,1,6,,699068,10,0,5 9,1,6,,699146,10,0,5 9,1,6,,699028,10,0,5 9,1,6,,664409,10,0,5 9,1,6,,698933,10,0,5 9,1,46,,699159,10,0,5 9,1,6,,698989,10,0,5 9,1,6,,631884,10,0,5 9,1,6,,699063,10,0,5 9,1,6,,699067,10,0,5 9,1,6,,698960,10,0,5 9,1,6,,636292,10,0,5 9,1,6,,464735,10,0,5 9,1,6,,699044,10,0,5 9,1,6,,540158,10,0,5 9,1,46,,698984,10,0,5 9,1,6,,699198,10,0,5 9,1,6,,698952,10,0,5 9,1,6,,645380,10,0,5 9,1,4,,630158,10,0,5 9,1,6,,698941,10,0,5 9,1,6,,698983,10,0,5 9,1,6,,698942,10,0,5 9,1,6,,699035,10,0,5 9,1,6,,633106,10,0,5 9,1,46,,699108,10,0,5 9,1,5,,698987,10,0,5 9,1
2503,'2',550,,699223,10,0,5 9,1,9,,699229,10,0,5 9,1,50,,699266,10,0,5 9,1,8,,611657,10,0,5 9,1,7,,699301,10,0,5 9,1,8,,699284,10,0,5 9,1,7,,699246,10,0,5 9,1,8,,699269,10,0,5 9,1,7,,699286,10,0,5 9,1,48,,699293,10,0,5 9,1,7,,699282,10,0,5 9,1,8,,699299,10,0,5 9,1,7,,689330,10,0,5 9,1,8,,699347,10,0,5 9,1,7,,699237,10,0,5 9,1,8,,699289,10,0,5 9,1,7,,699253,10,0,5 9,1,48,,699323,10,0,5 9,1,11,,699344,10,0,5 9,1,10,,635823,10,0,5 9,1,10,,699219,10,0,5 9,1,10,,699340,10,0,5 9,1,10,,699287,10,0,5 9,1,50,,699310,10,0,5 9,1,10,,699345,10,0,5 9,1,10,,699260,10,0,5 9,1,10,,565844,10,0,5 9,1,10,,682885,10,0,5 9,1,10,,699328,10,0,5 9,1,50,,699304,10,0,5 9,1,10,,699227,10,0,5 9,1,10,,699292,10,0,5 9,1,10,,699348,10,0,5 9,1,10,,699243,10,0,5 9,1,10,,605911,10,0,5 9,1,50,,640146,10,0,5 9,1,10,,699333,10,0,5 9,1,10,,699296,10,0,5 9,1,9,,699242,10,0,5 9,1,9,,699336,10,0,5 9,1,8,,699252,10,0,5 9,1,9,,699278,10,0,5 9,1,48,,699233,10,0,5 9,1,9,,699234,10,0,5 9,1,7,,635609,10,0,5 9,1,8,,699346,10,0,5 9,1,7,,699235,10,0,5 9,1,8,,699321,10,0,5 9,1,7,,628374,10,0,5 9,1,48,,699303,10,0,5 9,1,7,,699216,10,0,5 9,1,8,,644647,10,0,5 9,1,7,,699331,10,0,5 9,1,8,,699240,10,0,5 9,1,7,,649944,10,0,5 9,1,8,,538378,10,0,5 9,1,7,,699350,10,0,5 9,1,48,,699274,10,0,5 9,1,7,,699220,10,0,5 9,1,8,,699334,10,0,5 9,1,7,,699311,10,0,5 9,1,8,,699322,10,0,5 9,1,7,,699300,10,0,5 9,1,8,,699259,10,0,5 9,1,7,,699241,10,0,5 9,1,48,,699318,10,0,5 9,1,7,,699309,10,0,5 9,1,8,,641938,10,0,5 9,1,7,,650790,10,0,5 9,1,8,,699212,10,0,5 9,1,7,,699224,10,0,5 9,1,8,,699295,10,0,5 9,1,7,,699290,10,0,5 9,1,48,,699245,10,0,5 9,1,7,,699275,10,0,5 9,1,8,,699257,10,0,5 9,1,7,,699288,10,0,5 9,1,8,,699236,10,0,5 9,1,7,,699248,10,0,5 9,1,8,,699250,10,0,5 9,1,7,,699326,10,0,5 9,1,48,,618952,10,0,5 9,1,7,,699276,10,0,5 9,1,8,,699230,10,0,5 9,1,7,,699249,10,0,5 9,1,8,,699225,10,0,5 9,1,7,,699226,10,0,5 9,1,8,,699285,10,0,5 9,1,7,,699319,10,0,5 9,1,48,,675818,10,0,5 9,1,7,,699298,10,0,5 9,1,8,,699291,10,0,5 9,1,7,,699265,10,0,5 9,1,8,,699327,10,0,5 9,1,7,,652656,10,0,5 9,1,8,,699264,10,0,5 9,1,7,,699255,10,0,5 9,1,48,,699232,10,0,5 9,1,3,,699244,10,0,5 9,1,5,,699251,10,0,5 9,1,5,,699268,10,0,5 9,1,5,,699258,10,0,5 9,1,5,,699277,10,0,5 9,1,5,,648133,10,0,5 9,1,5,,699263,10,0,5 9,1,5,,699342,10,0,5 9,1,5,,699247,10,0,5 9,1,5,,699308,10,0,5 9,1,5,,699231,10,0,5 9,1,5,,699317,10,0,5 9,1,45,,699307,10,0,5 9,1,5,,699335,10,0,5 9,1,5,,641263,10,0,5 9,1,5,,615432,10,0,5 9,1,5,,699272,10,0,5 9,1,5,,699338,10,0,5 9,1,5,,699325,10,0,5 9,1,5,,681956,10,0,5 9,1,5,,699330,10,0,5 9,1,5,,657531,10,0,5 9,1,5,,699283,10,0,5 9,1,5,,648169,10,0,5 9,1,45,,699215,10,0,5 9,1,5,,541190,10,0,5 9,1,5,,699297,10,0,5 9,1,5,,663620,10,0,5 9,1,5,,699273,10,0,5 9,1,5,,699271,10,0,5 9,1,5,,699315,10,0,5 9,1,5,,699218,10,0,5 9,1,5,,699256,10,0,5 9,1,5,,699239,10,0,5 9,1,5,,699281,10,0,5 9,1,5,,606731,10,0,5 9,1,44,,699324,10,0,5 9,1,5,,699312,10,0,5 9,1,8,,526660,10,0,5 9,1,7,,699343,10,0,5 9,1,8,,699349,10,0,5 9,1,7,,699254,10,0,5 9,1,8,,699341,10,0,5 9,1,7,,699302,10,0,5 9,1,48,,684656,10,0,5 9,1,7,,699222,10,0,5 9,1,8,,699305,10,0,5 9,1,7,,699320,10,0,5 9,1,8,,699280,10,0,5 9,1,7,,699214,10,0,5 9,1,8,,699306,10,0,5 9,1,7,,605675,10,0,5 9,1,48,,699267,10,0,5 9,1,7,,699279,10,0,5 9,1,8,,502516,10,0,5 9,1,7,,699339,10,0,5 9,1,8,,699337,10,0,5 9,1,7,,699270,10,0,5 9,1,8,,699294,10,0,5 9,1,7,,699316,10,0,5 9,1,48,,699329,10,0,5 9,1,7,,645541,10,0,5 9,1,8,,699261,10,0,5 9,1,7,,699213,10,0,5 9,1,6,,699217,10,0,5 9,1,7,,699238,10,0,5 9,1,8,,699332,10,0,5 9,1,7,,699313,10,0,5 9,1,8,,699221,10,0,5 9,1,50,,699228,10,0,5 9,1
2503,'3',605,,699457,10,0,5 9,1,17,,699393,10,0,5 9,1,20,,699420,10,0,5 9,1,60,,699430,10,0,5 9,1,20,,699473,10,0,5 9,1,12,,699440,10,0,5 9,1,9,,699408,10,0,5 9,1,9,,699416,10,0,5 9,1,50,,699454,10,0,5 9,1,8,,699372,10,0,5 9,1,10,,699478,10,0,5 9,1,10,,699386,10,0,5 9,1,10,,699404,10,0,5 9,1,10,,699455,10,0,5 9,1,50,,699358,10,0,5 9,1,10,,699415,10,0,5 9,1,10,,699399,10,0,5 9,1,10,,548581,10,0,5 9,1,10,,699417,10,0,5 9,1,10,,699379,10,0,5 9,1,50,,699466,10,0,5 9,1,10,,699373,10,0,5 9,1,10,,699406,10,0,5 9,1,10,,699471,10,0,5 9,1,10,,699360,10,0,5 9,1,10,,699403,10,0,5 9,1,50,,699424,10,0,5 9,1,10,,699414,10,0,5 9,1,10,,621654,10,0,5 9,1,10,,699453,10,0,5 9,1,10,,699365,10,0,5 9,1,10,,699435,10,0,5 9,1,50,,619134,10,0,5 9,1,9,,699405,10,0,5 9,1,7,,699452,10,0,5 9,1,8,,574884,10,0,5 9,1,7,,699391,10,0,5 9,1,8,,699389,10,0,5 9,1,7,,699359,10,0,5 9,1,8,,699422,10,0,5 9,1,47,,699427,10,0,5 9,1,8,,699378,10,0,5 9,1,7,,651168,10,0,5 9,1,8,,699458,10,0,5 9,1,7,,699445,10,0,5 9,1,8,,699397,10,0,5 9,1,7,,699384,10,0,5 9,1,8,,699395,10,0,5 9,1,47,,699377,10,0,5 9,1,8,,699351,10,0,5 9,1,7,,699447,10,0,5 9,1,8,,699464,10,0,5 9,1,7,,699443,10,0,5 9,1,8,,699441,10,0,5 9,1,7,,699411,10,0,5 9,1,8,,699483,10,0,5 9,1,47,,699451,10,0,5 9,1,8,,699371,10,0,5 9,1,7,,699410,10,0,5 9,1,8,,699425,10,0,5 9,1,7,,699394,10,0,5 9,1,8,,699407,10,0,5 9,1,7,,699396,10,0,5 9,1,8,,685252,10,0,5 9,1,47,,699460,10,0,5 9,1,8,,699387,10,0,5 9,1,7,,699479,10,0,5 9,1,8,,626021,10,0,5 9,1,7,,699431,10,0,5 9,1,8,,699356,10,0,5 9,1,7,,699463,10,0,5 9,1,8,,699461,10,0,5 9,1,47,,616164,10,0,5 9,1,8,,610723,10,0,5 9,1,7,,654277,10,0,5 9,1,8,,699437,10,0,5 9,1,7,,699423,10,0,5 9,1,8,,699357,10,0,5 9,1,7,,699400,10,0,5 9,1,8,,699438,10,0,5 9,1,47,,414408,10,0,5 9,1,8,,625598,10,0,5 9,1,7,,699353,10,0,5 9,1,8,,699482,10,0,5 9,1,7,,699392,10,0,5 9,1,8,,699370,10,0,5 9,1,7,,699366,10,0,5 9,1,8,,699352,10,0,5 9,1,47,,664894,10,0,5 9,1,5,,699390,10,0,5 9,1,5,,699465,10,0,5 9,1,5,,699362,10,0,5 9,1,5,,676089,10,0,5 9,1,5,,699481,10,0,5 9,1,5,,699418,10,0,5 9,1,5,,699409,10,0,5 9,1,5,,699354,10,0,5 9,1,5,,699398,10,0,5 9,1,5,,623606,10,0,5 9,1,5,,699477,10,0,5 9,1,45,,699442,10,0,5 9,1,5,,583701,10,0,5 9,1,5,,699450,10,0,5 9,1,5,,699429,10,0,5 9,1,5,,699459,10,0,5 9,1,5,,699401,10,0,5 9,1,5,,699388,10,0,5 9,1,5,,699446,10,0,5 9,1,5,,699369,10,0,5 9,1,5,,647290,10,0,5 9,1,5,,699367,10,0,5 9,1,5,,699434,10,0,5 9,1,45,,686977,10,0,5 9,1,5,,699480,10,0,5 9,1,5,,699476,10,0,5 9,1,5,,699421,10,0,5 9,1,5,,699402,10,0,5 9,1,5,,634779,10,0,5 9,1,5,,699444,10,0,5 9,1,5,,699456,10,0,5 9,1,5,,699472,10,0,5 9,1,5,,699374,10,0,5 9,1,5,,699383,10,0,5 9,1,5,,699475,10,0,5 9,1,45,,699462,10,0,5 9,1,4,,699364,10,0,5 9,1,8,,689053,10,0,5 9,1,7,,699382,10,0,5 9,1,8,,699385,10,0,5 9,1,7,,699419,10,0,5 9,1,8,,699432,10,0,5 9,1,7,,699468,10,0,5 9,1,8,,699375,10,0,5 9,1,47,,699474,10,0,5 9,1,8,,631590,10,0,5 9,1,7,,699412,10,0,5 9,1,8,,699380,10,0,5 9,1,7,,699436,10,0,5 9,1,8,,699368,10,0,5 9,1,7,,699469,10,0,5 9,1,8,,638254,10,0,5 9,1,47,,656065,10,0,5 9,1,8,,680860,10,0,5 9,1,7,,699361,10,0,5 9,1,8,,699381,10,0,5 9,1,7,,699355,10,0,5 9,1,8,,699470,10,0,5 9,1,7,,699363,10,0,5 9,1,8,,699449,10,0,5 9,1,47,,699426,10,0,5 9,1,8,,699428,10,0,5 9,1,7,,667692,10,0,5 9,1,6,,684727,10,0,5 9,1,7,,699439,10,0,5 9,1,8,,699413,10,0,5 9,1,7,,699448,10,0,5 9,1,8,,699376,10,0,5 9,1,47,,699467,10,0,5 9,1,5,,699433,10,0,5 9,1
2503,'5',551,,699517,10,0,5 9,1,49,,699576,10,0,5 9,1,10,,699515,10,0,5 9,1,10,,699566,10,0,5 9,1,10,,699613,10,0,5 9,1,10,,699597,10,0,5 9,1,10,,699522,10,0,5 9,1,50,,699584,10,0,5 9,1,10,,699590,10,0,5 9,1,10,,699620,10,0,5 9,1,10,,699538,10,0,5 9,1,10,,699549,10,0,5 9,1,10,,699544,10,0,5 9,1,50,,699569,10,0,5 9,1,10,,699504,10,0,5 9,1,10,,699518,10,0,5 9,1,10,,699559,10,0,5 9,1,10,,676585,10,0,5 9,1,10,,699508,10,0,5 9,1,50,,699619,10,0,5 9,1,10,,699547,10,0,5 9,1,10,,648845,10,0,5 9,1,10,,699615,10,0,5 9,1,10,,699592,10,0,5 9,1,10,,637958,10,0,5 9,1,50,,699602,10,0,5 9,1,10,,699491,10,0,5 9,1,10,,699548,10,0,5 9,1,10,,699542,10,0,5 9,1,10,,699529,10,0,5 9,1,10,,615067,10,0,5 9,1,50,,699497,10,0,5 9,1,10,,699604,10,0,5 9,1,10,,699594,10,0,5 9,1,10,,699509,10,0,5 9,1,10,,614321,10,0,5 9,1,10,,699595,10,0,5 9,1,50,,699571,10,0,5 9,1,9,,699490,10,0,5 9,1,7,,699546,10,0,5 9,1,8,,699489,10,0,5 9,1,7,,699534,10,0,5 9,1,8,,651838,10,0,5 9,1,7,,699498,10,0,5 9,1,8,,699612,10,0,5 9,1,47,,699553,10,0,5 9,1,8,,699589,10,0,5 9,1,7,,628754,10,0,5 9,1,8,,699586,10,0,5 9,1,7,,699500,10,0,5 9,1,8,,699537,10,0,5 9,1,7,,699609,10,0,5 9,1,8,,699572,10,0,5 9,1,47,,699514,10,0,5 9,1,8,,699606,10,0,5 9,1,7,,699516,10,0,5 9,1,8,,699583,10,0,5 9,1,7,,699617,10,0,5 9,1,8,,699556,10,0,5 9,1,7,,699543,10,0,5 9,1,8,,699523,10,0,5 9,1,47,,699561,10,0,5 9,1,8,,699579,10,0,5 9,1,7,,699587,10,0,5 9,1,8,,699533,10,0,5 9,1,7,,671602,10,0,5 9,1,8,,699502,10,0,5 9,1,7,,699539,10,0,5 9,1,8,,699567,10,0,5 9,1,47,,635312,10,0,5 9,1,8,,699519,10,0,5 9,1,7,,699524,10,0,5 9,1,8,,699540,10,0,5 9,1,7,,605424,10,0,5 9,1,8,,699535,10,0,5 9,1,7,,699581,10,0,5 9,1,8,,699526,10,0,5 9,1,47,,699600,10,0,5 9,1,8,,699582,10,0,5 9,1,7,,699520,10,0,5 9,1,8,,699614,10,0,5 9,1,7,,699501,10,0,5 9,1,8,,699530,10,0,5 9,1,7,,699585,10,0,5 9,1,8,,699485,10,0,5 9,1,47,,699531,10,0,5 9,1,8,,699610,10,0,5 9,1,7,,531659,10,0,5 9,1,8,,699521,10,0,5 9,1,7,,699545,10,0,5 9,1,8,,699605,10,0,5 9,1,7,,699593,10,0,5 9,1,8,,699577,10,0,5 9,1,47,,699525,10,0,5 9,1,5,,699510,10,0,5 9,1,5,,699562,10,0,5 9,1,5,,699596,10,0,5 9,1,5,,699603,10,0,5 9,1,5,,699492,10,0,5 9,1,5,,699611,10,0,5 9,1,5,,699601,10,0,5 9,1,5,,699532,10,0,5 9,1,5,,699513,10,0,5 9,1,5,,699507,10,0,5 9,1,5,,699591,10,0,5 9,1,45,,529866,10,0,5 9,1,5,,699554,10,0,5 9,1,5,,699565,10,0,5 9,1,5,,699496,10,0,5 9,1,5,,682820,10,0,5 9,1,5,,699616,10,0,5 9,1,5,,699608,10,0,5 9,1,5,,699580,10,0,5 9,1,5,,682873,10,0,5 9,1,5,,529165,10,0,5 9,1,5,,689471,10,0,5 9,1,5,,664563,10,0,5 9,1,45,,699495,10,0,5 9,1,5,,699541,10,0,5 9,1,5,,699557,10,0,5 9,1,5,,618729,10,0,5 9,1,5,,671628,10,0,5 9,1,5,,699574,10,0,5 9,1,5,,699570,10,0,5 9,1,5,,699536,10,0,5 9,1,5,,606561,10,0,5 9,1,5,,699494,10,0,5 9,1,5,,699588,10,0,5 9,1,5,,699568,10,0,5 9,1,45,,699487,10,0,5 9,1,4,,699551,10,0,5 9,1,8,,699555,10,0,5 9,1,7,,699512,10,0,5 9,1,8,,699573,10,0,5 9,1,7,,699499,10,0,5 9,1,8,,572890,10,0,5 9,1,7,,699528,10,0,5 9,1,8,,669271,10,0,5 9,1,47,,699564,10,0,5 9,1,8,,699578,10,0,5 9,1,7,,654795,10,0,5 9,1,8,,664167,10,0,5 9,1,7,,699575,10,0,5 9,1,8,,699484,10,0,5 9,1,7,,699488,10,0,5 9,1,8,,699527,10,0,5 9,1,47,,699506,10,0,5 9,1,8,,621034,10,0,5 9,1,7,,521293,10,0,5 9,1,8,,699503,10,0,5 9,1,7,,672748,10,0,5 9,1,8,,623103,10,0,5 9,1,7,,699607,10,0,5 9,1,8,,699486,10,0,5 9,1,47,,699598,10,0,5 9,1,8,,608437,10,0,5 9,1,7,,699550,10,0,5 9,1,6,,699599,10,0,5 9,1,7,,699511,10,0,5 9,1,8,,699618,10,0,5 9,1,7,,699493,10,0,5 9,1,8,,661389,10,0,5 9,1,47,,699552,10,0,5 9,1,5,,699560,10,0,5 9,1
7203,'1',554,,729581,23,0,26 27 8,1,48,,729560,23,0,26 27 8,1,7,,690585,23,0,26 27 8,1,8,,729524,23,0,26 27 8,1,7,,729531,23,0,26 27 8,1,8,,596278,23,0,26 27 8,1,7,,729593,23,0,26 27 8,1,8,,729597,23,0,26 27 8,1,7,,647992,23,0,26 27 8,1,48,,729526,23,0,26 27 8,1,7,,607471,23,0,26 27 8,1,8,,729572,23,0,26 27 8,1,7,,729599,23,0,26 27 8,1,10,,729623,23,0,26 27 8,1,7,,639305,23,0,26 27 8,1,8,,729525,23,0,26 27 8,1,7,,644447,23,0,26 27 8,1,48,,729614,23,0,26 27 8,1,7,,729596,23,0,26 27 8,1,8,,729603,23,0,26 27 8,1,7,,729610,23,0,26 27 8,1,8,,666686,23,0,26 27 8,1,7,,729600,23,0,26 27 8,1,8,,729545,23,0,26 27 8,1,7,,729546,23,0,26 27 8,1,48,,729607,23,0,26 27 8,1,7,,729595,23,0,26 27 8,1,8,,729571,23,0,26 27 8,1,7,,729585,23,0,26 27 8,1,8,,729548,23,0,26 27 8,1,7,,729621,23,0,26 27 8,1,8,,729618,23,0,26 27 8,1,7,,626607,23,0,26 27 8,1,49,,674189,23,0,26 27 8,1,8,,729576,23,0,26 27 8,1,9,,607479,23,0,26 27 8,1,9,,563838,23,0,26 27 8,1,9,,649817,23,0,26 27 8,1,9,,729566,23,0,26 27 8,1,9,,729582,23,0,26 27 8,1,49,,729533,23,0,26 27 8,1,9,,729555,23,0,26 27 8,1,9,,729565,23,0,26 27 8,1,9,,640285,23,0,26 27 8,1,9,,729625,23,0,26 27 8,1,9,,729590,23,0,26 27 8,1,49,,668212,23,0,26 27 8,1,9,,638120,23,0,26 27 8,1,9,,729559,23,0,26 27 8,1,9,,478181,23,0,26 27 8,1,9,,729514,23,0,26 27 8,1,9,,729563,23,0,26 27 8,1,9,,729605,23,0,26 27 8,1,49,,630520,23,0,26 27 8,1,9,,729591,23,0,26 27 8,1,9,,729580,23,0,26 27 8,1,9,,729517,23,0,26 27 8,1,9,,684493,23,0,26 27 8,1,9,,729584,23,0,26 27 8,1,9,,729568,23,0,26 27 8,1,49,,729543,23,0,26 27 8,1,9,,729594,23,0,26 27 8,1,9,,729515,23,0,26 27 8,1,8,,729570,23,0,26 27 8,1,7,,376409,23,0,26 27 8,1,8,,729575,23,0,26 27 8,1,7,,729539,23,0,26 27 8,1,48,,670385,23,0,26 27 8,1,7,,614718,23,0,26 27 8,1,8,,729530,23,0,26 27 8,1,7,,729537,23,0,26 27 8,1,8,,729562,23,0,26 27 8,1,7,,729574,23,0,26 27 8,1,8,,729569,23,0,26 27 8,1,7,,729550,23,0,26 27 8,1,48,,729615,23,0,26 27 8,1,7,,729608,23,0,26 27 8,1,8,,729606,23,0,26 27 8,1,7,,729558,23,0,26 27 8,1,8,,529458,23,0,26 27 8,1,7,,729604,23,0,26 27 8,1,8,,729578,23,0,26 27 8,1,7,,729616,23,0,26 27 8,1,48,,729551,23,0,26 27 8,1,7,,729552,23,0,26 27 8,1,8,,729592,23,0,26 27 8,1,7,,686313,23,0,26 27 8,1,8,,729521,23,0,26 27 8,1,7,,729601,23,0,26 27 8,1,8,,729528,23,0,26 27 8,1,7,,729527,23,0,26 27 8,1,48,,729520,23,0,26 27 8,1,7,,729523,23,0,26 27 8,1,8,,682825,23,0,26 27 8,1,7,,729516,23,0,26 27 8,1,8,,729553,23,0,26 27 8,1,7,,729602,23,0,26 27 8,1,8,,627133,23,0,26 27 8,1,7,,729522,23,0,26 27 8,1,47,,729588,23,0,26 27 8,1,3,,729536,23,0,26 27 8,1,8,,729612,23,0,26 27 8,1,9,,729583,23,0,26 27 8,1,9,,729519,23,0,26 27 8,1,9,,729620,23,0,26 27 8,1,9,,729549,23,0,26 27 8,1,9,,729622,23,0,26 27 8,1,49,,729619,23,0,26 27 8,1,9,,729518,23,0,26 27 8,1,9,,729624,23,0,26 27 8,1,9,,729538,23,0,26 27 8,1,9,,729540,23,0,26 27 8,1,9,,729561,23,0,26 27 8,1,49,,729532,23,0,26 27 8,1,9,,607476,23,0,26 27 8,1,9,,620126,23,0,26 27 8,1,9,,545657,23,0,26 27 8,1,9,,729547,23,0,26 27 8,1,9,,729577,23,0,26 27 8,1,9,,644234,23,0,26 27 8,1,49,,729567,23,0,26 27 8,1,9,,729554,23,0,26 27 8,1,7,,729586,23,0,26 27 8,1,5,,729611,23,0,26 27 8,1,10,,729617,23,0,26 27 8,1,10,,729598,23,0,26 27 8,1,10,,729609,23,0,26 27 8,1,50,,729557,23,0,26 27 8,1,10,,729529,23,0,26 27 8,1,10,,729589,23,0,26 27 8,1,10,,729541,23,0,26 27 8,1,10,,729587,23,0,26 27 8,1,10,,535500,23,0,26 27 8,1,50,,729613,23,0,26 27 8,1,10,,729542,23,0,26 27 8,1,10,,729564,23,0,26 27 8,1,10,,620156,23,0,26 27 8,1,10,,729544,23,0,26 27 8,1,10,,729573,23,0,26 27 8,1,50,,640327,23,0,26 27 8,1,10,,729556,23,0,26 27 8,1,14,,729579,23,0,26 27 8,1,12,,729534,23,0,26 27 8,1,14,,729535,23,0,17 74,1,55,,671424,23,0,17 74,1
7203,'2',559,,729675,23,0,26 27 8,1,49,,729696,23,0,26 27 8,1,10,,585800,23,0,26 27 8,1,10,,729640,23,0,26 27 8,1,10,,729718,23,0,26 27 8,1,10,,663564,23,0,26 27 8,1,10,,632387,23,0,26 27 8,1,50,,729662,23,0,26 27 8,1,10,,729715,23,0,26 27 8,1,10,,729693,23,0,26 27 8,1,10,,729648,23,0,26 27 8,1,10,,643368,23,0,26 27 8,1,10,,606166,23,0,26 27 8,1,50,,729712,23,0,26 27 8,1,10,,729732,23,0,26 27 8,1,12,,729746,23,0,26 27 8,1,8,,729707,23,0,26 27 8,1,8,,729731,23,0,26 27 8,1,8,,729719,23,0,26 27 8,1,48,,666404,23,0,26 27 8,1,8,,647631,23,0,26 27 8,1,8,,729661,23,0,26 27 8,1,8,,655020,23,0,26 27 8,1,8,,729649,23,0,26 27 8,1,8,,729659,23,0,26 27 8,1,8,,729728,23,0,26 27 8,1,8,,729703,23,0,26 27 8,1,48,,611619,23,0,26 27 8,1,8,,729730,23,0,26 27 8,1,8,,729674,23,0,26 27 8,1,8,,729688,23,0,26 27 8,1,8,,729637,23,0,26 27 8,1,8,,729705,23,0,26 27 8,1,8,,729706,23,0,26 27 8,1,48,,672628,23,0,26 27 8,1,8,,729697,23,0,26 27 8,1,8,,729747,23,0,26 27 8,1,8,,729691,23,0,26 27 8,1,8,,660274,23,0,26 27 8,1,8,,637556,23,0,26 27 8,1,8,,729653,23,0,26 27 8,1,8,,729669,23,0,26 27 8,1,48,,729631,23,0,26 27 8,1,8,,729740,23,0,26 27 8,1,8,,661113,23,0,26 27 8,1,6,,729695,23,0,26 27 8,1,8,,729636,23,0,26 27 8,1,6,,729717,23,0,26 27 8,1,6,,729682,23,0,26 27 8,1,6,,729709,23,0,26 27 8,1,46,,729643,23,0,26 27 8,1,6,,729694,23,0,26 27 8,1,6,,729672,23,0,26 27 8,1,6,,729720,23,0,26 27 8,1,6,,729626,23,0,26 27 8,1,6,,656827,23,0,26 27 8,1,6,,729733,23,0,26 27 8,1,6,,729680,23,0,26 27 8,1,6,,729652,23,0,26 27 8,1,6,,729650,23,0,26 27 8,1,46,,729664,23,0,26 27 8,1,6,,729634,23,0,26 27 8,1,6,,729666,23,0,26 27 8,1,6,,729681,23,0,26 27 8,1,6,,729651,23,0,26 27 8,1,6,,729686,23,0,26 27 8,1,6,,729658,23,0,26 27 8,1,6,,729685,23,0,26 27 8,1,6,,729698,23,0,26 27 8,1,6,,729656,23,0,26 27 8,1,46,,633555,23,0,26 27 8,1,6,,624067,23,0,26 27 8,1,6,,729684,23,0,26 27 8,1,6,,729644,23,0,26 27 8,1,6,,729739,23,0,26 27 8,1,6,,729641,23,0,26 27 8,1,6,,729736,23,0,26 27 8,1,6,,729668,23,0,26 27 8,1,6,,729724,23,0,26 27 8,1,6,,729727,23,0,26 27 8,1,46,,678221,23,0,26 27 8,1,6,,532939,23,0,26 27 8,1,6,,729630,23,0,26 27 8,1,6,,729683,23,0,26 27 8,1,6,,683201,23,0,26 27 8,1,6,,729633,23,0,26 27 8,1,6,,729660,23,0,26 27 8,1,6,,729700,23,0,26 27 8,1,6,,729745,23,0,26 27 8,1,6,,729721,23,0,26 27 8,1,46,,729657,23,0,26 27 8,1,6,,729646,23,0,26 27 8,1,6,,729635,23,0,26 27 8,1,6,,729673,23,0,26 27 8,1,6,,729692,23,0,26 27 8,1,6,,643055,23,0,26 27 8,1,6,,634724,23,0,26 27 8,1,6,,729638,23,0,26 27 8,1,6,,729722,23,0,26 27 8,1,6,,729741,23,0,26 27 8,1,46,,729679,23,0,26 27 8,1,6,,729742,23,0,26 27 8,1,6,,729654,23,0,26 27 8,1,6,,729743,23,0,26 27 8,1,6,,729665,23,0,26 27 8,1,6,,729726,23,0,26 27 8,1,6,,729671,23,0,26 27 8,1,6,,729735,23,0,26 27 8,1,6,,645851,23,0,26 27 8,1,6,,729725,23,0,26 27 8,1,46,,729699,23,0,26 27 8,1,6,,673555,23,0,26 27 8,1,6,,729708,23,0,26 27 8,1,6,,523192,23,0,26 27 8,1,6,,729632,23,0,26 27 8,1,8,,729687,23,0,26 27 8,1,10,,729734,23,0,26 27 8,1,10,,729729,23,0,26 27 8,1,50,,729713,23,0,26 27 8,1,10,,564858,23,0,26 27 8,1,10,,574811,23,0,26 27 8,1,10,,638204,23,0,26 27 8,1,10,,729701,23,0,26 27 8,1,10,,729676,23,0,26 27 8,1,50,,729678,23,0,26 27 8,1,10,,729642,23,0,26 27 8,1,10,,729714,23,0,26 27 8,1,10,,729702,23,0,26 27 8,1,10,,729670,23,0,26 27 8,1,10,,729645,23,0,26 27 8,1,50,,729667,23,0,26 27 8,1,10,,729628,23,0,26 27 8,1,10,,729629,23,0,26 27 8,1,5,,729655,23,0,26 27 8,1,8,,729647,23,0,26 27 8,1,10,,729744,23,0,26 27 8,1,10,,729716,23,0,26 27 8,1,50,,685419,23,0,26 27 8,1,10,,606739,23,0,26 27 8,1,10,,585559,23,0,26 27 8,1,10,,729704,23,0,26 27 8,1,10,,677997,23,0,26 27 8,1,10,,729639,23,0,26 27 8,1,50,,729737,23,0,26 27 8,1,10,,729723,23,0,26 27 8,1,10,,729710,23,0,26 27 8,1,10,,622967,23,0,26 27 8,1,10,,729677,23,0,26 27 8,1,10,,571508,23,0,26 27 8,1,50,,729690,23,0,26 27 8,1,10,,729627,23,0,26 27 8,1,14,,729663,23,0,26 27 8,1,12,,729711,23,0,26 27 8,1,14,,729689,23,0,17 74,1,55,,677383,23,0,17 74,1
7203,'3',603,,729815,23,0,17 74,1,30,,729827,23,0,17 74,1,70,,729751,23,0,17 74,1,30,,677901,23,0,26 27 8,1,70,,688299,23,0,26 27 8,1,8,,729830,23,0,26 27 8,1,9,,729755,23,0,26 27 8,1,12,,612169,23,0,26 27 8,1,9,,729770,23,0,26 27 8,1,8,,729799,23,0,26 27 8,1,9,,729808,23,0,26 27 8,1,48,,729794,23,0,26 27 8,1,9,,618079,23,0,26 27 8,1,8,,729777,23,0,26 27 8,1,9,,544921,23,0,26 27 8,1,8,,513945,23,0,26 27 8,1,9,,729837,23,0,26 27 8,1,8,,729809,23,0,26 27 8,1,49,,729814,23,0,26 27 8,1,8,,729778,23,0,26 27 8,1,9,,729811,23,0,26 27 8,1,8,,729844,23,0,26 27 8,1,9,,637711,23,0,26 27 8,1,8,,729789,23,0,26 27 8,1,9,,729833,23,0,26 27 8,1,48,,729788,23,0,26 27 8,1,9,,729775,23,0,26 27 8,1,8,,729774,23,0,26 27 8,1,9,,729824,23,0,26 27 8,1,8,,729780,23,0,26 27 8,1,9,,729803,23,0,26 27 8,1,8,,729768,23,0,26 27 8,1,49,,729787,23,0,26 27 8,1,8,,729831,23,0,26 27 8,1,8,,663673,23,0,26 27 8,1,8,,729784,23,0,26 27 8,1,6,,729771,23,0,26 27 8,1,9,,729769,23,0,26 27 8,1,9,,729826,23,0,26 27 8,1,49,,570901,23,0,26 27 8,1,9,,729798,23,0,26 27 8,1,9,,729752,23,0,26 27 8,1,9,,729757,23,0,26 27 8,1,9,,729822,23,0,26 27 8,1,9,,729839,23,0,26 27 8,1,9,,729749,23,0,26 27 8,1,49,,729820,23,0,26 27 8,1,9,,729760,23,0,26 27 8,1,9,,729838,23,0,26 27 8,1,9,,729812,23,0,26 27 8,1,9,,729754,23,0,26 27 8,1,9,,729750,23,0,26 27 8,1,9,,729762,23,0,26 27 8,1,49,,729776,23,0,26 27 8,1,9,,729843,23,0,26 27 8,1,9,,574865,23,0,26 27 8,1,9,,729761,23,0,26 27 8,1,9,,729758,23,0,26 27 8,1,9,,729841,23,0,26 27 8,1,49,,613332,23,0,26 27 8,1,9,,729759,23,0,26 27 8,1,9,,729829,23,0,26 27 8,1,9,,729819,23,0,26 27 8,1,9,,670256,23,0,26 27 8,1,9,,729802,23,0,26 27 8,1,9,,729781,23,0,26 27 8,1,49,,729834,23,0,26 27 8,1,9,,729791,23,0,26 27 8,1,9,,729823,23,0,26 27 8,1,9,,533020,23,0,26 27 8,1,9,,729773,23,0,26 27 8,1,9,,729801,23,0,26 27 8,1,9,,729790,23,0,26 27 8,1,49,,729763,23,0,26 27 8,1,9,,688018,23,0,26 27 8,1,9,,680299,23,0,26 27 8,1,9,,729813,23,0,26 27 8,1,9,,729804,23,0,26 27 8,1,9,,677445,23,0,26 27 8,1,49,,729818,23,0,26 27 8,1,9,,729840,23,0,26 27 8,1,9,,729800,23,0,26 27 8,1,5,,729748,23,0,26 27 8,1,10,,667693,23,0,26 27 8,1,10,,729817,23,0,26 27 8,1,10,,729782,23,0,26 27 8,1,50,,729835,23,0,26 27 8,1,10,,729786,23,0,26 27 8,1,10,,683640,23,0,26 27 8,1,10,,729753,23,0,26 27 8,1,10,,729767,23,0,26 27 8,1,10,,729836,23,0,26 27 8,1,50,,729766,23,0,26 27 8,1,10,,729764,23,0,26 27 8,1,10,,729842,23,0,26 27 8,1,10,,729810,23,0,26 27 8,1,10,,729783,23,0,26 27 8,1,10,,729828,23,0,26 27 8,1,50,,729796,23,0,26 27 8,1,10,,618081,23,0,26 27 8,1,7,,729772,23,0,26 27 8,1,10,,729797,23,0,26 27 8,1,10,,729807,23,0,26 27 8,1,10,,613463,23,0,26 27 8,1,50,,729765,23,0,26 27 8,1,10,,642306,23,0,26 27 8,1,10,,645215,23,0,26 27 8,1,10,,729792,23,0,26 27 8,1,10,,681014,23,0,26 27 8,1,10,,729806,23,0,26 27 8,1,50,,729779,23,0,26 27 8,1,10,,729832,23,0,26 27 8,1,10,,729785,23,0,26 27 8,1,10,,682094,23,0,26 27 8,1,10,,729756,23,0,26 27 8,1,10,,729795,23,0,26 27 8,1,50,,729793,23,0,26 27 8,1,10,,729805,23,0,26 27 8,1,15,,729825,23,0,26 27 8,1,15,,608576,23,0,26 27 8,1,13,,606252,23,0,17 74,1,55,,729821,23,0,17 74,1
7203,'5',558,,729888,23,0,26 27 8,1,50,,729946,23,0,26 27 8,1,10,,729919,23,0,26 27 8,1,10,,729938,23,0,26 27 8,1,10,,729900,23,0,26 27 8,1,10,,674483,23,0,26 27 8,1,10,,729931,23,0,26 27 8,1,50,,729851,23,0,26 27 8,1,10,,729880,23,0,26 27 8,1,10,,656669,23,0,26 27 8,1,10,,729876,23,0,26 27 8,1,10,,729845,23,0,26 27 8,1,10,,729902,23,0,26 27 8,1,50,,729871,23,0,26 27 8,1,10,,729914,23,0,26 27 8,1,13,,729875,23,0,26 27 8,1,10,,603159,23,0,26 27 8,1,8,,729850,23,0,26 27 8,1,9,,729906,23,0,26 27 8,1,48,,671232,23,0,26 27 8,1,9,,729920,23,0,26 27 8,1,8,,613352,23,0,26 27 8,1,9,,729941,23,0,26 27 8,1,8,,729948,23,0,26 27 8,1,9,,729943,23,0,26 27 8,1,8,,729859,23,0,26 27 8,1,49,,729847,23,0,26 27 8,1,8,,729933,23,0,26 27 8,1,9,,646101,23,0,26 27 8,1,8,,688077,23,0,26 27 8,1,9,,729890,23,0,26 27 8,1,8,,729918,23,0,26 27 8,1,9,,526963,23,0,26 27 8,1,48,,729892,23,0,26 27 8,1,9,,729945,23,0,26 27 8,1,8,,643749,23,0,26 27 8,1,9,,729944,23,0,26 27 8,1,8,,729884,23,0,26 27 8,1,9,,729846,23,0,26 27 8,1,8,,729904,23,0,26 27 8,1,49,,729863,23,0,26 27 8,1,8,,729936,23,0,26 27 8,1,8,,605044,23,0,26 27 8,1,8,,654792,23,0,26 27 8,1,6,,729922,23,0,26 27 8,1,9,,729949,23,0,26 27 8,1,9,,729883,23,0,26 27 8,1,49,,729927,23,0,26 27 8,1,9,,729924,23,0,26 27 8,1,9,,729950,23,0,26 27 8,1,9,,729908,23,0,26 27 8,1,9,,729911,23,0,26 27 8,1,9,,729874,23,0,26 27 8,1,9,,729855,23,0,26 27 8,1,49,,729869,23,0,26 27 8,1,9,,729848,23,0,26 27 8,1,9,,529892,23,0,26 27 8,1,9,,729878,23,0,26 27 8,1,9,,729909,23,0,26 27 8,1,9,,729923,23,0,26 27 8,1,9,,729860,23,0,26 27 8,1,49,,729910,23,0,26 27 8,1,9,,729857,23,0,26 27 8,1,9,,729917,23,0,26 27 8,1,9,,729870,23,0,26 27 8,1,9,,729925,23,0,26 27 8,1,9,,729913,23,0,26 27 8,1,49,,729886,23,0,26 27 8,1,9,,729935,23,0,26 27 8,1,9,,729873,23,0,26 27 8,1,9,,615843,23,0,26 27 8,1,9,,679748,23,0,26 27 8,1,9,,729899,23,0,26 27 8,1,9,,646110,23,0,26 27 8,1,49,,729879,23,0,26 27 8,1,9,,649724,23,0,26 27 8,1,9,,729942,23,0,26 27 8,1,9,,671378,23,0,26 27 8,1,9,,729921,23,0,26 27 8,1,9,,675270,23,0,26 27 8,1,9,,729865,23,0,26 27 8,1,49,,729885,23,0,26 27 8,1,9,,729940,23,0,26 27 8,1,9,,729903,23,0,26 27 8,1,9,,729868,23,0,26 27 8,1,9,,729853,23,0,26 27 8,1,9,,729854,23,0,26 27 8,1,49,,729895,23,0,26 27 8,1,9,,729901,23,0,26 27 8,1,9,,729881,23,0,26 27 8,1,5,,729866,23,0,26 27 8,1,10,,729882,23,0,26 27 8,1,10,,729928,23,0,26 27 8,1,10,,729897,23,0,26 27 8,1,50,,643885,23,0,26 27 8,1,10,,595369,23,0,26 27 8,1,10,,729947,23,0,26 27 8,1,10,,729887,23,0,26 27 8,1,10,,729852,23,0,26 27 8,1,10,,729926,23,0,26 27 8,1,50,,729898,23,0,26 27 8,1,10,,729893,23,0,26 27 8,1,10,,729862,23,0,26 27 8,1,10,,729932,23,0,26 27 8,1,10,,729929,23,0,26 27 8,1,10,,729934,23,0,26 27 8,1,50,,541615,23,0,26 27 8,1,10,,621286,23,0,26 27 8,1,7,,729867,23,0,26 27 8,1,10,,729858,23,0,26 27 8,1,10,,729905,23,0,26 27 8,1,10,,561167,23,0,26 27 8,1,50,,729915,23,0,26 27 8,1,10,,729861,23,0,26 27 8,1,10,,729896,23,0,26 27 8,1,10,,586048,23,0,26 27 8,1,10,,729849,23,0,26 27 8,1,10,,687070,23,0,26 27 8,1,50,,729889,23,0,26 27 8,1,10,,671101,23,0,26 27 8,1,10,,729872,23,0,26 27 8,1,10,,729916,23,0,26 27 8,1,10,,729894,23,0,26 27 8,1,10,,729912,23,0,26 27 8,1,50,,729891,23,0,26 27 8,1,10,,729937,23,0,26 27 8,1,15,,729856,23,0,26 27 8,1,15,,729877,23,0,26 27 8,1,13,,729939,23,0,17 74,1,55,,729907,23,0,17 74,1
10003,'1',553,,745820,8,0,5 26 27 8,1,4,,745837,8,0,34 26 27 8,1,46,,634431,8,0,5 26 27 8,1,5,,745797,8,0,5 26 27 8,1,5,,514899,8,0,34 26 27 8,1,5,,745801,8,0,5 26 27 8,1,5,,745855,8,0,5 26 27 8,1,5,,745753,8,0,34 26 27 8,1,5,,745828,8,0,5 26 27 8,1,5,,745772,8,0,5 26 27 8,1,5,,686274,8,0,34 26 27 8,1,5,,673332,8,0,5 26 27 8,1,5,,745818,8,0,5 26 27 8,1,5,,745757,8,0,34 26 27 8,1,45,,745864,8,0,5 26 27 8,1,5,,745819,8,0,5 26 27 8,1,5,,745827,8,0,34 26 27 8,1,5,,687241,8,0,5 26 27 8,1,5,,745856,8,0,5 26 27 8,1,5,,745804,8,0,34 26 27 8,1,5,,745861,8,0,5 26 27 8,1,6,,745775,8,0,5 26 27 8,1,5,,745798,8,0,34 26 27 8,1,5,,745830,8,0,5 26 27 8,1,5,,745807,8,0,5 26 27 8,1,5,,745750,8,0,34 26 27 8,1,45,,689536,8,0,5 26 27 8,1,5,,745814,8,0,5 26 27 8,1,5,,601793,8,0,34 26 27 8,1,5,,641194,8,0,5 26 27 8,1,5,,745879,8,0,5 26 27 8,1,5,,745873,8,0,34 26 27 8,1,5,,745874,8,0,5 26 27 8,1,5,,555375,8,0,5 26 27 8,1,5,,745782,8,0,34 26 27 8,1,5,,745865,8,0,5 26 27 8,1,5,,610899,8,0,5 26 27 8,1,5,,745813,8,0,34 26 27 8,1,45,,535925,8,0,5 26 27 8,1,5,,745770,8,0,5 26 27 8,1,5,,745863,8,0,34 26 27 8,1,5,,745799,8,0,5 26 27 8,1,5,,745850,8,0,5 26 27 8,1,5,,745803,8,0,34 26 27 8,1,5,,745759,8,0,5 26 27 8,1,6,,745825,8,0,5 26 27 8,1,5,,745843,8,0,5 26 27 8,1,7,,540518,8,0,5 26 27 8,1,48,,745758,8,0,5 26 27 8,1,8,,745802,8,0,5 26 27 8,1,8,,745867,8,0,5 26 27 8,1,8,,745871,8,0,5 26 27 8,1,8,,745859,8,0,5 26 27 8,1,8,,745872,8,0,5 26 27 8,1,8,,745754,8,0,5 26 27 8,1,8,,745765,8,0,5 26 27 8,1,48,,745776,8,0,5 26 27 8,1,8,,745851,8,0,5 26 27 8,1,8,,674607,8,0,5 26 27 8,1,8,,745773,8,0,5 26 27 8,1,8,,683938,8,0,5 26 27 8,1,8,,745858,8,0,5 26 27 8,1,8,,745764,8,0,5 26 27 8,1,48,,745846,8,0,5 26 27 8,1,8,,745869,8,0,5 26 27 8,1,8,,745790,8,0,5 26 27 8,1,8,,745839,8,0,5 26 27 8,1,8,,745805,8,0,5 26 27 8,1,8,,745857,8,0,5 26 27 8,1,8,,745842,8,0,5 26 27 8,1,8,,745862,8,0,5 26 27 8,1,48,,745756,8,0,5 26 27 8,1,8,,745875,8,0,5 26 27 8,1,8,,745835,8,0,5 26 27 8,1,8,,745832,8,0,5 26 27 8,1,8,,745779,8,0,5 26 27 8,1,8,,547943,8,0,5 26 27 8,1,8,,745853,8,0,5 26 27 8,1,48,,684471,8,0,5 26 27 8,1,8,,745766,8,0,5 26 27 8,1,6,,745823,8,0,5 26 27 8,1,6,,666694,8,0,5 26 27 8,1,6,,745809,8,0,34 26 27 8,1,6,,745833,8,0,5 26 27 8,1,6,,536326,8,0,5 26 27 8,1,6,,745791,8,0,34 26 27 8,1,6,,745777,8,0,5 26 27 8,1,6,,745769,8,0,5 26 27 8,1,46,,745836,8,0,34 26 27 8,1,6,,420450,8,0,5 26 27 8,1,6,,646353,8,0,5 26 27 8,1,6,,599632,8,0,34 26 27 8,1,6,,635763,8,0,5 26 27 8,1,6,,745808,8,0,5 26 27 8,1,6,,745831,8,0,34 26 27 8,1,6,,745811,8,0,5 26 27 8,1,6,,745806,8,0,5 26 27 8,1,6,,635342,8,0,34 26 27 8,1,46,,745752,8,0,5 26 27 8,1,6,,646531,8,0,5 26 27 8,1,6,,745852,8,0,34 26 27 8,1,6,,660944,8,0,5 26 27 8,1,6,,745751,8,0,5 26 27 8,1,6,,596880,8,0,34 26 27 8,1,6,,745760,8,0,5 26 27 8,1,6,,745787,8,0,5 26 27 8,1,6,,745881,8,0,34 26 27 8,1,6,,745755,8,0,5 26 27 8,1,46,,745761,8,0,5 26 27 8,1,6,,745780,8,0,34 26 27 8,1,6,,674361,8,0,5 26 27 8,1,6,,745821,8,0,5 26 27 8,1,6,,745800,8,0,34 26 27 8,1,6,,745841,8,0,5 26 27 8,1,6,,745860,8,0,5 26 27 8,1,6,,745788,8,0,34 26 27 8,1,6,,678664,8,0,5 26 27 8,1,6,,745774,8,0,5 26 27 8,1,46,,745789,8,0,34 26 27 8,1,6,,631230,8,0,5 26 27 8,1,6,,745847,8,0,5 26 27 8,1,6,,745877,8,0,34 26 27 8,1,6,,745810,8,0,5 26 27 8,1,6,,745834,8,0,5 26 27 8,1,6,,745816,8,0,34 26 27 8,1,6,,656777,8,0,5 26 27 8,1,6,,745781,8,0,5 26 27 8,1,6,,745794,8,0,34 26 27 8,1,46,,626977,8,0,5 26 27 8,1,6,,679024,8,0,34 26 27 8,1,10,,745844,8,0,5 26 27 8,1,10,,745848,8,0,5 26 27 8,1,10,,745854,8,0,5 26 27 8,1,10,,679764,8,0,5 26 27 8,1,10,,745749,8,0,5 26 27 8,1,50,,745838,8,0,5 26 27 8,1,10,,745796,8,0,5 26 27 8,1,10,,745829,8,0,5 26 27 8,1,10,,745880,8,0,5 26 27 8,1,10,,745793,8,0,5 26 27 8,1,10,,745845,8,0,5 26 27 8,1,50,,745767,8,0,5 26 27 8,1,10,,745870,8,0,5 26 27 8,1,10,,745783,8,0,5 26 27 8,1,10,,745866,8,0,5 26 27 8,1,10,,745768,8,0,5 26 27 8,1,9,,745762,8,0,5 26 27 8,1,55,,745786,8,0,5 26 27 8,1,10,,745785,8,0,5 26 27 8,1,10,,660598,8,0,5 26 27 8,1,10,,745792,8,0,5 26 27 8,1,10,,745840,8,0,5 26 27 8,1,50,,745878,8,0,5 26 27 8,1,10,,745826,8,0,5 26 27 8,1,10,,677509,8,0,5 26 27 8,1,10,,745778,8,0,5 26 27 8,1,10,,745824,8,0,5 26 27 8,1,10,,636279,8,0,5 26 27 8,1,50,,745784,8,0,5 26 27 8,1,10,,745868,8,0,5 26 27 8,1,10,,745771,8,0,5 26 27 8,1,10,,745817,8,0,5 26 27 8,1,10,,745849,8,0,5 26 27 8,1,10,,745795,8,0,5 26 27 8,1,50,,745812,8,0,5 26 27 8,1,10,,745763,8,0,5 26 27 8,1
10003,'2',610,,653348,8,0,5 26 27 8,1,6,,745956,8,0,5 26 27 8,1,10,,745971,8,0,5 26 27 8,1,10,,745918,8,0,5 26 27 8,1,10,,637584,8,0,5 26 27 8,1,10,,663276,8,0,5 26 27 8,1,50,,745924,8,0,5 26 27 8,1,10,,664817,8,0,5 26 27 8,1,10,,745921,8,0,5 26 27 8,1,10,,745946,8,0,5 26 27 8,1,11,,745907,8,0,5 26 27 8,1,10,,745917,8,0,5 26 27 8,1,50,,745940,8,0,5 26 27 8,1,10,,745952,8,0,5 26 27 8,1,10,,673210,8,0,5 26 27 8,1,10,,745901,8,0,5 26 27 8,1,10,,745936,8,0,5 26 27 8,1,10,,745912,8,0,5 26 27 8,1,50,,745895,8,0,5 26 27 8,1,10,,745890,8,0,5 26 27 8,1,10,,745970,8,0,5 26 27 8,1,10,,745927,8,0,5 26 27 8,1,10,,745897,8,0,5 26 27 8,1,10,,745903,8,0,5 26 27 8,1,50,,745914,8,0,5 26 27 8,1,10,,745888,8,0,5 26 27 8,1,10,,745892,8,0,5 26 27 8,1,10,,745902,8,0,5 26 27 8,1,10,,745910,8,0,5 26 27 8,1,10,,745899,8,0,5 26 27 8,1,50,,745930,8,0,5 26 27 8,1,10,,745887,8,0,5 26 27 8,1,10,,675936,8,0,5 26 27 8,1,10,,605525,8,0,5 26 27 8,1,10,,745900,8,0,5 26 27 8,1,10,,745937,8,0,5 26 27 8,1,51,,647271,8,0,5 26 27 8,1,10,,745926,8,0,5 26 27 8,1,10,,745942,8,0,5 26 27 8,1,13,,745928,8,0,5 26 27 8,1,10,,588788,8,0,5 26 27 8,1,50,,745894,8,0,5 26 27 8,1,10,,745953,8,0,5 26 27 8,1,10,,745965,8,0,5 26 27 8,1,10,,745935,8,0,5 26 27 8,1,10,,745885,8,0,5 26 27 8,1,10,,745962,8,0,5 26 27 8,1,50,,745961,8,0,5 26 27 8,1,10,,745922,8,0,5 26 27 8,1,10,,745933,8,0,5 26 27 8,1,10,,745963,8,0,5 26 27 8,1,10,,745943,8,0,5 26 27 8,1,10,,745944,8,0,5 26 27 8,1,50,,518104,8,0,5 26 27 8,1,10,,745974,8,0,5 26 27 8,1,10,,745889,8,0,5 26 27 8,1,10,,745964,8,0,5 26 27 8,1,10,,745975,8,0,5 26 27 8,1,10,,745939,8,0,5 26 27 8,1,50,,745950,8,0,5 26 27 8,1,10,,745941,8,0,5 26 27 8,1,10,,745904,8,0,5 26 27 8,1,10,,640890,8,0,5 26 27 8,1,10,,745976,8,0,5 26 27 8,1,10,,745908,8,0,5 26 27 8,1,50,,745906,8,0,5 26 27 8,1,10,,660818,8,0,5 26 27 8,1,10,,745893,8,0,5 26 27 8,1,10,,745923,8,0,5 26 27 8,1,10,,745947,8,0,5 26 27 8,1,10,,745951,8,0,5 26 27 8,1,50,,745969,8,0,5 26 27 8,1,10,,745958,8,0,5 26 27 8,1,10,,745960,8,0,5 26 27 8,1,10,,745934,8,0,5 26 27 8,1,10,,641068,8,0,5 26 27 8,1,10,,745967,8,0,5 26 27 8,1,49,,745929,8,0,5 26 27 8,1,11,,745920,8,0,5 26 27 8,1,10,,745977,8,0,5 26 27 8,1,10,,745968,8,0,5 26 27 8,1,10,,745957,8,0,5 26 27 8,1,10,,745973,8,0,5 26 27 8,1,50,,745905,8,0,5 26 27 8,1,10,,745915,8,0,5 26 27 8,1,10,,745954,8,0,5 26 27 8,1,10,,745883,8,0,5 26 27 8,1,10,,610528,8,0,5 26 27 8,1,10,,645835,8,0,5 26 27 8,1,50,,745913,8,0,5 26 27 8,1,10,,616619,8,0,5 26 27 8,1,10,,745886,8,0,5 26 27 8,1,10,,745884,8,0,5 26 27 8,1,9,,745945,8,0,5 26 27 8,1,9,,745931,8,0,5 26 27 8,1,10,,745959,8,0,5 26 27 8,1,50,,643366,8,0,5 26 27 8,1,10,,745911,8,0,5 26 27 8,1,8,,473222,8,0,5 26 27 8,1,8,,745966,8,0,5 26 27 8,1,10,,542405,8,0,5 26 27 8,1,10,,745891,8,0,5 26 27 8,1,50,,658638,8,0,5 26 27 8,1,10,,688550,8,0,5 26 27 8,1,10,,745898,8,0,5 26 27 8,1,10,,745938,8,0,5 26 27 8,1,10,,745919,8,0,5 26 27 8,1,10,,745925,8,0,5 26 27 8,1,50,,745896,8,0,5 26 27 8,1,10,,745955,8,0,5 26 27 8,1,10,,745948,8,0,5 26 27 8,1,10,,745882,8,0,5 26 27 8,1,10,,689303,8,0,5 26 27 8,1,10,,745916,8,0,5 26 27 8,1,53,,745932,8,0,5 26 27 8,1
10003,'3',815,,746038,8,0,5 26 27 8,1,5,,746048,8,0,5 26 27 8,1,10,,746018,8,0,5 26 27 8,1,10,,746030,8,0,5 26 27 8,1,10,,746007,8,0,5 26 27 8,1,50,,619855,8,0,5 26 27 8,1,10,,677624,8,0,5 26 27 8,1,10,,466089,8,0,5 26 27 8,1,10,,636838,8,0,5 26 27 8,1,10,,654659,8,0,5 26 27 8,1,10,,745993,8,0,5 26 27 8,1,50,,745985,8,0,5 26 27 8,1,10,,746003,8,0,5 26 27 8,1,10,,746036,8,0,5 26 27 8,1,10,,545399,8,0,5 26 27 8,1,10,,667832,8,0,5 26 27 8,1,10,,687743,8,0,5 26 27 8,1,50,,746000,8,0,5 26 27 8,1,10,,745986,8,0,5 26 27 8,1,10,,746049,8,0,5 26 27 8,1,10,,745995,8,0,5 26 27 8,1,10,,622452,8,0,5 26 27 8,1,10,,632491,8,0,5 26 27 8,1,50,,746039,8,0,5 26 27 8,1,11,,746050,8,0,5 26 27 8,1,10,,746002,8,0,5 26 27 8,1,11,,746037,8,0,5 26 27 8,1,10,,588662,8,0,5 26 27 8,1,10,,647301,8,0,5 26 27 8,1,50,,746009,8,0,5 26 27 8,1,10,,745984,8,0,5 26 27 8,1,10,,746019,8,0,5 26 27 8,1,10,,671337,8,0,5 26 27 8,1,10,,584008,8,0,5 26 27 8,1,10,,746029,8,0,5 26 27 8,1,50,,645859,8,0,5 26 27 8,1,10,,746001,8,0,5 26 27 8,1,10,,745991,8,0,5 26 27 8,1,10,,745990,8,0,5 26 27 8,1,10,,746027,8,0,5 26 27 8,1,10,,746015,8,0,5 26 27 8,1,50,,745983,8,0,5 26 27 8,1,10,,746008,8,0,5 26 27 8,1,10,,746044,8,0,5 26 27 8,1,10,,745992,8,0,5 26 27 8,1,10,,745981,8,0,5 26 27 8,1,10,,746022,8,0,5 26 27 8,1,50,,607683,8,0,5 26 27 8,1,10,,746032,8,0,5 26 27 8,1,10,,621574,8,0,5 26 27 8,1,10,,746034,8,0,5 26 27 8,1,10,,619927,8,0,5 26 27 8,1,10,,746021,8,0,5 26 27 8,1,50,,651415,8,0,5 26 27 8,1,10,,746025,8,0,5 26 27 8,1,10,,745979,8,0,5 26 27 8,1,10,,746028,8,0,5 26 27 8,1,10,,618558,8,0,5 26 27 8,1,10,,635154,8,0,5 26 27 8,1,50,,745989,8,0,5 26 27 8,1,10,,746017,8,0,5 26 27 8,1,10,,746024,8,0,5 26 27 8,1,10,,604999,8,0,5 26 27 8,1,10,,746052,8,0,5 26 27 8,1,10,,745978,8,0,5 26 27 8,1,50,,652122,8,0,5 26 27 8,1,10,,570163,8,0,5 26 27 8,1,10,,624678,8,0,5 26 27 8,1,10,,628451,8,0,5 26 27 8,1,9,,746043,8,0,5 26 27 8,1,10,,745980,8,0,5 26 27 8,1,50,,745999,8,0,5 26 27 8,1,10,,746010,8,0,5 26 27 8,1,10,,746013,8,0,5 26 27 8,1,10,,745996,8,0,5 26 27 8,1,10,,745988,8,0,5 26 27 8,1,10,,634151,8,0,5 26 27 8,1,50,,746026,8,0,5 26 27 8,1,10,,746035,8,0,5 26 27 8,1,10,,745998,8,0,5 26 27 8,1,10,,745997,8,0,5 26 27 8,1,10,,746004,8,0,5 26 27 8,1,8,,746033,8,0,5 26 27 8,1,10,,746011,8,0,5 26 27 8,1,50,,746016,8,0,5 26 27 8,1,16,,746045,8,0,5 26 27 8,1,10,,746006,8,0,5 26 27 8,1,10,,746023,8,0,5 26 27 8,1,10,,745987,8,0,5 26 27 8,1,50,,746041,8,0,5 26 27 8,1,10,,682580,8,0,5 26 27 8,1,10,,746014,8,0,5 26 27 8,1,10,,746051,8,0,5 26 27 8,1,10,,746042,8,0,5 26 27 8,1,10,,610277,8,0,5 26 27 8,1,50,,669462,8,0,5 26 27 8,1,10,,688680,8,0,5 26 27 8,1,10,,746046,8,0,5 26 27 8,1,10,,745994,8,0,5 26 27 8,1,10,,746012,8,0,5 26 27 8,1,10,,746047,8,0,5 26 27 8,1,52,,663884,8,0,5 26 27 8,1
10003,'5',605,,746063,8,0,5 26 27 8,1,5,,746062,8,0,5 26 27 8,1,10,,581313,8,0,5 26 27 8,1,10,,746127,8,0,5 26 27 8,1,10,,746113,8,0,5 26 27 8,1,10,,746135,8,0,5 26 27 8,1,50,,746085,8,0,5 26 27 8,1,10,,746093,8,0,5 26 27 8,1,10,,746066,8,0,5 26 27 8,1,10,,746122,8,0,5 26 27 8,1,10,,746076,8,0,5 26 27 8,1,10,,746137,8,0,5 26 27 8,1,50,,746084,8,0,5 26 27 8,1,10,,746102,8,0,5 26 27 8,1,10,,746071,8,0,5 26 27 8,1,10,,746080,8,0,5 26 27 8,1,10,,746069,8,0,5 26 27 8,1,10,,746109,8,0,5 26 27 8,1,50,,746070,8,0,5 26 27 8,1,10,,746111,8,0,5 26 27 8,1,10,,638916,8,0,5 26 27 8,1,10,,636936,8,0,5 26 27 8,1,10,,746116,8,0,5 26 27 8,1,10,,746105,8,0,5 26 27 8,1,50,,746112,8,0,5 26 27 8,1,10,,746083,8,0,5 26 27 8,1,10,,746074,8,0,5 26 27 8,1,10,,528556,8,0,5 26 27 8,1,10,,746075,8,0,5 26 27 8,1,10,,746117,8,0,5 26 27 8,1,50,,746096,8,0,5 26 27 8,1,10,,746091,8,0,5 26 27 8,1,10,,746100,8,0,5 26 27 8,1,10,,746079,8,0,5 26 27 8,1,10,,746128,8,0,5 26 27 8,1,10,,746055,8,0,5 26 27 8,1,50,,746110,8,0,5 26 27 8,1,11,,746097,8,0,5 26 27 8,1,10,,746072,8,0,5 26 27 8,1,11,,746061,8,0,5 26 27 8,1,10,,688414,8,0,5 26 27 8,1,10,,600002,8,0,5 26 27 8,1,50,,746086,8,0,5 26 27 8,1,10,,658191,8,0,5 26 27 8,1,10,,746092,8,0,5 26 27 8,1,10,,583873,8,0,5 26 27 8,1,10,,746118,8,0,5 26 27 8,1,10,,746065,8,0,5 26 27 8,1,50,,746082,8,0,5 26 27 8,1,10,,746132,8,0,5 26 27 8,1,10,,746138,8,0,5 26 27 8,1,10,,746141,8,0,5 26 27 8,1,10,,653587,8,0,5 26 27 8,1,10,,746053,8,0,5 26 27 8,1,50,,746064,8,0,5 26 27 8,1,10,,746098,8,0,5 26 27 8,1,10,,746054,8,0,5 26 27 8,1,10,,746057,8,0,5 26 27 8,1,10,,746120,8,0,5 26 27 8,1,10,,746121,8,0,5 26 27 8,1,50,,644774,8,0,5 26 27 8,1,10,,746130,8,0,5 26 27 8,1,10,,746090,8,0,5 26 27 8,1,10,,746119,8,0,5 26 27 8,1,10,,631168,8,0,5 26 27 8,1,10,,746133,8,0,5 26 27 8,1,50,,746067,8,0,5 26 27 8,1,10,,746114,8,0,5 26 27 8,1,10,,746077,8,0,5 26 27 8,1,10,,746123,8,0,5 26 27 8,1,10,,615041,8,0,5 26 27 8,1,10,,746073,8,0,5 26 27 8,1,50,,746060,8,0,5 26 27 8,1,10,,611453,8,0,5 26 27 8,1,10,,746081,8,0,5 26 27 8,1,10,,686646,8,0,5 26 27 8,1,10,,561069,8,0,5 26 27 8,1,10,,746095,8,0,5 26 27 8,1,50,,746143,8,0,5 26 27 8,1,10,,550049,8,0,5 26 27 8,1,10,,746087,8,0,5 26 27 8,1,10,,746124,8,0,5 26 27 8,1,9,,746099,8,0,5 26 27 8,1,10,,746059,8,0,5 26 27 8,1,50,,666659,8,0,5 26 27 8,1,10,,746144,8,0,5 26 27 8,1,10,,746142,8,0,5 26 27 8,1,10,,746056,8,0,5 26 27 8,1,10,,620791,8,0,5 26 27 8,1,10,,746107,8,0,5 26 27 8,1,50,,746103,8,0,5 26 27 8,1,10,,627710,8,0,5 26 27 8,1,10,,746106,8,0,5 26 27 8,1,10,,746089,8,0,5 26 27 8,1,10,,675666,8,0,5 26 27 8,1,8,,651005,8,0,5 26 27 8,1,10,,746115,8,0,5 26 27 8,1,50,,648824,8,0,5 26 27 8,1,16,,746125,8,0,5 26 27 8,1,10,,746136,8,0,5 26 27 8,1,10,,746129,8,0,5 26 27 8,1,10,,746078,8,0,5 26 27 8,1,50,,746101,8,0,5 26 27 8,1,10,,623433,8,0,5 26 27 8,1,10,,746108,8,0,5 26 27 8,1,10,,746094,8,0,5 26 27 8,1,10,,746058,8,0,5 26 27 8,1,10,,746139,8,0,5 26 27 8,1,50,,746104,8,0,5 26 27 8,1,10,,746131,8,0,5 26 27 8,1,10,,610776,8,0,5 26 27 8,1,10,,746134,8,0,5 26 27 8,1,10,,746126,8,0,5 26 27 8,1,10,,746145,8,0,5 26 27 8,1,52,,654184,8,0,5 26 27 8,1
32503,'1',437,,769685,23,0,11 12 9,1,66,,769689,23,0,17 26 38 8,1,27,,769686,23,0,17 26 38 8,1,2107,,769687,23,0,11 12 9,1,70,,769688,23,0,11 12 9,1,30,,769691,23,0,11 12 9,1,70,,638995,23,0,11 12 9,1
32503,'2',437,,625042,23,0,11 12 9,1,66,,769697,23,0,11 12 9,1,15,,627363,23,0,17 26 38 8,1,19,,769695,23,0,17 26 38 8,1,2100,,769694,23,0,11 12 9,1,70,,769692,23,0,11 12 9,1,30,,769698,23,0,11 12 9,1,70,,769693,23,0,11 12 9,1
32503,'3',437,,769699,23,0,11 12 9,1,70,,769702,23,0,11 12 9,1,26,,679249,23,0,11 12 9,1,2104,,769703,23,0,11 12 9,1,70,,681644,23,0,11 12 9,1,30,,769701,23,0,11 12 9,1,70,,769700,23,0,11 12 9,1
32503,'5',437,,769704,23,0,11 12 9,1,66,,769711,23,0,11 12 9,1,14,,769709,23,0,17 26 38 8,1,21,,769710,23,0,17 26 38 8,1,2099,,769707,23,0,11 12 9,1,70,,769708,23,0,11 12 9,1,30,,769706,23,0,11 12 9,1,70,,769705,23,0,11 12 9,1
