703,'1',613,,690649,9,0,9,1,9,,690616,39,0,9,1,5,,690620,9,0,9,1,5,,690692,39,0,9,1,8,,673694,9,0,9,1,7,,690646,39,0,9,1,11,,690675,39,0,9,1,53,,690630,39,0,9,1,10,,690659,39,0,9,1,10,,690652,39,0,9,1,10,,633153,39,0,9,1,10,,690629,39,0,9,1,50,,690673,39,0,9,1,10,,690624,39,0,9,1,10,,690614,39,0,9,1,10,,690640,39,0,9,1,10,,690687,39,0,9,1,10,,690679,39,0,9,1,50,,690678,39,0,9,1,10,,690627,39,0,9,1,8,,644209,39,0,9,1,9,,690674,39,0,9,1,10,,690636,39,0,9,1,10,,690631,39,0,9,1,9,,690604,39,0,9,1,49,,644449,39,0,9,1,10,,690606,39,0,9,1,10,,690638,39,0,9,1,10,,690642,39,0,9,1,10,,690669,39,0,9,1,10,,614005,39,0,9,1,50,,656728,39,0,9,1,10,,690690,39,0,9,1,10,,690661,39,0,9,1,10,,690615,39,0,9,1,10,,690621,39,0,9,1,10,,444787,39,0,9,1,50,,604438,39,0,9,1,10,,583920,39,0,9,1,10,,690626,39,0,9,1,10,,689747,39,0,9,1,10,,690677,39,0,9,1,10,,690655,39,0,9,1,50,,690622,39,0,9,1,10,,690666,39,0,9,1,10,,690658,39,0,9,1,10,,690654,39,0,9,1,10,,690613,39,0,9,1,8,,690664,39,0,9,1,50,,668237,39,0,9,1,8,,690680,9,0,9,1,5,,690682,39,0,9,1,10,,690598,39,0,9,1,10,,690599,39,0,9,1,10,,690605,39,0,9,1,10,,690623,39,0,9,1,50,,690633,39,0,9,1,10,,685778,39,0,9,1,10,,670204,39,0,9,1,10,,690647,39,0,9,1,10,,690644,39,0,9,1,10,,474960,39,0,9,1,50,,617096,39,0,9,1,10,,690637,39,0,9,1,10,,690609,39,0,9,1,10,,690643,39,0,9,1,10,,607486,39,0,9,1,10,,690601,39,0,9,1,50,,690662,39,0,9,1,10,,540837,39,0,9,1,10,,690618,39,0,9,1,10,,690603,39,0,9,1,9,,503703,39,0,9,1,8,,633077,39,0,9,1,50,,690608,39,0,9,1,10,,652875,39,0,9,1,7,,690676,39,0,9,1,10,,690663,39,0,9,1,10,,690610,39,0,9,1,10,,690671,39,0,9,1,50,,690668,39,0,9,1,6,,690685,39,0,9,1,7,,690670,39,0,9,1,8,,690639,39,0,9,1,8,,690600,39,0,9,1,8,,690683,39,0,9,1,10,,555675,39,0,9,1,10,,690686,39,0,9,1,50,,588762,39,0,9,1,10,,630602,39,0,9,1,10,,690628,39,0,9,1,10,,690617,39,0,9,1,10,,644424,39,0,9,1,10,,690656,39,0,9,1,50,,690667,39,0,9,1,9,,690597,39,0,9,1,8,,690602,39,0,9,1,9,,690648,39,0,9,1,10,,690634,39,0,9,1,10,,690641,39,0,9,1,50,,690596,39,0,9,1,10,,690681,39,0,9,1,10,,690612,39,0,9,1,10,,690611,39,0,9,1,10,,690632,39,0,9,1,10,,690619,39,0,9,1,50,,690625,39,0,9,1,6,,690684,39,0,9,1,10,,690660,39,0,9,1,7,,690651,39,0,9,1,10,,690645,39,0,9,1,10,,690665,39,0,9,1,10,,675512,39,0,9,1,50,,690653,39,0,9,1,10,,617868,39,0,9,1,10,,536333,39,0,9,1,10,,690635,39,0,9,1,10,,690691,39,0,9,1,10,,690657,39,0,9,1,50,,690672,39,0,9,1,10,,690689,39,0,9,1,10,,690688,39,0,9,1,13,,690650,39,0,9,1,12,,608525,39,0,9,1,55,,690607,39,0,9,1
703,'2',620,,690771,9,0,9,1,10,,690748,39,0,9,1,8,,690715,39,0,9,1,10,,690757,39,0,9,1,10,,690780,39,0,9,1,50,,690759,39,0,9,1,10,,690720,39,0,9,1,10,,690783,39,0,9,1,10,,690785,39,0,9,1,10,,690776,39,0,9,1,10,,690745,39,0,9,1,52,,629858,39,0,9,1,12,,690749,39,0,9,1,12,,690738,39,0,9,1,10,,690774,39,0,9,1,10,,690741,39,0,9,1,50,,690708,39,0,9,1,10,,690768,39,0,9,1,10,,690733,39,0,9,1,10,,554140,39,0,9,1,10,,690731,39,0,9,1,10,,690779,39,0,9,1,50,,690760,39,0,9,1,10,,690766,39,0,9,1,10,,690758,39,0,9,1,10,,690734,39,0,9,1,10,,690772,39,0,9,1,10,,653350,39,0,9,1,50,,690744,39,0,9,1,10,,690782,39,0,9,1,10,,619064,39,0,9,1,10,,653103,39,0,9,1,10,,690697,39,0,9,1,10,,690743,39,0,9,1,49,,690786,39,0,9,1,9,,690729,39,0,9,1,9,,690746,39,0,9,1,12,,522508,39,0,9,1,7,,690755,39,0,9,1,10,,690742,39,0,9,1,50,,690764,39,0,9,1,10,,668772,39,0,9,1,10,,690710,39,0,9,1,10,,690778,39,0,9,1,10,,690706,39,0,9,1,10,,690703,39,0,9,1,50,,618478,39,0,9,1,10,,690696,39,0,9,1,10,,690716,39,0,9,1,10,,690705,39,0,9,1,10,,690763,39,0,9,1,10,,690726,39,0,9,1,50,,690762,39,0,9,1,10,,690781,39,0,9,1,10,,690699,39,0,9,1,10,,619658,39,0,9,1,10,,690702,39,0,9,1,10,,690769,39,0,9,1,50,,506552,39,0,9,1,10,,690730,39,0,9,1,10,,690765,39,0,9,1,10,,690725,39,0,9,1,10,,640893,39,0,9,1,10,,690721,39,0,9,1,50,,690784,39,0,9,1,10,,609246,39,0,9,1,10,,690770,39,0,9,1,10,,690724,39,0,9,1,10,,690718,39,0,9,1,10,,690707,39,0,9,1,50,,690754,39,0,9,1,10,,607077,39,0,9,1,10,,690728,39,0,9,1,10,,690700,39,0,9,1,10,,594182,39,0,9,1,10,,690751,39,0,9,1,50,,514964,39,0,9,1,9,,690722,39,0,9,1,9,,622415,39,0,9,1,10,,690709,39,0,9,1,9,,662703,39,0,9,1,10,,690717,39,0,9,1,10,,690740,39,0,9,1,50,,690714,39,0,9,1,10,,690756,39,0,9,1,10,,690693,39,0,9,1,10,,690711,39,0,9,1,10,,690719,39,0,9,1,10,,660991,39,0,9,1,50,,685836,39,0,9,1,10,,690737,39,0,9,1,10,,690712,39,0,9,1,10,,689789,39,0,9,1,10,,690695,39,0,9,1,10,,690704,39,0,9,1,47,,690753,39,0,9,1,9,,690761,39,0,9,1,8,,690694,39,0,9,1,9,,690698,39,0,9,1,10,,606436,39,0,9,1,10,,690773,39,0,9,1,50,,690775,39,0,9,1,10,,643370,39,0,9,1,10,,670219,39,0,9,1,10,,690727,39,0,9,1,10,,690735,39,0,9,1,10,,690713,39,0,9,1,50,,690732,39,0,9,1,10,,690723,39,0,9,1,10,,690752,39,0,9,1,10,,606216,39,0,9,1,10,,690747,39,0,9,1,10,,690739,39,0,9,1,50,,690767,39,0,9,1,10,,690750,39,0,9,1,10,,619090,39,0,9,1,10,,639658,39,0,9,1,12,,690701,39,0,9,1,10,,690777,39,0,9,1,55,,690736,39,0,9,1
703,'3',840,,690818,39,0,9,1,10,,690862,39,0,9,1,50,,690871,39,0,9,1,10,,690821,39,0,9,1,10,,690860,39,0,9,1,10,,690836,39,0,9,1,10,,690793,39,0,9,1,10,,690850,39,0,9,1,50,,607664,39,0,9,1,10,,690848,39,0,9,1,10,,690812,39,0,9,1,10,,690824,39,0,9,1,10,,690842,39,0,9,1,10,,659807,39,0,9,1,50,,690875,39,0,9,1,11,,690813,39,0,9,1,11,,690823,39,0,9,1,11,,690798,39,0,9,1,11,,690867,39,0,9,1,10,,690852,39,0,9,1,50,,690829,39,0,9,1,10,,690832,39,0,9,1,8,,690815,39,0,9,1,6,,576016,39,0,9,1,10,,690814,39,0,9,1,10,,690880,39,0,9,1,10,,690845,39,0,9,1,50,,690865,39,0,9,1,10,,690851,39,0,9,1,10,,690857,39,0,9,1,10,,690873,39,0,9,1,10,,690840,39,0,9,1,10,,690801,39,0,9,1,50,,690830,39,0,9,1,10,,690858,39,0,9,1,10,,690837,39,0,9,1,10,,690828,39,0,9,1,10,,690855,39,0,9,1,10,,690861,39,0,9,1,50,,690839,39,0,9,1,10,,690805,39,0,9,1,10,,690788,39,0,9,1,10,,690859,39,0,9,1,10,,690843,39,0,9,1,10,,690849,39,0,9,1,50,,690799,39,0,9,1,10,,690844,39,0,9,1,10,,690870,39,0,9,1,10,,690872,39,0,9,1,10,,690846,39,0,9,1,10,,690864,39,0,9,1,50,,690806,39,0,9,1,10,,690803,39,0,9,1,10,,690789,39,0,9,1,10,,690847,39,0,9,1,10,,690822,39,0,9,1,10,,690827,39,0,9,1,50,,690796,39,0,9,1,10,,690826,39,0,9,1,10,,690800,39,0,9,1,10,,690820,39,0,9,1,10,,690787,39,0,9,1,10,,690866,39,0,9,1,48,,690835,39,0,9,1,8,,690834,39,0,9,1,10,,690825,39,0,9,1,8,,690869,39,0,9,1,10,,654285,39,0,9,1,10,,671204,39,0,9,1,50,,690854,39,0,9,1,10,,690810,39,0,9,1,10,,565543,39,0,9,1,10,,690794,39,0,9,1,10,,690863,39,0,9,1,10,,690802,39,0,9,1,50,,690853,39,0,9,1,10,,690879,39,0,9,1,10,,690797,39,0,9,1,10,,667998,39,0,9,1,8,,690831,39,0,9,1,8,,690816,39,0,9,1,9,,690792,39,0,9,1,50,,690791,39,0,9,1,10,,690878,39,0,9,1,10,,690804,39,0,9,1,10,,690790,39,0,9,1,10,,515023,39,0,9,1,10,,690881,39,0,9,1,50,,690856,39,0,9,1,10,,621228,39,0,9,1,10,,690819,39,0,9,1,10,,690817,39,0,9,1,10,,690877,39,0,9,1,10,,690811,39,0,9,1,50,,690795,39,0,9,1,10,,641579,39,0,9,1,10,,690868,39,0,9,1,10,,690809,39,0,9,1,10,,690808,39,0,9,1,10,,690838,39,0,9,1,50,,690833,39,0,9,1,10,,690807,39,0,9,1,10,,690841,39,0,9,1,13,,690876,39,0,9,1,12,,634354,39,0,9,1,55,,690874,39,0,9,1
703,'5',620,,690907,39,0,9,1,11,,690895,39,0,9,1,10,,668035,39,0,9,1,10,,690945,39,0,9,1,50,,690898,39,0,9,1,10,,638921,39,0,9,1,10,,690893,39,0,9,1,10,,690967,39,0,9,1,10,,690952,39,0,9,1,10,,690940,39,0,9,1,50,,634930,39,0,9,1,15,,690955,39,0,9,1,14,,690935,39,0,9,1,10,,536674,39,0,9,1,10,,690890,39,0,9,1,50,,690896,39,0,9,1,10,,690942,39,0,9,1,10,,690932,39,0,9,1,10,,665624,39,0,9,1,10,,690966,39,0,9,1,10,,690944,39,0,9,1,50,,690959,39,0,9,1,10,,690922,39,0,9,1,10,,690889,39,0,9,1,10,,644770,39,0,9,1,10,,690927,39,0,9,1,10,,680728,39,0,9,1,50,,690885,39,0,9,1,11,,690925,39,0,9,1,11,,690969,39,0,9,1,11,,690926,39,0,9,1,11,,690949,39,0,9,1,10,,690892,39,0,9,1,50,,579590,39,0,9,1,10,,690882,39,0,9,1,8,,690939,39,0,9,1,6,,690897,39,0,9,1,10,,690953,39,0,9,1,10,,661179,39,0,9,1,10,,690931,39,0,9,1,50,,690943,39,0,9,1,10,,690905,39,0,9,1,10,,690904,39,0,9,1,10,,690886,39,0,9,1,10,,690910,39,0,9,1,10,,690937,39,0,9,1,50,,690913,39,0,9,1,10,,670024,39,0,9,1,10,,690916,39,0,9,1,10,,656641,39,0,9,1,10,,690902,39,0,9,1,10,,515916,39,0,9,1,50,,690911,39,0,9,1,10,,604683,39,0,9,1,10,,690924,39,0,9,1,10,,570210,39,0,9,1,10,,690957,39,0,9,1,10,,690908,39,0,9,1,50,,618688,39,0,9,1,10,,690929,39,0,9,1,10,,690909,39,0,9,1,10,,690912,39,0,9,1,10,,646654,39,0,9,1,10,,690947,39,0,9,1,50,,690964,39,0,9,1,10,,690958,39,0,9,1,10,,690900,39,0,9,1,10,,690962,39,0,9,1,10,,690920,39,0,9,1,10,,690884,39,0,9,1,50,,588584,39,0,9,1,10,,690928,39,0,9,1,10,,690915,39,0,9,1,10,,690919,39,0,9,1,10,,690918,39,0,9,1,10,,613489,39,0,9,1,48,,690941,39,0,9,1,8,,572462,39,0,9,1,10,,690948,39,0,9,1,8,,690950,39,0,9,1,10,,690961,39,0,9,1,10,,681038,39,0,9,1,50,,690954,39,0,9,1,10,,661820,39,0,9,1,10,,690933,39,0,9,1,10,,690901,39,0,9,1,10,,690971,39,0,9,1,10,,627713,39,0,9,1,50,,682570,39,0,9,1,10,,690891,39,0,9,1,10,,690951,39,0,9,1,10,,690938,39,0,9,1,8,,690906,39,0,9,1,8,,690888,39,0,9,1,9,,690956,39,0,9,1,50,,690946,39,0,9,1,10,,616225,39,0,9,1,10,,690965,39,0,9,1,10,,690970,39,0,9,1,10,,690903,39,0,9,1,10,,690963,39,0,9,1,50,,615073,39,0,9,1,10,,690914,39,0,9,1,10,,564010,39,0,9,1,10,,646822,39,0,9,1,10,,690968,39,0,9,1,10,,690894,39,0,9,1,50,,690883,39,0,9,1,10,,690960,39,0,9,1,10,,690934,39,0,9,1,10,,690921,39,0,9,1,10,,690936,39,0,9,1,10,,690899,39,0,9,1,50,,690917,39,0,9,1,10,,690923,39,0,9,1,10,,615675,39,0,9,1,13,,690930,39,0,9,1,12,,690887,39,0,9,1
16003,'1',532,,763208,12,0,249 6,1,20,,763221,12,0,249 6,1,60,,616793,12,0,249 6,1,22,,763215,12,0,249 6,1,23,,763222,12,0,249 6,1,63,,763223,12,0,249 6,1,23,,763227,12,0,249 6,1,63,,763218,12,0,249 6,1,23,,763219,12,0,249 6,1,23,,667931,12,0,249 6,1,63,,763228,12,0,249 6,1,26,,763214,12,0,249 6,1,70,,551439,12,0,249 6,1,30,,763206,12,0,249 6,1,70,,763224,12,0,249 6,1,30,,763213,12,0,249 6,1,70,,606882,12,0,249 6,1,30,,763226,12,0,249 6,1,70,,622609,12,0,249 6,1,30,,763211,12,0,249 6,1,70,,763209,12,0,249 6,1,30,,763205,12,0,249 6,1,71,,622920,12,0,249 6,1,28,,763220,12,0,249 6,1,68,,763225,12,0,249 6,1,28,,763207,12,0,249 6,1,68,,763217,12,0,249 6,1,28,,763231,12,0,249 6,1,26,,763210,12,0,249 6,1,67,,763230,12,0,249 6,1,28,,683249,12,0,249 6,1,72,,673693,12,0,249 6,1,30,,763212,12,0,249 6,1,72,,763216,12,0,249 6,1,32,,763229,12,0,249 6,1,72,,549826,12,0,249 6,1
16003,'2',525,,763232,12,0,249 6,1,80,,511271,12,0,249 6,1,40,,551533,12,0,249 6,1,80,,763244,12,0,249 6,1,80,,763237,12,0,249 6,1,40,,669202,12,0,249 6,1,80,,763233,12,0,249 6,1,80,,763242,12,0,249 6,1,40,,621970,12,0,249 6,1,80,,763234,12,0,249 6,1,85,,763236,12,0,249 6,1,45,,642697,12,0,249 6,1,85,,763239,12,0,249 6,1,86,,763238,12,0,249 6,1,85,,677389,12,0,249 6,1,45,,763241,12,0,249 6,1,85,,763243,12,0,249 6,1,85,,763240,12,0,249 6,1,85,,763235,12,0,249 6,1
16003,'3',845,,763253,12,0,249 6,1,80,,763250,12,0,249 6,1,80,,763246,12,0,249 6,1,40,,681350,12,0,249 6,1,80,,763252,12,0,249 6,1,85,,683647,12,0,249 6,1,45,,763248,12,0,249 6,1,86,,763249,12,0,249 6,1,85,,763247,12,0,249 6,1,85,,633389,12,0,249 6,1,45,,642771,12,0,249 6,1,85,,656501,12,0,249 6,1,85,,763245,12,0,249 6,1,85,,763251,12,0,249 6,1
16003,'5',845,,763256,12,0,249 6,1,80,,763258,12,0,249 6,1,80,,763261,12,0,249 6,1,40,,763255,12,0,249 6,1,80,,763263,12,0,249 6,1,85,,763260,12,0,249 6,1,45,,763264,12,0,249 6,1,86,,763259,12,0,249 6,1,85,,763266,12,0,249 6,1,85,,763262,12,0,249 6,1,45,,549797,12,0,249 6,1,85,,763254,12,0,249 6,1,85,,763257,12,0,249 6,1,85,,763265,12,0,249 6,1
30703,'1',512,,769076,9,0,11 12 9,1,11,,769082,54,0,11 12 9,1,7,,769078,9,0,11 12 9,1,9,,769080,9,0,11 12 9,1,8,,769085,54,0,11 12 9,1,9,,514116,9,0,11 12 9,1,49,,769079,54,0,11 12 9,1,2017,,769081,55,0,11 12 9,1,30,,769077,54,0,11 12 9,1,70,,769075,54,0,11 12 9,1,30,,769084,54,0,11 12 9,1,70,,478398,54,0,11 12 9,1,30,,440489,54,0,11 12 9,1
30703,'2',512,,769091,9,0,11 12 9,1,11,,769092,54,0,11 12 9,1,14,,769086,9,0,11 12 9,1,12,,769099,54,0,11 12 9,1,51,,769097,9,0,11 12 9,1,10,,769098,54,0,11 12 9,1,2012,,769088,55,0,11 12 9,1,15,,769095,54,0,11 12 9,1,15,,653372,54,0,11 12 9,1,55,,769089,54,0,11 12 9,1,15,,769096,54,0,11 12 9,1,20,,769090,54,0,11 12 9,1,60,,624537,54,0,11 12 9,1,20,,769094,54,0,11 12 9,1,20,,769093,54,0,11 12 9,1,60,,769087,54,0,11 12 9,1
30703,'3',523,,769115,54,0,11 12 9,1,20,,769113,54,0,11 12 9,1,58,,634754,54,0,11 12 9,1,18,,769109,54,0,11 12 9,1,18,,769116,54,0,11 12 9,1,18,,769104,54,0,11 12 9,1,52,,769108,54,0,11 12 9,1,12,,769111,54,0,11 12 9,1,12,,769107,54,0,11 12 9,1,12,,769117,54,0,11 12 9,1,6,,769103,9,0,11 12 9,1,6,,769118,54,0,11 12 9,1,46,,769100,9,0,11 12 9,1,9,,769110,54,0,11 12 9,1,9,,769102,9,0,11 12 9,1,9,,672077,54,0,11 12 9,1,1794,,525119,55,0,11 12 9,1,30,,769119,54,0,11 12 9,1,70,,769106,54,0,11 12 9,1,30,,769105,54,0,11 12 9,1,70,,769114,54,0,11 12 9,1,30,,769101,54,0,11 12 9,1
30703,'5',512,,769125,9,0,11 12 9,1,11,,769122,54,0,11 12 9,1,9,,769123,9,0,11 12 9,1,11,,769130,54,0,11 12 9,1,9,,769127,9,0,11 12 9,1,51,,769132,54,0,11 12 9,1,2019,,769124,55,0,11 12 9,1,30,,769121,54,0,11 12 9,1,70,,769126,54,0,11 12 9,1,30,,591840,54,0,11 12 9,1,70,,769120,54,0,11 12 9,1,30,,769129,54,0,11 12 9,1
