3504,'1',528,,794136,38,0,34 52 53 8,1,5,,794147,32,0,5 52 53 8,1,8,,794087,38,0,34 52 53 8,1,5,,794130,32,0,5 52 53 8,1,6,,794126,38,0,34 52 53 8,1,6,,519768,32,0,5 52 53 8,1,45,,754775,38,0,34 52 53 8,1,6,,739218,32,0,5 52 53 8,1,6,,794141,38,0,34 52 53 8,1,6,,794080,33,0,5 52 53 8,1,6,,743504,39,0,34 52 53 8,1,6,,794069,33,0,5 52 53 8,1,6,,794152,39,0,34 52 53 8,1,6,,794107,33,0,5 52 53 8,1,6,,794075,39,0,34 52 53 8,1,6,,794163,33,0,5 52 53 8,1,47,,757276,39,0,34 52 53 8,1,10,,794168,33,0,5 52 53 8,1,8,,794148,39,0,34 52 53 8,1,6,,794057,33,0,5 52 53 8,1,8,,794109,39,0,34 52 53 8,1,7,,699813,33,0,5 52 53 8,1,8,,794093,39,0,34 52 53 8,1,7,,794112,33,0,5 52 53 8,1,48,,794117,39,0,34 52 53 8,1,7,,731982,33,0,5 52 53 8,1,8,,794128,39,0,34 52 53 8,1,7,,794115,33,0,5 52 53 8,1,8,,794165,39,0,34 52 53 8,1,7,,706692,33,0,5 52 53 8,1,8,,794067,39,0,34 52 53 8,1,7,,758725,33,0,5 52 53 8,1,47,,794108,39,0,34 52 53 8,1,6,,794170,33,0,5 52 53 8,1,8,,794145,39,0,34 52 53 8,1,7,,794105,33,0,5 52 53 8,1,5,,794116,39,0,34 52 53 8,1,6,,794127,33,0,5 52 53 8,1,9,,794157,39,0,34 52 53 8,1,8,,794081,33,0,5 52 53 8,1,49,,608657,39,0,34 52 53 8,1,8,,757263,33,0,5 52 53 8,1,9,,664224,39,0,34 52 53 8,1,8,,794072,33,0,5 52 53 8,1,9,,794121,39,0,34 52 53 8,1,8,,794060,33,0,5 52 53 8,1,9,,794091,39,0,34 52 53 8,1,48,,794103,33,0,5 52 53 8,1,9,,794106,39,0,34 52 53 8,1,8,,794133,33,0,5 52 53 8,1,9,,762236,39,0,34 52 53 8,1,8,,794150,33,0,5 52 53 8,1,9,,794101,39,0,34 52 53 8,1,8,,779131,33,0,5 52 53 8,1,49,,794062,39,0,34 52 53 8,1,10,,794099,33,0,5 52 53 8,1,10,,794061,39,0,34 52 53 8,1,8,,794135,33,0,5 52 53 8,1,9,,710687,39,0,34 52 53 8,1,8,,794102,33,0,5 52 53 8,1,9,,794137,39,0,34 52 53 8,1,48,,794111,33,0,5 52 53 8,1,9,,794076,39,0,34 52 53 8,1,8,,794159,33,0,5 52 53 8,1,8,,794131,39,0,34 52 53 8,1,9,,794164,33,0,5 52 53 8,1,8,,794160,39,0,34 52 53 8,1,9,,794161,33,0,5 52 53 8,1,48,,794119,39,0,34 52 53 8,1,9,,794154,33,0,5 52 53 8,1,8,,794173,39,0,34 52 53 8,1,6,,719597,33,0,5 52 53 8,1,8,,794063,39,0,34 52 53 8,1,9,,794074,33,0,5 52 53 8,1,8,,750113,39,0,34 52 53 8,1,49,,794100,33,0,5 52 53 8,1,7,,759115,39,0,34 52 53 8,1,9,,772832,33,0,5 52 53 8,1,7,,794083,39,0,34 52 53 8,1,8,,794167,33,0,5 52 53 8,1,7,,794104,39,0,34 52 53 8,1,8,,794138,33,0,5 52 53 8,1,7,,794086,39,0,34 52 53 8,1,48,,794158,33,0,5 52 53 8,1,7,,794077,39,0,34 52 53 8,1,8,,794064,33,0,5 52 53 8,1,7,,700641,39,0,34 52 53 8,1,8,,794110,33,0,5 52 53 8,1,7,,777334,39,0,34 52 53 8,1,8,,794092,33,0,5 52 53 8,1,7,,794079,39,0,34 52 53 8,1,48,,794071,33,0,5 52 53 8,1,7,,794088,39,0,34 52 53 8,1,4,,794089,33,0,5 52 53 8,1,7,,735007,39,0,34 52 53 8,1,7,,794155,33,0,5 52 53 8,1,7,,734817,39,0,34 52 53 8,1,7,,794166,33,0,5 52 53 8,1,7,,794144,39,0,34 52 53 8,1,8,,794123,33,0,5 52 53 8,1,47,,794146,39,0,34 52 53 8,1,8,,794082,33,0,5 52 53 8,1,7,,794073,39,0,34 52 53 8,1,8,,794058,33,0,5 52 53 8,1,7,,750739,39,0,34 52 53 8,1,8,,794149,33,0,5 52 53 8,1,7,,794090,39,0,34 52 53 8,1,8,,794174,33,0,5 52 53 8,1,47,,794068,39,0,34 52 53 8,1,5,,794085,33,0,5 52 53 8,1,4,,794156,39,0,34 52 53 8,1,6,,794172,33,0,5 52 53 8,1,7,,794066,39,0,34 52 53 8,1,6,,794084,33,0,5 52 53 8,1,9,,716219,39,0,34 52 53 8,1,8,,631276,33,0,5 52 53 8,1,9,,794065,39,0,34 52 53 8,1,48,,794078,33,0,5 52 53 8,1,9,,794162,39,0,34 52 53 8,1,8,,794097,33,0,5 52 53 8,1,9,,794139,39,0,34 52 53 8,1,8,,757484,33,0,5 52 53 8,1,9,,794129,39,0,34 52 53 8,1,8,,794124,33,0,5 52 53 8,1,49,,794120,39,0,34 52 53 8,1,8,,794070,33,0,5 52 53 8,1,9,,794059,39,0,34 52 53 8,1,8,,794096,33,0,5 52 53 8,1,9,,736059,39,0,34 52 53 8,1,7,,794114,33,0,5 52 53 8,1,10,,671159,39,0,34 52 53 8,1,48,,574681,33,0,5 52 53 8,1,4,,756789,39,0,34 52 53 8,1,10,,794095,33,0,5 52 53 8,1,9,,603392,39,0,34 52 53 8,1,10,,794142,33,0,5 52 53 8,1,10,,794122,39,0,34 52 53 8,1,10,,673510,33,0,5 52 53 8,1,50,,722637,39,0,34 52 53 8,1,10,,712246,33,0,5 52 53 8,1,10,,794098,39,0,34 52 53 8,1,10,,778224,33,0,5 52 53 8,1,10,,699122,39,0,34 52 53 8,1,10,,794143,33,0,5 52 53 8,1,50,,794094,39,0,34 52 53 8,1,10,,794171,33,0,5 52 53 8,1,10,,764326,39,0,34 52 53 8,1,10,,794125,33,0,5 52 53 8,1,10,,794118,39,0,34 52 53 8,1,9,,794113,33,0,5 52 53 8,1,51,,794169,39,0,34 52 53 8,1,10,,794151,33,0,5 52 53 8,1,10,,794140,39,0,34 52 53 8,1,10,,794153,33,0,5 52 53 8,1,14,,773789,33,0,5 52 53 8,1,54,,794132,33,0,5 52 53 8,1,15,,794134,33,0,17 74,1
3504,'2',541,,794221,38,0,34 52 53 8,1,9,,794220,32,0,5 52 53 8,1,51,,794275,38,0,34 52 53 8,1,9,,794184,32,0,5 52 53 8,1,10,,794243,39,0,34 52 53 8,1,10,,794183,33,0,5 52 53 8,1,10,,794264,39,0,34 52 53 8,1,10,,794235,33,0,5 52 53 8,1,50,,656394,39,0,34 52 53 8,1,10,,728626,33,0,5 52 53 8,1,10,,794230,39,0,34 52 53 8,1,12,,794239,33,0,5 52 53 8,1,10,,693754,39,0,34 52 53 8,1,9,,794199,33,0,5 52 53 8,1,49,,794210,39,0,34 52 53 8,1,10,,722694,33,0,5 52 53 8,1,10,,697057,39,0,34 52 53 8,1,10,,794270,33,0,5 52 53 8,1,10,,794266,39,0,34 52 53 8,1,10,,794272,33,0,5 52 53 8,1,50,,794227,39,0,34 52 53 8,1,10,,721764,33,0,5 52 53 8,1,10,,794257,39,0,34 52 53 8,1,10,,776129,33,0,5 52 53 8,1,10,,794195,39,0,34 52 53 8,1,10,,794246,33,0,5 52 53 8,1,50,,794226,39,0,34 52 53 8,1,10,,794217,33,0,5 52 53 8,1,10,,794222,39,0,34 52 53 8,1,10,,794191,33,0,5 52 53 8,1,10,,794190,39,0,34 52 53 8,1,10,,794281,33,0,5 52 53 8,1,50,,794192,39,0,34 52 53 8,1,10,,724911,33,0,5 52 53 8,1,10,,708603,39,0,34 52 53 8,1,10,,794262,33,0,5 52 53 8,1,10,,794213,39,0,34 52 53 8,1,10,,794231,33,0,5 52 53 8,1,50,,794240,39,0,34 52 53 8,1,10,,723050,33,0,5 52 53 8,1,10,,754653,39,0,34 52 53 8,1,10,,794260,33,0,5 52 53 8,1,11,,794198,39,0,34 52 53 8,1,6,,794256,33,0,5 52 53 8,1,6,,794267,39,0,34 52 53 8,1,47,,794216,33,0,5 52 53 8,1,8,,794193,39,0,34 52 53 8,1,7,,794244,33,0,5 52 53 8,1,8,,794274,39,0,34 52 53 8,1,7,,794180,33,0,5 52 53 8,1,8,,794209,39,0,34 52 53 8,1,7,,794234,33,0,5 52 53 8,1,8,,794186,39,0,34 52 53 8,1,47,,697102,33,0,5 52 53 8,1,8,,794282,39,0,34 52 53 8,1,7,,794187,33,0,5 52 53 8,1,8,,777011,39,0,34 52 53 8,1,7,,794185,33,0,5 52 53 8,1,8,,681452,39,0,34 52 53 8,1,7,,794265,33,0,5 52 53 8,1,8,,794208,39,0,34 52 53 8,1,47,,794179,33,0,5 52 53 8,1,8,,697822,39,0,34 52 53 8,1,7,,794278,33,0,5 52 53 8,1,8,,794177,39,0,34 52 53 8,1,7,,794205,33,0,5 52 53 8,1,8,,794236,39,0,34 52 53 8,1,7,,794196,33,0,5 52 53 8,1,8,,794211,39,0,34 52 53 8,1,47,,647272,33,0,5 52 53 8,1,8,,734345,39,0,34 52 53 8,1,7,,794214,33,0,5 52 53 8,1,8,,794238,39,0,34 52 53 8,1,7,,794237,33,0,5 52 53 8,1,8,,794247,39,0,34 52 53 8,1,7,,775376,33,0,5 52 53 8,1,8,,657551,39,0,34 52 53 8,1,47,,794261,33,0,5 52 53 8,1,8,,794259,39,0,34 52 53 8,1,7,,794253,33,0,5 52 53 8,1,9,,794229,39,0,34 52 53 8,1,9,,794215,33,0,5 52 53 8,1,9,,794273,39,0,34 52 53 8,1,9,,794268,33,0,5 52 53 8,1,8,,794255,39,0,34 52 53 8,1,49,,794258,33,0,5 52 53 8,1,8,,794175,39,0,34 52 53 8,1,9,,708578,33,0,5 52 53 8,1,8,,794248,39,0,34 52 53 8,1,9,,720276,33,0,5 52 53 8,1,8,,794218,39,0,34 52 53 8,1,9,,794241,33,0,5 52 53 8,1,47,,794188,39,0,34 52 53 8,1,9,,794242,33,0,5 52 53 8,1,7,,794182,39,0,34 52 53 8,1,8,,794279,33,0,5 52 53 8,1,7,,794219,39,0,34 52 53 8,1,8,,794207,33,0,5 52 53 8,1,7,,794280,39,0,34 52 53 8,1,48,,794176,33,0,5 52 53 8,1,10,,794197,39,0,34 52 53 8,1,10,,749340,33,0,5 52 53 8,1,10,,794249,39,0,34 52 53 8,1,10,,794201,33,0,5 52 53 8,1,10,,794204,39,0,34 52 53 8,1,50,,794194,33,0,5 52 53 8,1,10,,794181,39,0,34 52 53 8,1,10,,722705,33,0,5 52 53 8,1,10,,794202,39,0,34 52 53 8,1,10,,717583,33,0,5 52 53 8,1,10,,738148,39,0,34 52 53 8,1,50,,794250,33,0,5 52 53 8,1,8,,794200,39,0,34 52 53 8,1,7,,794225,33,0,5 52 53 8,1,10,,794245,39,0,34 52 53 8,1,10,,794276,33,0,5 52 53 8,1,10,,794203,39,0,34 52 53 8,1,10,,794269,33,0,5 52 53 8,1,50,,664273,39,0,34 52 53 8,1,10,,794178,33,0,5 52 53 8,1,10,,794223,39,0,34 52 53 8,1,10,,794271,33,0,5 52 53 8,1,10,,794189,39,0,34 52 53 8,1,10,,794212,33,0,5 52 53 8,1,50,,769858,39,0,34 52 53 8,1,10,,794251,33,0,5 52 53 8,1,10,,794224,39,0,34 52 53 8,1,10,,794206,33,0,5 52 53 8,1,10,,794232,39,0,34 52 53 8,1,10,,794228,33,0,5 52 53 8,1,50,,680569,39,0,34 52 53 8,1,10,,794254,33,0,5 52 53 8,1,10,,712350,39,0,34 52 53 8,1,11,,794233,33,0,5 52 53 8,1,13,,794252,33,0,5 52 53 8,1,55,,794277,33,0,5 52 53 8,1,15,,794263,33,0,17 74,1
3504,'3',720,,794337,32,0,5 52 53 8,1,10,,794300,38,0,34 52 53 8,1,10,,794324,32,0,5 52 53 8,1,10,,794319,38,0,34 52 53 8,1,51,,794318,32,0,5 52 53 8,1,11,,743775,38,0,34 52 53 8,1,11,,794360,33,0,5 52 53 8,1,10,,794310,39,0,34 52 53 8,1,10,,763657,33,0,5 52 53 8,1,10,,794357,39,0,34 52 53 8,1,50,,702026,33,0,5 52 53 8,1,10,,794371,39,0,34 52 53 8,1,10,,794283,33,0,5 52 53 8,1,10,,794326,39,0,34 52 53 8,1,10,,794322,33,0,5 52 53 8,1,10,,794302,39,0,34 52 53 8,1,50,,730606,33,0,5 52 53 8,1,10,,794296,39,0,34 52 53 8,1,10,,794290,33,0,5 52 53 8,1,10,,794316,39,0,34 52 53 8,1,10,,794330,33,0,5 52 53 8,1,10,,794353,39,0,34 52 53 8,1,50,,794338,33,0,5 52 53 8,1,10,,697918,39,0,34 52 53 8,1,10,,794315,33,0,5 52 53 8,1,10,,794372,39,0,34 52 53 8,1,10,,794343,33,0,5 52 53 8,1,9,,794313,39,0,34 52 53 8,1,48,,794303,33,0,5 52 53 8,1,10,,767840,39,0,34 52 53 8,1,8,,794346,33,0,5 52 53 8,1,9,,794305,39,0,34 52 53 8,1,8,,794307,33,0,5 52 53 8,1,9,,794304,39,0,34 52 53 8,1,9,,742805,33,0,5 52 53 8,1,49,,794317,39,0,34 52 53 8,1,9,,794306,33,0,5 52 53 8,1,9,,794350,39,0,34 52 53 8,1,9,,794365,33,0,5 52 53 8,1,9,,680469,39,0,34 52 53 8,1,9,,794369,33,0,5 52 53 8,1,9,,794364,39,0,34 52 53 8,1,49,,794358,33,0,5 52 53 8,1,9,,794370,39,0,34 52 53 8,1,9,,794329,33,0,5 52 53 8,1,9,,794335,39,0,34 52 53 8,1,9,,794323,33,0,5 52 53 8,1,9,,794299,39,0,34 52 53 8,1,9,,794291,33,0,5 52 53 8,1,49,,794362,39,0,34 52 53 8,1,9,,794349,33,0,5 52 53 8,1,9,,794334,39,0,34 52 53 8,1,9,,747158,33,0,5 52 53 8,1,9,,794327,39,0,34 52 53 8,1,9,,794288,33,0,5 52 53 8,1,49,,761407,39,0,34 52 53 8,1,9,,704003,33,0,5 52 53 8,1,9,,730614,39,0,34 52 53 8,1,9,,794340,33,0,5 52 53 8,1,9,,744289,39,0,34 52 53 8,1,9,,794348,33,0,5 52 53 8,1,9,,794351,39,0,34 52 53 8,1,49,,794325,33,0,5 52 53 8,1,8,,768347,39,0,34 52 53 8,1,8,,794363,33,0,5 52 53 8,1,9,,794332,39,0,34 52 53 8,1,9,,794345,33,0,5 52 53 8,1,10,,794314,39,0,34 52 53 8,1,10,,794333,33,0,5 52 53 8,1,50,,794341,39,0,34 52 53 8,1,10,,699457,33,0,5 52 53 8,1,10,,794368,39,0,34 52 53 8,1,10,,794286,33,0,5 52 53 8,1,10,,662990,39,0,34 52 53 8,1,10,,794287,33,0,5 52 53 8,1,50,,794344,39,0,34 52 53 8,1,10,,794373,33,0,5 52 53 8,1,10,,794354,39,0,34 52 53 8,1,10,,739457,33,0,5 52 53 8,1,10,,743756,39,0,34 52 53 8,1,10,,794297,33,0,5 52 53 8,1,50,,794301,39,0,34 52 53 8,1,10,,794359,33,0,5 52 53 8,1,10,,794356,39,0,34 52 53 8,1,10,,746423,33,0,5 52 53 8,1,10,,762902,39,0,34 52 53 8,1,10,,794355,33,0,5 52 53 8,1,50,,751469,39,0,34 52 53 8,1,10,,794294,33,0,5 52 53 8,1,10,,794331,39,0,34 52 53 8,1,10,,794366,33,0,5 52 53 8,1,10,,794292,39,0,34 52 53 8,1,10,,794342,33,0,5 52 53 8,1,49,,794295,39,0,34 52 53 8,1,7,,794347,33,0,5 52 53 8,1,10,,794284,39,0,34 52 53 8,1,10,,794367,33,0,5 52 53 8,1,10,,732631,39,0,34 52 53 8,1,10,,794289,33,0,5 52 53 8,1,50,,730612,39,0,34 52 53 8,1,10,,794361,33,0,5 52 53 8,1,10,,794309,39,0,34 52 53 8,1,10,,794352,33,0,5 52 53 8,1,10,,794285,39,0,34 52 53 8,1,10,,794339,33,0,5 52 53 8,1,50,,794328,39,0,34 52 53 8,1,10,,716013,33,0,5 52 53 8,1,10,,727384,39,0,34 52 53 8,1,10,,794298,33,0,5 52 53 8,1,10,,794336,39,0,34 52 53 8,1,10,,794320,33,0,5 52 53 8,1,50,,794321,39,0,34 52 53 8,1,10,,794311,33,0,5 52 53 8,1,10,,659074,39,0,34 52 53 8,1,10,,794293,33,0,5 52 53 8,1,14,,716847,33,0,5 52 53 8,1,55,,794308,33,0,5 52 53 8,1,15,,794312,33,0,17 74,1
3504,'5',543,,794420,38,0,34 52 53 8,1,15,,794425,32,0,5 52 53 8,1,55,,794421,38,0,34 52 53 8,1,9,,591481,33,0,5 52 53 8,1,10,,794470,39,0,34 52 53 8,1,10,,794379,33,0,5 52 53 8,1,10,,794448,39,0,34 52 53 8,1,50,,698373,33,0,5 52 53 8,1,10,,794406,39,0,34 52 53 8,1,10,,794451,33,0,5 52 53 8,1,10,,722406,39,0,34 52 53 8,1,10,,794440,33,0,5 52 53 8,1,10,,707616,39,0,34 52 53 8,1,51,,794393,33,0,5 52 53 8,1,10,,794378,39,0,34 52 53 8,1,10,,794457,33,0,5 52 53 8,1,10,,794436,39,0,34 52 53 8,1,10,,727910,33,0,5 52 53 8,1,10,,794399,39,0,34 52 53 8,1,50,,794391,33,0,5 52 53 8,1,10,,794446,39,0,34 52 53 8,1,10,,794405,33,0,5 52 53 8,1,10,,794396,39,0,34 52 53 8,1,10,,732282,33,0,5 52 53 8,1,10,,794453,39,0,34 52 53 8,1,50,,794445,33,0,5 52 53 8,1,10,,794442,39,0,34 52 53 8,1,10,,794389,33,0,5 52 53 8,1,10,,750376,39,0,34 52 53 8,1,10,,794433,33,0,5 52 53 8,1,10,,794424,39,0,34 52 53 8,1,50,,712913,33,0,5 52 53 8,1,10,,794384,39,0,34 52 53 8,1,10,,794437,33,0,5 52 53 8,1,10,,766279,39,0,34 52 53 8,1,10,,794382,33,0,5 52 53 8,1,9,,651248,39,0,34 52 53 8,1,48,,794412,33,0,5 52 53 8,1,10,,794455,39,0,34 52 53 8,1,8,,708920,33,0,5 52 53 8,1,9,,794411,39,0,34 52 53 8,1,8,,794447,33,0,5 52 53 8,1,9,,794438,39,0,34 52 53 8,1,9,,794450,33,0,5 52 53 8,1,49,,794463,39,0,34 52 53 8,1,9,,794452,33,0,5 52 53 8,1,9,,794417,39,0,34 52 53 8,1,9,,794385,33,0,5 52 53 8,1,9,,794395,39,0,34 52 53 8,1,9,,794434,33,0,5 52 53 8,1,9,,729046,39,0,34 52 53 8,1,49,,794402,33,0,5 52 53 8,1,9,,794390,39,0,34 52 53 8,1,9,,794461,33,0,5 52 53 8,1,9,,794394,39,0,34 52 53 8,1,9,,794388,33,0,5 52 53 8,1,9,,794377,39,0,34 52 53 8,1,9,,794397,33,0,5 52 53 8,1,49,,794426,39,0,34 52 53 8,1,9,,794471,33,0,5 52 53 8,1,9,,702184,39,0,34 52 53 8,1,9,,794432,33,0,5 52 53 8,1,9,,794419,39,0,34 52 53 8,1,9,,794459,33,0,5 52 53 8,1,49,,794460,39,0,34 52 53 8,1,9,,794466,33,0,5 52 53 8,1,9,,751484,39,0,34 52 53 8,1,9,,794398,33,0,5 52 53 8,1,9,,794431,39,0,34 52 53 8,1,9,,794403,33,0,5 52 53 8,1,9,,794474,39,0,34 52 53 8,1,49,,794380,33,0,5 52 53 8,1,8,,794376,39,0,34 52 53 8,1,8,,728526,33,0,5 52 53 8,1,9,,794428,39,0,34 52 53 8,1,9,,794439,33,0,5 52 53 8,1,10,,794462,39,0,34 52 53 8,1,10,,794413,33,0,5 52 53 8,1,50,,794374,39,0,34 52 53 8,1,10,,794465,33,0,5 52 53 8,1,10,,794427,39,0,34 52 53 8,1,10,,794414,33,0,5 52 53 8,1,10,,794423,39,0,34 52 53 8,1,10,,719518,33,0,5 52 53 8,1,50,,794400,39,0,34 52 53 8,1,10,,794381,33,0,5 52 53 8,1,10,,794392,39,0,34 52 53 8,1,10,,613842,33,0,5 52 53 8,1,10,,794422,39,0,34 52 53 8,1,10,,794473,33,0,5 52 53 8,1,50,,794404,39,0,34 52 53 8,1,10,,720473,33,0,5 52 53 8,1,10,,794407,39,0,34 52 53 8,1,10,,794386,33,0,5 52 53 8,1,10,,726052,39,0,34 52 53 8,1,10,,794458,33,0,5 52 53 8,1,50,,794410,39,0,34 52 53 8,1,10,,769563,33,0,5 52 53 8,1,10,,794409,39,0,34 52 53 8,1,10,,794401,33,0,5 52 53 8,1,10,,703236,39,0,34 52 53 8,1,10,,794475,33,0,5 52 53 8,1,49,,794472,39,0,34 52 53 8,1,7,,794469,33,0,5 52 53 8,1,10,,717208,39,0,34 52 53 8,1,10,,794430,33,0,5 52 53 8,1,10,,794375,39,0,34 52 53 8,1,10,,751944,33,0,5 52 53 8,1,50,,794415,39,0,34 52 53 8,1,10,,794441,33,0,5 52 53 8,1,10,,794416,39,0,34 52 53 8,1,10,,794454,33,0,5 52 53 8,1,10,,794387,39,0,34 52 53 8,1,10,,702048,33,0,5 52 53 8,1,50,,794408,39,0,34 52 53 8,1,10,,794418,33,0,5 52 53 8,1,10,,794468,39,0,34 52 53 8,1,10,,794435,33,0,5 52 53 8,1,10,,794444,39,0,34 52 53 8,1,10,,794383,33,0,5 52 53 8,1,50,,635286,39,0,34 52 53 8,1,10,,794429,33,0,5 52 53 8,1,10,,794464,39,0,34 52 53 8,1,10,,794456,33,0,5 52 53 8,1,14,,794443,33,0,5 52 53 8,1,55,,794449,33,0,5 52 53 8,1,15,,794467,33,0,17 74,1
33504,'1',512,,858597,36,0,11 12 75 15,1,2122,,605491,33,0,11 12 75 15,1,18,,858594,33,0,11 12 75 15,1,60,,858595,36,0,11 12 75 15,1,20,,858600,36,0,11 12 75 15,1,20,,858596,36,0,11 12 75 15,1,60,,858598,36,0,11 12 75 15,1,20,,624471,36,0,11 12 75 15,1,20,,858593,36,0,11 12 75 15,1
33504,'2',512,,732126,36,0,11 12 75 15,1,16,,858605,36,0,11 12 75 15,1,2106,,858607,33,0,11 12 75 15,1,18,,858602,33,0,11 12 75 15,1,60,,858608,36,0,11 12 75 15,1,20,,858604,36,0,11 12 75 15,1,20,,665544,36,0,11 12 75 15,1,60,,687964,36,0,11 12 75 15,1,20,,757899,36,0,11 12 75 15,1,20,,858603,36,0,11 12 75 15,1
33504,'3',512,,858615,36,0,11 12 75 15,1,20,,858612,36,0,11 12 75 15,1,26,,858618,36,0,11 12 75 15,1,61,,725974,36,0,11 12 75 15,1,20,,630284,36,0,11 12 75 15,1,20,,858621,36,0,11 12 75 15,1,1975,,858620,33,0,11 12 75 15,1,18,,858623,33,0,11 12 75 15,1,60,,858610,36,0,11 12 75 15,1,20,,858622,36,0,11 12 75 15,1,20,,858613,36,0,11 12 75 15,1,60,,858611,36,0,11 12 75 15,1,20,,858616,36,0,11 12 75 15,1,20,,702569,36,0,11 12 75 15,1
33504,'5',512,,858626,36,0,11 12 75 15,1,16,,858628,36,0,11 12 75 15,1,2106,,858625,33,0,11 12 75 15,1,18,,858624,33,0,11 12 75 15,1,60,,858629,36,0,11 12 75 15,1,20,,673649,36,0,11 12 75 15,1,20,,770012,36,0,11 12 75 15,1,60,,858632,36,0,11 12 75 15,1,20,,858631,36,0,11 12 75 15,1,20,,748855,36,0,11 12 75 15,1
93504,'1',523,,865481,12,0,75 8,1,13,,758145,12,0,75 8,1,14,,865515,12,0,75 8,1,52,,865487,12,0,75 8,1,12,,735048,11,0,75 8,1,10,,865511,11,0,75 8,1,10,,865508,11,0,75 8,1,10,,865484,11,0,75 8,1,10,,865498,11,0,75 8,1,52,,735046,11,0,75 8,1,10,,865483,11,0,75 8,1,10,,865519,11,0,75 8,1,10,,865492,11,0,75 8,1,10,,755667,11,0,75 8,1,10,,865528,11,0,75 8,1,50,,865530,11,0,75 8,1,10,,865466,11,0,75 8,1,10,,865507,11,0,75 8,1,10,,865506,11,0,75 8,1,10,,865510,11,0,75 8,1,10,,865513,11,0,75 8,1,49,,865463,11,0,75 8,1,10,,865465,11,0,75 8,1,10,,865489,11,0,75 8,1,12,,758154,11,0,75 8,1,12,,694148,11,0,75 8,1,52,,865491,11,0,75 8,1,12,,865473,11,0,75 8,1,12,,865522,11,0,75 8,1,12,,660100,11,0,75 8,1,12,,865495,11,0,75 8,1,52,,865500,11,0,75 8,1,12,,865478,11,0,75 8,1,12,,865472,11,0,75 8,1,12,,865526,11,0,75 8,1,12,,865525,11,0,75 8,1,53,,865494,11,0,75 8,1,12,,865490,11,0,75 8,1,12,,865493,11,0,75 8,1,10,,865477,11,0,75 8,1,10,,865503,11,0,75 8,1,10,,865509,11,0,75 8,1,50,,865523,11,0,75 8,1,10,,764782,11,0,75 8,1,10,,711870,11,0,75 8,1,10,,737033,11,0,75 8,1,10,,865504,11,0,75 8,1,10,,865497,11,0,75 8,1,50,,865482,11,0,75 8,1,10,,493727,11,0,75 8,1,10,,865468,11,0,75 8,1,16,,742999,11,0,75 8,1,14,,865529,11,0,75 8,1,50,,865471,11,0,75 8,1,10,,585024,11,0,75 8,1,10,,865496,11,0,75 8,1,10,,865480,11,0,75 8,1,10,,865458,11,0,75 8,1,10,,865524,11,0,75 8,1,50,,610846,11,0,75 8,1,10,,865460,11,0,75 8,1,10,,865467,11,0,75 8,1,10,,865475,11,0,75 8,1,10,,865485,11,0,75 8,1,10,,865512,11,0,75 8,1,50,,744734,11,0,75 8,1,7,,625459,11,0,75 8,1,10,,865514,11,0,75 8,1,9,,865521,11,0,75 8,1,10,,779088,11,0,75 8,1,10,,690515,11,0,75 8,1,50,,865486,11,0,75 8,1,10,,865520,11,0,75 8,1,10,,865501,11,0,75 8,1,10,,865517,11,0,75 8,1,10,,865505,11,0,75 8,1,10,,865469,11,0,75 8,1,50,,865464,11,0,75 8,1,4,,865488,11,0,75 8,1,8,,865516,11,0,75 8,1,8,,865499,11,0,75 8,1,12,,865476,11,0,75 8,1,12,,865527,11,0,75 8,1,12,,865474,11,0,75 8,1,52,,676048,11,0,75 8,1,12,,460856,11,0,75 8,1,12,,865502,11,0,75 8,1,12,,865479,11,0,75 8,1,12,,865470,11,0,75 8,1,52,,665863,11,0,75 8,1,12,,865461,11,0,75 8,1,12,,865462,11,0,75 8,1,12,,865518,11,0,75 8,1,12,,865459,11,0,75 8,1,51,,865457,11,0,75 8,1,8,,699010,11,0,75 8,1
93504,'2',825,,865571,11,0,75 8,1,8,,865532,11,0,75 8,1,8,,865542,11,0,75 8,1,8,,865545,11,0,75 8,1,8,,865594,11,0,75 8,1,48,,865584,11,0,75 8,1,8,,865577,11,0,75 8,1,8,,865541,11,0,75 8,1,8,,865550,11,0,75 8,1,8,,689330,11,0,75 8,1,8,,722138,11,0,75 8,1,8,,865585,11,0,75 8,1,48,,694574,11,0,75 8,1,8,,865552,11,0,75 8,1,8,,865579,11,0,75 8,1,8,,865538,11,0,75 8,1,8,,865572,11,0,75 8,1,8,,865543,11,0,75 8,1,8,,865582,11,0,75 8,1,8,,647615,11,0,75 8,1,48,,865561,11,0,75 8,1,8,,865598,11,0,75 8,1,8,,865599,11,0,75 8,1,8,,865591,11,0,75 8,1,8,,865562,11,0,75 8,1,8,,865573,11,0,75 8,1,8,,865558,11,0,75 8,1,48,,865549,11,0,75 8,1,11,,865553,11,0,75 8,1,8,,865547,11,0,75 8,1,8,,699941,11,0,75 8,1,6,,865563,11,0,75 8,1,6,,865576,11,0,75 8,1,6,,865575,11,0,75 8,1,6,,705753,11,0,75 8,1,6,,865604,11,0,75 8,1,46,,865602,11,0,75 8,1,6,,865533,11,0,75 8,1,6,,865607,11,0,75 8,1,6,,865537,11,0,75 8,1,6,,689029,11,0,75 8,1,6,,865600,11,0,75 8,1,6,,865578,11,0,75 8,1,6,,865548,11,0,75 8,1,6,,865566,11,0,75 8,1,6,,865567,11,0,75 8,1,46,,715101,11,0,75 8,1,6,,865557,11,0,75 8,1,6,,865587,11,0,75 8,1,6,,865544,11,0,75 8,1,6,,865531,11,0,75 8,1,6,,865570,11,0,75 8,1,6,,865556,11,0,75 8,1,6,,709697,11,0,75 8,1,6,,865605,11,0,75 8,1,6,,865540,11,0,75 8,1,46,,865534,11,0,75 8,1,6,,865539,11,0,75 8,1,6,,865588,11,0,75 8,1,6,,865608,11,0,75 8,1,6,,865590,11,0,75 8,1,6,,735731,11,0,75 8,1,6,,762435,11,0,75 8,1,6,,865569,11,0,75 8,1,6,,865581,11,0,75 8,1,6,,865601,11,0,75 8,1,46,,696713,11,0,75 8,1,6,,865565,11,0,75 8,1,6,,865551,11,0,75 8,1,6,,865586,11,0,75 8,1,6,,865593,11,0,75 8,1,6,,865595,11,0,75 8,1,6,,747745,11,0,75 8,1,6,,754039,11,0,75 8,1,6,,865583,11,0,75 8,1,6,,865555,11,0,75 8,1,46,,865536,11,0,75 8,1,4,,676349,11,0,75 8,1,5,,733185,11,0,75 8,1,5,,865535,11,0,75 8,1,5,,865580,11,0,75 8,1,6,,865559,11,0,75 8,1,6,,865568,11,0,75 8,1,6,,773412,11,0,75 8,1,6,,771048,11,0,75 8,1,6,,865546,11,0,75 8,1,6,,865589,11,0,75 8,1,46,,865606,11,0,75 8,1,6,,865597,11,0,75 8,1,6,,717556,11,0,75 8,1,6,,865592,11,0,75 8,1,6,,865574,11,0,75 8,1,6,,865596,11,0,75 8,1,6,,865603,11,0,75 8,1,6,,865554,11,0,75 8,1,6,,700372,11,0,75 8,1,6,,865560,11,0,75 8,1,44,,865564,11,0,75 8,1,4,,715733,11,0,75 8,1,9,,632463,11,0,75 8,1
93504,'3',818,,865681,11,0,75 8,1,9,,865617,11,0,75 8,1,9,,865644,11,0,75 8,1,9,,865645,11,0,75 8,1,9,,865634,11,0,75 8,1,49,,865637,11,0,75 8,1,9,,865649,11,0,75 8,1,9,,865678,11,0,75 8,1,9,,865636,11,0,75 8,1,9,,865639,11,0,75 8,1,9,,865679,11,0,75 8,1,9,,692872,11,0,75 8,1,49,,865671,11,0,75 8,1,9,,865619,11,0,75 8,1,9,,865673,11,0,75 8,1,9,,649685,11,0,75 8,1,9,,712018,11,0,75 8,1,9,,865626,11,0,75 8,1,49,,680459,11,0,75 8,1,9,,865676,11,0,75 8,1,9,,865661,11,0,75 8,1,9,,865628,11,0,75 8,1,9,,865613,11,0,75 8,1,9,,865646,11,0,75 8,1,9,,865616,11,0,75 8,1,49,,865672,11,0,75 8,1,9,,731155,11,0,75 8,1,9,,865620,11,0,75 8,1,8,,865609,11,0,75 8,1,7,,865650,11,0,75 8,1,7,,865660,11,0,75 8,1,7,,865633,11,0,75 8,1,7,,865652,11,0,75 8,1,47,,865654,11,0,75 8,1,7,,865630,11,0,75 8,1,7,,865643,11,0,75 8,1,7,,712054,11,0,75 8,1,7,,865655,11,0,75 8,1,7,,748989,11,0,75 8,1,7,,752279,11,0,75 8,1,7,,865648,11,0,75 8,1,47,,865625,11,0,75 8,1,7,,865610,11,0,75 8,1,7,,865627,11,0,75 8,1,7,,865653,11,0,75 8,1,7,,865658,11,0,75 8,1,7,,768054,11,0,75 8,1,7,,865675,11,0,75 8,1,7,,865640,11,0,75 8,1,7,,865667,11,0,75 8,1,47,,865632,11,0,75 8,1,7,,628907,11,0,75 8,1,7,,865638,11,0,75 8,1,7,,865656,11,0,75 8,1,7,,865668,11,0,75 8,1,7,,865635,11,0,75 8,1,7,,865622,11,0,75 8,1,7,,865680,11,0,75 8,1,7,,748789,11,0,75 8,1,47,,634176,11,0,75 8,1,7,,865641,11,0,75 8,1,7,,865666,11,0,75 8,1,7,,865624,11,0,75 8,1,7,,865651,11,0,75 8,1,7,,647743,11,0,75 8,1,7,,865642,11,0,75 8,1,7,,865665,11,0,75 8,1,47,,865611,11,0,75 8,1,7,,865614,11,0,75 8,1,7,,865629,11,0,75 8,1,6,,865670,11,0,75 8,1,7,,865674,11,0,75 8,1,7,,865664,11,0,75 8,1,7,,865659,11,0,75 8,1,7,,865669,11,0,75 8,1,7,,865615,11,0,75 8,1,47,,865662,11,0,75 8,1,7,,865621,11,0,75 8,1,7,,865647,11,0,75 8,1,7,,865618,11,0,75 8,1,7,,865623,11,0,75 8,1,7,,865677,11,0,75 8,1,7,,865663,11,0,75 8,1,7,,865612,11,0,75 8,1,47,,865657,11,0,75 8,1,7,,865631,11,0,75 8,1,11,,734208,11,0,75 8,1
93504,'5',818,,865726,11,0,75 8,1,9,,865689,11,0,75 8,1,9,,649271,11,0,75 8,1,9,,671595,11,0,75 8,1,9,,865713,11,0,75 8,1,49,,865693,11,0,75 8,1,9,,761275,11,0,75 8,1,9,,692658,11,0,75 8,1,9,,865683,11,0,75 8,1,9,,865731,11,0,75 8,1,9,,865721,11,0,75 8,1,9,,865717,11,0,75 8,1,49,,865695,11,0,75 8,1,9,,865741,11,0,75 8,1,9,,865697,11,0,75 8,1,9,,865754,11,0,75 8,1,9,,865752,11,0,75 8,1,9,,865686,11,0,75 8,1,49,,865740,11,0,75 8,1,9,,865723,11,0,75 8,1,9,,865702,11,0,75 8,1,9,,768675,11,0,75 8,1,9,,865742,11,0,75 8,1,9,,865743,11,0,75 8,1,9,,865724,11,0,75 8,1,49,,865694,11,0,75 8,1,9,,753121,11,0,75 8,1,9,,865751,11,0,75 8,1,8,,692118,11,0,75 8,1,7,,865684,11,0,75 8,1,7,,865736,11,0,75 8,1,7,,865734,11,0,75 8,1,7,,865706,11,0,75 8,1,47,,865699,11,0,75 8,1,7,,865735,11,0,75 8,1,7,,865701,11,0,75 8,1,7,,865714,11,0,75 8,1,7,,865685,11,0,75 8,1,7,,865688,11,0,75 8,1,7,,865705,11,0,75 8,1,7,,865710,11,0,75 8,1,47,,865729,11,0,75 8,1,7,,865698,11,0,75 8,1,7,,865715,11,0,75 8,1,7,,865708,11,0,75 8,1,7,,865722,11,0,75 8,1,7,,865733,11,0,75 8,1,7,,865730,11,0,75 8,1,7,,715555,11,0,75 8,1,7,,865691,11,0,75 8,1,47,,865739,11,0,75 8,1,7,,759295,11,0,75 8,1,7,,865719,11,0,75 8,1,7,,865700,11,0,75 8,1,7,,865709,11,0,75 8,1,7,,865690,11,0,75 8,1,7,,733897,11,0,75 8,1,7,,865728,11,0,75 8,1,7,,865753,11,0,75 8,1,47,,865727,11,0,75 8,1,7,,865748,11,0,75 8,1,7,,725259,11,0,75 8,1,7,,865716,11,0,75 8,1,7,,865725,11,0,75 8,1,7,,865718,11,0,75 8,1,7,,865682,11,0,75 8,1,7,,865738,11,0,75 8,1,47,,865692,11,0,75 8,1,7,,865732,11,0,75 8,1,7,,765163,11,0,75 8,1,6,,865703,11,0,75 8,1,7,,865696,11,0,75 8,1,7,,865750,11,0,75 8,1,7,,865737,11,0,75 8,1,7,,865749,11,0,75 8,1,7,,865747,11,0,75 8,1,47,,865707,11,0,75 8,1,7,,713548,11,0,75 8,1,7,,727434,11,0,75 8,1,7,,865687,11,0,75 8,1,7,,865746,11,0,75 8,1,7,,865745,11,0,75 8,1,7,,865711,11,0,75 8,1,7,,865744,11,0,75 8,1,47,,865712,11,0,75 8,1,7,,865704,11,0,75 8,1,11,,865720,11,0,75 8,1
