3901,'1',554,,621371,27,0,34 61 16 3 144,1,50,,621362,27,0,5 57,1,10,,621342,27,0,34 61 16 3 144,1,10,,621359,27,0,5 57,1,9,,621448,27,0,34 61 16 3 144,1,9,,621440,27,0,5 57,1,7,,520646,27,0,34 61 16 3 144,1,8,,621452,27,0,5 57,1,48,,621380,27,0,34 61 16 3 144,1,9,,621403,27,0,5 57,1,9,,598407,27,0,34 61 16 3 144,1,9,,621447,27,0,5 57,1,9,,621319,27,0,34 61 16 3 144,1,9,,621317,27,0,5 57,1,9,,621348,27,0,34 61 16 3 144,1,49,,621366,27,0,5 57,1,9,,621412,27,0,34 61 16 3 144,1,9,,621402,27,0,5 57,1,9,,621437,27,0,34 61 16 3 144,1,9,,621333,27,0,5 57,1,8,,621389,27,0,34 61 16 3 144,1,49,,621351,27,0,5 57,1,9,,621426,27,0,34 61 16 3 144,1,9,,621326,27,0,5 57,1,9,,621421,27,0,34 61 16 3 144,1,9,,621391,27,0,5 57,1,9,,621382,27,0,34 61 16 3 144,1,9,,529434,27,0,5 57,1,49,,621344,27,0,34 61 16 3 144,1,9,,621339,27,0,5 57,1,9,,621387,27,0,34 61 16 3 144,1,9,,621370,27,0,5 57,1,9,,543689,27,0,34 61 16 3 144,1,9,,523550,27,0,5 57,1,9,,621393,27,0,34 61 16 3 144,1,49,,621365,27,0,5 57,1,9,,530753,27,0,34 61 16 3 144,1,9,,621320,27,0,5 57,1,9,,621429,27,0,34 61 16 3 144,1,9,,621315,27,0,5 57,1,9,,621420,27,0,34 61 16 3 144,1,49,,539240,27,0,5 57,1,9,,621428,27,0,34 61 16 3 144,1,9,,621369,27,0,5 57,1,9,,621432,27,0,34 61 16 3 144,1,9,,621318,27,0,5 57,1,9,,621419,27,0,34 61 16 3 144,1,9,,621436,27,0,5 57,1,49,,621406,27,0,34 61 16 3 144,1,9,,621439,27,0,5 57,1,9,,503448,27,0,34 61 16 3 144,1,9,,517171,27,0,5 57,1,9,,621386,27,0,34 61 16 3 144,1,8,,621353,27,0,5 57,1,8,,621345,27,0,34 61 16 3 144,1,49,,621392,27,0,5 57,1,9,,621383,27,0,34 61 16 3 144,1,9,,621355,27,0,5 57,1,9,,562120,27,0,34 61 16 3 144,1,9,,621446,27,0,5 57,1,9,,621404,27,0,34 61 16 3 144,1,9,,549843,27,0,5 57,1,49,,595195,27,0,34 61 16 3 144,1,9,,621346,27,0,5 57,1,9,,621405,27,0,34 61 16 3 144,1,9,,621395,27,0,5 57,1,9,,621373,27,0,34 61 16 3 144,1,9,,621411,27,0,5 57,1,49,,621438,27,0,34 61 16 3 144,1,9,,621427,27,0,5 57,1,9,,527531,27,0,34 61 16 3 144,1,9,,591002,27,0,5 57,1,9,,511859,27,0,34 61 16 3 144,1,9,,556724,27,0,5 57,1,9,,621361,27,0,34 61 16 3 144,1,49,,564148,27,0,5 57,1,9,,621414,27,0,34 61 16 3 144,1,9,,621388,27,0,5 57,1,9,,621431,27,0,34 61 16 3 144,1,9,,621444,27,0,5 57,1,9,,621434,27,0,34 61 16 3 144,1,9,,490326,27,0,5 57,1,49,,621408,27,0,34 61 16 3 144,1,9,,621397,27,0,5 57,1,9,,621352,27,0,34 61 16 3 144,1,7,,513310,27,0,5 57,1,7,,621364,27,0,34 61 16 3 144,1,7,,621327,27,0,5 57,1,7,,621375,27,0,34 61 16 3 144,1,49,,621401,27,0,5 57,1,9,,621336,27,0,34 61 16 3 144,1,9,,621433,27,0,5 57,1,9,,621340,27,0,34 61 16 3 144,1,9,,621349,27,0,5 57,1,9,,621368,27,0,34 61 16 3 144,1,9,,621347,27,0,5 57,1,49,,539664,27,0,34 61 16 3 144,1,9,,621367,27,0,5 57,1,9,,621409,27,0,34 61 16 3 144,1,9,,621449,27,0,5 57,1,9,,621354,27,0,34 61 16 3 144,1,7,,621430,27,0,5 57,1,7,,621357,27,0,34 61 16 3 144,1,49,,621453,27,0,5 57,1,9,,621338,27,0,34 61 16 3 144,1,9,,621379,27,0,5 57,1,9,,515182,27,0,34 61 16 3 144,1,9,,621358,27,0,5 57,1,9,,585710,27,0,34 61 16 3 144,1,9,,621329,27,0,5 57,1,49,,621374,27,0,34 61 16 3 144,1,9,,621418,27,0,5 57,1,9,,621413,27,0,34 61 16 3 144,1,9,,395752,27,0,5 57,1,9,,621312,27,0,34 61 16 3 144,1,9,,621384,27,0,5 57,1,49,,524300,27,0,34 61 16 3 144,1,8,,621399,27,0,5 57,1,5,,621335,27,0,34 61 16 3 144,1,8,,528630,27,0,5 57,1,9,,579150,27,0,34 61 16 3 144,1,9,,621451,27,0,5 57,1,9,,621435,27,0,34 61 16 3 144,1,9,,621350,27,0,5 57,1,49,,621441,27,0,34 61 16 3 144,1,9,,621442,27,0,5 57,1,9,,513768,27,0,34 61 16 3 144,1,9,,569269,27,0,5 57,1,9,,621417,27,0,34 61 16 3 144,1,9,,621363,27,0,5 57,1,49,,621330,27,0,34 61 16 3 144,1,9,,621323,27,0,5 57,1,9,,621332,27,0,34 61 16 3 144,1,9,,621377,27,0,5 57,1,15,,496924,27,0,34 61 16 3 144,1,14,,621396,27,0,5 57,1,55,,543669,27,0,34 61 16 3 144,1,15,,475606,27,0,5 57,1,15,,621378,27,0,34 61 16 3 144,1
3901,'2',602,,521073,27,0,5 57,1,7,,621519,27,0,34 61 16 3 144,1,8,,556771,27,0,5 57,1,7,,588643,27,0,34 61 16 3 144,1,8,,621513,27,0,5 57,1,7,,528229,27,0,34 61 16 3 144,1,8,,621485,27,0,5 57,1,7,,542450,27,0,34 61 16 3 144,1,48,,621497,27,0,5 57,1,7,,588641,27,0,34 61 16 3 144,1,8,,621489,27,0,5 57,1,7,,551816,27,0,34 61 16 3 144,1,6,,621502,27,0,5 57,1,9,,621487,27,0,34 61 16 3 144,1,9,,621486,27,0,5 57,1,9,,621524,27,0,34 61 16 3 144,1,49,,533770,27,0,5 57,1,10,,621534,27,0,34 61 16 3 144,1,10,,621544,27,0,5 57,1,10,,621542,27,0,34 61 16 3 144,1,10,,621531,27,0,5 57,1,10,,621543,27,0,34 61 16 3 144,1,50,,572194,27,0,5 57,1,10,,621526,27,0,34 61 16 3 144,1,10,,621540,27,0,5 57,1,10,,621565,27,0,34 61 16 3 144,1,10,,621523,27,0,5 57,1,10,,621460,27,0,34 61 16 3 144,1,50,,621525,27,0,5 57,1,8,,621535,27,0,34 61 16 3 144,1,10,,621553,27,0,5 57,1,10,,621479,27,0,34 61 16 3 144,1,11,,621488,27,0,5 57,1,10,,559891,27,0,34 61 16 3 144,1,50,,621538,27,0,5 57,1,10,,551570,27,0,34 61 16 3 144,1,10,,621573,27,0,5 57,1,10,,621483,27,0,34 61 16 3 144,1,10,,621532,27,0,5 57,1,10,,621506,27,0,34 61 16 3 144,1,50,,431319,27,0,5 57,1,10,,621463,27,0,34 61 16 3 144,1,10,,621481,27,0,5 57,1,10,,539135,27,0,34 61 16 3 144,1,10,,590583,27,0,5 57,1,10,,621476,27,0,34 61 16 3 144,1,50,,621471,27,0,5 57,1,5,,523231,27,0,17 55,1,5,,621512,27,0,34 61 16 3 144,1,10,,621492,27,0,5 57,1,10,,621454,27,0,34 61 16 3 144,1,10,,621564,27,0,5 57,1,10,,572139,27,0,34 61 16 3 144,1,50,,621568,27,0,5 57,1,10,,621462,27,0,34 61 16 3 144,1,10,,621557,27,0,5 57,1,10,,621541,27,0,34 61 16 3 144,1,10,,488426,27,0,5 57,1,10,,621570,27,0,34 61 16 3 144,1,50,,621493,27,0,5 57,1,10,,621517,27,0,34 61 16 3 144,1,10,,621457,27,0,5 57,1,10,,621537,27,0,34 61 16 3 144,1,5,,621456,27,0,17 55,1,5,,621491,27,0,5 57,1,10,,621550,27,0,34 61 16 3 144,1,50,,621461,27,0,5 57,1,10,,621467,27,0,34 61 16 3 144,1,10,,621499,27,0,5 57,1,10,,621500,27,0,34 61 16 3 144,1,10,,621554,27,0,5 57,1,9,,621563,27,0,34 61 16 3 144,1,50,,498426,27,0,5 57,1,10,,621473,27,0,34 61 16 3 144,1,10,,588633,27,0,5 57,1,10,,621518,27,0,34 61 16 3 144,1,10,,621551,27,0,5 57,1,10,,621516,27,0,34 61 16 3 144,1,50,,621475,27,0,5 57,1,10,,621522,27,0,34 61 16 3 144,1,10,,621539,27,0,5 57,1,10,,621520,27,0,34 61 16 3 144,1,10,,621562,27,0,5 57,1,10,,600403,27,0,34 61 16 3 144,1,50,,543790,27,0,5 57,1,10,,576966,27,0,34 61 16 3 144,1,10,,621508,27,0,5 57,1,10,,621572,27,0,34 61 16 3 144,1,10,,621480,27,0,5 57,1,10,,621571,27,0,34 61 16 3 144,1,49,,621478,27,0,5 57,1,8,,621552,27,0,34 61 16 3 144,1,10,,621549,27,0,5 57,1,10,,621458,27,0,34 61 16 3 144,1,10,,621521,27,0,5 57,1,10,,621536,27,0,34 61 16 3 144,1,49,,621509,27,0,5 57,1,9,,621546,27,0,34 61 16 3 144,1,10,,621511,27,0,5 57,1,10,,621548,27,0,34 61 16 3 144,1,10,,621566,27,0,5 57,1,10,,621468,27,0,34 61 16 3 144,1,10,,621529,27,0,5 57,1,50,,621490,27,0,34 61 16 3 144,1,10,,621569,27,0,5 57,1,10,,621464,27,0,34 61 16 3 144,1,10,,621494,27,0,5 57,1,10,,621556,27,0,34 61 16 3 144,1,10,,482266,27,0,5 57,1,44,,621567,27,0,17 55,1,5,,621472,27,0,34 61 16 3 144,1,7,,621561,27,0,5 57,1,7,,621505,27,0,34 61 16 3 144,1,7,,621514,27,0,5 57,1,8,,621501,27,0,34 61 16 3 144,1,7,,462702,27,0,5 57,1,8,,621530,27,0,34 61 16 3 144,1,7,,621482,27,0,5 57,1,48,,621510,27,0,34 61 16 3 144,1,7,,621474,27,0,5 57,1,8,,621547,27,0,34 61 16 3 144,1,7,,621560,27,0,5 57,1,8,,551237,27,0,34 61 16 3 144,1,7,,621504,27,0,5 57,1,8,,621465,27,0,34 61 16 3 144,1,7,,561462,27,0,5 57,1,48,,621533,27,0,34 61 16 3 144,1,7,,621496,27,0,5 57,1,8,,621527,27,0,34 61 16 3 144,1,9,,621555,27,0,5 57,1,13,,621466,27,0,34 61 16 3 144,1,14,,621455,27,0,5 57,1,55,,574811,27,0,34 61 16 3 144,1,15,,621559,27,0,5 57,1,15,,621498,27,0,34 61 16 3 144,1
3901,'3',604,,621613,27,0,5 57,1,15,,621669,27,0,34 61 16 3 144,1,10,,621679,27,0,5 57,1,10,,621689,27,0,34 61 16 3 144,1,10,,573321,27,0,5 57,1,10,,621597,27,0,34 61 16 3 144,1,50,,621586,27,0,5 57,1,10,,621582,27,0,34 61 16 3 144,1,10,,621645,27,0,5 57,1,10,,621603,27,0,34 61 16 3 144,1,10,,621651,27,0,5 57,1,10,,584422,27,0,34 61 16 3 144,1,51,,472418,27,0,5 57,1,10,,533025,27,0,34 61 16 3 144,1,10,,621661,27,0,5 57,1,10,,621610,27,0,34 61 16 3 144,1,10,,621602,27,0,5 57,1,50,,621673,27,0,34 61 16 3 144,1,10,,621686,27,0,5 57,1,10,,621628,27,0,34 61 16 3 144,1,10,,569356,27,0,5 57,1,10,,621577,27,0,34 61 16 3 144,1,10,,621620,27,0,5 57,1,50,,621680,27,0,34 61 16 3 144,1,10,,621654,27,0,5 57,1,10,,536591,27,0,34 61 16 3 144,1,10,,429164,27,0,5 57,1,10,,621621,27,0,34 61 16 3 144,1,10,,621584,27,0,5 57,1,50,,621666,27,0,34 61 16 3 144,1,10,,621596,27,0,5 57,1,10,,524003,27,0,34 61 16 3 144,1,10,,621678,27,0,5 57,1,8,,621676,27,0,34 61 16 3 144,1,11,,621657,27,0,5 57,1,7,,621681,27,0,34 61 16 3 144,1,51,,621639,27,0,5 57,1,10,,621627,27,0,34 61 16 3 144,1,10,,621604,27,0,5 57,1,10,,621626,27,0,34 61 16 3 144,1,10,,621674,27,0,5 57,1,10,,621659,27,0,34 61 16 3 144,1,50,,621593,27,0,5 57,1,10,,621575,27,0,34 61 16 3 144,1,10,,571185,27,0,5 57,1,10,,411303,27,0,34 61 16 3 144,1,10,,621664,27,0,5 57,1,10,,621578,27,0,34 61 16 3 144,1,50,,621615,27,0,5 57,1,10,,621585,27,0,34 61 16 3 144,1,5,,621638,27,0,17 55,1,5,,621660,27,0,5 57,1,10,,621640,27,0,34 61 16 3 144,1,10,,543922,27,0,5 57,1,10,,621619,27,0,34 61 16 3 144,1,50,,514205,27,0,5 57,1,5,,621611,27,0,17 55,1,5,,621653,27,0,34 61 16 3 144,1,5,,621662,27,0,17 55,1,5,,621648,27,0,5 57,1,10,,621665,27,0,34 61 16 3 144,1,10,,621601,27,0,5 57,1,10,,621684,27,0,34 61 16 3 144,1,50,,621672,27,0,5 57,1,10,,553784,27,0,34 61 16 3 144,1,10,,621581,27,0,5 57,1,10,,621634,27,0,34 61 16 3 144,1,10,,593812,27,0,5 57,1,10,,621656,27,0,34 61 16 3 144,1,50,,621612,27,0,5 57,1,10,,621599,27,0,34 61 16 3 144,1,10,,594538,27,0,5 57,1,10,,621652,27,0,34 61 16 3 144,1,10,,621618,27,0,5 57,1,10,,621635,27,0,34 61 16 3 144,1,50,,621649,27,0,5 57,1,10,,621641,27,0,34 61 16 3 144,1,10,,621592,27,0,5 57,1,10,,621650,27,0,34 61 16 3 144,1,10,,621588,27,0,5 57,1,10,,621622,27,0,34 61 16 3 144,1,51,,621609,27,0,5 57,1,11,,545386,27,0,34 61 16 3 144,1,3,,621587,27,0,17 55,1,6,,621655,27,0,17 55,1,2,,621614,27,0,5 57,1,11,,621687,27,0,34 61 16 3 144,1,10,,545357,27,0,5 57,1,50,,531548,27,0,34 61 16 3 144,1,10,,621671,27,0,5 57,1,10,,621642,27,0,34 61 16 3 144,1,10,,621598,27,0,5 57,1,10,,621589,27,0,34 61 16 3 144,1,10,,621667,27,0,5 57,1,50,,621670,27,0,34 61 16 3 144,1,10,,621683,27,0,5 57,1,10,,621630,27,0,34 61 16 3 144,1,10,,621607,27,0,5 57,1,10,,621617,27,0,34 61 16 3 144,1,10,,475493,27,0,5 57,1,51,,621633,27,0,34 61 16 3 144,1,9,,621608,27,0,5 57,1,8,,621605,27,0,34 61 16 3 144,1,8,,621685,27,0,5 57,1,5,,510925,27,0,5 57,1,4,,621688,27,0,34 61 16 3 144,1,8,,621675,27,0,5 57,1,9,,413412,27,0,34 61 16 3 144,1,48,,621668,27,0,5 57,1,9,,621644,27,0,34 61 16 3 144,1,8,,621629,27,0,5 57,1,9,,621583,27,0,34 61 16 3 144,1,8,,621636,27,0,5 57,1,9,,621594,27,0,34 61 16 3 144,1,8,,621576,27,0,5 57,1,49,,621624,27,0,34 61 16 3 144,1,8,,621590,27,0,5 57,1,9,,621625,27,0,34 61 16 3 144,1,8,,553781,27,0,5 57,1,9,,621631,27,0,34 61 16 3 144,1,8,,621579,27,0,5 57,1,9,,579528,27,0,34 61 16 3 144,1,48,,579046,27,0,5 57,1,9,,621600,27,0,34 61 16 3 144,1,8,,621580,27,0,5 57,1,9,,564243,27,0,34 61 16 3 144,1,5,,621647,27,0,5 57,1,13,,556329,27,0,34 61 16 3 144,1,14,,621663,27,0,5 57,1,55,,600136,27,0,34 61 16 3 144,1,15,,621632,27,0,5 57,1,15,,621637,27,0,34 61 16 3 144,1
3901,'5',604,,621787,27,0,5 57,1,15,,621725,27,0,34 61 16 3 144,1,10,,586939,27,0,5 57,1,10,,538813,27,0,34 61 16 3 144,1,10,,520090,27,0,5 57,1,10,,621734,27,0,34 61 16 3 144,1,50,,621790,27,0,5 57,1,10,,549778,27,0,34 61 16 3 144,1,10,,621755,27,0,5 57,1,10,,621764,27,0,34 61 16 3 144,1,10,,621700,27,0,5 57,1,10,,621712,27,0,34 61 16 3 144,1,52,,621798,27,0,5 57,1,10,,621745,27,0,34 61 16 3 144,1,9,,621795,27,0,5 57,1,10,,621691,27,0,34 61 16 3 144,1,10,,621743,27,0,5 57,1,50,,621694,27,0,34 61 16 3 144,1,10,,621711,27,0,5 57,1,10,,573818,27,0,34 61 16 3 144,1,10,,621785,27,0,5 57,1,10,,588474,27,0,34 61 16 3 144,1,10,,621747,27,0,5 57,1,50,,569733,27,0,34 61 16 3 144,1,10,,621713,27,0,5 57,1,10,,621774,27,0,34 61 16 3 144,1,10,,621732,27,0,5 57,1,10,,621714,27,0,34 61 16 3 144,1,10,,621771,27,0,5 57,1,50,,515881,27,0,34 61 16 3 144,1,10,,621728,27,0,5 57,1,10,,621756,27,0,34 61 16 3 144,1,10,,589244,27,0,5 57,1,8,,621719,27,0,34 61 16 3 144,1,11,,621794,27,0,5 57,1,7,,522145,27,0,34 61 16 3 144,1,51,,621773,27,0,5 57,1,10,,561636,27,0,34 61 16 3 144,1,10,,621695,27,0,5 57,1,10,,621759,27,0,34 61 16 3 144,1,10,,621758,27,0,5 57,1,10,,621726,27,0,34 61 16 3 144,1,50,,621730,27,0,5 57,1,10,,621722,27,0,34 61 16 3 144,1,10,,621721,27,0,5 57,1,10,,621704,27,0,34 61 16 3 144,1,10,,621748,27,0,5 57,1,10,,621738,27,0,34 61 16 3 144,1,50,,621791,27,0,5 57,1,10,,621757,27,0,34 61 16 3 144,1,5,,621692,27,0,17 55,1,5,,621699,27,0,5 57,1,10,,621788,27,0,34 61 16 3 144,1,10,,621696,27,0,5 57,1,10,,621760,27,0,34 61 16 3 144,1,50,,621768,27,0,5 57,1,5,,621707,27,0,17 55,1,5,,621742,27,0,34 61 16 3 144,1,5,,621690,27,0,17 55,1,5,,621796,27,0,5 57,1,10,,576869,27,0,34 61 16 3 144,1,10,,621754,27,0,5 57,1,10,,621701,27,0,34 61 16 3 144,1,50,,621793,27,0,5 57,1,10,,559701,27,0,34 61 16 3 144,1,10,,562403,27,0,5 57,1,10,,621720,27,0,34 61 16 3 144,1,10,,621762,27,0,5 57,1,10,,621705,27,0,34 61 16 3 144,1,50,,561079,27,0,5 57,1,10,,621777,27,0,34 61 16 3 144,1,10,,621770,27,0,5 57,1,10,,621710,27,0,34 61 16 3 144,1,10,,524792,27,0,5 57,1,10,,532217,27,0,34 61 16 3 144,1,50,,621733,27,0,5 57,1,10,,621780,27,0,34 61 16 3 144,1,10,,621706,27,0,5 57,1,10,,621739,27,0,34 61 16 3 144,1,10,,621715,27,0,5 57,1,10,,621741,27,0,34 61 16 3 144,1,51,,621782,27,0,5 57,1,11,,621737,27,0,34 61 16 3 144,1,4,,621703,27,0,17 55,1,5,,587781,27,0,17 55,1,2,,569173,27,0,5 57,1,11,,621744,27,0,34 61 16 3 144,1,10,,554260,27,0,5 57,1,50,,621702,27,0,34 61 16 3 144,1,10,,621724,27,0,5 57,1,10,,621784,27,0,34 61 16 3 144,1,10,,621786,27,0,5 57,1,10,,621740,27,0,34 61 16 3 144,1,10,,621723,27,0,5 57,1,50,,621718,27,0,34 61 16 3 144,1,10,,621746,27,0,5 57,1,10,,621767,27,0,34 61 16 3 144,1,10,,621698,27,0,5 57,1,10,,621697,27,0,34 61 16 3 144,1,10,,621709,27,0,5 57,1,49,,570600,27,0,34 61 16 3 144,1,9,,621752,27,0,5 57,1,10,,621761,27,0,34 61 16 3 144,1,8,,621729,27,0,5 57,1,9,,621763,27,0,34 61 16 3 144,1,8,,621735,27,0,5 57,1,9,,621751,27,0,34 61 16 3 144,1,48,,621765,27,0,5 57,1,9,,621776,27,0,34 61 16 3 144,1,8,,621693,27,0,5 57,1,9,,621716,27,0,34 61 16 3 144,1,8,,532203,27,0,5 57,1,9,,530700,27,0,34 61 16 3 144,1,8,,621783,27,0,5 57,1,49,,621769,27,0,34 61 16 3 144,1,8,,621753,27,0,5 57,1,9,,621778,27,0,34 61 16 3 144,1,8,,621766,27,0,5 57,1,9,,621717,27,0,34 61 16 3 144,1,8,,621772,27,0,5 57,1,9,,621736,27,0,34 61 16 3 144,1,48,,582781,27,0,5 57,1,9,,621749,27,0,34 61 16 3 144,1,8,,621727,27,0,5 57,1,7,,621775,27,0,34 61 16 3 144,1,7,,621750,27,0,5 57,1,13,,528448,27,0,34 61 16 3 144,1,14,,621708,27,0,5 57,1,55,,563705,27,0,34 61 16 3 144,1,15,,621792,27,0,5 57,1,15,,600587,27,0,34 61 16 3 144,1
33901,'1',539,,682324,27,0,11 12 175 63,1,2164,,563803,27,0,11 12 175 63,1,20,,682317,27,0,11 12 175 63,1,20,,682319,27,0,11 12 175 63,1,60,,682318,27,0,11 12 175 63,1,20,,461619,27,0,11 12 175 63,1,20,,682320,27,0,11 12 175 63,1,60,,682322,27,0,11 12 175 63,1,20,,682321,27,0,11 12 175 63,1
33901,'2',544,,682335,27,0,11 12 175 63,1,2159,,682337,27,0,11 12 175 63,1,20,,682331,27,0,11 12 175 63,1,20,,682333,27,0,11 12 175 63,1,60,,682334,27,0,11 12 175 63,1,20,,577751,27,0,11 12 175 63,1,20,,682329,27,0,11 12 175 63,1,60,,682338,27,0,11 12 175 63,1,20,,682332,27,0,11 12 175 63,1
33901,'3',546,,682349,27,0,11 12 175 63,1,2157,,682351,27,0,11 12 175 63,1,20,,682346,27,0,11 12 175 63,1,20,,682348,27,0,11 12 175 63,1,60,,682339,27,0,11 12 175 63,1,20,,682344,27,0,11 12 175 63,1,20,,682343,27,0,11 12 175 63,1,60,,682350,27,0,11 12 175 63,1,20,,682342,27,0,11 12 175 63,1
33901,'5',542,,682359,27,0,11 12 175 63,1,2161,,682354,27,0,11 12 175 63,1,20,,682362,27,0,11 12 175 63,1,20,,682360,27,0,11 12 175 63,1,60,,682357,27,0,11 12 175 63,1,20,,682358,27,0,11 12 175 63,1,20,,682353,27,0,11 12 175 63,1,60,,682361,27,0,11 12 175 63,1,20,,682365,27,0,11 12 175 63,1
93901,'1',629,,688914,14,0,34 55 8,1,16,,491169,14,0,34 55 8,1,6,,688940,9,0,28 59 176,1,6,,688872,14,0,34 55 8,1,46,,688898,9,0,28 59 176,1,6,,688950,14,0,34 55 8,1,6,,585326,9,0,28 59 176,1,6,,688900,14,0,34 55 8,1,6,,688963,9,0,28 59 176,1,6,,688952,14,0,34 55 8,1,6,,688935,9,0,28 59 176,1,6,,688875,14,0,34 55 8,1,6,,599113,9,0,28 59 176,1,7,,688859,14,0,34 55 8,1,46,,563773,9,0,28 59 176,1,7,,688947,14,0,34 55 8,1,6,,536740,9,0,28 59 176,1,6,,688863,14,0,34 55 8,1,6,,688971,9,0,28 59 176,1,6,,688933,14,0,34 55 8,1,6,,490570,9,0,28 59 176,1,6,,688905,14,0,34 55 8,1,7,,383979,9,0,28 59 176,1,50,,688870,14,0,34 55 8,1,6,,688857,9,0,28 59 176,1,10,,546943,14,0,34 55 8,1,9,,688893,9,0,5 55 8,1,11,,688942,14,0,34 55 8,1,9,,688901,9,0,5 55 8,1,10,,466365,14,0,34 55 8,1,50,,688906,9,0,5 55 8,1,10,,688897,14,0,34 55 8,1,10,,688885,9,0,5 55 8,1,10,,555107,14,0,34 55 8,1,10,,688955,9,0,5 55 8,1,10,,688853,14,0,34 55 8,1,50,,688917,9,0,5 55 8,1,10,,688973,14,0,34 55 8,1,10,,688911,9,0,5 55 8,1,10,,688919,14,0,34 55 8,1,10,,688852,9,0,5 55 8,1,10,,688937,14,0,34 55 8,1,50,,688877,9,0,5 55 8,1,10,,518562,14,0,34 55 8,1,10,,688904,9,0,5 55 8,1,10,,688964,14,0,34 55 8,1,10,,688873,9,0,5 55 8,1,10,,688879,14,0,34 55 8,1,50,,549536,9,0,5 55 8,1,10,,497201,14,0,34 55 8,1,10,,688924,9,0,5 55 8,1,10,,688867,14,0,34 55 8,1,10,,688956,9,0,5 55 8,1,10,,483071,14,0,34 55 8,1,50,,602914,9,0,5 55 8,1,11,,688946,14,0,34 55 8,1,7,,499147,9,0,28 59 176,1,8,,688968,14,0,34 55 8,1,7,,688949,9,0,28 59 176,1,8,,688957,14,0,34 55 8,1,7,,688890,9,0,28 59 176,1,48,,688972,14,0,34 55 8,1,7,,688858,9,0,28 59 176,1,8,,688930,14,0,34 55 8,1,7,,688881,9,0,28 59 176,1,8,,688969,14,0,34 55 8,1,7,,688925,9,0,28 59 176,1,8,,688961,14,0,34 55 8,1,7,,688865,9,0,28 59 176,1,48,,688965,14,0,34 55 8,1,7,,386090,9,0,28 59 176,1,8,,688894,14,0,34 55 8,1,7,,537105,9,0,28 59 176,1,8,,688959,14,0,34 55 8,1,7,,688896,9,0,28 59 176,1,8,,688899,14,0,34 55 8,1,7,,688953,9,0,28 59 176,1,48,,688882,14,0,34 55 8,1,7,,688941,9,0,28 59 176,1,8,,604074,14,0,34 55 8,1,7,,688869,9,0,28 59 176,1,8,,688931,14,0,34 55 8,1,7,,688861,9,0,28 59 176,1,8,,688938,14,0,34 55 8,1,7,,574714,9,0,28 59 176,1,48,,531857,14,0,34 55 8,1,7,,688902,9,0,28 59 176,1,8,,688913,14,0,34 55 8,1,7,,688876,9,0,28 59 176,1,8,,688912,14,0,34 55 8,1,7,,688939,9,0,28 59 176,1,8,,517671,14,0,34 55 8,1,7,,570336,9,0,28 59 176,1,48,,688923,14,0,34 55 8,1,7,,565299,9,0,28 59 176,1,8,,688880,14,0,34 55 8,1,6,,556157,9,0,5 55 8,1,9,,688908,14,0,34 55 8,1,10,,688910,14,0,34 55 8,1,0,,688883,9,0,5 55 8,1,10,,544430,14,0,34 55 8,1,50,,688860,9,0,5 55 8,1,10,,688871,14,0,34 55 8,1,10,,688960,9,0,5 55 8,1,10,,688922,14,0,34 55 8,1,10,,688945,9,0,5 55 8,1,10,,688948,14,0,34 55 8,1,50,,582878,9,0,5 55 8,1,10,,688921,14,0,34 55 8,1,10,,688932,9,0,5 55 8,1,10,,688864,14,0,34 55 8,1,10,,688951,9,0,5 55 8,1,10,,688916,14,0,34 55 8,1,50,,688868,9,0,5 55 8,1,10,,688943,14,0,34 55 8,1,13,,688855,9,0,5 55 8,1,12,,540544,9,0,5 55 8,1,15,,688927,9,0,5 55 8,1,55,,571453,9,0,5 55 8,1,15,,688888,9,0,5 55 8,1,15,,688878,9,0,5 55 8,1,15,,688866,9,0,5 55 8,1,55,,688884,9,0,5 55 8,1,15,,382714,9,0,5 55 8,1,15,,688895,9,0,5 55 8,1,15,,688862,9,0,5 55 8,1,60,,688887,9,0,5 55 8,1
93901,'2',838,,520665,9,0,5 55 8,1,8,,688986,14,0,34 55 8,1,10,,689026,9,0,5 55 8,1,50,,689035,14,0,34 55 8,1,10,,689009,9,0,5 55 8,1,10,,689015,14,0,34 55 8,1,10,,689038,9,0,5 55 8,1,10,,688997,14,0,34 55 8,1,10,,554460,9,0,5 55 8,1,50,,688990,14,0,34 55 8,1,10,,405097,9,0,5 55 8,1,10,,689025,14,0,34 55 8,1,10,,689017,9,0,5 55 8,1,10,,688985,14,0,34 55 8,1,10,,689019,9,0,5 55 8,1,50,,589542,14,0,34 55 8,1,10,,689027,9,0,5 55 8,1,10,,689033,14,0,34 55 8,1,9,,688981,9,0,5 55 8,1,10,,689024,14,0,34 55 8,1,10,,558879,9,0,5 55 8,1,50,,517906,14,0,34 55 8,1,10,,689013,9,0,5 55 8,1,10,,540580,14,0,34 55 8,1,10,,689014,9,0,5 55 8,1,10,,689021,14,0,34 55 8,1,10,,689007,9,0,5 55 8,1,50,,689031,14,0,34 55 8,1,10,,689010,9,0,5 55 8,1,10,,688995,14,0,34 55 8,1,10,,688999,9,0,5 55 8,1,10,,491773,14,0,34 55 8,1,10,,688989,9,0,5 55 8,1,50,,689028,14,0,34 55 8,1,10,,688975,9,0,5 55 8,1,10,,688982,14,0,34 55 8,1,10,,566196,9,0,5 55 8,1,10,,688993,14,0,34 55 8,1,10,,689034,9,0,5 55 8,1,50,,689006,14,0,34 55 8,1,10,,688978,9,0,5 55 8,1,10,,543726,14,0,34 55 8,1,10,,688979,9,0,5 55 8,1,10,,689002,14,0,34 55 8,1,10,,689029,9,0,5 55 8,1,50,,688980,14,0,34 55 8,1,10,,688988,9,0,5 55 8,1,10,,689005,14,0,34 55 8,1,10,,689001,9,0,5 55 8,1,10,,688998,14,0,34 55 8,1,10,,688992,9,0,5 55 8,1,50,,578191,14,0,34 55 8,1,10,,689012,9,0,5 55 8,1,10,,689036,14,0,34 55 8,1,10,,689000,9,0,5 55 8,1,10,,689020,14,0,34 55 8,1,10,,688974,9,0,5 55 8,1,50,,688977,14,0,34 55 8,1,10,,689023,9,0,5 55 8,1,10,,689030,14,0,34 55 8,1,10,,689039,9,0,5 55 8,1,10,,688991,14,0,34 55 8,1,10,,688976,9,0,5 55 8,1,50,,689003,14,0,34 55 8,1,10,,689011,9,0,5 55 8,1,10,,595145,14,0,34 55 8,1,10,,526302,9,0,5 55 8,1,15,,554076,9,0,5 55 8,1,55,,689016,9,0,5 55 8,1,15,,688994,9,0,5 55 8,1,15,,689008,9,0,5 55 8,1,15,,689018,9,0,5 55 8,1,55,,539717,9,0,5 55 8,1,15,,688983,9,0,5 55 8,1,15,,688996,9,0,5 55 8,1,15,,555751,9,0,5 55 8,1,55,,689004,9,0,5 55 8,1,13,,689032,9,0,5 55 8,1
93901,'3',814,,537720,9,0,5 55 8,1,8,,689045,14,0,34 55 8,1,10,,689061,9,0,5 55 8,1,10,,508749,14,0,34 55 8,1,10,,689079,9,0,5 55 8,1,50,,493634,14,0,34 55 8,1,10,,689052,9,0,5 55 8,1,10,,689077,14,0,34 55 8,1,10,,689070,9,0,5 55 8,1,10,,575491,14,0,34 55 8,1,10,,689058,9,0,5 55 8,1,50,,537620,14,0,34 55 8,1,10,,689042,9,0,5 55 8,1,10,,689071,14,0,34 55 8,1,10,,689103,9,0,5 55 8,1,10,,689098,14,0,34 55 8,1,10,,689083,9,0,5 55 8,1,50,,689063,14,0,34 55 8,1,10,,689074,9,0,5 55 8,1,14,,689094,14,0,34 55 8,1,10,,689040,9,0,5 55 8,1,10,,689057,14,0,34 55 8,1,10,,689068,9,0,5 55 8,1,50,,689096,14,0,34 55 8,1,10,,689053,9,0,5 55 8,1,10,,566714,14,0,34 55 8,1,10,,689048,9,0,5 55 8,1,10,,441748,14,0,34 55 8,1,10,,689065,9,0,5 55 8,1,50,,588450,14,0,34 55 8,1,10,,689080,9,0,5 55 8,1,10,,689051,14,0,34 55 8,1,10,,529047,9,0,5 55 8,1,10,,689088,14,0,34 55 8,1,10,,689107,9,0,5 55 8,1,50,,689087,14,0,34 55 8,1,10,,689067,9,0,5 55 8,1,10,,689084,14,0,34 55 8,1,10,,689072,9,0,5 55 8,1,10,,689092,14,0,34 55 8,1,10,,689050,9,0,5 55 8,1,50,,689101,14,0,34 55 8,1,10,,689091,9,0,5 55 8,1,10,,689056,14,0,34 55 8,1,10,,689102,9,0,5 55 8,1,10,,689062,14,0,34 55 8,1,10,,689081,9,0,5 55 8,1,50,,689043,14,0,34 55 8,1,10,,689090,9,0,5 55 8,1,10,,602394,14,0,34 55 8,1,10,,689105,9,0,5 55 8,1,10,,689055,14,0,34 55 8,1,10,,689059,9,0,5 55 8,1,50,,689089,14,0,34 55 8,1,10,,689093,9,0,5 55 8,1,10,,689049,14,0,34 55 8,1,10,,689078,9,0,5 55 8,1,10,,689086,14,0,34 55 8,1,10,,689073,9,0,5 55 8,1,50,,689097,14,0,34 55 8,1,10,,591252,9,0,5 55 8,1,10,,689075,14,0,34 55 8,1,10,,587871,9,0,5 55 8,1,10,,689085,14,0,34 55 8,1,10,,689095,9,0,5 55 8,1,50,,689104,14,0,34 55 8,1,10,,461709,9,0,5 55 8,1,10,,689099,14,0,34 55 8,1,12,,689100,9,0,5 55 8,1,17,,689044,14,0,34 55 8,1,49,,689082,9,0,5 55 8,1,13,,689108,9,0,5 55 8,1,13,,689069,9,0,5 55 8,1,13,,689064,9,0,5 55 8,1,13,,689054,9,0,5 55 8,1,53,,689047,9,0,5 55 8,1,13,,689041,9,0,5 55 8,1,13,,549053,9,0,5 55 8,1,13,,469702,9,0,5 55 8,1,53,,689076,9,0,5 55 8,1,14,,689060,9,0,5 55 8,1
93901,'5',832,,584341,9,0,5 55 8,1,10,,689116,14,0,34 55 8,1,10,,689120,9,0,5 55 8,1,50,,689161,14,0,34 55 8,1,10,,689158,9,0,5 55 8,1,10,,547621,14,0,34 55 8,1,10,,532812,9,0,5 55 8,1,10,,689168,14,0,34 55 8,1,10,,689148,9,0,5 55 8,1,50,,689163,14,0,34 55 8,1,10,,586941,9,0,5 55 8,1,10,,689146,14,0,34 55 8,1,10,,539481,9,0,5 55 8,1,10,,689109,14,0,34 55 8,1,10,,689118,9,0,5 55 8,1,50,,572559,14,0,34 55 8,1,10,,689112,9,0,5 55 8,1,14,,689159,14,0,34 55 8,1,10,,689136,9,0,5 55 8,1,10,,689160,14,0,34 55 8,1,10,,689151,9,0,5 55 8,1,50,,689127,14,0,34 55 8,1,10,,689131,9,0,5 55 8,1,10,,689140,14,0,34 55 8,1,10,,689132,9,0,5 55 8,1,10,,689137,14,0,34 55 8,1,10,,589324,9,0,5 55 8,1,50,,570200,14,0,34 55 8,1,10,,689144,9,0,5 55 8,1,10,,689141,14,0,34 55 8,1,10,,689164,9,0,5 55 8,1,10,,689123,14,0,34 55 8,1,10,,689145,9,0,5 55 8,1,50,,689115,14,0,34 55 8,1,10,,689167,9,0,5 55 8,1,10,,548695,14,0,34 55 8,1,10,,689152,9,0,5 55 8,1,10,,689150,14,0,34 55 8,1,10,,689155,9,0,5 55 8,1,50,,689133,14,0,34 55 8,1,10,,689114,9,0,5 55 8,1,10,,689117,14,0,34 55 8,1,10,,529166,9,0,5 55 8,1,10,,689156,14,0,34 55 8,1,10,,689162,9,0,5 55 8,1,50,,689128,14,0,34 55 8,1,10,,689165,9,0,5 55 8,1,10,,689153,14,0,34 55 8,1,10,,689157,9,0,5 55 8,1,10,,689113,14,0,34 55 8,1,10,,597873,9,0,5 55 8,1,50,,689121,14,0,34 55 8,1,10,,594387,9,0,5 55 8,1,10,,689125,14,0,34 55 8,1,10,,689170,9,0,5 55 8,1,10,,689143,14,0,34 55 8,1,10,,689122,9,0,5 55 8,1,50,,689134,14,0,34 55 8,1,10,,574048,9,0,5 55 8,1,10,,689130,14,0,34 55 8,1,10,,689138,9,0,5 55 8,1,10,,689166,14,0,34 55 8,1,10,,689129,9,0,5 55 8,1,50,,689142,14,0,34 55 8,1,10,,689147,9,0,5 55 8,1,10,,577615,14,0,34 55 8,1,12,,545462,9,0,5 55 8,1,17,,689126,14,0,34 55 8,1,47,,689119,9,0,5 55 8,1,15,,689149,9,0,5 55 8,1,13,,572441,9,0,5 55 8,1,13,,689169,9,0,5 55 8,1,13,,689110,9,0,5 55 8,1,53,,689111,9,0,5 55 8,1,13,,565767,9,0,5 55 8,1,13,,689154,9,0,5 55 8,1,13,,689171,9,0,5 55 8,1,53,,689139,9,0,5 55 8,1,14,,689124,9,0,5 55 8,1
