16502,'1',530,,853419,34,0,9,1,10,,853399,34,0,9,1,16,,853401,45,0,9,1,45,,853346,33,0,9,1,1,,611192,45,0,9,1,6,,853439,45,0,9,1,6,,853374,45,0,9,1,6,,723334,45,0,9,1,6,,853408,45,0,9,1,6,,853417,45,0,9,1,6,,853341,45,0,9,1,6,,751072,45,0,9,1,6,,853336,45,0,9,1,6,,673526,45,0,9,1,46,,853432,45,0,9,1,6,,742480,45,0,9,1,6,,853397,45,0,9,1,6,,748523,45,0,9,1,6,,744784,45,0,9,1,6,,853434,45,0,9,1,6,,717534,45,0,9,1,6,,853364,45,0,9,1,6,,731737,45,0,9,1,6,,755274,45,0,9,1,46,,853400,45,0,9,1,12,,853383,45,0,9,1,6,,853334,45,0,9,1,6,,853376,45,0,9,1,6,,853372,45,0,9,1,6,,621429,45,0,9,1,6,,703794,45,0,9,1,6,,853321,45,0,9,1,6,,853436,45,0,9,1,46,,625013,45,0,9,1,6,,853411,45,0,9,1,6,,853433,45,0,9,1,6,,692751,45,0,9,1,6,,853371,45,0,9,1,6,,853323,45,0,9,1,6,,853391,45,0,9,1,7,,853385,45,0,9,1,8,,853350,45,0,9,1,48,,853420,45,0,9,1,9,,853445,45,0,9,1,8,,853407,45,0,9,1,9,,743046,45,0,9,1,8,,853378,45,0,9,1,9,,674974,45,0,9,1,8,,853409,45,0,9,1,49,,853363,45,0,9,1,8,,755863,45,0,9,1,9,,733451,45,0,9,1,8,,853444,45,0,9,1,9,,853314,45,0,9,1,8,,853431,45,0,9,1,9,,853438,45,0,9,1,48,,853387,45,0,9,1,9,,853344,45,0,9,1,8,,853365,45,0,9,1,9,,853331,45,0,9,1,8,,853412,45,0,9,1,9,,853426,45,0,9,1,8,,853354,45,0,9,1,49,,736582,45,0,9,1,8,,853382,45,0,9,1,9,,853368,45,0,9,1,8,,853403,45,0,9,1,9,,759909,45,0,9,1,8,,853357,45,0,9,1,9,,744769,45,0,9,1,8,,853327,45,0,9,1,49,,853398,45,0,9,1,8,,853342,45,0,9,1,9,,697777,45,0,9,1,8,,853356,45,0,9,1,9,,853326,45,0,9,1,58,,689512,45,0,9,1,7,,853410,7,0,9,1,1,,853328,45,0,9,1,7,,706717,45,0,9,1,8,,699690,45,0,9,1,8,,853320,45,0,9,1,7,,853360,45,0,9,1,7,,853379,45,0,9,1,7,,853381,45,0,9,1,48,,853384,45,0,9,1,7,,755286,45,0,9,1,8,,853388,45,0,9,1,7,,750568,45,0,9,1,8,,853413,45,0,9,1,7,,853377,45,0,9,1,8,,853441,45,0,9,1,7,,745798,45,0,9,1,48,,853316,45,0,9,1,7,,853348,45,0,9,1,8,,853424,45,0,9,1,7,,582230,45,0,9,1,8,,853416,45,0,9,1,7,,853318,45,0,9,1,8,,853325,45,0,9,1,7,,615744,45,0,9,1,48,,853405,45,0,9,1,7,,853394,45,0,9,1,8,,767178,45,0,9,1,7,,853351,45,0,9,1,8,,853392,45,0,9,1,7,,853329,45,0,9,1,8,,687215,45,0,9,1,7,,853330,45,0,9,1,7,,853337,45,0,9,1,45,,853380,45,0,9,1,7,,853315,45,0,9,1,5,,853443,45,0,9,1,8,,695029,45,0,9,1,4,,691374,45,0,9,1,8,,853435,45,0,9,1,5,,853349,45,0,9,1,9,,853343,45,0,9,1,9,,853324,45,0,9,1,49,,853423,45,0,9,1,9,,747474,45,0,9,1,9,,853361,45,0,9,1,9,,853332,45,0,9,1,9,,853414,45,0,9,1,9,,853367,45,0,9,1,49,,853355,45,0,9,1,9,,853375,45,0,9,1,9,,756035,45,0,9,1,9,,853404,45,0,9,1,9,,753984,45,0,9,1,9,,853415,45,0,9,1,9,,853359,45,0,9,1,48,,853347,45,0,9,1,8,,853418,45,0,9,1,7,,853386,45,0,9,1,6,,853402,45,0,9,1,7,,637277,45,0,9,1,6,,853425,45,0,9,1,10,,853390,45,0,9,1,10,,705741,45,0,9,1,50,,853317,45,0,9,1,10,,853335,45,0,9,1,10,,853345,45,0,9,1,10,,853437,45,0,9,1,10,,853428,45,0,9,1,10,,853395,45,0,9,1,50,,776917,45,0,9,1,10,,853369,45,0,9,1,10,,853322,45,0,9,1,10,,853429,45,0,9,1,10,,853370,45,0,9,1,10,,853319,45,0,9,1,50,,853333,45,0,9,1,10,,853340,45,0,9,1,10,,853338,45,0,9,1,13,,853422,45,0,9,1,15,,853442,45,0,9,1,55,,853440,45,0,9,1,15,,853427,45,0,9,1,15,,853373,45,0,9,1
16502,'2',606,,853576,45,0,9,1,20,,853498,45,0,9,1,14,,853530,45,0,9,1,10,,853571,45,0,9,1,50,,853562,45,0,9,1,10,,853592,45,0,9,1,10,,758467,45,0,9,1,10,,853579,45,0,9,1,10,,853593,45,0,9,1,10,,853583,45,0,9,1,50,,853582,45,0,9,1,10,,853455,45,0,9,1,11,,743168,45,0,9,1,13,,853586,45,0,9,1,10,,853511,45,0,9,1,10,,853551,45,0,9,1,50,,748736,45,0,9,1,10,,853473,45,0,9,1,10,,853475,45,0,9,1,10,,618965,45,0,9,1,9,,853506,45,0,9,1,10,,853574,45,0,9,1,50,,853522,45,0,9,1,12,,853547,45,0,9,1,8,,853461,45,0,9,1,8,,853472,45,0,9,1,8,,853454,45,0,9,1,8,,853509,45,0,9,1,8,,853533,45,0,9,1,48,,853543,45,0,9,1,8,,853492,45,0,9,1,9,,853477,45,0,9,1,8,,713170,45,0,9,1,9,,853471,45,0,9,1,8,,853515,45,0,9,1,8,,853484,45,0,9,1,49,,853525,45,0,9,1,8,,853490,45,0,9,1,10,,853527,45,0,9,1,9,,748969,45,0,9,1,7,,853545,45,0,9,1,10,,853505,45,0,9,1,3,,853554,45,0,9,1,4,,706277,45,0,9,1,6,,853538,45,0,9,1,46,,853589,45,0,9,1,6,,603524,45,0,9,1,6,,853532,45,0,9,1,6,,853534,45,0,9,1,6,,699286,45,0,9,1,6,,853456,45,0,9,1,6,,853518,45,0,9,1,6,,853526,45,0,9,1,6,,853489,45,0,9,1,6,,654571,45,0,9,1,46,,853504,45,0,9,1,6,,853514,45,0,9,1,6,,853544,45,0,9,1,6,,853529,45,0,9,1,6,,746344,45,0,9,1,6,,853531,45,0,9,1,6,,716710,45,0,9,1,6,,853507,45,0,9,1,6,,853494,45,0,9,1,6,,853560,45,0,9,1,46,,853488,45,0,9,1,6,,853458,45,0,9,1,6,,853521,45,0,9,1,6,,853578,45,0,9,1,6,,853573,45,0,9,1,6,,853469,45,0,9,1,6,,853503,45,0,9,1,6,,853460,45,0,9,1,6,,853463,45,0,9,1,6,,853512,45,0,9,1,46,,853555,45,0,9,1,6,,853487,45,0,9,1,6,,853499,45,0,9,1,6,,853474,45,0,9,1,6,,584203,45,0,9,1,6,,853524,45,0,9,1,6,,853446,45,0,9,1,6,,853470,45,0,9,1,6,,763879,45,0,9,1,6,,853485,45,0,9,1,46,,853537,45,0,9,1,6,,853570,45,0,9,1,6,,853577,45,0,9,1,6,,626330,45,0,9,1,6,,853590,45,0,9,1,6,,853565,45,0,9,1,6,,853479,45,0,9,1,6,,853542,45,0,9,1,6,,516953,45,0,9,1,6,,853552,45,0,9,1,46,,853476,45,0,9,1,6,,853520,45,0,9,1,5,,853580,45,0,9,1,6,,853523,45,0,9,1,5,,743740,45,0,9,1,6,,853450,45,0,9,1,6,,732924,45,0,9,1,6,,853480,45,0,9,1,5,,853502,45,0,9,1,6,,853549,45,0,9,1,46,,766044,45,0,9,1,4,,853553,45,0,9,1,6,,853581,45,0,9,1,5,,853486,45,0,9,1,6,,853528,45,0,9,1,8,,853557,45,0,9,1,5,,853465,45,0,9,1,5,,853452,45,0,9,1,7,,853493,45,0,9,1,7,,749687,45,0,9,1,47,,853540,45,0,9,1,7,,853495,45,0,9,1,7,,853501,45,0,9,1,7,,853548,45,0,9,1,7,,853564,45,0,9,1,7,,705804,45,0,9,1,7,,853588,45,0,9,1,7,,853510,45,0,9,1,7,,853483,45,0,9,1,47,,853459,45,0,9,1,7,,853482,45,0,9,1,6,,853517,45,0,9,1,7,,853587,45,0,9,1,7,,853457,45,0,9,1,7,,853468,45,0,9,1,7,,853569,45,0,9,1,6,,853546,45,0,9,1,7,,853561,45,0,9,1,47,,853584,45,0,9,1,5,,853462,45,0,9,1,6,,853467,45,0,9,1,7,,853466,45,0,9,1,6,,853513,45,0,9,1,8,,853500,45,0,9,1,10,,744848,45,0,9,1,10,,853563,45,0,9,1,50,,853535,45,0,9,1,10,,629881,45,0,9,1,10,,777804,45,0,9,1,10,,853556,45,0,9,1,10,,853448,45,0,9,1,10,,853568,45,0,9,1,50,,853591,45,0,9,1,10,,718939,45,0,9,1,10,,853519,45,0,9,1,10,,853559,45,0,9,1,10,,853575,45,0,9,1,10,,853516,45,0,9,1,50,,853481,45,0,9,1,10,,853572,45,0,9,1,10,,752392,45,0,9,1,12,,853508,45,0,9,1,13,,853566,45,0,9,1,55,,853539,45,0,9,1,15,,670251,45,0,9,1,15,,853567,45,0,9,1
16502,'3',802,,757603,34,0,9,1,26,,853615,33,0,9,1,20,,765820,45,0,9,1,9,,716174,45,0,9,1,49,,853624,45,0,9,1,9,,853699,45,0,9,1,9,,767955,45,0,9,1,9,,853606,45,0,9,1,9,,853641,45,0,9,1,9,,853706,45,0,9,1,49,,853656,45,0,9,1,9,,853649,45,0,9,1,9,,853685,45,0,9,1,9,,853693,45,0,9,1,9,,733571,45,0,9,1,9,,853708,45,0,9,1,9,,853601,45,0,9,1,49,,853673,45,0,9,1,9,,853605,45,0,9,1,9,,853623,45,0,9,1,9,,853614,45,0,9,1,9,,712048,45,0,9,1,9,,853692,45,0,9,1,9,,739115,45,0,9,1,51,,853613,45,0,9,1,10,,853636,45,0,9,1,10,,853646,45,0,9,1,11,,853603,45,0,9,1,10,,853645,45,0,9,1,10,,853612,45,0,9,1,49,,853665,45,0,9,1,7,,853707,45,0,9,1,8,,853670,45,0,9,1,7,,853668,45,0,9,1,8,,773436,45,0,9,1,7,,853596,45,0,9,1,8,,853702,45,0,9,1,47,,853705,45,0,9,1,8,,853638,45,0,9,1,7,,705029,45,0,9,1,8,,853598,45,0,9,1,7,,853616,45,0,9,1,8,,853680,45,0,9,1,7,,853647,45,0,9,1,8,,853651,45,0,9,1,47,,853600,45,0,9,1,8,,853654,45,0,9,1,7,,853667,45,0,9,1,8,,853648,45,0,9,1,7,,853686,45,0,9,1,8,,853678,45,0,9,1,7,,853630,45,0,9,1,8,,853712,45,0,9,1,47,,853637,45,0,9,1,8,,773674,45,0,9,1,7,,853697,45,0,9,1,8,,853609,45,0,9,1,7,,853604,45,0,9,1,8,,853653,45,0,9,1,7,,853689,45,0,9,1,8,,758494,45,0,9,1,47,,853633,45,0,9,1,8,,853696,45,0,9,1,7,,853632,45,0,9,1,8,,853695,45,0,9,1,7,,853675,45,0,9,1,8,,641767,45,0,9,1,7,,747789,45,0,9,1,8,,693762,45,0,9,1,47,,853639,45,0,9,1,8,,853644,45,0,9,1,7,,853661,45,0,9,1,8,,744312,45,0,9,1,7,,853625,45,0,9,1,8,,702501,45,0,9,1,7,,853659,45,0,9,1,8,,853629,45,0,9,1,6,,853643,45,0,9,1,48,,853698,45,0,9,1,6,,853657,45,0,9,1,7,,853683,45,0,9,1,6,,777083,45,0,9,1,6,,853599,45,0,9,1,6,,853677,45,0,9,1,7,,853681,45,0,9,1,9,,853701,45,0,9,1,49,,853709,45,0,9,1,9,,853628,45,0,9,1,9,,853688,45,0,9,1,9,,853703,45,0,9,1,9,,853611,45,0,9,1,9,,853620,45,0,9,1,9,,853671,45,0,9,1,49,,853642,45,0,9,1,9,,743234,45,0,9,1,9,,696311,45,0,9,1,9,,853691,45,0,9,1,9,,853602,45,0,9,1,9,,853650,45,0,9,1,8,,853700,45,0,9,1,49,,853711,45,0,9,1,8,,853652,45,0,9,1,8,,749620,45,0,9,1,7,,853669,45,0,9,1,7,,853595,45,0,9,1,10,,853684,45,0,9,1,10,,853640,45,0,9,1,50,,853672,45,0,9,1,10,,853655,45,0,9,1,10,,853690,45,0,9,1,10,,853621,45,0,9,1,10,,853617,45,0,9,1,10,,738163,45,0,9,1,50,,853687,45,0,9,1,10,,853619,45,0,9,1,10,,853694,45,0,9,1,10,,853627,45,0,9,1,10,,694924,45,0,9,1,10,,853631,45,0,9,1,50,,853660,45,0,9,1,10,,853626,45,0,9,1,10,,853618,45,0,9,1,12,,853679,45,0,9,1,13,,853663,45,0,9,1,55,,853666,45,0,9,1,15,,853635,45,0,9,1,15,,853676,45,0,9,1
16502,'5',605,,853808,45,0,9,1,19,,853790,45,0,9,1,24,,611141,45,0,9,1,64,,708396,45,0,9,1,24,,853760,45,0,9,1,64,,853800,45,0,9,1,24,,853826,45,0,9,1,15,,853799,45,0,9,1,9,,853774,45,0,9,1,9,,853767,45,0,9,1,49,,853797,45,0,9,1,9,,853788,45,0,9,1,9,,853810,45,0,9,1,9,,853748,45,0,9,1,9,,853815,45,0,9,1,9,,853803,45,0,9,1,49,,853744,45,0,9,1,9,,708853,45,0,9,1,9,,853818,45,0,9,1,9,,853779,45,0,9,1,9,,853772,45,0,9,1,9,,704340,45,0,9,1,9,,853820,45,0,9,1,49,,853715,45,0,9,1,9,,853791,45,0,9,1,9,,853742,45,0,9,1,9,,742056,45,0,9,1,9,,853736,45,0,9,1,9,,853776,45,0,9,1,9,,853780,45,0,9,1,51,,853722,45,0,9,1,10,,853739,45,0,9,1,10,,853766,45,0,9,1,11,,853806,45,0,9,1,10,,853762,45,0,9,1,10,,853725,45,0,9,1,49,,755413,45,0,9,1,7,,853723,45,0,9,1,8,,853747,45,0,9,1,7,,628715,45,0,9,1,8,,853754,45,0,9,1,7,,853787,45,0,9,1,8,,757845,45,0,9,1,47,,853726,45,0,9,1,8,,700234,45,0,9,1,7,,853771,45,0,9,1,8,,853716,45,0,9,1,7,,853721,45,0,9,1,8,,750049,45,0,9,1,7,,853749,45,0,9,1,8,,853765,45,0,9,1,47,,853805,45,0,9,1,8,,668544,45,0,9,1,7,,853719,45,0,9,1,8,,853718,45,0,9,1,7,,853752,45,0,9,1,8,,853768,45,0,9,1,7,,755451,45,0,9,1,8,,853729,45,0,9,1,47,,673796,45,0,9,1,8,,853745,45,0,9,1,7,,631054,45,0,9,1,8,,853777,45,0,9,1,7,,853757,45,0,9,1,8,,853770,45,0,9,1,7,,853827,45,0,9,1,8,,853789,45,0,9,1,47,,853801,45,0,9,1,8,,853809,45,0,9,1,7,,853713,45,0,9,1,8,,853819,45,0,9,1,7,,853792,45,0,9,1,8,,776281,45,0,9,1,7,,853802,45,0,9,1,8,,853746,45,0,9,1,47,,853732,45,0,9,1,8,,853823,45,0,9,1,7,,853794,45,0,9,1,8,,853751,45,0,9,1,7,,757197,45,0,9,1,8,,853761,45,0,9,1,7,,853824,45,0,9,1,8,,853796,45,0,9,1,6,,853717,45,0,9,1,48,,734070,45,0,9,1,6,,644393,45,0,9,1,7,,853758,45,0,9,1,6,,853763,45,0,9,1,6,,853825,45,0,9,1,6,,853764,45,0,9,1,7,,723152,45,0,9,1,9,,853822,45,0,9,1,49,,853813,45,0,9,1,9,,693684,45,0,9,1,9,,853811,45,0,9,1,9,,853759,45,0,9,1,9,,853795,45,0,9,1,9,,853740,45,0,9,1,9,,749248,45,0,9,1,49,,778966,45,0,9,1,9,,853775,45,0,9,1,9,,853807,45,0,9,1,9,,853804,45,0,9,1,9,,717998,45,0,9,1,9,,853829,45,0,9,1,8,,853734,45,0,9,1,49,,853793,45,0,9,1,8,,853720,45,0,9,1,8,,853821,45,0,9,1,7,,853785,45,0,9,1,7,,853798,45,0,9,1,10,,853755,45,0,9,1,10,,853817,45,0,9,1,50,,853737,45,0,9,1,10,,853782,45,0,9,1,10,,853769,45,0,9,1,10,,771839,45,0,9,1,10,,853783,45,0,9,1,10,,740729,45,0,9,1,50,,756983,45,0,9,1,10,,736876,45,0,9,1,10,,853735,45,0,9,1,10,,853753,45,0,9,1,10,,853781,45,0,9,1,10,,853812,45,0,9,1,50,,853750,45,0,9,1,10,,853814,45,0,9,1,10,,853828,45,0,9,1,12,,853728,45,0,9,1,13,,853714,45,0,9,1,55,,853816,45,0,9,1,15,,853724,45,0,9,1,15,,853778,45,0,9,1
37303,'1',2552,,859560,42,0,11 12 9 3 73,1,65,,695174,42,0,11 12 9 3 73,1,30,,859561,42,0,11 12 9 3 73,1,70,,607031,42,0,11 12 9 3 73,1,30,,859559,42,0,11 12 9 3 73,1,70,,859563,42,0,11 12 9 3 73,1,30,,859562,42,0,11 12 9 3 73,1
37303,'2',2547,,859569,42,0,11 12 9 3 73,1,70,,859568,42,0,11 12 9 3 73,1,30,,859565,42,0,11 12 9 3 73,1,70,,859564,42,0,11 12 9 3 73,1,30,,770355,42,0,11 12 9 3 73,1,70,,859567,42,0,11 12 9 3 73,1,30,,859566,42,0,11 12 9 3 73,1
37303,'3',517,,859572,42,0,11 12 9 3 73,1,30,,859570,42,0,11 12 9 3 73,1,70,,859574,42,0,11 12 9 3 73,1,30,,859576,42,0,11 12 9 3 73,1,70,,758210,42,0,11 12 9 3 73,1,1885,,859573,42,0,11 12 9 3 73,1,25,,859577,42,0,11 12 9 3 73,1,30,,736817,42,0,11 12 9 3 73,1,70,,859571,42,0,11 12 9 3 73,1,30,,859578,42,0,11 12 9 3 73,1,70,,611731,42,0,11 12 9 3 73,1,30,,859575,42,0,11 12 9 3 73,1
37303,'5',2547,,859579,42,0,11 12 9 3 73,1,70,,736917,42,0,11 12 9 3 73,1,30,,859583,42,0,11 12 9 3 73,1,70,,859580,42,0,11 12 9 3 73,1,30,,859581,42,0,11 12 9 3 73,1,70,,762384,42,0,11 12 9 3 73,1,30,,859582,42,0,11 12 9 3 73,1
38402,'1',2702,,742114,43,0,9 3 49,1,30,,744512,42,0,9 3 49,1,70,,756394,42,0,9 3 49,1,32,,859628,42,0,9 3 49,1,70,,859627,42,0,9 3 49,1
38402,'2',535,,859629,42,0,9 3 49,1,2167,,859633,43,0,9 3 49,1,30,,754026,42,0,9 3 49,1,70,,859630,42,0,9 3 49,1,32,,859632,42,0,9 3 49,1,70,,859631,42,0,9 3 49,1
38402,'3',534,,859641,42,0,9 3 49,1,70,,859642,42,0,9 3 49,1,30,,768174,42,0,9 3 49,1,70,,859639,42,0,9 3 49,1,30,,859635,42,0,9 3 49,1,1968,,859638,43,0,9 3 49,1,30,,859636,42,0,9 3 49,1,70,,859634,42,0,9 3 49,1,32,,859637,42,0,9 3 49,1,70,,859640,42,0,9 3 49,1
38402,'5',534,,859646,42,0,9 3 49,1,2168,,611446,43,0,9 3 49,1,30,,859643,42,0,9 3 49,1,70,,775991,42,0,9 3 49,1,32,,859645,42,0,9 3 49,1,70,,859644,42,0,9 3 49,1
