7203,'1',550,,818419,19,0,26 27 8,1,8,,711826,19,0,26 27 8,1,47,,706666,19,0,26 27 8,1,8,,818436,19,0,26 27 8,1,7,,818450,19,0,26 27 8,1,8,,718183,19,0,26 27 8,1,7,,818415,19,0,26 27 8,1,8,,818364,19,0,26 27 8,1,7,,818398,19,0,26 27 8,1,8,,818404,19,0,26 27 8,1,47,,818464,19,0,26 27 8,1,8,,818375,19,0,26 27 8,1,7,,818380,19,0,26 27 8,1,10,,718263,19,0,26 27 8,1,7,,818373,19,0,26 27 8,1,8,,818448,19,0,26 27 8,1,7,,753939,19,0,26 27 8,1,48,,691047,19,0,26 27 8,1,7,,766972,19,0,26 27 8,1,8,,818462,19,0,26 27 8,1,7,,818397,19,0,26 27 8,1,8,,818400,19,0,26 27 8,1,7,,818459,19,0,26 27 8,1,8,,818442,19,0,26 27 8,1,7,,818434,19,0,26 27 8,1,48,,818439,19,0,26 27 8,1,7,,818374,19,0,26 27 8,1,8,,818392,19,0,26 27 8,1,7,,818454,19,0,26 27 8,1,8,,775698,19,0,26 27 8,1,7,,773833,19,0,26 27 8,1,8,,818431,19,0,26 27 8,1,7,,818412,19,0,26 27 8,1,48,,818365,19,0,26 27 8,1,8,,818428,19,0,26 27 8,1,9,,818457,19,0,26 27 8,1,9,,774203,19,0,26 27 8,1,9,,753269,19,0,26 27 8,1,9,,818444,19,0,26 27 8,1,9,,818379,19,0,26 27 8,1,49,,818376,19,0,26 27 8,1,9,,818405,19,0,26 27 8,1,9,,818399,19,0,26 27 8,1,9,,818367,19,0,26 27 8,1,9,,818385,19,0,26 27 8,1,9,,818389,19,0,26 27 8,1,9,,818387,19,0,26 27 8,1,49,,818377,19,0,26 27 8,1,9,,818417,19,0,26 27 8,1,9,,818441,19,0,26 27 8,1,9,,818414,19,0,26 27 8,1,9,,818378,19,0,26 27 8,1,9,,818422,19,0,26 27 8,1,9,,818435,19,0,26 27 8,1,49,,818437,19,0,26 27 8,1,9,,818430,19,0,26 27 8,1,9,,765415,19,0,26 27 8,1,9,,731408,19,0,26 27 8,1,9,,818456,19,0,26 27 8,1,9,,818403,19,0,26 27 8,1,49,,775713,19,0,26 27 8,1,9,,753951,19,0,26 27 8,1,9,,688814,19,0,26 27 8,1,8,,743518,19,0,26 27 8,1,7,,818362,19,0,26 27 8,1,8,,818465,19,0,26 27 8,1,7,,818401,19,0,26 27 8,1,8,,731954,19,0,26 27 8,1,47,,778818,19,0,26 27 8,1,8,,818393,19,0,26 27 8,1,7,,818458,19,0,26 27 8,1,8,,818409,19,0,26 27 8,1,7,,818432,19,0,26 27 8,1,8,,818446,19,0,26 27 8,1,7,,818390,19,0,26 27 8,1,8,,729371,19,0,26 27 8,1,47,,818371,19,0,26 27 8,1,8,,818394,19,0,26 27 8,1,7,,818407,19,0,26 27 8,1,8,,818424,19,0,26 27 8,1,7,,818408,19,0,26 27 8,1,8,,818425,19,0,26 27 8,1,7,,818445,19,0,26 27 8,1,8,,751570,19,0,26 27 8,1,47,,818429,19,0,26 27 8,1,8,,818449,19,0,26 27 8,1,7,,818426,19,0,26 27 8,1,8,,818370,19,0,26 27 8,1,7,,818381,19,0,26 27 8,1,8,,818463,19,0,26 27 8,1,7,,818363,19,0,26 27 8,1,8,,818383,19,0,26 27 8,1,47,,716230,19,0,26 27 8,1,8,,724589,19,0,26 27 8,1,7,,818453,19,0,26 27 8,1,8,,818460,19,0,26 27 8,1,7,,755710,19,0,26 27 8,1,8,,705215,19,0,26 27 8,1,7,,818406,19,0,26 27 8,1,7,,818410,19,0,26 27 8,1,43,,533982,19,0,26 27 8,1,9,,818416,19,0,26 27 8,1,9,,818402,19,0,26 27 8,1,9,,743061,19,0,26 27 8,1,9,,818427,19,0,26 27 8,1,9,,818433,19,0,26 27 8,1,9,,727701,19,0,26 27 8,1,49,,818461,19,0,26 27 8,1,9,,818391,19,0,26 27 8,1,9,,818372,19,0,26 27 8,1,9,,761457,19,0,26 27 8,1,9,,818396,19,0,26 27 8,1,9,,704085,19,0,26 27 8,1,9,,818411,19,0,26 27 8,1,49,,604731,19,0,26 27 8,1,9,,709950,19,0,26 27 8,1,9,,727489,19,0,26 27 8,1,9,,818413,19,0,26 27 8,1,9,,818366,19,0,26 27 8,1,9,,818469,19,0,26 27 8,1,49,,818368,19,0,26 27 8,1,9,,770577,19,0,26 27 8,1,7,,818421,19,0,26 27 8,1,5,,818466,19,0,26 27 8,1,10,,818395,19,0,26 27 8,1,10,,818360,19,0,26 27 8,1,10,,818443,19,0,26 27 8,1,50,,818468,19,0,26 27 8,1,10,,818467,19,0,26 27 8,1,10,,818447,19,0,26 27 8,1,10,,818382,19,0,26 27 8,1,10,,818452,19,0,26 27 8,1,10,,818384,19,0,26 27 8,1,50,,761519,19,0,26 27 8,1,10,,818388,19,0,26 27 8,1,10,,818361,19,0,26 27 8,1,10,,818451,19,0,26 27 8,1,10,,818420,19,0,26 27 8,1,10,,818369,19,0,26 27 8,1,50,,818423,19,0,26 27 8,1,10,,818386,19,0,26 27 8,1,14,,750125,19,0,26 27 8,1,14,,631890,19,0,26 27 8,1,14,,818418,19,0,17 74,1,55,,818440,19,0,17 74,1
7203,'2',555,,818500,19,0,26 27 8,1,49,,818480,19,0,26 27 8,1,10,,818559,19,0,26 27 8,1,10,,818514,19,0,26 27 8,1,10,,818494,19,0,26 27 8,1,10,,777730,19,0,26 27 8,1,10,,818566,19,0,26 27 8,1,50,,818523,19,0,26 27 8,1,10,,818518,19,0,26 27 8,1,10,,777780,19,0,26 27 8,1,10,,818548,19,0,26 27 8,1,10,,694277,19,0,26 27 8,1,10,,818511,19,0,26 27 8,1,50,,818578,19,0,26 27 8,1,10,,818510,19,0,26 27 8,1,12,,818501,19,0,26 27 8,1,8,,818486,19,0,26 27 8,1,8,,818554,19,0,26 27 8,1,8,,818591,19,0,26 27 8,1,8,,818575,19,0,26 27 8,1,48,,701415,19,0,26 27 8,1,8,,744859,19,0,26 27 8,1,8,,818513,19,0,26 27 8,1,8,,818472,19,0,26 27 8,1,8,,818546,19,0,26 27 8,1,8,,818531,19,0,26 27 8,1,8,,818525,19,0,26 27 8,1,48,,818509,19,0,26 27 8,1,8,,818516,19,0,26 27 8,1,8,,818576,19,0,26 27 8,1,8,,818515,19,0,26 27 8,1,8,,818561,19,0,26 27 8,1,8,,563514,19,0,26 27 8,1,8,,818577,19,0,26 27 8,1,8,,818545,19,0,26 27 8,1,48,,818543,19,0,26 27 8,1,8,,818594,19,0,26 27 8,1,8,,818474,19,0,26 27 8,1,8,,818542,19,0,26 27 8,1,8,,755297,19,0,26 27 8,1,8,,818574,19,0,26 27 8,1,8,,818512,19,0,26 27 8,1,48,,818491,19,0,26 27 8,1,8,,818565,19,0,26 27 8,1,8,,818590,19,0,26 27 8,1,6,,818507,19,0,26 27 8,1,8,,818579,19,0,26 27 8,1,6,,818529,19,0,26 27 8,1,6,,818549,19,0,26 27 8,1,6,,818540,19,0,26 27 8,1,6,,721144,19,0,26 27 8,1,46,,741846,19,0,26 27 8,1,6,,818589,19,0,26 27 8,1,6,,818527,19,0,26 27 8,1,6,,723705,19,0,26 27 8,1,6,,818504,19,0,26 27 8,1,6,,723695,19,0,26 27 8,1,6,,818572,19,0,26 27 8,1,6,,818586,19,0,26 27 8,1,6,,818560,19,0,26 27 8,1,6,,818562,19,0,26 27 8,1,46,,818569,19,0,26 27 8,1,6,,818492,19,0,26 27 8,1,6,,696087,19,0,26 27 8,1,6,,818593,19,0,26 27 8,1,6,,818563,19,0,26 27 8,1,6,,818520,19,0,26 27 8,1,6,,818493,19,0,26 27 8,1,6,,818471,19,0,26 27 8,1,6,,711438,19,0,26 27 8,1,6,,818583,19,0,26 27 8,1,46,,772243,19,0,26 27 8,1,6,,818532,19,0,26 27 8,1,6,,818487,19,0,26 27 8,1,6,,818470,19,0,26 27 8,1,6,,753541,19,0,26 27 8,1,6,,818584,19,0,26 27 8,1,6,,818505,19,0,26 27 8,1,6,,818552,19,0,26 27 8,1,6,,718841,19,0,26 27 8,1,6,,818503,19,0,26 27 8,1,46,,818580,19,0,26 27 8,1,6,,818497,19,0,26 27 8,1,6,,818568,19,0,26 27 8,1,6,,818484,19,0,26 27 8,1,6,,818519,19,0,26 27 8,1,6,,656352,19,0,26 27 8,1,6,,745345,19,0,26 27 8,1,6,,818522,19,0,26 27 8,1,6,,818564,19,0,26 27 8,1,6,,818475,19,0,26 27 8,1,46,,818488,19,0,26 27 8,1,6,,818536,19,0,26 27 8,1,6,,818585,19,0,26 27 8,1,6,,818538,19,0,26 27 8,1,6,,739691,19,0,26 27 8,1,6,,818539,19,0,26 27 8,1,6,,818567,19,0,26 27 8,1,6,,818517,19,0,26 27 8,1,6,,818502,19,0,26 27 8,1,6,,670072,19,0,26 27 8,1,46,,818534,19,0,26 27 8,1,6,,818524,19,0,26 27 8,1,6,,818490,19,0,26 27 8,1,6,,818556,19,0,26 27 8,1,6,,552190,19,0,26 27 8,1,6,,527737,19,0,26 27 8,1,6,,818478,19,0,26 27 8,1,6,,818592,19,0,26 27 8,1,6,,818557,19,0,26 27 8,1,6,,818526,19,0,26 27 8,1,46,,818587,19,0,26 27 8,1,6,,818571,19,0,26 27 8,1,6,,818551,19,0,26 27 8,1,6,,818499,19,0,26 27 8,1,8,,818535,19,0,26 27 8,1,10,,818496,19,0,26 27 8,1,10,,818506,19,0,26 27 8,1,10,,818553,19,0,26 27 8,1,50,,818476,19,0,26 27 8,1,10,,818547,19,0,26 27 8,1,10,,818481,19,0,26 27 8,1,10,,818482,19,0,26 27 8,1,10,,818495,19,0,26 27 8,1,10,,818477,19,0,26 27 8,1,50,,818489,19,0,26 27 8,1,10,,818479,19,0,26 27 8,1,10,,818473,19,0,26 27 8,1,10,,818555,19,0,26 27 8,1,10,,818588,19,0,26 27 8,1,10,,818581,19,0,26 27 8,1,50,,818483,19,0,26 27 8,1,10,,818533,19,0,26 27 8,1,5,,627394,19,0,26 27 8,1,8,,649960,19,0,26 27 8,1,10,,818582,19,0,26 27 8,1,10,,818544,19,0,26 27 8,1,50,,702929,19,0,26 27 8,1,10,,818573,19,0,26 27 8,1,10,,732075,19,0,26 27 8,1,10,,818550,19,0,26 27 8,1,10,,818570,19,0,26 27 8,1,10,,691407,19,0,26 27 8,1,50,,818537,19,0,26 27 8,1,10,,818541,19,0,26 27 8,1,10,,818558,19,0,26 27 8,1,10,,818530,19,0,26 27 8,1,10,,767667,19,0,26 27 8,1,10,,818521,19,0,26 27 8,1,50,,726486,19,0,26 27 8,1,10,,649067,19,0,26 27 8,1,14,,716490,19,0,26 27 8,1,14,,818498,19,0,26 27 8,1,14,,818485,19,0,17 74,1,55,,818508,19,0,17 74,1
7203,'3',559,,818615,19,0,17 74,1,70,,818689,19,0,17 74,1,30,,818673,19,0,17 74,1,70,,818638,19,0,26 27 8,1,30,,818672,19,0,26 27 8,1,48,,818609,19,0,26 27 8,1,9,,818629,19,0,26 27 8,1,12,,818605,19,0,26 27 8,1,9,,818686,19,0,26 27 8,1,8,,818632,19,0,26 27 8,1,9,,818606,19,0,26 27 8,1,48,,818667,19,0,26 27 8,1,9,,818597,19,0,26 27 8,1,8,,818600,19,0,26 27 8,1,9,,818678,19,0,26 27 8,1,8,,818596,19,0,26 27 8,1,9,,818626,19,0,26 27 8,1,8,,818622,19,0,26 27 8,1,49,,818655,19,0,26 27 8,1,8,,761368,19,0,26 27 8,1,9,,747818,19,0,26 27 8,1,8,,818695,19,0,26 27 8,1,9,,818681,19,0,26 27 8,1,8,,818650,19,0,26 27 8,1,9,,818648,19,0,26 27 8,1,48,,818624,19,0,26 27 8,1,9,,818617,19,0,26 27 8,1,8,,818595,19,0,26 27 8,1,9,,818645,19,0,26 27 8,1,8,,818636,19,0,26 27 8,1,9,,818682,19,0,26 27 8,1,8,,818644,19,0,26 27 8,1,49,,818687,19,0,26 27 8,1,8,,818652,19,0,26 27 8,1,8,,728997,19,0,26 27 8,1,8,,818685,19,0,26 27 8,1,6,,818634,19,0,26 27 8,1,9,,818610,19,0,26 27 8,1,9,,777844,19,0,26 27 8,1,9,,818602,19,0,26 27 8,1,49,,818630,19,0,26 27 8,1,9,,773466,19,0,26 27 8,1,9,,818669,19,0,26 27 8,1,9,,818670,19,0,26 27 8,1,9,,697186,19,0,26 27 8,1,9,,818623,19,0,26 27 8,1,49,,818654,19,0,26 27 8,1,9,,818656,19,0,26 27 8,1,9,,818666,19,0,26 27 8,1,9,,818691,19,0,26 27 8,1,9,,818614,19,0,26 27 8,1,9,,818628,19,0,26 27 8,1,9,,818618,19,0,26 27 8,1,49,,768997,19,0,26 27 8,1,9,,818643,19,0,26 27 8,1,9,,818642,19,0,26 27 8,1,9,,818631,19,0,26 27 8,1,9,,818653,19,0,26 27 8,1,9,,818675,19,0,26 27 8,1,9,,818701,19,0,26 27 8,1,49,,818601,19,0,26 27 8,1,9,,818616,19,0,26 27 8,1,9,,818665,19,0,26 27 8,1,9,,818697,19,0,26 27 8,1,9,,818699,19,0,26 27 8,1,9,,818620,19,0,26 27 8,1,49,,818657,19,0,26 27 8,1,9,,818659,19,0,26 27 8,1,9,,818680,19,0,26 27 8,1,9,,818599,19,0,26 27 8,1,9,,818612,19,0,26 27 8,1,9,,818637,19,0,26 27 8,1,9,,818692,19,0,26 27 8,1,49,,818700,19,0,26 27 8,1,9,,713500,19,0,26 27 8,1,9,,818613,19,0,26 27 8,1,9,,818639,19,0,26 27 8,1,9,,818658,19,0,26 27 8,1,9,,818647,19,0,26 27 8,1,9,,818633,19,0,26 27 8,1,49,,818649,19,0,26 27 8,1,9,,678448,19,0,26 27 8,1,5,,694059,19,0,26 27 8,1,10,,818607,19,0,26 27 8,1,10,,818693,19,0,26 27 8,1,10,,818683,19,0,26 27 8,1,50,,713675,19,0,26 27 8,1,10,,818641,19,0,26 27 8,1,10,,818698,19,0,26 27 8,1,10,,818663,19,0,26 27 8,1,10,,818651,19,0,26 27 8,1,10,,818627,19,0,26 27 8,1,50,,818676,19,0,26 27 8,1,10,,689104,19,0,26 27 8,1,10,,818646,19,0,26 27 8,1,10,,818608,19,0,26 27 8,1,10,,719890,19,0,26 27 8,1,10,,818661,19,0,26 27 8,1,50,,818660,19,0,26 27 8,1,10,,679714,19,0,26 27 8,1,8,,818640,19,0,26 27 8,1,10,,818684,19,0,26 27 8,1,10,,818621,19,0,26 27 8,1,10,,818671,19,0,26 27 8,1,10,,818688,19,0,26 27 8,1,50,,818694,19,0,26 27 8,1,10,,818619,19,0,26 27 8,1,10,,818635,19,0,26 27 8,1,10,,818690,19,0,26 27 8,1,10,,818677,19,0,26 27 8,1,10,,818603,19,0,26 27 8,1,50,,818674,19,0,26 27 8,1,10,,818611,19,0,26 27 8,1,10,,818662,19,0,26 27 8,1,10,,818664,19,0,26 27 8,1,10,,818696,19,0,26 27 8,1,10,,818598,19,0,26 27 8,1,50,,818604,19,0,26 27 8,1,15,,818668,19,0,26 27 8,1,15,,818625,19,0,26 27 8,1,14,,818702,19,0,17 74,1,55,,705890,19,0,17 74,1
7203,'5',554,,818762,19,0,26 27 8,1,50,,818775,19,0,26 27 8,1,10,,818707,19,0,26 27 8,1,10,,818730,19,0,26 27 8,1,10,,818782,19,0,26 27 8,1,10,,818773,19,0,26 27 8,1,10,,771169,19,0,26 27 8,1,50,,818741,19,0,26 27 8,1,10,,818752,19,0,26 27 8,1,10,,818737,19,0,26 27 8,1,10,,745262,19,0,26 27 8,1,10,,818713,19,0,26 27 8,1,10,,818785,19,0,26 27 8,1,50,,818727,19,0,26 27 8,1,10,,818740,19,0,26 27 8,1,13,,818732,19,0,26 27 8,1,10,,818788,19,0,26 27 8,1,8,,818759,19,0,26 27 8,1,9,,818772,19,0,26 27 8,1,48,,818751,19,0,26 27 8,1,9,,818770,19,0,26 27 8,1,8,,818748,19,0,26 27 8,1,9,,818763,19,0,26 27 8,1,8,,818726,19,0,26 27 8,1,9,,818733,19,0,26 27 8,1,8,,692679,19,0,26 27 8,1,49,,818708,19,0,26 27 8,1,8,,777891,19,0,26 27 8,1,9,,818771,19,0,26 27 8,1,8,,776262,19,0,26 27 8,1,9,,818811,19,0,26 27 8,1,8,,818769,19,0,26 27 8,1,9,,818710,19,0,26 27 8,1,48,,818736,19,0,26 27 8,1,9,,741974,19,0,26 27 8,1,8,,818704,19,0,26 27 8,1,9,,708383,19,0,26 27 8,1,8,,818776,19,0,26 27 8,1,9,,818792,19,0,26 27 8,1,8,,773537,19,0,26 27 8,1,49,,818813,19,0,26 27 8,1,8,,731223,19,0,26 27 8,1,8,,576063,19,0,26 27 8,1,8,,690900,19,0,26 27 8,1,6,,818786,19,0,26 27 8,1,9,,818735,19,0,26 27 8,1,9,,818746,19,0,26 27 8,1,9,,818809,19,0,26 27 8,1,49,,818780,19,0,26 27 8,1,9,,818766,19,0,26 27 8,1,9,,818723,19,0,26 27 8,1,9,,818806,19,0,26 27 8,1,9,,818743,19,0,26 27 8,1,9,,818734,19,0,26 27 8,1,49,,818764,19,0,26 27 8,1,9,,818801,19,0,26 27 8,1,9,,818731,19,0,26 27 8,1,9,,818768,19,0,26 27 8,1,9,,818760,19,0,26 27 8,1,9,,818778,19,0,26 27 8,1,9,,818804,19,0,26 27 8,1,49,,818754,19,0,26 27 8,1,9,,818779,19,0,26 27 8,1,9,,731386,19,0,26 27 8,1,9,,818738,19,0,26 27 8,1,9,,818711,19,0,26 27 8,1,9,,818720,19,0,26 27 8,1,9,,818725,19,0,26 27 8,1,49,,818718,19,0,26 27 8,1,9,,818745,19,0,26 27 8,1,9,,818705,19,0,26 27 8,1,9,,691722,19,0,26 27 8,1,9,,818742,19,0,26 27 8,1,9,,715577,19,0,26 27 8,1,49,,818803,19,0,26 27 8,1,9,,818810,19,0,26 27 8,1,9,,818765,19,0,26 27 8,1,9,,738344,19,0,26 27 8,1,9,,818805,19,0,26 27 8,1,9,,818784,19,0,26 27 8,1,9,,818802,19,0,26 27 8,1,49,,818790,19,0,26 27 8,1,9,,818719,19,0,26 27 8,1,9,,818796,19,0,26 27 8,1,9,,818791,19,0,26 27 8,1,9,,818798,19,0,26 27 8,1,9,,818797,19,0,26 27 8,1,9,,818783,19,0,26 27 8,1,49,,818755,19,0,26 27 8,1,9,,818716,19,0,26 27 8,1,5,,818794,19,0,26 27 8,1,10,,818715,19,0,26 27 8,1,10,,818722,19,0,26 27 8,1,10,,818717,19,0,26 27 8,1,50,,818787,19,0,26 27 8,1,10,,818795,19,0,26 27 8,1,10,,818793,19,0,26 27 8,1,10,,718567,19,0,26 27 8,1,10,,818789,19,0,26 27 8,1,10,,818729,19,0,26 27 8,1,50,,818799,19,0,26 27 8,1,10,,818706,19,0,26 27 8,1,10,,818761,19,0,26 27 8,1,10,,709206,19,0,26 27 8,1,10,,818714,19,0,26 27 8,1,10,,818709,19,0,26 27 8,1,50,,818744,19,0,26 27 8,1,10,,659207,19,0,26 27 8,1,8,,818703,19,0,26 27 8,1,10,,818808,19,0,26 27 8,1,10,,818777,19,0,26 27 8,1,10,,649244,19,0,26 27 8,1,10,,818767,19,0,26 27 8,1,50,,818728,19,0,26 27 8,1,10,,818758,19,0,26 27 8,1,10,,818774,19,0,26 27 8,1,10,,818712,19,0,26 27 8,1,10,,818807,19,0,26 27 8,1,10,,818757,19,0,26 27 8,1,50,,818721,19,0,26 27 8,1,10,,818800,19,0,26 27 8,1,10,,818756,19,0,26 27 8,1,10,,818750,19,0,26 27 8,1,10,,818747,19,0,26 27 8,1,10,,818739,19,0,26 27 8,1,50,,818749,19,0,26 27 8,1,15,,818812,19,0,26 27 8,1,15,,818781,19,0,26 27 8,1,14,,818753,19,0,17 74,1,55,,766617,19,0,17 74,1
10003,'1',549,,834578,4,0,5 26 27 8,1,4,,834580,4,0,34 26 27 8,1,6,,834594,4,0,5 26 27 8,1,45,,699821,4,0,5 26 27 8,1,5,,834631,4,0,34 26 27 8,1,5,,660772,4,0,5 26 27 8,1,5,,738013,4,0,5 26 27 8,1,5,,834653,4,0,34 26 27 8,1,5,,834559,4,0,5 26 27 8,1,5,,834652,4,0,5 26 27 8,1,5,,834583,4,0,34 26 27 8,1,5,,702899,4,0,5 26 27 8,1,5,,834561,4,0,5 26 27 8,1,5,,834552,4,0,34 26 27 8,1,5,,756793,4,0,5 26 27 8,1,45,,834614,4,0,5 26 27 8,1,5,,735011,4,0,34 26 27 8,1,5,,834632,4,0,5 26 27 8,1,5,,834628,4,0,5 26 27 8,1,5,,747460,4,0,34 26 27 8,1,5,,710228,4,0,5 26 27 8,1,6,,834604,4,0,5 26 27 8,1,5,,834657,4,0,34 26 27 8,1,5,,834609,4,0,5 26 27 8,1,5,,740060,4,0,5 26 27 8,1,5,,719618,4,0,34 26 27 8,1,45,,834556,4,0,5 26 27 8,1,5,,739603,4,0,5 26 27 8,1,5,,834602,4,0,34 26 27 8,1,5,,834617,4,0,5 26 27 8,1,5,,834623,4,0,5 26 27 8,1,5,,834547,4,0,34 26 27 8,1,5,,834629,4,0,5 26 27 8,1,5,,834573,4,0,5 26 27 8,1,5,,834549,4,0,34 26 27 8,1,5,,834550,4,0,5 26 27 8,1,5,,834567,4,0,5 26 27 8,1,5,,834600,4,0,34 26 27 8,1,45,,834564,4,0,5 26 27 8,1,5,,746949,4,0,5 26 27 8,1,5,,834626,4,0,34 26 27 8,1,5,,834656,4,0,5 26 27 8,1,5,,834630,4,0,5 26 27 8,1,5,,834610,4,0,34 26 27 8,1,5,,834557,4,0,5 26 27 8,1,6,,746575,4,0,5 26 27 8,1,5,,834637,4,0,5 26 27 8,1,7,,834599,4,0,5 26 27 8,1,8,,834548,4,0,5 26 27 8,1,48,,834574,4,0,5 26 27 8,1,8,,769841,4,0,5 26 27 8,1,8,,834592,4,0,5 26 27 8,1,8,,665518,4,0,5 26 27 8,1,8,,834620,4,0,5 26 27 8,1,8,,834541,4,0,5 26 27 8,1,8,,834648,4,0,5 26 27 8,1,48,,834570,4,0,5 26 27 8,1,8,,691393,4,0,5 26 27 8,1,8,,834540,4,0,5 26 27 8,1,8,,834598,4,0,5 26 27 8,1,8,,767186,4,0,5 26 27 8,1,8,,834590,4,0,5 26 27 8,1,8,,834596,4,0,5 26 27 8,1,8,,834579,4,0,5 26 27 8,1,48,,834625,4,0,5 26 27 8,1,8,,706170,4,0,5 26 27 8,1,8,,834641,4,0,5 26 27 8,1,8,,834562,4,0,5 26 27 8,1,8,,834650,4,0,5 26 27 8,1,8,,834638,4,0,5 26 27 8,1,8,,834619,4,0,5 26 27 8,1,48,,834588,4,0,5 26 27 8,1,8,,772713,4,0,5 26 27 8,1,8,,834647,4,0,5 26 27 8,1,8,,834616,4,0,5 26 27 8,1,8,,768447,4,0,5 26 27 8,1,8,,834563,4,0,5 26 27 8,1,8,,834591,4,0,5 26 27 8,1,8,,834542,4,0,5 26 27 8,1,48,,834636,4,0,5 26 27 8,1,6,,834627,4,0,5 26 27 8,1,6,,834644,4,0,5 26 27 8,1,6,,742489,4,0,34 26 27 8,1,6,,834581,4,0,5 26 27 8,1,6,,636138,4,0,5 26 27 8,1,6,,834595,4,0,34 26 27 8,1,6,,834538,4,0,5 26 27 8,1,6,,834642,4,0,5 26 27 8,1,6,,555064,4,0,34 26 27 8,1,46,,777978,4,0,5 26 27 8,1,6,,691778,4,0,5 26 27 8,1,6,,633119,4,0,34 26 27 8,1,6,,640062,4,0,5 26 27 8,1,6,,834607,4,0,5 26 27 8,1,6,,834612,4,0,34 26 27 8,1,6,,759591,4,0,5 26 27 8,1,6,,834634,4,0,5 26 27 8,1,6,,834575,4,0,34 26 27 8,1,6,,834539,4,0,5 26 27 8,1,46,,630541,4,0,5 26 27 8,1,6,,834618,4,0,34 26 27 8,1,6,,770507,4,0,5 26 27 8,1,6,,700652,4,0,5 26 27 8,1,6,,834615,4,0,34 26 27 8,1,6,,834545,4,0,5 26 27 8,1,6,,761870,4,0,5 26 27 8,1,6,,834606,4,0,34 26 27 8,1,6,,834655,4,0,5 26 27 8,1,6,,731672,4,0,5 26 27 8,1,46,,834608,4,0,34 26 27 8,1,6,,765408,4,0,5 26 27 8,1,6,,834635,4,0,5 26 27 8,1,6,,834565,4,0,34 26 27 8,1,6,,834603,4,0,5 26 27 8,1,6,,834640,4,0,5 26 27 8,1,6,,834649,4,0,34 26 27 8,1,6,,834569,4,0,5 26 27 8,1,6,,834554,4,0,5 26 27 8,1,6,,834553,4,0,34 26 27 8,1,46,,730380,4,0,5 26 27 8,1,6,,834543,4,0,5 26 27 8,1,6,,669155,4,0,34 26 27 8,1,6,,834643,4,0,5 26 27 8,1,6,,834555,4,0,5 26 27 8,1,6,,834571,4,0,34 26 27 8,1,6,,834566,4,0,5 26 27 8,1,6,,834611,4,0,5 26 27 8,1,6,,834621,4,0,34 26 27 8,1,6,,757268,4,0,5 26 27 8,1,46,,720093,4,0,34 26 27 8,1,10,,834601,4,0,5 26 27 8,1,10,,740346,4,0,5 26 27 8,1,10,,834654,4,0,5 26 27 8,1,10,,834639,4,0,5 26 27 8,1,10,,834589,4,0,5 26 27 8,1,50,,834544,4,0,5 26 27 8,1,10,,834577,4,0,5 26 27 8,1,10,,834586,4,0,5 26 27 8,1,10,,752923,4,0,5 26 27 8,1,10,,714027,4,0,5 26 27 8,1,10,,834558,4,0,5 26 27 8,1,50,,834587,4,0,5 26 27 8,1,10,,834576,4,0,5 26 27 8,1,10,,834593,4,0,5 26 27 8,1,10,,834597,4,0,5 26 27 8,1,10,,693841,4,0,5 26 27 8,1,9,,834551,4,0,5 26 27 8,1,55,,834568,4,0,5 26 27 8,1,10,,709571,4,0,5 26 27 8,1,10,,734808,4,0,5 26 27 8,1,10,,834546,4,0,5 26 27 8,1,10,,779278,4,0,5 26 27 8,1,10,,777615,4,0,5 26 27 8,1,50,,729550,4,0,5 26 27 8,1,10,,834633,4,0,5 26 27 8,1,10,,834605,4,0,5 26 27 8,1,10,,834584,4,0,5 26 27 8,1,10,,834572,4,0,5 26 27 8,1,10,,834613,4,0,5 26 27 8,1,50,,834582,4,0,5 26 27 8,1,10,,834560,4,0,5 26 27 8,1,10,,745313,4,0,5 26 27 8,1,10,,834645,4,0,5 26 27 8,1,10,,834646,4,0,5 26 27 8,1,10,,627898,4,0,5 26 27 8,1,50,,834651,4,0,5 26 27 8,1
10003,'2',607,,834743,4,0,5 26 27 8,1,6,,546455,4,0,5 26 27 8,1,10,,660991,4,0,5 26 27 8,1,10,,769756,4,0,5 26 27 8,1,10,,714073,4,0,5 26 27 8,1,10,,834688,4,0,5 26 27 8,1,50,,834693,4,0,5 26 27 8,1,10,,834720,4,0,5 26 27 8,1,10,,834692,4,0,5 26 27 8,1,10,,834691,4,0,5 26 27 8,1,10,,681742,4,0,5 26 27 8,1,10,,834744,4,0,5 26 27 8,1,50,,728064,4,0,5 26 27 8,1,10,,834702,4,0,5 26 27 8,1,10,,834700,4,0,5 26 27 8,1,10,,834678,4,0,5 26 27 8,1,10,,632000,4,0,5 26 27 8,1,10,,834742,4,0,5 26 27 8,1,50,,834675,4,0,5 26 27 8,1,10,,834703,4,0,5 26 27 8,1,10,,834683,4,0,5 26 27 8,1,10,,834677,4,0,5 26 27 8,1,10,,834659,4,0,5 26 27 8,1,10,,834707,4,0,5 26 27 8,1,50,,834668,4,0,5 26 27 8,1,10,,834690,4,0,5 26 27 8,1,10,,834717,4,0,5 26 27 8,1,10,,659008,4,0,5 26 27 8,1,10,,834722,4,0,5 26 27 8,1,10,,771614,4,0,5 26 27 8,1,50,,834672,4,0,5 26 27 8,1,10,,754817,4,0,5 26 27 8,1,10,,834745,4,0,5 26 27 8,1,10,,834664,4,0,5 26 27 8,1,10,,834674,4,0,5 26 27 8,1,10,,834671,4,0,5 26 27 8,1,50,,834676,4,0,5 26 27 8,1,10,,834741,4,0,5 26 27 8,1,10,,834663,4,0,5 26 27 8,1,13,,834734,4,0,5 26 27 8,1,10,,834751,4,0,5 26 27 8,1,10,,834658,4,0,5 26 27 8,1,50,,834682,4,0,5 26 27 8,1,10,,834701,4,0,5 26 27 8,1,10,,834687,4,0,5 26 27 8,1,10,,834719,4,0,5 26 27 8,1,10,,695587,4,0,5 26 27 8,1,10,,834662,4,0,5 26 27 8,1,50,,834748,4,0,5 26 27 8,1,10,,693744,4,0,5 26 27 8,1,10,,834697,4,0,5 26 27 8,1,10,,834749,4,0,5 26 27 8,1,10,,748095,4,0,5 26 27 8,1,10,,700375,4,0,5 26 27 8,1,50,,834680,4,0,5 26 27 8,1,10,,834737,4,0,5 26 27 8,1,10,,834714,4,0,5 26 27 8,1,10,,834704,4,0,5 26 27 8,1,10,,834713,4,0,5 26 27 8,1,10,,834699,4,0,5 26 27 8,1,50,,834729,4,0,5 26 27 8,1,10,,735252,4,0,5 26 27 8,1,10,,834736,4,0,5 26 27 8,1,10,,834660,4,0,5 26 27 8,1,10,,834746,4,0,5 26 27 8,1,10,,834715,4,0,5 26 27 8,1,50,,743093,4,0,5 26 27 8,1,10,,834705,4,0,5 26 27 8,1,10,,834750,4,0,5 26 27 8,1,10,,834712,4,0,5 26 27 8,1,10,,834698,4,0,5 26 27 8,1,10,,755290,4,0,5 26 27 8,1,50,,834747,4,0,5 26 27 8,1,10,,834725,4,0,5 26 27 8,1,10,,708094,4,0,5 26 27 8,1,10,,834673,4,0,5 26 27 8,1,10,,834732,4,0,5 26 27 8,1,10,,834731,4,0,5 26 27 8,1,50,,834718,4,0,5 26 27 8,1,10,,834684,4,0,5 26 27 8,1,10,,834739,4,0,5 26 27 8,1,10,,834710,4,0,5 26 27 8,1,10,,834681,4,0,5 26 27 8,1,10,,834724,4,0,5 26 27 8,1,50,,834665,4,0,5 26 27 8,1,10,,834708,4,0,5 26 27 8,1,10,,834689,4,0,5 26 27 8,1,10,,834667,4,0,5 26 27 8,1,10,,834696,4,0,5 26 27 8,1,10,,834711,4,0,5 26 27 8,1,50,,684100,4,0,5 26 27 8,1,10,,834726,4,0,5 26 27 8,1,10,,834733,4,0,5 26 27 8,1,10,,834694,4,0,5 26 27 8,1,10,,777380,4,0,5 26 27 8,1,10,,834727,4,0,5 26 27 8,1,50,,834685,4,0,5 26 27 8,1,10,,834728,4,0,5 26 27 8,1,8,,834686,4,0,5 26 27 8,1,8,,513870,4,0,5 26 27 8,1,10,,834669,4,0,5 26 27 8,1,10,,834661,4,0,5 26 27 8,1,50,,834709,4,0,5 26 27 8,1,10,,834735,4,0,5 26 27 8,1,10,,834738,4,0,5 26 27 8,1,10,,705767,4,0,5 26 27 8,1,10,,717061,4,0,5 26 27 8,1,10,,834670,4,0,5 26 27 8,1,50,,834730,4,0,5 26 27 8,1,10,,834723,4,0,5 26 27 8,1,10,,834706,4,0,5 26 27 8,1,10,,834695,4,0,5 26 27 8,1,10,,834740,4,0,5 26 27 8,1,10,,834679,4,0,5 26 27 8,1,53,,834666,4,0,5 26 27 8,1
10003,'3',811,,834822,4,0,5 26 27 8,1,5,,834778,4,0,5 26 27 8,1,10,,834821,4,0,5 26 27 8,1,10,,834834,4,0,5 26 27 8,1,10,,834757,4,0,5 26 27 8,1,10,,834790,4,0,5 26 27 8,1,50,,729252,4,0,5 26 27 8,1,10,,834803,4,0,5 26 27 8,1,10,,834779,4,0,5 26 27 8,1,10,,834827,4,0,5 26 27 8,1,10,,834776,4,0,5 26 27 8,1,10,,834809,4,0,5 26 27 8,1,50,,834775,4,0,5 26 27 8,1,10,,834754,4,0,5 26 27 8,1,10,,834839,4,0,5 26 27 8,1,10,,834783,4,0,5 26 27 8,1,10,,834826,4,0,5 26 27 8,1,10,,717183,4,0,5 26 27 8,1,50,,834758,4,0,5 26 27 8,1,10,,661325,4,0,5 26 27 8,1,10,,834807,4,0,5 26 27 8,1,10,,834825,4,0,5 26 27 8,1,10,,696751,4,0,5 26 27 8,1,10,,834829,4,0,5 26 27 8,1,51,,834797,4,0,5 26 27 8,1,10,,690802,4,0,5 26 27 8,1,11,,834785,4,0,5 26 27 8,1,10,,564477,4,0,5 26 27 8,1,10,,834830,4,0,5 26 27 8,1,10,,834815,4,0,5 26 27 8,1,50,,834782,4,0,5 26 27 8,1,10,,834774,4,0,5 26 27 8,1,10,,834791,4,0,5 26 27 8,1,10,,834819,4,0,5 26 27 8,1,10,,834768,4,0,5 26 27 8,1,10,,834814,4,0,5 26 27 8,1,50,,834761,4,0,5 26 27 8,1,10,,834762,4,0,5 26 27 8,1,10,,834817,4,0,5 26 27 8,1,10,,834836,4,0,5 26 27 8,1,10,,733802,4,0,5 26 27 8,1,10,,834816,4,0,5 26 27 8,1,50,,715267,4,0,5 26 27 8,1,10,,834789,4,0,5 26 27 8,1,10,,454953,4,0,5 26 27 8,1,10,,745991,4,0,5 26 27 8,1,10,,709406,4,0,5 26 27 8,1,10,,834810,4,0,5 26 27 8,1,50,,834769,4,0,5 26 27 8,1,10,,706439,4,0,5 26 27 8,1,10,,773706,4,0,5 26 27 8,1,10,,834760,4,0,5 26 27 8,1,10,,747793,4,0,5 26 27 8,1,10,,834833,4,0,5 26 27 8,1,50,,669067,4,0,5 26 27 8,1,10,,834753,4,0,5 26 27 8,1,10,,834837,4,0,5 26 27 8,1,10,,834820,4,0,5 26 27 8,1,10,,834792,4,0,5 26 27 8,1,10,,834800,4,0,5 26 27 8,1,50,,834773,4,0,5 26 27 8,1,10,,834805,4,0,5 26 27 8,1,10,,834831,4,0,5 26 27 8,1,10,,834772,4,0,5 26 27 8,1,10,,834752,4,0,5 26 27 8,1,10,,834788,4,0,5 26 27 8,1,50,,834804,4,0,5 26 27 8,1,10,,834835,4,0,5 26 27 8,1,10,,739410,4,0,5 26 27 8,1,9,,834811,4,0,5 26 27 8,1,10,,834828,4,0,5 26 27 8,1,10,,754129,4,0,5 26 27 8,1,50,,834756,4,0,5 26 27 8,1,10,,834759,4,0,5 26 27 8,1,10,,834824,4,0,5 26 27 8,1,10,,834823,4,0,5 26 27 8,1,10,,834798,4,0,5 26 27 8,1,10,,834766,4,0,5 26 27 8,1,50,,834802,4,0,5 26 27 8,1,10,,834777,4,0,5 26 27 8,1,10,,834793,4,0,5 26 27 8,1,10,,834794,4,0,5 26 27 8,1,8,,834781,4,0,5 26 27 8,1,10,,834799,4,0,5 26 27 8,1,50,,834801,4,0,5 26 27 8,1,16,,834771,4,0,5 26 27 8,1,10,,766722,4,0,5 26 27 8,1,10,,834808,4,0,5 26 27 8,1,10,,834770,4,0,5 26 27 8,1,50,,725100,4,0,5 26 27 8,1,10,,834795,4,0,5 26 27 8,1,10,,834818,4,0,5 26 27 8,1,10,,834780,4,0,5 26 27 8,1,10,,834767,4,0,5 26 27 8,1,10,,834784,4,0,5 26 27 8,1,50,,834838,4,0,5 26 27 8,1,10,,834787,4,0,5 26 27 8,1,10,,717190,4,0,5 26 27 8,1,10,,834806,4,0,5 26 27 8,1,10,,834813,4,0,5 26 27 8,1,10,,834765,4,0,5 26 27 8,1,52,,834832,4,0,5 26 27 8,1
10003,'5',601,,834844,4,0,5 26 27 8,1,5,,834886,4,0,5 26 27 8,1,10,,834885,4,0,5 26 27 8,1,10,,834897,4,0,5 26 27 8,1,10,,834861,4,0,5 26 27 8,1,10,,834898,4,0,5 26 27 8,1,10,,834925,4,0,5 26 27 8,1,50,,834894,4,0,5 26 27 8,1,10,,834850,4,0,5 26 27 8,1,10,,834890,4,0,5 26 27 8,1,10,,708932,4,0,5 26 27 8,1,10,,834902,4,0,5 26 27 8,1,10,,834911,4,0,5 26 27 8,1,50,,834859,4,0,5 26 27 8,1,10,,834889,4,0,5 26 27 8,1,10,,834855,4,0,5 26 27 8,1,10,,772565,4,0,5 26 27 8,1,10,,834884,4,0,5 26 27 8,1,10,,834908,4,0,5 26 27 8,1,50,,834846,4,0,5 26 27 8,1,10,,765189,4,0,5 26 27 8,1,10,,834922,4,0,5 26 27 8,1,10,,834921,4,0,5 26 27 8,1,10,,834873,4,0,5 26 27 8,1,10,,834916,4,0,5 26 27 8,1,50,,834875,4,0,5 26 27 8,1,10,,834866,4,0,5 26 27 8,1,10,,767782,4,0,5 26 27 8,1,10,,834892,4,0,5 26 27 8,1,10,,834848,4,0,5 26 27 8,1,10,,665472,4,0,5 26 27 8,1,50,,834876,4,0,5 26 27 8,1,10,,834896,4,0,5 26 27 8,1,10,,834901,4,0,5 26 27 8,1,10,,834878,4,0,5 26 27 8,1,10,,834932,4,0,5 26 27 8,1,10,,834928,4,0,5 26 27 8,1,51,,834923,4,0,5 26 27 8,1,10,,646331,4,0,5 26 27 8,1,11,,834847,4,0,5 26 27 8,1,10,,834857,4,0,5 26 27 8,1,10,,834864,4,0,5 26 27 8,1,10,,834841,4,0,5 26 27 8,1,50,,834881,4,0,5 26 27 8,1,10,,834852,4,0,5 26 27 8,1,10,,533156,4,0,5 26 27 8,1,10,,834924,4,0,5 26 27 8,1,10,,834907,4,0,5 26 27 8,1,10,,834900,4,0,5 26 27 8,1,50,,767283,4,0,5 26 27 8,1,10,,834858,4,0,5 26 27 8,1,10,,834883,4,0,5 26 27 8,1,10,,834930,4,0,5 26 27 8,1,10,,834849,4,0,5 26 27 8,1,10,,834851,4,0,5 26 27 8,1,50,,737401,4,0,5 26 27 8,1,10,,688791,4,0,5 26 27 8,1,10,,834880,4,0,5 26 27 8,1,10,,834909,4,0,5 26 27 8,1,10,,834879,4,0,5 26 27 8,1,10,,735958,4,0,5 26 27 8,1,50,,834865,4,0,5 26 27 8,1,10,,834845,4,0,5 26 27 8,1,10,,834910,4,0,5 26 27 8,1,10,,834912,4,0,5 26 27 8,1,10,,834871,4,0,5 26 27 8,1,10,,834927,4,0,5 26 27 8,1,50,,742843,4,0,5 26 27 8,1,10,,834868,4,0,5 26 27 8,1,10,,834920,4,0,5 26 27 8,1,10,,834931,4,0,5 26 27 8,1,10,,834874,4,0,5 26 27 8,1,10,,834926,4,0,5 26 27 8,1,50,,773714,4,0,5 26 27 8,1,10,,834915,4,0,5 26 27 8,1,10,,666576,4,0,5 26 27 8,1,10,,834905,4,0,5 26 27 8,1,10,,834869,4,0,5 26 27 8,1,10,,834872,4,0,5 26 27 8,1,50,,834840,4,0,5 26 27 8,1,10,,834919,4,0,5 26 27 8,1,10,,834893,4,0,5 26 27 8,1,9,,834842,4,0,5 26 27 8,1,10,,732819,4,0,5 26 27 8,1,10,,834863,4,0,5 26 27 8,1,50,,834918,4,0,5 26 27 8,1,10,,834877,4,0,5 26 27 8,1,10,,834882,4,0,5 26 27 8,1,10,,834929,4,0,5 26 27 8,1,10,,834862,4,0,5 26 27 8,1,10,,834914,4,0,5 26 27 8,1,50,,727209,4,0,5 26 27 8,1,10,,713527,4,0,5 26 27 8,1,10,,834854,4,0,5 26 27 8,1,10,,725258,4,0,5 26 27 8,1,8,,834888,4,0,5 26 27 8,1,10,,755086,4,0,5 26 27 8,1,50,,834867,4,0,5 26 27 8,1,16,,834899,4,0,5 26 27 8,1,10,,759777,4,0,5 26 27 8,1,10,,697686,4,0,5 26 27 8,1,10,,834891,4,0,5 26 27 8,1,50,,834860,4,0,5 26 27 8,1,10,,697340,4,0,5 26 27 8,1,10,,834870,4,0,5 26 27 8,1,10,,834906,4,0,5 26 27 8,1,10,,834853,4,0,5 26 27 8,1,10,,834917,4,0,5 26 27 8,1,50,,834913,4,0,5 26 27 8,1,10,,834856,4,0,5 26 27 8,1,10,,757430,4,0,5 26 27 8,1,10,,834904,4,0,5 26 27 8,1,10,,834895,4,0,5 26 27 8,1,10,,611084,4,0,5 26 27 8,1,52,,732270,4,0,5 26 27 8,1
32503,'1',434,,858209,19,0,11 12 9,1,66,,858206,19,0,17 26 38 8,1,27,,858205,19,0,17 26 38 8,1,2107,,858207,19,0,11 12 9,1,70,,858208,19,0,11 12 9,1,30,,631957,19,0,11 12 9,1,70,,858204,19,0,11 12 9,1
32503,'2',434,,858213,19,0,11 12 9,1,66,,858212,19,0,11 12 9,1,15,,858211,19,0,17 26 38 8,1,18,,749162,19,0,17 26 38 8,1,2101,,858215,19,0,11 12 9,1,70,,858210,19,0,11 12 9,1,30,,752067,19,0,11 12 9,1,70,,858214,19,0,11 12 9,1
32503,'3',434,,858217,19,0,11 12 9,1,70,,858218,19,0,11 12 9,1,26,,736777,19,0,11 12 9,1,2104,,858220,19,0,11 12 9,1,70,,858219,19,0,11 12 9,1,30,,858221,19,0,11 12 9,1,70,,858216,19,0,11 12 9,1
32503,'5',434,,858225,19,0,11 12 9,1,66,,858226,19,0,11 12 9,1,14,,652866,19,0,17 26 38 8,1,20,,858228,19,0,17 26 38 8,1,2100,,858227,19,0,11 12 9,1,70,,858224,19,0,11 12 9,1,30,,858222,19,0,11 12 9,1,70,,696010,19,0,11 12 9,1
