1202,'1',517,,693045,9,0,5 45 46 15,1,20,,693035,9,0,5 45 46 15,1,20,,693033,8,0,5 45 46 15,1,60,,675297,8,0,5 45 46 15,1,18,,693037,8,0,5 45 46 15,1,70,,693000,8,0,5 45 46 15,1,26,,692976,8,0,5 45 46 15,1,20,,662309,8,0,5 45 46 15,1,60,,693040,8,0,5 45 46 15,1,22,,684601,8,0,5 45 46 15,1,20,,692973,8,0,5 45 46 15,1,65,,693011,8,0,5 45 46 15,1,30,,555051,8,0,5 45 46 15,1,70,,693025,8,0,5 45 46 15,1,30,,635383,8,0,5 45 46 15,1,70,,693027,8,0,5 45 46 15,1,30,,692992,8,0,5 45 46 15,1,70,,692993,8,0,5 45 46 15,1,30,,693034,8,0,5 45 46 15,1,70,,693014,8,0,5 45 46 15,1,30,,693007,8,0,5 45 46 15,1,70,,692996,8,0,5 45 46 15,1,10,,693028,8,0,5 45 46 15,1,20,,692974,8,0,5 45 46 15,1,62,,693032,8,0,5 45 46 15,1,20,,692985,8,0,5 45 46 15,1,20,,692979,8,0,5 45 46 15,1,60,,632347,8,0,5 45 46 15,1,20,,692984,8,0,5 45 46 15,1,20,,693024,8,0,5 45 46 15,1,60,,693019,8,0,5 45 46 15,1,20,,642512,8,0,5 45 46 15,1,20,,693003,8,0,5 45 46 15,1,60,,693036,8,0,5 45 46 15,1,22,,692995,8,0,5 45 46 15,1,25,,692998,8,0,5 45 46 15,1,63,,692994,8,0,5 45 46 15,1,23,,693046,8,0,5 45 46 15,1,64,,693044,8,0,5 45 46 15,1,24,,604403,8,0,5 45 46 15,1,24,,692981,8,0,5 45 46 15,1,64,,505390,8,0,5 45 46 15,1,24,,693013,8,0,5 45 46 15,1,64,,528165,8,0,5 45 46 15,1,21,,686265,8,0,34 45 46 15,1,21,,693008,8,0,34 45 46 15,1,60,,693009,8,0,34 45 46 15,1,20,,683446,8,0,34 45 46 15,1,20,,693021,8,0,34 45 46 15,1,60,,693043,8,0,34 45 46 15,1,20,,606381,8,0,34 45 46 15,1,20,,692982,8,0,34 45 46 15,1,60,,693005,8,0,34 45 46 15,1,30,,635731,8,0,34 45 46 15,1,70,,693002,8,0,17 121 122,1
1202,'2',528,,693111,9,0,34 45 46 15,1,12,,693090,9,0,5 45 46 15,1,18,,693053,9,0,34 45 46 15,1,51,,693051,8,0,5 45 46 15,1,17,,693098,8,0,34 45 46 15,1,13,,693106,8,0,5 45 46 15,1,17,,653382,8,0,34 45 46 15,1,53,,693060,8,0,5 45 46 15,1,17,,693103,8,0,34 45 46 15,1,13,,693057,8,0,5 45 46 15,1,17,,693087,8,0,34 45 46 15,1,52,,693110,8,0,5 45 46 15,1,15,,693091,8,0,34 45 46 15,1,15,,693088,8,0,5 45 46 15,1,15,,693078,8,0,34 45 46 15,1,55,,693075,8,0,5 45 46 15,1,15,,693085,8,0,34 45 46 15,1,15,,693107,8,0,5 45 46 15,1,15,,693061,8,0,34 45 46 15,1,55,,693077,8,0,5 45 46 15,1,15,,693096,8,0,34 45 46 15,1,15,,693080,8,0,5 45 46 15,1,15,,644568,8,0,34 45 46 15,1,55,,693102,8,0,5 45 46 15,1,15,,693114,8,0,34 45 46 15,1,15,,693063,8,0,5 45 46 15,1,15,,693100,8,0,34 45 46 15,1,56,,693081,8,0,5 45 46 15,1,15,,693109,8,0,34 45 46 15,1,9,,693073,8,0,5 45 46 15,1,15,,693092,8,0,34 45 46 15,1,9,,693121,8,0,5 45 46 15,1,55,,693097,8,0,34 45 46 15,1,9,,693071,8,0,5 45 46 15,1,15,,693052,8,0,34 45 46 15,1,9,,693050,8,0,5 45 46 15,1,55,,693068,8,0,34 45 46 15,1,9,,693072,8,0,5 45 46 15,1,15,,693113,8,0,34 45 46 15,1,9,,693115,8,0,5 45 46 15,1,15,,519905,8,0,34 45 46 15,1,9,,680089,8,0,5 45 46 15,1,55,,693049,8,0,34 45 46 15,1,9,,613012,8,0,5 45 46 15,1,15,,693101,8,0,34 45 46 15,1,9,,693084,8,0,5 45 46 15,1,55,,693120,8,0,34 45 46 15,1,9,,649498,8,0,5 45 46 15,1,15,,693094,8,0,34 45 46 15,1,9,,693118,8,0,5 45 46 15,1,15,,693070,8,0,34 45 46 15,1,9,,693112,8,0,5 45 46 15,1,55,,693105,8,0,34 45 46 15,1,9,,625502,8,0,5 45 46 15,1,15,,693086,8,0,34 45 46 15,1,9,,693074,8,0,5 45 46 15,1,55,,693083,8,0,34 45 46 15,1,9,,693055,8,0,5 45 46 15,1,15,,693054,8,0,34 45 46 15,1,9,,693093,8,0,5 45 46 15,1,15,,693089,8,0,34 45 46 15,1,9,,693058,8,0,5 45 46 15,1,55,,693064,8,0,34 45 46 15,1,15,,693067,8,0,34 45 46 15,1,15,,693108,8,0,34 45 46 15,1,15,,693117,8,0,34 45 46 15,1,55,,693082,8,0,34 45 46 15,1,15,,693056,8,0,34 45 46 15,1,15,,627432,8,0,34 45 46 15,1,15,,693099,8,0,34 45 46 15,1,55,,693116,8,0,34 45 46 15,1,15,,693059,8,0,34 45 46 15,1,15,,693104,8,0,34 45 46 15,1,15,,565372,8,0,34 45 46 15,1,53,,693066,8,0,34 45 46 15,1,20,,693069,8,0,34 45 46 15,1,20,,600097,8,0,34 45 46 15,1,60,,693065,8,0,34 45 46 15,1,20,,519910,8,0,34 45 46 15,1,20,,693076,8,0,34 45 46 15,1,60,,693119,8,0,34 45 46 15,1,20,,693095,8,0,34 45 46 15,1,20,,455784,8,0,34 45 46 15,1,60,,606707,8,0,34 45 46 15,1,30,,693079,8,0,34 45 46 15,1,69,,693062,8,0,17 121 122,1
1202,'3',739,,646617,9,0,5 45 46 15,1,15,,671946,9,0,34 45 46 15,1,54,,693160,9,0,5 45 46 15,1,15,,693168,8,0,34 45 46 15,1,15,,693177,8,0,5 45 46 15,1,21,,693125,8,0,34 45 46 15,1,55,,693144,8,0,5 45 46 15,1,15,,693151,8,0,34 45 46 15,1,15,,693127,8,0,5 45 46 15,1,15,,693166,8,0,34 45 46 15,1,55,,693141,8,0,5 45 46 15,1,15,,693174,8,0,34 45 46 15,1,15,,693138,8,0,5 45 46 15,1,15,,680310,8,0,34 45 46 15,1,55,,693162,8,0,5 45 46 15,1,15,,693157,8,0,34 45 46 15,1,15,,674097,8,0,5 45 46 15,1,15,,693170,8,0,34 45 46 15,1,56,,516031,8,0,5 45 46 15,1,23,,693175,8,0,34 45 46 15,1,13,,693158,8,0,5 45 46 15,1,55,,668883,8,0,34 45 46 15,1,15,,555863,8,0,5 45 46 15,1,15,,693154,8,0,34 45 46 15,1,15,,693173,8,0,5 45 46 15,1,55,,693135,8,0,34 45 46 15,1,15,,630928,8,0,5 45 46 15,1,15,,693172,8,0,34 45 46 15,1,15,,693161,8,0,5 45 46 15,1,55,,693145,8,0,34 45 46 15,1,15,,660368,8,0,5 45 46 15,1,15,,693176,8,0,34 45 46 15,1,15,,693142,8,0,5 45 46 15,1,55,,693133,8,0,34 45 46 15,1,15,,693132,8,0,5 45 46 15,1,15,,693159,8,0,34 45 46 15,1,15,,686041,8,0,5 45 46 15,1,55,,693140,8,0,34 45 46 15,1,15,,693148,8,0,5 45 46 15,1,15,,693130,8,0,34 45 46 15,1,15,,693136,8,0,5 45 46 15,1,55,,693153,8,0,34 45 46 15,1,15,,693129,8,0,5 45 46 15,1,15,,693124,8,0,34 45 46 15,1,15,,693163,8,0,5 45 46 15,1,55,,693167,8,0,34 45 46 15,1,14,,693152,8,0,5 45 46 15,1,16,,693134,8,0,34 45 46 15,1,15,,693131,8,0,34 45 46 15,1,55,,693123,8,0,34 45 46 15,1,15,,693150,8,0,34 45 46 15,1,15,,645429,8,0,34 45 46 15,1,15,,693146,8,0,34 45 46 15,1,55,,693128,8,0,34 45 46 15,1,15,,693137,8,0,34 45 46 15,1,15,,693143,8,0,34 45 46 15,1,15,,693139,8,0,34 45 46 15,1,55,,693149,8,0,34 45 46 15,1,20,,693147,8,0,34 45 46 15,1,20,,642750,8,0,34 45 46 15,1,60,,693122,8,0,34 45 46 15,1,20,,693126,8,0,34 45 46 15,1,20,,652964,8,0,34 45 46 15,1,60,,693169,8,0,34 45 46 15,1,20,,693156,8,0,34 45 46 15,1,20,,693165,8,0,34 45 46 15,1,63,,693164,8,0,34 45 46 15,1,30,,693155,8,0,34 45 46 15,1,70,,693171,8,0,17 121 122,1
1202,'5',523,,615141,9,0,34 45 46 15,1,15,,693193,9,0,5 45 46 15,1,16,,693186,9,0,34 45 46 15,1,54,,693192,8,0,5 45 46 15,1,15,,693179,8,0,34 45 46 15,1,15,,693181,8,0,5 45 46 15,1,15,,693191,8,0,34 45 46 15,1,55,,620409,8,0,5 45 46 15,1,15,,693208,8,0,34 45 46 15,1,15,,684341,8,0,5 45 46 15,1,15,,605594,8,0,34 45 46 15,1,55,,693220,8,0,5 45 46 15,1,15,,693209,8,0,34 45 46 15,1,15,,650622,8,0,5 45 46 15,1,21,,693236,8,0,34 45 46 15,1,55,,693201,8,0,5 45 46 15,1,15,,693200,8,0,34 45 46 15,1,15,,687068,8,0,5 45 46 15,1,15,,693195,8,0,34 45 46 15,1,55,,693222,8,0,5 45 46 15,1,15,,693217,8,0,34 45 46 15,1,15,,693205,8,0,5 45 46 15,1,15,,693237,8,0,34 45 46 15,1,55,,693185,8,0,5 45 46 15,1,15,,693232,8,0,34 45 46 15,1,15,,693240,8,0,5 45 46 15,1,15,,672106,8,0,34 45 46 15,1,56,,693194,8,0,5 45 46 15,1,23,,693189,8,0,34 45 46 15,1,13,,620056,8,0,5 45 46 15,1,55,,693225,8,0,34 45 46 15,1,15,,693184,8,0,5 45 46 15,1,15,,693178,8,0,34 45 46 15,1,15,,693188,8,0,5 45 46 15,1,55,,693230,8,0,34 45 46 15,1,15,,693211,8,0,5 45 46 15,1,15,,693204,8,0,34 45 46 15,1,15,,693239,8,0,5 45 46 15,1,55,,693182,8,0,34 45 46 15,1,15,,641644,8,0,5 45 46 15,1,15,,693196,8,0,34 45 46 15,1,15,,693218,8,0,5 45 46 15,1,55,,693180,8,0,34 45 46 15,1,15,,693197,8,0,5 45 46 15,1,15,,693235,8,0,34 45 46 15,1,15,,643592,8,0,5 45 46 15,1,55,,693233,8,0,34 45 46 15,1,15,,693216,8,0,5 45 46 15,1,15,,693231,8,0,34 45 46 15,1,15,,693183,8,0,5 45 46 15,1,55,,693213,8,0,34 45 46 15,1,15,,635698,8,0,5 45 46 15,1,15,,693207,8,0,34 45 46 15,1,15,,693228,8,0,5 45 46 15,1,55,,693206,8,0,34 45 46 15,1,14,,693215,8,0,5 45 46 15,1,16,,693187,8,0,34 45 46 15,1,15,,693202,8,0,34 45 46 15,1,55,,693210,8,0,34 45 46 15,1,15,,640209,8,0,34 45 46 15,1,15,,693190,8,0,34 45 46 15,1,15,,693198,8,0,34 45 46 15,1,55,,693229,8,0,34 45 46 15,1,15,,693212,8,0,34 45 46 15,1,15,,623640,8,0,34 45 46 15,1,15,,693214,8,0,34 45 46 15,1,55,,693199,8,0,34 45 46 15,1,20,,619279,8,0,34 45 46 15,1,20,,693234,8,0,34 45 46 15,1,60,,693238,8,0,34 45 46 15,1,20,,693227,8,0,34 45 46 15,1,20,,693226,8,0,34 45 46 15,1,60,,693221,8,0,34 45 46 15,1,20,,693219,8,0,34 45 46 15,1,20,,693203,8,0,34 45 46 15,1,63,,693223,8,0,34 45 46 15,1,30,,516809,8,0,34 45 46 15,1,70,,693224,8,0,17 121 122,1
20104,'2',809,,650009,8,0,245 46,1,15,,768138,8,0,245 46,1,15,,768157,8,0,245 46,1,15,,627233,8,0,245 46,1,55,,768148,8,0,245 46,1,15,,768132,8,0,245 46,1,15,,768127,8,0,245 46,1,15,,609760,8,0,245 46,1,55,,768136,8,0,245 46,1,15,,768124,8,0,245 46,1,15,,768130,8,0,245 46,1,15,,768126,8,0,245 46,1,55,,604500,8,0,245 46,1,15,,768156,8,0,245 46,1,15,,768146,8,0,245 46,1,15,,768139,8,0,245 46,1,55,,768120,8,0,245 46,1,15,,768129,8,0,245 46,1,15,,768159,8,0,245 46,1,15,,768134,8,0,245 46,1,55,,768158,8,0,245 46,1,15,,768121,8,0,245 46,1,15,,637454,8,0,245 46,1,15,,768153,8,0,245 46,1,55,,768141,8,0,245 46,1,15,,768143,8,0,245 46,1,15,,768125,8,0,245 46,1,15,,768118,8,0,245 46,1,55,,768117,8,0,245 46,1,15,,768137,8,0,245 46,1,15,,768152,8,0,245 46,1,15,,768123,8,0,245 46,1,55,,591382,8,0,245 46,1,15,,768145,8,0,245 46,1,15,,768140,8,0,245 46,1,15,,661254,8,0,245 46,1,55,,768144,8,0,245 46,1,15,,768131,8,0,245 46,1,15,,768155,8,0,245 46,1,15,,768160,8,0,245 46,1,55,,642231,8,0,245 46,1,15,,768135,8,0,245 46,1,15,,768142,8,0,245 46,1,15,,768122,8,0,245 46,1,55,,627372,8,0,245 46,1,15,,637553,8,0,245 46,1,15,,768149,8,0,245 46,1,15,,768151,8,0,245 46,1,55,,768150,8,0,245 46,1,15,,768133,8,0,245 46,1,15,,768128,8,0,245 46,1,15,,768147,8,0,245 46,1,55,,768154,8,0,245 46,1,15,,645839,8,0,245 46,1,15,,667962,8,0,245 46,1,15,,768119,8,0,245 46,1
20104,'3',809,,768190,8,0,245 46,1,15,,629165,8,0,245 46,1,15,,768195,8,0,245 46,1,15,,768196,8,0,245 46,1,55,,768179,8,0,245 46,1,15,,768177,8,0,245 46,1,15,,682990,8,0,245 46,1,15,,678070,8,0,245 46,1,55,,768170,8,0,245 46,1,15,,768183,8,0,245 46,1,15,,768205,8,0,245 46,1,15,,768185,8,0,245 46,1,55,,768192,8,0,245 46,1,15,,768202,8,0,245 46,1,15,,768167,8,0,245 46,1,15,,620377,8,0,245 46,1,56,,768168,8,0,245 46,1,15,,768197,8,0,245 46,1,15,,768187,8,0,245 46,1,15,,768172,8,0,245 46,1,55,,623346,8,0,245 46,1,15,,768162,8,0,245 46,1,15,,768164,8,0,245 46,1,15,,768189,8,0,245 46,1,55,,768166,8,0,245 46,1,15,,768176,8,0,245 46,1,15,,768181,8,0,245 46,1,15,,768206,8,0,245 46,1,55,,768200,8,0,245 46,1,15,,768188,8,0,245 46,1,15,,644681,8,0,245 46,1,15,,768203,8,0,245 46,1,55,,768198,8,0,245 46,1,15,,675605,8,0,245 46,1,15,,768180,8,0,245 46,1,15,,622156,8,0,245 46,1,55,,768175,8,0,245 46,1,15,,612112,8,0,245 46,1,15,,768194,8,0,245 46,1,15,,768201,8,0,245 46,1,55,,768173,8,0,245 46,1,15,,681187,8,0,245 46,1,15,,768191,8,0,245 46,1,15,,768186,8,0,245 46,1,55,,768199,8,0,245 46,1,15,,768182,8,0,245 46,1,15,,768169,8,0,245 46,1,15,,768165,8,0,245 46,1,55,,768193,8,0,245 46,1,15,,768184,8,0,245 46,1,15,,768163,8,0,245 46,1,15,,768174,8,0,245 46,1,55,,768178,8,0,245 46,1,15,,768171,8,0,245 46,1,15,,768204,8,0,245 46,1,15,,768161,8,0,245 46,1
20104,'5',809,,768254,8,0,245 46,1,15,,680738,8,0,245 46,1,15,,768225,8,0,245 46,1,15,,768212,8,0,245 46,1,55,,768235,8,0,245 46,1,15,,768252,8,0,245 46,1,15,,768216,8,0,245 46,1,15,,768221,8,0,245 46,1,55,,535364,8,0,245 46,1,15,,768215,8,0,245 46,1,15,,605092,8,0,245 46,1,15,,681823,8,0,245 46,1,55,,638017,8,0,245 46,1,15,,768232,8,0,245 46,1,15,,768244,8,0,245 46,1,15,,768238,8,0,245 46,1,56,,768229,8,0,245 46,1,15,,768214,8,0,245 46,1,15,,768227,8,0,245 46,1,15,,611816,8,0,245 46,1,55,,768233,8,0,245 46,1,15,,768209,8,0,245 46,1,15,,768253,8,0,245 46,1,15,,768230,8,0,245 46,1,55,,768236,8,0,245 46,1,15,,768239,8,0,245 46,1,15,,768224,8,0,245 46,1,15,,768248,8,0,245 46,1,55,,768208,8,0,245 46,1,15,,768240,8,0,245 46,1,15,,768250,8,0,245 46,1,15,,768222,8,0,245 46,1,55,,768218,8,0,245 46,1,15,,768251,8,0,245 46,1,15,,768228,8,0,245 46,1,15,,640976,8,0,245 46,1,55,,768231,8,0,245 46,1,15,,768219,8,0,245 46,1,15,,768220,8,0,245 46,1,15,,768241,8,0,245 46,1,55,,768242,8,0,245 46,1,15,,768226,8,0,245 46,1,15,,768213,8,0,245 46,1,15,,768237,8,0,245 46,1,55,,768210,8,0,245 46,1,15,,768243,8,0,245 46,1,15,,768223,8,0,245 46,1,15,,768234,8,0,245 46,1,55,,768217,8,0,245 46,1,15,,615596,8,0,245 46,1,15,,768207,8,0,245 46,1,15,,768246,8,0,245 46,1,55,,768245,8,0,245 46,1,15,,768247,8,0,245 46,1,15,,768211,8,0,245 46,1,15,,768249,8,0,245 46,1
31604,'1',2639,,769240,43,0,45 46 3 81,1,70,,769239,43,0,45 46 3 81,1,30,,769242,43,0,45 46 3 81,1,70,,419941,43,0,45 46 3 81,1,30,,769241,43,0,45 46 3 81,1,70,,769243,43,0,45 46 3 81,1
31604,'2',2639,,769248,43,0,45 46 3 81,1,70,,769245,43,0,45 46 3 81,1,30,,643670,43,0,45 46 3 81,1,70,,769244,43,0,45 46 3 81,1,30,,769247,43,0,45 46 3 81,1,70,,769246,43,0,45 46 3 81,1
31604,'3',539,,769256,43,0,45 46 3 81,1,70,,769252,43,0,45 46 3 81,1,30,,769250,43,0,45 46 3 81,1,70,,769257,43,0,45 46 3 81,1,30,,769255,43,0,45 46 3 81,1,1900,,769253,43,0,45 46 3 81,1,70,,634778,43,0,45 46 3 81,1,30,,769251,43,0,45 46 3 81,1,70,,769249,43,0,45 46 3 81,1,30,,769254,43,0,45 46 3 81,1,70,,647310,43,0,45 46 3 81,1
31604,'5',2639,,769262,43,0,45 46 3 81,1,70,,769258,43,0,45 46 3 81,1,30,,769259,43,0,45 46 3 81,1,70,,769263,43,0,45 46 3 81,1,30,,769260,43,0,45 46 3 81,1,70,,769261,43,0,45 46 3 81,1
