3401,'1',601,,544839,4,0,55 8,1,20,,704369,32,0,55 8,1,19,,704407,32,0,55 8,1,16,,704401,32,0,55 8,1,60,,644962,32,0,55 8,1,20,,628831,32,0,55 8,1,20,,625023,32,0,55 8,1,60,,704379,32,0,55 8,1,20,,704385,32,0,55 8,1,20,,704372,32,0,55 8,1,57,,704410,32,0,55 8,1,19,,704403,32,0,55 8,1,18,,690482,32,0,55 8,1,58,,640265,32,0,55 8,1,20,,704394,32,0,55 8,1,20,,704386,32,0,55 8,1,60,,704371,32,0,55 8,1,20,,704370,32,0,55 8,1,20,,704373,32,0,55 8,1,60,,704396,32,0,55 8,1,20,,704397,32,0,55 8,1,20,,704400,32,0,55 8,1,60,,528715,32,0,55 8,1,20,,664439,32,0,55 8,1,18,,704399,32,0,55 8,1,57,,621903,32,0,55 8,1,19,,634085,32,0,55 8,1,20,,704367,32,0,55 8,1,60,,704378,32,0,55 8,1,20,,704392,32,0,55 8,1,20,,704398,32,0,55 8,1,60,,704391,32,0,55 8,1,20,,704404,32,0,55 8,1,20,,704414,32,0,55 8,1,60,,704405,32,0,55 8,1,19,,704413,32,0,55 8,1,18,,669589,32,0,55 8,1,19,,704376,32,0,55 8,1,60,,704415,32,0,55 8,1,20,,623149,32,0,55 8,1,10,,704412,32,0,55 8,1,10,,704380,32,0,55 8,1,56,,704381,32,0,55 8,1,14,,538344,32,0,55 8,1,18,,704406,32,0,55 8,1,60,,704393,32,0,55 8,1,20,,704382,32,0,55 8,1,10,,704408,32,0,55 8,1,10,,704387,32,0,55 8,1,60,,704374,32,0,55 8,1,20,,704375,32,0,55 8,1,20,,704388,32,0,55 8,1,60,,704377,32,0,55 8,1,15,,704368,32,0,55 8,1,16,,704395,32,0,55 8,1,20,,704383,32,0,55 8,1,60,,671427,32,0,55 8,1,20,,704389,32,0,55 8,1,20,,704390,32,0,55 8,1,60,,704409,32,0,55 8,1,20,,704411,32,0,55 8,1,20,,704384,32,0,55 8,1,60,,704402,32,0,55 8,1,19,,617385,32,0,55 8,1
3401,'2',600,,704429,4,0,55 8,1,15,,704420,4,0,55 8,1,15,,704441,32,0,55 8,1,20,,704449,32,0,55 8,1,60,,704460,32,0,55 8,1,20,,704457,32,0,55 8,1,17,,672616,32,0,55 8,1,55,,636612,32,0,55 8,1,20,,639044,32,0,55 8,1,20,,704426,32,0,55 8,1,60,,704438,32,0,55 8,1,20,,605509,32,0,55 8,1,20,,704448,32,0,55 8,1,60,,704436,32,0,55 8,1,20,,639659,32,0,55 8,1,16,,704461,32,0,55 8,1,19,,704433,32,0,55 8,1,58,,704432,32,0,55 8,1,20,,654949,32,0,55 8,1,20,,607357,32,0,55 8,1,60,,704418,32,0,55 8,1,20,,704440,32,0,55 8,1,20,,704458,32,0,55 8,1,60,,704455,32,0,55 8,1,20,,704454,32,0,55 8,1,20,,648149,32,0,55 8,1,60,,704423,32,0,55 8,1,20,,704443,32,0,55 8,1,20,,704462,32,0,55 8,1,60,,704456,32,0,55 8,1,20,,704431,32,0,55 8,1,20,,629930,32,0,55 8,1,60,,704425,32,0,55 8,1,20,,704446,32,0,55 8,1,20,,660959,32,0,55 8,1,59,,704453,32,0,55 8,1,19,,704417,32,0,55 8,1,20,,704435,32,0,55 8,1,60,,704451,32,0,55 8,1,20,,704463,32,0,55 8,1,10,,704442,32,0,55 8,1,10,,704452,32,0,55 8,1,60,,704459,32,0,55 8,1,20,,704445,32,0,55 8,1,20,,704439,32,0,55 8,1,58,,644309,32,0,55 8,1,18,,704447,32,0,55 8,1,15,,704419,32,0,55 8,1,60,,704424,32,0,55 8,1,20,,704416,32,0,55 8,1,10,,704464,32,0,55 8,1,10,,704430,32,0,55 8,1,60,,668353,32,0,55 8,1,20,,704465,32,0,55 8,1,20,,704427,32,0,55 8,1,60,,704428,32,0,55 8,1,16,,704450,32,0,55 8,1,18,,577740,32,0,55 8,1,20,,656908,32,0,55 8,1,60,,704434,32,0,55 8,1,20,,704421,32,0,55 8,1,20,,704422,32,0,55 8,1,60,,704437,32,0,55 8,1,19,,704444,32,0,55 8,1
3401,'3',815,,704477,32,0,55 8,1,25,,704492,32,0,55 8,1,60,,690099,32,0,55 8,1,20,,654664,32,0,55 8,1,19,,704494,32,0,55 8,1,17,,704483,32,0,55 8,1,59,,704491,32,0,55 8,1,20,,704486,32,0,55 8,1,20,,704469,32,0,55 8,1,60,,704470,32,0,55 8,1,18,,704480,32,0,55 8,1,19,,704466,32,0,55 8,1,59,,704479,32,0,55 8,1,20,,704496,32,0,55 8,1,20,,704472,32,0,55 8,1,60,,704500,32,0,55 8,1,20,,704476,32,0,55 8,1,20,,643678,32,0,55 8,1,60,,704481,32,0,55 8,1,20,,704493,32,0,55 8,1,20,,704471,32,0,55 8,1,60,,704484,32,0,55 8,1,20,,704497,32,0,55 8,1,20,,685688,32,0,55 8,1,60,,704485,32,0,55 8,1,20,,643508,32,0,55 8,1,20,,704501,32,0,55 8,1,60,,704506,32,0,55 8,1,20,,704475,32,0,55 8,1,20,,704478,32,0,55 8,1,60,,704503,32,0,55 8,1,16,,704489,32,0,55 8,1,19,,704468,32,0,55 8,1,60,,704467,32,0,55 8,1,20,,704490,32,0,55 8,1,20,,704502,32,0,55 8,1,10,,633963,32,0,55 8,1,50,,614166,32,0,55 8,1,17,,624761,32,0,55 8,1,18,,704473,32,0,55 8,1,60,,646927,32,0,55 8,1,20,,583438,32,0,55 8,1,20,,581234,32,0,55 8,1,60,,704499,32,0,55 8,1,20,,704495,32,0,55 8,1,20,,704504,32,0,55 8,1,60,,671206,32,0,55 8,1,17,,704488,32,0,55 8,1,18,,704487,32,0,55 8,1,20,,704505,32,0,55 8,1,60,,704482,32,0,55 8,1,20,,688689,32,0,55 8,1,20,,704498,32,0,55 8,1,60,,650930,32,0,55 8,1,20,,704474,32,0,55 8,1
3401,'5',600,,704509,4,0,55 8,1,24,,704544,32,0,55 8,1,20,,704512,32,0,55 8,1,60,,704523,32,0,55 8,1,20,,704538,32,0,55 8,1,18,,644853,32,0,55 8,1,15,,704533,32,0,55 8,1,61,,704542,32,0,55 8,1,22,,704537,32,0,55 8,1,60,,704559,32,0,55 8,1,20,,704545,32,0,55 8,1,19,,704507,32,0,55 8,1,17,,704535,32,0,55 8,1,59,,704526,32,0,55 8,1,20,,704515,32,0,55 8,1,20,,704551,32,0,55 8,1,60,,704514,32,0,55 8,1,18,,704558,32,0,55 8,1,19,,704555,32,0,55 8,1,59,,704546,32,0,55 8,1,20,,704530,32,0,55 8,1,20,,704534,32,0,55 8,1,60,,704543,32,0,55 8,1,20,,704556,32,0,55 8,1,20,,616472,32,0,55 8,1,60,,704527,32,0,55 8,1,20,,704518,32,0,55 8,1,20,,704560,32,0,55 8,1,60,,545106,32,0,55 8,1,20,,704541,32,0,55 8,1,20,,704539,32,0,55 8,1,60,,577832,32,0,55 8,1,20,,704549,32,0,55 8,1,20,,581935,32,0,55 8,1,60,,639459,32,0,55 8,1,20,,704548,32,0,55 8,1,20,,704524,32,0,55 8,1,60,,704522,32,0,55 8,1,16,,704511,32,0,55 8,1,19,,704557,32,0,55 8,1,60,,704525,32,0,55 8,1,20,,704529,32,0,55 8,1,20,,619313,32,0,55 8,1,10,,704519,32,0,55 8,1,50,,704508,32,0,55 8,1,17,,704550,32,0,55 8,1,18,,704513,32,0,55 8,1,60,,704553,32,0,55 8,1,20,,704517,32,0,55 8,1,20,,704521,32,0,55 8,1,60,,704520,32,0,55 8,1,20,,704547,32,0,55 8,1,20,,704532,32,0,55 8,1,60,,704536,32,0,55 8,1,17,,704531,32,0,55 8,1,18,,704561,32,0,55 8,1,20,,704554,32,0,55 8,1,60,,704540,32,0,55 8,1,20,,704516,32,0,55 8,1,20,,704510,32,0,55 8,1,60,,704528,32,0,55 8,1,20,,704552,32,0,55 8,1
7404,'1',529,,731252,4,0,6 7 8,1,30,,666254,4,0,6 7 8,1,65,,731269,4,0,6 7 8,1,20,,731277,4,0,6 7 8,1,60,,675703,4,0,6 7 8,1,22,,731247,4,0,6 7 8,1,23,,731263,4,0,6 7 8,1,62,,731237,4,0,6 7 8,1,21,,685579,4,0,6 7 8,1,68,,731248,4,0,6 7 8,1,27,,687571,4,0,6 7 8,1,26,,731241,4,0,6 7 8,1,65,,731273,4,0,6 7 8,1,25,,731236,4,0,6 7 8,1,65,,731239,4,0,6 7 8,1,25,,731272,4,0,6 7 8,1,25,,682724,4,0,6 7 8,1,65,,655264,4,0,6 7 8,1,25,,731261,4,0,6 7 8,1,65,,731259,4,0,6 7 8,1,25,,689285,4,0,6 7 8,1,65,,731255,4,0,6 7 8,1,25,,731258,4,0,6 7 8,1,18,,731262,4,0,6 7 8,1,57,,731275,4,0,6 7 8,1,20,,731254,4,0,6 7 8,1,20,,731251,4,0,6 7 8,1,60,,627041,4,0,6 7 8,1,20,,559795,4,0,6 7 8,1,20,,731243,4,0,6 7 8,1,60,,731271,4,0,6 7 8,1,15,,731250,4,0,6 7 8,1,20,,731260,4,0,6 7 8,1,20,,731238,4,0,6 7 8,1,60,,731274,4,0,6 7 8,1,20,,731240,4,0,6 7 8,1,64,,688891,4,0,6 7 8,1,26,,731265,4,0,6 7 8,1,20,,731279,4,0,6 7 8,1,60,,539903,4,0,6 7 8,1,20,,731256,4,0,6 7 8,1,20,,731257,4,0,6 7 8,1,60,,731266,4,0,6 7 8,1,20,,731244,4,0,6 7 8,1,20,,731245,4,0,6 7 8,1,60,,731264,4,0,6 7 8,1,20,,731246,4,0,6 7 8,1,20,,731268,4,0,6 7 8,1,60,,731278,4,0,6 7 8,1,20,,731270,4,0,6 7 8,1,20,,685369,4,0,6 7 8,1,60,,731242,4,0,6 7 8,1,20,,731253,4,0,6 7 8,1,20,,731249,4,0,6 7 8,1,54,,531784,4,0,6 7 8,1
7404,'2',541,,516004,4,0,6 7 8,1,64,,690055,4,0,6 7 8,1,21,,731296,4,0,6 7 8,1,20,,731308,4,0,6 7 8,1,60,,731299,4,0,6 7 8,1,20,,635968,4,0,6 7 8,1,20,,731298,4,0,6 7 8,1,67,,731301,4,0,6 7 8,1,25,,731287,4,0,6 7 8,1,65,,731286,4,0,6 7 8,1,25,,731320,4,0,6 7 8,1,25,,731288,4,0,6 7 8,1,65,,683541,4,0,6 7 8,1,25,,731314,4,0,6 7 8,1,65,,731300,4,0,6 7 8,1,25,,731323,4,0,6 7 8,1,25,,731310,4,0,6 7 8,1,65,,731289,4,0,6 7 8,1,25,,731312,4,0,6 7 8,1,65,,731313,4,0,6 7 8,1,25,,731316,4,0,6 7 8,1,65,,643380,4,0,6 7 8,1,25,,731293,4,0,6 7 8,1,25,,731295,4,0,6 7 8,1,65,,731322,4,0,6 7 8,1,25,,731319,4,0,6 7 8,1,65,,731325,4,0,6 7 8,1,25,,731309,4,0,6 7 8,1,25,,731281,4,0,6 7 8,1,65,,731306,4,0,6 7 8,1,25,,684104,4,0,6 7 8,1,65,,731304,4,0,6 7 8,1,25,,731283,4,0,6 7 8,1,65,,731290,4,0,6 7 8,1,20,,731315,4,0,6 7 8,1,20,,731305,4,0,6 7 8,1,60,,731292,4,0,6 7 8,1,20,,731311,4,0,6 7 8,1,20,,731294,4,0,6 7 8,1,60,,731324,4,0,6 7 8,1,20,,731282,4,0,6 7 8,1,20,,731302,4,0,6 7 8,1,59,,731284,4,0,6 7 8,1,20,,731317,4,0,6 7 8,1,20,,731291,4,0,6 7 8,1,60,,731297,4,0,6 7 8,1,20,,731285,4,0,6 7 8,1,20,,731303,4,0,6 7 8,1,60,,731307,4,0,6 7 8,1,20,,731280,4,0,6 7 8,1,20,,731321,4,0,6 7 8,1,60,,731318,4,0,6 7 8,1
7404,'3',752,,731354,4,0,6 7 8,1,61,,731350,4,0,6 7 8,1,20,,731330,4,0,6 7 8,1,20,,731361,4,0,6 7 8,1,60,,621622,4,0,6 7 8,1,20,,731358,4,0,6 7 8,1,20,,581878,4,0,6 7 8,1,60,,731353,4,0,6 7 8,1,20,,731345,4,0,6 7 8,1,20,,731335,4,0,6 7 8,1,60,,731348,4,0,6 7 8,1,20,,731362,4,0,6 7 8,1,20,,731341,4,0,6 7 8,1,66,,731347,4,0,6 7 8,1,25,,675596,4,0,6 7 8,1,65,,596654,4,0,6 7 8,1,25,,731356,4,0,6 7 8,1,25,,731329,4,0,6 7 8,1,65,,731363,4,0,6 7 8,1,25,,731333,4,0,6 7 8,1,65,,731359,4,0,6 7 8,1,25,,670271,4,0,6 7 8,1,65,,731346,4,0,6 7 8,1,25,,731331,4,0,6 7 8,1,25,,731344,4,0,6 7 8,1,65,,731336,4,0,6 7 8,1,25,,731351,4,0,6 7 8,1,65,,731342,4,0,6 7 8,1,25,,731328,4,0,6 7 8,1,25,,731338,4,0,6 7 8,1,60,,731340,4,0,6 7 8,1,20,,731355,4,0,6 7 8,1,20,,626460,4,0,6 7 8,1,60,,731349,4,0,6 7 8,1,20,,654661,4,0,6 7 8,1,20,,516773,4,0,6 7 8,1,60,,731334,4,0,6 7 8,1,20,,731357,4,0,6 7 8,1,20,,731343,4,0,6 7 8,1,58,,731360,4,0,6 7 8,1,20,,611032,4,0,6 7 8,1,20,,731352,4,0,6 7 8,1,60,,731326,4,0,6 7 8,1,20,,731339,4,0,6 7 8,1,20,,731337,4,0,6 7 8,1,60,,645174,4,0,6 7 8,1,20,,731332,4,0,6 7 8,1,65,,731327,4,0,6 7 8,1
7404,'5',541,,731376,4,0,6 7 8,1,14,,731395,4,0,6 7 8,1,55,,731396,4,0,6 7 8,1,22,,731364,4,0,6 7 8,1,20,,536888,4,0,6 7 8,1,60,,731383,4,0,6 7 8,1,20,,615975,4,0,6 7 8,1,21,,660593,4,0,6 7 8,1,60,,731366,4,0,6 7 8,1,20,,608232,4,0,6 7 8,1,20,,731382,4,0,6 7 8,1,60,,731398,4,0,6 7 8,1,20,,558251,4,0,6 7 8,1,20,,731372,4,0,6 7 8,1,60,,672437,4,0,6 7 8,1,20,,731391,4,0,6 7 8,1,20,,731401,4,0,6 7 8,1,60,,731388,4,0,6 7 8,1,20,,731397,4,0,6 7 8,1,20,,731390,4,0,6 7 8,1,66,,672718,4,0,6 7 8,1,25,,670159,4,0,6 7 8,1,65,,731377,4,0,6 7 8,1,25,,731386,4,0,6 7 8,1,25,,641611,4,0,6 7 8,1,65,,549413,4,0,6 7 8,1,25,,662263,4,0,6 7 8,1,65,,731379,4,0,6 7 8,1,25,,731375,4,0,6 7 8,1,65,,731367,4,0,6 7 8,1,25,,731370,4,0,6 7 8,1,25,,522887,4,0,6 7 8,1,65,,731378,4,0,6 7 8,1,25,,731385,4,0,6 7 8,1,65,,731389,4,0,6 7 8,1,25,,731368,4,0,6 7 8,1,25,,731371,4,0,6 7 8,1,60,,731392,4,0,6 7 8,1,20,,731374,4,0,6 7 8,1,20,,731369,4,0,6 7 8,1,60,,731365,4,0,6 7 8,1,20,,731384,4,0,6 7 8,1,20,,731394,4,0,6 7 8,1,60,,663146,4,0,6 7 8,1,20,,592652,4,0,6 7 8,1,20,,731400,4,0,6 7 8,1,58,,731387,4,0,6 7 8,1,20,,610393,4,0,6 7 8,1,20,,731381,4,0,6 7 8,1,60,,731399,4,0,6 7 8,1,20,,731402,4,0,6 7 8,1,20,,634208,4,0,6 7 8,1,60,,731380,4,0,6 7 8,1,20,,731393,4,0,6 7 8,1,65,,731373,4,0,6 7 8,1
10303,'1',543,,647223,4,0,215,1,68,,748049,4,0,215,1,20,,550756,4,0,215,1,20,,748046,4,0,215,1,60,,748053,4,0,215,1,20,,679468,4,0,215,1,26,,642504,4,0,215,1,65,,748042,4,0,215,1,25,,748060,4,0,215,1,64,,639585,4,0,215,1,25,,748061,4,0,215,1,65,,748057,4,0,215,1,25,,631404,4,0,215,1,25,,748055,4,0,215,1,65,,619516,4,0,215,1,25,,651281,4,0,215,1,65,,748041,4,0,215,1,25,,748051,4,0,215,1,25,,748070,4,0,215,1,65,,666307,4,0,215,1,25,,606874,4,0,215,1,65,,748066,4,0,215,1,26,,748040,4,0,215,1,65,,748069,4,0,215,1,25,,748071,4,0,215,1,25,,665517,4,0,215,1,65,,602560,4,0,215,1,25,,748065,4,0,215,1,65,,748048,4,0,215,1,25,,748056,4,0,215,1,25,,748062,4,0,215,1,65,,748054,4,0,215,1,25,,564775,4,0,215,1,59,,668638,4,0,215,1,20,,748052,4,0,215,1,20,,748059,4,0,215,1,60,,748064,4,0,215,1,20,,748067,4,0,215,1,20,,748050,4,0,215,1,60,,748044,4,0,215,1,20,,748043,4,0,215,1,20,,748068,4,0,215,1,60,,748045,4,0,215,1,27,,748063,4,0,215,1,70,,682652,4,0,215,1,30,,748047,4,0,215,1,70,,748058,4,0,215,1,30,,611579,4,0,215,1,70,,681736,4,0,215,1
10303,'2',547,,553677,4,0,215,1,70,,748074,4,0,215,1,30,,748072,4,0,215,1,70,,748083,4,0,215,1,30,,578682,4,0,215,1,66,,748106,4,0,215,1,20,,748094,4,0,215,1,20,,748089,4,0,215,1,60,,748077,4,0,215,1,20,,748078,4,0,215,1,20,,518432,4,0,215,1,60,,748095,4,0,215,1,20,,649948,4,0,215,1,20,,748096,4,0,215,1,60,,748110,4,0,215,1,20,,748104,4,0,215,1,20,,644290,4,0,215,1,62,,748084,4,0,215,1,22,,748086,4,0,215,1,22,,748092,4,0,215,1,62,,748112,4,0,215,1,22,,748079,4,0,215,1,62,,748098,4,0,215,1,22,,748073,4,0,215,1,22,,748085,4,0,215,1,62,,748091,4,0,215,1,22,,748113,4,0,215,1,22,,748080,4,0,215,1,62,,748105,4,0,215,1,22,,748075,4,0,215,1,62,,748093,4,0,215,1,22,,630184,4,0,215,1,22,,748108,4,0,215,1,62,,748081,4,0,215,1,22,,748107,4,0,215,1,22,,572165,4,0,215,1,60,,748109,4,0,215,1,20,,748111,4,0,215,1,20,,748102,4,0,215,1,60,,748082,4,0,215,1,20,,748101,4,0,215,1,20,,748103,4,0,215,1,60,,748087,4,0,215,1,20,,606219,4,0,215,1,19,,748097,4,0,215,1,55,,748114,4,0,215,1,30,,748088,4,0,215,1,70,,748100,4,0,215,1,30,,748090,4,0,215,1,70,,748076,4,0,215,1,28,,748099,4,0,215,1,70,,622982,4,0,215,1
10303,'3',808,,748117,4,0,215,1,30,,748127,4,0,215,1,20,,623030,4,0,215,1,60,,748124,4,0,215,1,20,,748148,4,0,215,1,20,,748145,4,0,215,1,60,,748150,4,0,215,1,20,,684240,4,0,215,1,20,,748128,4,0,215,1,60,,748133,4,0,215,1,20,,748118,4,0,215,1,20,,748132,4,0,215,1,60,,748155,4,0,215,1,20,,748122,4,0,215,1,20,,748138,4,0,215,1,60,,748125,4,0,215,1,20,,748149,4,0,215,1,20,,748135,4,0,215,1,60,,468620,4,0,215,1,20,,748121,4,0,215,1,20,,748154,4,0,215,1,60,,748137,4,0,215,1,20,,748147,4,0,215,1,20,,748136,4,0,215,1,60,,748130,4,0,215,1,20,,748142,4,0,215,1,20,,748131,4,0,215,1,60,,748153,4,0,215,1,20,,748129,4,0,215,1,20,,620323,4,0,215,1,60,,648182,4,0,215,1,20,,662246,4,0,215,1,20,,748115,4,0,215,1,60,,748141,4,0,215,1,20,,645212,4,0,215,1,20,,748144,4,0,215,1,60,,748126,4,0,215,1,20,,748120,4,0,215,1,20,,748151,4,0,215,1,60,,748143,4,0,215,1,20,,748116,4,0,215,1,20,,748123,4,0,215,1,69,,748119,4,0,215,1,13,,519205,4,0,215,1,70,,748146,4,0,215,1,30,,748139,4,0,215,1,70,,748152,4,0,215,1,25,,748134,4,0,215,1,68,,748140,4,0,215,1
10303,'5',547,,748195,4,0,215,1,70,,748181,4,0,215,1,30,,645226,4,0,215,1,68,,748157,4,0,215,1,30,,748172,4,0,215,1,70,,748167,4,0,215,1,23,,748175,4,0,215,1,20,,748163,4,0,215,1,60,,748168,4,0,215,1,20,,748182,4,0,215,1,20,,689133,4,0,215,1,60,,748173,4,0,215,1,20,,748169,4,0,215,1,20,,748170,4,0,215,1,60,,562111,4,0,215,1,20,,668027,4,0,215,1,20,,748176,4,0,215,1,60,,748186,4,0,215,1,20,,608638,4,0,215,1,20,,748156,4,0,215,1,60,,748189,4,0,215,1,20,,748193,4,0,215,1,20,,748188,4,0,215,1,60,,748164,4,0,215,1,20,,748187,4,0,215,1,20,,748158,4,0,215,1,60,,748183,4,0,215,1,20,,653013,4,0,215,1,20,,748166,4,0,215,1,60,,748162,4,0,215,1,20,,662015,4,0,215,1,20,,748185,4,0,215,1,60,,622778,4,0,215,1,20,,748177,4,0,215,1,20,,748160,4,0,215,1,60,,748161,4,0,215,1,20,,522223,4,0,215,1,20,,748171,4,0,215,1,60,,748196,4,0,215,1,20,,748192,4,0,215,1,20,,748178,4,0,215,1,60,,748194,4,0,215,1,20,,576304,4,0,215,1,20,,650671,4,0,215,1,60,,748191,4,0,215,1,22,,748184,4,0,215,1,70,,748165,4,0,215,1,30,,748159,4,0,215,1,70,,748180,4,0,215,1,30,,748190,4,0,215,1,70,,748174,4,0,215,1,25,,680535,4,0,215,1,68,,748179,4,0,215,1
33401,'1',456,,769839,54,0,5 55 8,1,55,,769842,28,0,5 55 8,1,9,,769846,30,0,5 55 8,1,9,,639255,57,0,5 55 8,1,11,,769841,32,0,5 55 8,1,2015,,658514,50,0,5 55 8,1,55,,609390,32,0,34 16 3 57,1,16,,769848,57,0,5 55 8,1,15,,640095,30,0,34 16 3 57,1,15,,769847,54,0,5 55 8,1,55,,769850,28,0,34 16 3 57,1,15,,611467,54,0,5 55 8,1,15,,769843,28,0,34 16 3 57,1,15,,769854,54,0,5 55 8,1,55,,769849,28,0,34 16 3 57,1,15,,769852,54,0,5 55 8,1,15,,684575,28,0,34 16 3 57,1
33401,'2',456,,643356,54,0,5 55 8,1,55,,769870,28,0,5 55 8,1,15,,769873,54,0,5 55 8,1,19,,769869,30,0,5 55 8,1,2010,,530487,50,0,5 55 8,1,55,,769876,32,0,34 16 3 57,1,16,,769863,57,0,5 55 8,1,15,,769864,30,0,34 16 3 57,1,15,,769875,54,0,5 55 8,1,55,,769872,28,0,34 16 3 57,1,15,,769865,54,0,5 55 8,1,15,,769857,28,0,34 16 3 57,1,15,,769862,54,0,5 55 8,1,55,,769867,28,0,34 16 3 57,1,15,,769874,54,0,5 55 8,1,15,,523641,28,0,34 16 3 57,1
33401,'3',456,,679568,54,0,5 55 8,1,55,,467814,28,0,34 16 3 57,1,15,,769903,54,0,5 55 8,1,15,,769900,28,0,34 16 3 57,1,14,,769890,54,0,5 55 8,1,50,,769906,28,0,34 16 3 57,1,13,,769894,57,0,5 55 8,1,10,,769893,30,0,34 16 3 57,1,10,,769898,57,0,5 55 8,1,10,,769881,30,0,34 16 3 57,1,10,,769886,57,0,5 55 8,1,50,,769910,30,0,5 55 8,1,10,,769908,48,0,5 55 8,1,10,,769883,30,0,5 55 8,1,10,,769907,48,0,5 55 8,1,10,,769896,30,0,5 55 8,1,1807,,769880,50,0,5 55 8,1,55,,769885,32,0,34 16 3 57,1,16,,687441,57,0,5 55 8,1,15,,769909,30,0,34 16 3 57,1,15,,769899,54,0,5 55 8,1,55,,536157,28,0,34 16 3 57,1,15,,769892,54,0,5 55 8,1,15,,769879,28,0,34 16 3 57,1,15,,769884,54,0,5 55 8,1,55,,769889,28,0,34 16 3 57,1,15,,769905,54,0,5 55 8,1,15,,769901,28,0,34 16 3 57,1
33401,'5',456,,769926,54,0,5 55 8,1,55,,769912,28,0,5 55 8,1,15,,769927,54,0,5 55 8,1,17,,585284,30,0,5 55 8,1,2012,,769923,50,0,5 55 8,1,55,,769925,32,0,34 16 3 57,1,16,,769924,57,0,5 55 8,1,15,,769930,30,0,34 16 3 57,1,15,,769920,54,0,5 55 8,1,55,,769931,28,0,34 16 3 57,1,15,,769918,54,0,5 55 8,1,15,,769911,28,0,34 16 3 57,1,15,,769915,54,0,5 55 8,1,55,,769921,28,0,34 16 3 57,1,15,,769917,54,0,5 55 8,1,15,,769919,28,0,34 16 3 57,1
35401,'1',403,,770805,4,0,58,1,30,,770809,4,0,58,1,24,,770807,4,0,58,1,67,,659554,4,0,58,1,18,,770808,4,0,58,1,2060,,770804,4,0,58,1,31,,770803,4,0,58,1,70,,600681,4,0,58,1,30,,587836,4,0,58,1
35401,'2',403,,770821,4,0,58,1,30,,770814,4,0,58,1,24,,770810,4,0,58,1,67,,770820,4,0,58,1,19,,770812,4,0,58,1,2059,,770819,4,0,58,1,31,,770817,4,0,58,1,70,,770822,4,0,58,1,30,,770811,4,0,58,1
35401,'3',403,,770836,4,0,58,1,30,,770825,4,0,58,1,69,,770829,4,0,58,1,22,,604993,4,0,58,1,30,,770835,4,0,58,1,70,,657587,4,0,58,1,30,,770824,4,0,58,1,68,,770827,4,0,58,1,13,,472418,4,0,17 59,1,12,,770832,4,0,58,1,1855,,770830,4,0,58,1,31,,632564,4,0,58,1,70,,770837,4,0,58,1,30,,770833,4,0,58,1
35401,'5',403,,770838,4,0,58,1,30,,770850,4,0,58,1,24,,770839,4,0,58,1,67,,770841,4,0,58,1,19,,770848,4,0,58,1,2059,,624326,4,0,58,1,31,,770845,4,0,58,1,70,,770844,4,0,58,1,30,,770842,4,0,58,1
